0.349658000000 0.341229000000 2.783549000000 0
0.001358000000 0.347970000000 2.789100000000 0
0.175173000000 0.435820000000 2.766904000000 0
0.168773000000 0.076960000000 2.774480000000 0
0.244512000000 -0.075504000000 2.773249000000 0
0.087651000000 -0.071302000000 2.758404000000 0
0.167432000000 0.005449000000 2.768629000000 0
0.596385000000 0.300134000000 2.789491000000 0
-0.196187000000 0.296346000000 2.814222000000 0
0.792571000000 0.289275000000 2.773810000000 0
-0.398951000000 0.264842000000 2.840739000000 0
0.857150000000 0.294515000000 2.766190000000 0
-0.477714000000 0.260852000000 2.830103000000 0
0.270692000000 -0.615852000000 2.831234000000 0
0.036649000000 -0.610862000000 2.822848000000 0
0.257364000000 -1.011218000000 2.882461000000 0
0.011746000000 -0.996116000000 2.875472000000 0
0.287950000000 -1.071437000000 2.837969000000 0
-0.025157000000 -1.065171000000 2.850426000000 0
0.176033000000 0.615501000000 2.687295000000 0
0.349877000000 0.341289000000 2.783706000000 0
0.001419000000 0.347804000000 2.788677000000 0
0.175819000000 0.436029000000 2.766294000000 0
0.169219000000 0.076905000000 2.773503000000 0
0.244754000000 -0.075666000000 2.771707000000 0
0.087864000000 -0.071381000000 2.755985000000 0
0.167780000000 0.005387000000 2.766716000000 0
0.596096000000 0.299731000000 2.789680000000 0
-0.196131000000 0.296697000000 2.813105000000 0
0.792291000000 0.289219000000 2.773280000000 0
-0.449951000000 0.260498000000 2.823284000000 0
0.856771000000 0.295089000000 2.765415000000 0
-0.514646000000 0.263878000000 2.830852000000 0
0.270623000000 -0.617421000000 2.831875000000 0
0.036623000000 -0.611312000000 2.822763000000 0
0.257250000000 -1.011504000000 2.883004000000 0
0.011562000000 -0.997208000000 2.875414000000 0
0.289266000000 -1.073526000000 2.837901000000 0
-0.017884000000 -1.063789000000 2.861204000000 0
0.175850000000 0.615978000000 2.687806000000 0
0.350214000000 0.341358000000 2.784058000000 0
0.001320000000 0.347821000000 2.788814000000 0
0.176027000000 0.436298000000 2.766423000000 0
0.169217000000 0.077026000000 2.773817000000 0
0.244619000000 -0.075559000000 2.770765000000 0
0.087706000000 -0.071306000000 2.755150000000 0
0.167713000000 0.005558000000 2.766005000000 0
0.601313000000 0.299799000000 2.791425000000 0
-0.198171000000 0.297735000000 2.811225000000 0
0.797525000000 0.290505000000 2.772699000000 0
-0.452492000000 0.272944000000 2.817675000000 0
0.861830000000 0.297731000000 2.764651000000 0
-0.514726000000 0.257769000000 2.829866000000 0
0.270598000000 -0.618013000000 2.831674000000 0
0.036504000000 -0.612502000000 2.822479000000 0
0.257449000000 -1.012478000000 2.883772000000 0
0.011345000000 -0.998393000000 2.874913000000 0
0.290327000000 -1.074781000000 2.838345000000 0
-0.022264000000 -1.068319000000 2.845645000000 0
0.176944000000 0.617974000000 2.691048000000 0
0.350758000000 0.341899000000 2.784223000000 0
0.000924000000 0.347987000000 2.788562000000 0
0.176126000000 0.436434000000 2.766892000000 0
0.169107000000 0.077459000000 2.774438000000 0
0.244655000000 -0.075084000000 2.770218000000 0
0.087372000000 -0.070994000000 2.754795000000 0
0.167575000000 0.006215000000 2.765670000000 0
0.597327000000 0.314930000000 2.790388000000 0
-0.195075000000 0.306035000000 2.804815000000 0
0.793573000000 0.319547000000 2.768208000000 0
-0.448486000000 0.311279000000 2.811572000000 0
0.857324000000 0.308868000000 2.759677000000 0
-0.507270000000 0.283272000000 2.814909000000 0
0.270570000000 -0.616555000000 2.830602000000 0
0.036757000000 -0.613998000000 2.822530000000 0
0.258496000000 -1.010789000000 2.881404000000 0
0.011616000000 -0.998756000000 2.874770000000 0
0.292541000000 -1.074343000000 2.839922000000 0
-0.024037000000 -1.068157000000 2.842660000000 0
0.176808000000 0.618012000000 2.691101000000 0
0.351237000000 0.344811000000 2.785563000000 0
-0.000170000000 0.353390000000 2.790540000000 0
0.176054000000 0.436385000000 2.767420000000 0
0.168835000000 0.078369000000 2.775199000000 0
0.244458000000 -0.074228000000 2.770024000000 0
0.086622000000 -0.069507000000 2.754550000000 0
0.167161000000 0.007560000000 2.765562000000 0
0.598233000000 0.326732000000 2.788289000000 0
-0.195339000000 0.323831000000 2.796350000000 0
0.784199000000 0.389601000000 2.766713000000 0
-0.454590000000 0.364624000000 2.794973000000 0
0.809209000000 0.374015000000 2.755473000000 0
-0.531738000000 0.366943000000 2.790090000000 0
0.270653000000 -0.617062000000 2.830518000000 0
0.036846000000 -0.614833000000 2.822323000000 0
0.258398000000 -1.011031000000 2.881072000000 0
0.013577000000 -1.006642000000 2.880668000000 0
0.276048000000 -1.070827000000 2.835542000000 0
-0.018017000000 -1.066159000000 2.842884000000 0
0.177291000000 0.618149000000 2.692031000000 0
0.351835000000 0.354637000000 2.787708000000 0
-0.001235000000 0.358662000000 2.790879000000 0
0.176214000000 0.436534000000 2.767648000000 0
0.168734000000 0.081358000000 2.775681000000 0
0.244247000000 -0.071027000000 2.769240000000 0
0.086180000000 -0.065817000000 2.754407000000 0
0.166988000000 0.011506000000 2.765168000000 0
0.596265000000 0.373945000000 2.783208000000 0
-0.197421000000 0.355782000000 2.792454000000 0
0.780223000000 0.442134000000 2.759837000000 0
-0.402068000000 0.414285000000 2.793590000000 0
0.842807000000 0.459783000000 2.755272000000 0
-0.479217000000 0.416605000000 2.788707000000 0
0.270544000000 -0.617512000000 2.830569000000 0
0.037044000000 -0.607779000000 2.819980000000 0
0.258539000000 -1.010893000000 2.880844000000 0
0.012955000000 -0.999771000000 2.879889000000 0
0.287936000000 -1.075740000000 2.836239000000 0
-0.025923000000 -1.065248000000 2.845407000000 0
0.177383000000 0.618962000000 2.692961000000 0
0.357181000000 0.365043000000 2.790678000000 0
-0.002854000000 0.363058000000 2.789384000000 0
0.176635000000 0.436979000000 2.768926000000 0
0.168546000000 0.087130000000 2.777123000000 0
0.244964000000 -0.065386000000 2.769409000000 0
0.084763000000 -0.060998000000 2.754416000000 0
0.166822000000 0.018718000000 2.765676000000 0
0.607006000000 0.451754000000 2.791104000000 0
-0.213995000000 0.422513000000 2.796471000000 0
0.777077000000 0.544939000000 2.746170000000 0
-0.389133000000 0.511417000000 2.778440000000 0
0.847547000000 0.589100000000 2.716854000000 0
-0.463312000000 0.558151000000 2.769004000000 0
0.270647000000 -0.617926000000 2.830301000000 0
0.037038000000 -0.610354000000 2.820982000000 0
0.258330000000 -1.011194000000 2.882457000000 0
0.014428000000 -1.004914000000 2.881725000000 0
0.289202000000 -1.074911000000 2.838205000000 0
-0.028561000000 -1.067462000000 2.846751000000 0
0.177476000000 0.619466000000 2.693395000000 0
0.358074000000 0.369116000000 2.790689000000 0
-0.004005000000 0.368433000000 2.790547000000 0
0.176874000000 0.437235000000 2.769103000000 0
0.168445000000 0.090996000000 2.778325000000 0
0.245027000000 -0.061176000000 2.770208000000 0
0.083790000000 -0.056664000000 2.755896000000 0
0.166567000000 0.023175000000 2.766592000000 0
0.588139000000 0.470685000000 2.790552000000 0
-0.223636000000 0.469682000000 2.794569000000 0
0.749584000000 0.616521000000 2.740355000000 0
-0.404821000000 0.634929000000 2.774465000000 0
0.784965000000 0.664089000000 2.713202000000 0
-0.451315000000 0.680124000000 2.767570000000 0
0.270856000000 -0.617589000000 2.830520000000 0
0.037238000000 -0.609742000000 2.820717000000 0
0.258649000000 -1.010936000000 2.881640000000 0
0.014561000000 -1.003855000000 2.883653000000 0
0.289368000000 -1.074773000000 2.835953000000 0
-0.028929000000 -1.070151000000 2.850374000000 0
0.177763000000 0.619231000000 2.693761000000 0
0.358444000000 0.374378000000 2.790770000000 0
-0.006588000000 0.383596000000 2.793865000000 0
0.176695000000 0.437209000000 2.768817000000 0
0.167222000000 0.097226000000 2.778947000000 0
0.243673000000 -0.054335000000 2.770906000000 0
0.081746000000 -0.048834000000 2.757559000000 0
0.165035000000 0.030937000000 2.767308000000 0
0.578911000000 0.521994000000 2.783570000000 0
-0.218788000000 0.524965000000 2.789562000000 0
0.704520000000 0.702878000000 2.738166000000 0
-0.358154000000 0.721191000000 2.758837000000 0
0.737305000000 0.772949000000 2.723681000000 0
-0.402344000000 0.792969000000 2.758837000000 0
0.270383000000 -0.616372000000 2.830163000000 0
0.036652000000 -0.605042000000 2.818064000000 0
0.258253000000 -1.010211000000 2.882496000000 0
0.013113000000 -1.003561000000 2.878621000000 0
0.291455000000 -1.075269000000 2.842933000000 0
-0.025704000000 -1.068152000000 2.851064000000 0
0.177604000000 0.618835000000 2.693599000000 0
0.361001000000 0.387627000000 2.795789000000 0
-0.006808000000 0.397194000000 2.796796000000 0
0.177265000000 0.437548000000 2.769420000000 0
0.166921000000 0.103239000000 2.780171000000 0
0.242530000000 -0.046779000000 2.771066000000 0
0.080690000000 -0.042324000000 2.759794000000 0
0.164581000000 0.038041000000 2.768607000000 0
0.545353000000 0.544268000000 2.773042000000 0
-0.181047000000 0.553962000000 2.788827000000 0
0.637207000000 0.790039000000 2.735396000000 0
-0.277358000000 0.799667000000 2.741477000000 0
0.649902000000 0.855469000000 2.735396000000 0
-0.286520000000 0.864259000000 2.739645000000 0
0.270274000000 -0.611452000000 2.827488000000 0
0.035599000000 -0.604294000000 2.817760000000 0
0.257834000000 -1.009377000000 2.886227000000 0
0.013194000000 -1.006374000000 2.883270000000 0
0.291406000000 -1.072215000000 2.846509000000 0
-0.028713000000 -1.070597000000 2.859066000000 0
0.177047000000 0.618412000000 2.692998000000 0
0.360738000000 0.395238000000 2.797601000000 0
-0.004569000000 0.408130000000 2.800344000000 0
0.177333000000 0.437938000000 2.769779000000 0
0.166122000000 0.109371000000 2.781031000000 0
0.240769000000 -0.040385000000 2.772030000000 0
0.080071000000 -0.033444000000 2.760974000000 0
0.163521000000 0.045170000000 2.769595000000 0
0.530170000000 0.600457000000 2.761996000000 0
-0.167142000000 0.618903000000 2.781080000000 0
0.577541000000 0.815886000000 2.742286000000 0
-0.194214000000 0.833496000000 2.752970000000 0
0.578777000000 0.903931000000 2.734025000000 0
-0.204427000000 0.920404000000 2.740155000000 0
0.270184000000 -0.611554000000 2.827404000000 0
0.035706000000 -0.600770000000 2.817779000000 0
0.257617000000 -1.009688000000 2.885550000000 0
0.012770000000 -0.997892000000 2.879830000000 0
0.291742000000 -1.073473000000 2.845615000000 0
-0.020932000000 -1.062002000000 2.861901000000 0
0.178211000000 0.615565000000 2.691690000000 0
0.358938000000 0.402179000000 2.798950000000 0
0.000677000000 0.418108000000 2.805016000000 0
0.178339000000 0.438987000000 2.771896000000 0
0.166328000000 0.111854000000 2.781862000000 0
0.239596000000 -0.036011000000 2.773046000000 0
0.080858000000 -0.029239000000 2.761275000000 0
0.163519000000 0.047735000000 2.770236000000 0
0.503139000000 0.625617000000 2.755635000000 0
-0.133292000000 0.644559000000 2.777781000000 0
0.493887000000 0.891912000000 2.739629000000 0
-0.116952000000 0.910153000000 2.750274000000 0
0.503137000000 0.956223000000 2.747363000000 0
-0.123068000000 0.974317000000 2.739010000000 0
0.270222000000 -0.611682000000 2.827002000000 0
0.034993000000 -0.601832000000 2.818485000000 0
0.257886000000 -1.010609000000 2.884649000000 0
0.009951000000 -1.000997000000 2.875114000000 0
0.282120000000 -1.071990000000 2.842033000000 0
-0.024247000000 -1.066796000000 2.860941000000 0
0.180308000000 0.616944000000 2.693660000000 0
0.356564000000 0.413803000000 2.800505000000 0
0.007754000000 0.428044000000 2.805248000000 0
0.178871000000 0.439108000000 2.773779000000 0
0.165721000000 0.115451000000 2.783568000000 0
0.236875000000 -0.028694000000 2.775133000000 0
0.080924000000 -0.023171000000 2.761714000000 0
0.162690000000 0.052152000000 2.771505000000 0
0.478653000000 0.649255000000 2.747000000000 0
-0.107034000000 0.654375000000 2.774738000000 0
0.425599000000 0.910502000000 2.737199000000 0
-0.062988000000 0.862793000000 2.751007000000 0
0.416393000000 0.974929000000 2.744043000000 0
-0.039798000000 0.948239000000 2.751007000000 0
0.270273000000 -0.607004000000 2.825471000000 0
0.034332000000 -0.598359000000 2.817359000000 0
0.257798000000 -1.010732000000 2.884750000000 0
0.010091000000 -0.998770000000 2.876285000000 0
0.276275000000 -1.064269000000 2.843452000000 0
-0.022079000000 -1.062946000000 2.854899000000 0
0.180850000000 0.616242000000 2.695833000000 0
0.353028000000 0.420937000000 2.802653000000 0
0.010906000000 0.445182000000 2.809987000000 0
0.179008000000 0.437523000000 2.775264000000 0
0.165731000000 0.116857000000 2.785432000000 0
0.236426000000 -0.026254000000 2.776789000000 0
0.082118000000 -0.020065000000 2.763849000000 0
0.162663000000 0.054094000000 2.773232000000 0
0.457087000000 0.654020000000 2.738890000000 0
-0.086872000000 0.650352000000 2.770701000000 0
0.390103000000 0.911611000000 2.741999000000 0
-0.025215000000 0.847412000000 2.755883000000 0
0.371485000000 0.973668000000 2.751405000000 0
0.001434000000 0.931727000000 2.750731000000 0
0.269916000000 -0.608629000000 2.825822000000 0
0.033667000000 -0.603451000000 2.818845000000 0
0.256690000000 -1.010363000000 2.885819000000 0
0.009651000000 -1.004725000000 2.877378000000 0
0.286095000000 -1.069448000000 2.843188000000 0
-0.022306000000 -1.065609000000 2.848282000000 0
0.181416000000 0.611311000000 2.696893000000 0
0.354067000000 0.424877000000 2.805188000000 0
0.014811000000 0.439110000000 2.807785000000 0
0.177789000000 0.439061000000 2.775949000000 0
0.166040000000 0.118997000000 2.786465000000 0
0.237775000000 -0.023706000000 2.777995000000 0
0.083666000000 -0.016834000000 2.764753000000 0
0.163532000000 0.056360000000 2.774201000000 0
0.451836000000 0.655517000000 2.738065000000 0
-0.070012000000 0.641060000000 2.766705000000 0
0.373822000000 0.907964000000 2.735626000000 0
0.006803000000 0.896476000000 2.752087000000 0
0.355050000000 0.969586000000 2.747196000000 0
0.035693000000 0.953924000000 2.739898000000 0
0.269973000000 -0.610021000000 2.826215000000 0
0.034014000000 -0.602331000000 2.818041000000 0
0.256651000000 -1.010422000000 2.885855000000 0
0.008682000000 -1.002776000000 2.875567000000 0
0.289748000000 -1.073666000000 2.840620000000 0
-0.018733000000 -1.063948000000 2.853708000000 0
0.183879000000 0.611422000000 2.699408000000 0
0.356817000000 0.432270000000 2.807950000000 0
0.017342000000 0.436189000000 2.804977000000 0
0.179555000000 0.442201000000 2.783496000000 0
0.168520000000 0.124228000000 2.790411000000 0
0.241094000000 -0.018060000000 2.779731000000 0
0.086491000000 -0.011934000000 2.765396000000 0
0.166480000000 0.062038000000 2.776497000000 0
0.448181000000 0.655022000000 2.736607000000 0
-0.062918000000 0.669276000000 2.766442000000 0
0.364911000000 0.908383000000 2.728797000000 0
0.019654000000 0.922861000000 2.747180000000 0
0.342950000000 0.969511000000 2.736689000000 0
0.048067000000 0.980911000000 2.736977000000 0
0.270149000000 -0.609921000000 2.826059000000 0
0.034754000000 -0.599189000000 2.817431000000 0
0.256980000000 -1.010473000000 2.886415000000 0
0.009827000000 -0.996138000000 2.875605000000 0
0.291708000000 -1.073573000000 2.840482000000 0
-0.021563000000 -1.063745000000 2.845413000000 0
0.196174000000 0.618829000000 2.713774000000 0
0.357443000000 0.433332000000 2.808244000000 0
0.019238000000 0.438957000000 2.806847000000 0
0.176437000000 0.442983000000 2.780746000000 0
0.168162000000 0.126263000000 2.790842000000 0
0.241589000000 -0.016110000000 2.780181000000 0
0.086904000000 -0.008632000000 2.767254000000 0
0.166379000000 0.064409000000 2.776936000000 0
0.444723000000 0.654426000000 2.734693000000 0
-0.062482000000 0.665294000000 2.766406000000 0
0.361802000000 0.907999000000 2.722775000000 0
0.021066000000 0.918488000000 2.743470000000 0
0.339055000000 0.968904000000 2.730353000000 0
0.049440000000 0.976753000000 2.734288000000 0
0.270273000000 -0.610799000000 2.826682000000 0
0.034842000000 -0.600324000000 2.817852000000 0
0.257002000000 -1.010552000000 2.886397000000 0
0.009408000000 -1.001988000000 2.876804000000 0
0.292249000000 -1.074561000000 2.840669000000 0
-0.014914000000 -1.065041000000 2.858343000000 0
0.196552000000 0.619279000000 2.715012000000 0
0.357706000000 0.432501000000 2.808344000000 0
0.021002000000 0.435700000000 2.805167000000 0
0.176284000000 0.442722000000 2.780520000000 0
0.167928000000 0.126238000000 2.791347000000 0
0.241391000000 -0.015924000000 2.781008000000 0
0.087046000000 -0.008674000000 2.768473000000 0
0.166267000000 0.064285000000 2.777470000000 0
0.442523000000 0.653918000000 2.732042000000 0
-0.068129000000 0.633568000000 2.766049000000 0
0.360917000000 0.907930000000 2.721327000000 0
0.013122000000 0.887209000000 2.736703000000 0
0.337261000000 0.968615000000 2.727968000000 0
0.041736000000 0.945160000000 2.726252000000 0
0.270478000000 -0.610459000000 2.827013000000 0
0.035630000000 -0.597287000000 2.817425000000 0
0.256726000000 -1.010571000000 2.887337000000 0
0.015463000000 -0.996033000000 2.883090000000 0
0.285716000000 -1.070494000000 2.839590000000 0
-0.016133000000 -1.056239000000 2.861594000000 0
0.193575000000 0.617180000000 2.713345000000 0
0.358118000000 0.432437000000 2.808442000000 0
0.020537000000 0.433854000000 2.804628000000 0
0.175815000000 0.443498000000 2.781644000000 0
0.168091000000 0.126484000000 2.792794000000 0
0.242499000000 -0.016120000000 2.782913000000 0
0.087171000000 -0.008783000000 2.769843000000 0
0.166634000000 0.064252000000 2.779070000000 0
0.445111000000 0.652328000000 2.731454000000 0
-0.071364000000 0.641994000000 2.764676000000 0
0.360709000000 0.905446000000 2.717039000000 0
0.014428000000 0.894224000000 2.736674000000 0
0.337356000000 0.966162000000 2.724557000000 0
0.044134000000 0.951779000000 2.727016000000 0
0.270581000000 -0.611845000000 2.828154000000 0
0.035467000000 -0.598313000000 2.818252000000 0
0.257115000000 -1.010565000000 2.885663000000 0
0.013449000000 -0.996212000000 2.881305000000 0
0.289503000000 -1.074065000000 2.839785000000 0
-0.016338000000 -1.055104000000 2.857888000000 0
0.195083000000 0.618919000000 2.714788000000 0
0.359756000000 0.431995000000 2.807568000000 0
0.017185000000 0.433072000000 2.805511000000 0
0.175836000000 0.443627000000 2.781415000000 0
0.168394000000 0.126897000000 2.793272000000 0
0.243445000000 -0.016168000000 2.783873000000 0
0.087246000000 -0.008964000000 2.770977000000 0
0.166971000000 0.064633000000 2.779879000000 0
0.454258000000 0.647593000000 2.730232000000 0
-0.085579000000 0.641429000000 2.763015000000 0
0.366310000000 0.899515000000 2.715223000000 0
0.007280000000 0.891270000000 2.736998000000 0
0.340487000000 0.959064000000 2.724031000000 0
0.038116000000 0.948869000000 2.732316000000 0
0.270772000000 -0.610271000000 2.828521000000 0
0.035925000000 -0.595521000000 2.817871000000 0
0.257012000000 -1.010959000000 2.885443000000 0
0.013354000000 -0.994073000000 2.879907000000 0
0.289270000000 -1.071007000000 2.838905000000 0
-0.032284000000 -1.068104000000 2.850471000000 0
0.195359000000 0.619172000000 2.715250000000 0
0.360768000000 0.422052000000 2.804364000000 0
0.012775000000 0.427960000000 2.807356000000 0
0.176411000000 0.443679000000 2.778635000000 0
0.169232000000 0.125339000000 2.793367000000 0
0.244743000000 -0.019359000000 2.785015000000 0
0.087270000000 -0.014747000000 2.774245000000 0
0.167654000000 0.062013000000 2.781125000000 0
0.509766000000 0.614746000000 2.733118000000 0
-0.135245000000 0.637459000000 2.766133000000 0
0.397650000000 0.856943000000 2.717118000000 0
-0.011624000000 0.873580000000 2.738544000000 0
0.381860000000 0.915583000000 2.741733000000 0
0.029086000000 0.924856000000 2.735849000000 0
0.271354000000 -0.611832000000 2.830238000000 0
0.035047000000 -0.605901000000 2.822704000000 0
0.257378000000 -1.011307000000 2.885469000000 0
0.011403000000 -1.008702000000 2.881707000000 0
0.290530000000 -1.072023000000 2.841345000000 0
-0.022806000000 -1.065969000000 2.837988000000 0
0.194388000000 0.618165000000 2.709695000000 0
0.361863000000 0.396377000000 2.802888000000 0
0.010066000000 0.415277000000 2.805418000000 0
0.176405000000 0.443677000000 2.776114000000 0
0.169192000000 0.118623000000 2.791381000000 0
0.244672000000 -0.030852000000 2.785671000000 0
0.087165000000 -0.023665000000 2.774686000000 0
0.167637000000 0.052827000000 2.781031000000 0
0.532846000000 0.548599000000 2.747872000000 0
-0.174194000000 0.592285000000 2.772177000000 0
0.445801000000 0.786133000000 2.715791000000 0
-0.099430000000 0.774141000000 2.742227000000 0
0.413818000000 0.845703000000 2.719697000000 0
-0.044876000000 0.844035000000 2.744840000000 0
0.271661000000 -0.612955000000 2.831741000000 0
0.036086000000 -0.601084000000 2.822356000000 0
0.257469000000 -1.011504000000 2.885378000000 0
0.011434000000 -1.002220000000 2.878515000000 0
0.291683000000 -1.074793000000 2.842690000000 0
-0.028085000000 -1.064014000000 2.874411000000 0
0.192749000000 0.617447000000 2.702467000000 0
0.361803000000 0.385559000000 2.799797000000 0
0.008404000000 0.389515000000 2.800816000000 0
0.177620000000 0.443662000000 2.774507000000 0
0.168761000000 0.107858000000 2.788712000000 0
0.243269000000 -0.043045000000 2.783875000000 0
0.085432000000 -0.036712000000 2.773346000000 0
0.166653000000 0.039491000000 2.779533000000 0
0.581312000000 0.449213000000 2.774243000000 0
-0.211304000000 0.459473000000 2.793660000000 0
0.508523000000 0.655678000000 2.716271000000 0
-0.158383000000 0.645652000000 2.741987000000 0
0.471254000000 0.734821000000 2.701024000000 0
-0.095451000000 0.706650000000 2.727705000000 0
0.271540000000 -0.612520000000 2.832090000000 0
0.036013000000 -0.600794000000 2.822555000000 0
0.258084000000 -1.009241000000 2.884849000000 0
0.012476000000 -1.003134000000 2.882296000000 0
0.290030000000 -1.074696000000 2.834270000000 0
-0.024647000000 -1.061046000000 2.869322000000 0
0.186854000000 0.614577000000 2.694434000000 0
0.352551000000 0.368649000000 2.793282000000 0
0.010068000000 0.379325000000 2.797180000000 0
0.178634000000 0.442567000000 2.771358000000 0
0.169245000000 0.096604000000 2.785535000000 0
0.241966000000 -0.053325000000 2.784805000000 0
0.087247000000 -0.047448000000 2.769751000000 0
0.166954000000 0.026539000000 2.777839000000 0
0.563168000000 0.361384000000 2.783477000000 0
-0.186523000000 0.354004000000 2.822960000000 0
0.544434000000 0.596680000000 2.694308000000 0
-0.180050000000 0.531660000000 2.724118000000 0
0.522227000000 0.656235000000 2.678157000000 0
-0.129639000000 0.584961000000 2.709933000000 0
0.271608000000 -0.613213000000 2.832562000000 0
0.036142000000 -0.600974000000 2.823043000000 0
0.257934000000 -1.010525000000 2.883642000000 0
0.012376000000 -1.001754000000 2.881133000000 0
0.288522000000 -1.076447000000 2.847777000000 0
-0.019518000000 -1.061833000000 2.857107000000 0
0.184046000000 0.613735000000 2.688560000000 0
0.353233000000 0.352034000000 2.787707000000 0
0.015264000000 0.362586000000 2.792114000000 0
0.180484000000 0.441248000000 2.770789000000 0
0.171683000000 0.085327000000 2.783504000000 0
0.244324000000 -0.065448000000 2.783576000000 0
0.090612000000 -0.060795000000 2.766948000000 0
0.169623000000 0.013333000000 2.776283000000 0
0.551721000000 0.288357000000 2.809691000000 0
-0.176694000000 0.295724000000 2.832726000000 0
0.586338000000 0.478910000000 2.707598000000 0
-0.206743000000 0.462167000000 2.717978000000 0
0.601032000000 0.533853000000 2.674842000000 0
-0.197022000000 0.510221000000 2.674344000000 0
0.272309000000 -0.614829000000 2.834406000000 0
0.035320000000 -0.607234000000 2.826148000000 0
0.258165000000 -1.010747000000 2.883238000000 0
0.011615000000 -1.001979000000 2.880472000000 0
0.290574000000 -1.076155000000 2.843944000000 0
-0.032587000000 -1.073195000000 2.861408000000 0
0.184364000000 0.614629000000 2.687290000000 0
0.353675000000 0.346874000000 2.789392000000 0
0.013291000000 0.353151000000 2.790916000000 0
0.180300000000 0.440230000000 2.769750000000 0
0.171844000000 0.081882000000 2.781852000000 0
0.245411000000 -0.070498000000 2.782592000000 0
0.090917000000 -0.064338000000 2.765573000000 0
0.170038000000 0.009828000000 2.775233000000 0
0.549883000000 0.269800000000 2.816189000000 0
-0.163593000000 0.240161000000 2.859058000000 0
0.636759000000 0.415813000000 2.702790000000 0
-0.255588000000 0.369455000000 2.728664000000 0
0.673837000000 0.483041000000 2.658231000000 0
-0.294767000000 0.404879000000 2.689742000000 0
0.272421000000 -0.616540000000 2.835060000000 0
0.035572000000 -0.603393000000 2.824657000000 0
0.258185000000 -1.009746000000 2.889683000000 0
0.012497000000 -0.993530000000 2.878532000000 0
0.291370000000 -1.075840000000 2.843525000000 0
-0.017806000000 -1.056340000000 2.872776000000 0
0.184442000000 0.615190000000 2.685726000000 0
0.353091000000 0.344532000000 2.790084000000 0
0.010704000000 0.349459000000 2.791596000000 0
0.177263000000 0.436977000000 2.765739000000 0
0.171329000000 0.079376000000 2.779780000000 0
0.246032000000 -0.072801000000 2.782192000000 0
0.090707000000 -0.067718000000 2.764963000000 0
0.169898000000 0.007544000000 2.774530000000 0
0.540957000000 0.251022000000 2.823986000000 0
-0.169977000000 0.230566000000 2.864399000000 0
0.672221000000 0.361427000000 2.702934000000 0
-0.336182000000 0.326904000000 2.733380000000 0
0.719390000000 0.390312000000 2.667624000000 0
-0.370973000000 0.365225000000 2.693042000000 0
0.272798000000 -0.614883000000 2.835423000000 0
0.036261000000 -0.609168000000 2.825790000000 0
0.257377000000 -1.008499000000 2.888215000000 0
0.012865000000 -0.995174000000 2.876056000000 0
0.284636000000 -1.071194000000 2.831629000000 0
-0.026763000000 -1.065343000000 2.849151000000 0
0.178844000000 0.613297000000 2.678437000000 0
0.354844000000 0.342441000000 2.790900000000 0
0.010778000000 0.347646000000 2.790853000000 0
0.178125000000 0.435800000000 2.763081000000 0
0.171788000000 0.078567000000 2.777886000000 0
0.247100000000 -0.074202000000 2.782549000000 0
0.090927000000 -0.068672000000 2.764301000000 0
0.170374000000 0.006803000000 2.774145000000 0
0.559299000000 0.246885000000 2.826833000000 0
-0.171527000000 0.229571000000 2.866377000000 0
0.709342000000 0.323284000000 2.710884000000 0
-0.359103000000 0.257334000000 2.799049000000 0
0.759557000000 0.348056000000 2.676636000000 0
-0.425588000000 0.290472000000 2.750391000000 0
0.272970000000 -0.615762000000 2.835836000000 0
0.036732000000 -0.607460000000 2.826010000000 0
0.257572000000 -1.009407000000 2.888580000000 0
0.012332000000 -0.994732000000 2.877757000000 0
0.290643000000 -1.074245000000 2.836189000000 0
-0.028438000000 -1.065238000000 2.858139000000 0
0.180104000000 0.613572000000 2.678586000000 0
0.355076000000 0.342032000000 2.790885000000 0
0.009698000000 0.347498000000 2.791049000000 0
0.178092000000 0.435353000000 2.762446000000 0
0.171945000000 0.078253000000 2.776234000000 0
0.247660000000 -0.074795000000 2.781897000000 0
0.090939000000 -0.069069000000 2.763977000000 0
0.170564000000 0.006568000000 2.773697000000 0
0.567512000000 0.249461000000 2.823255000000 0
-0.177774000000 0.233088000000 2.865546000000 0
0.746833000000 0.289050000000 2.738076000000 0
-0.371673000000 0.248125000000 2.819734000000 0
0.802440000000 0.309491000000 2.709677000000 0
-0.450409000000 0.264233000000 2.781755000000 0
0.273094000000 -0.616354000000 2.835813000000 0
0.036797000000 -0.607890000000 2.826428000000 0
0.257516000000 -1.009749000000 2.888955000000 0
0.011503000000 -0.996509000000 2.877608000000 0
0.291949000000 -1.073965000000 2.838569000000 0
-0.027533000000 -1.067484000000 2.855685000000 0
0.180702000000 0.613883000000 2.678196000000 0
