0.303557000000 0.411170000000 2.629682000000 0
-0.014236000000 0.423209000000 2.629366000000 0
0.149837000000 0.552718000000 2.624086000000 0
0.138096000000 0.199725000000 2.636921000000 0
0.203749000000 0.054056000000 2.620015000000 0
0.063375000000 0.060773000000 2.623850000000 0
0.135841000000 0.129393000000 2.623991000000 0
0.323332000000 0.167909000000 2.597756000000 0
-0.048382000000 0.192065000000 2.604825000000 0
0.319775000000 -0.003982000000 2.529612000000 0
-0.041013000000 0.009574000000 2.523978000000 0
0.300399000000 -0.098029000000 2.497483000000 0
-0.019960000000 -0.084138000000 2.504235000000 0
0.224943000000 -0.425652000000 2.683436000000 0
0.015648000000 -0.409380000000 2.680408000000 0
0.240081000000 -0.782964000000 2.731813000000 0
-0.014822000000 -0.787717000000 2.742568000000 0
0.245496000000 -0.847381000000 2.675384000000 0
-0.014619000000 -0.836757000000 2.654329000000 0
0.144014000000 0.723968000000 2.601973000000 0
0.302809000000 0.410517000000 2.629324000000 0
-0.013230000000 0.422867000000 2.630265000000 0
0.150326000000 0.552384000000 2.624913000000 0
0.138132000000 0.199402000000 2.636535000000 0
0.203639000000 0.054180000000 2.619822000000 0
0.062867000000 0.060541000000 2.622683000000 0
0.135732000000 0.129078000000 2.623708000000 0
0.320560000000 0.167195000000 2.593218000000 0
-0.046784000000 0.200019000000 2.597965000000 0
0.312325000000 -0.003696000000 2.522420000000 0
-0.030456000000 0.016883000000 2.517152000000 0
0.292084000000 -0.097442000000 2.489855000000 0
-0.006902000000 -0.077777000000 2.489891000000 0
0.224260000000 -0.423733000000 2.682988000000 0
0.015834000000 -0.409460000000 2.680559000000 0
0.240066000000 -0.781713000000 2.731726000000 0
-0.015643000000 -0.787845000000 2.743476000000 0
0.244205000000 -0.851061000000 2.681353000000 0
-0.014660000000 -0.867963000000 2.712750000000 0
0.144261000000 0.723771000000 2.602736000000 0
0.302346000000 0.409963000000 2.630365000000 0
-0.012888000000 0.422725000000 2.630516000000 0
0.151317000000 0.551658000000 2.627054000000 0
0.138157000000 0.199221000000 2.636603000000 0
0.203726000000 0.054365000000 2.619341000000 0
0.062748000000 0.060655000000 2.622266000000 0
0.135763000000 0.129023000000 2.623550000000 0
0.319830000000 0.166716000000 2.591465000000 0
-0.045890000000 0.201953000000 2.593768000000 0
0.310443000000 -0.003195000000 2.517924000000 0
-0.026439000000 0.021822000000 2.511304000000 0
0.288209000000 -0.095512000000 2.482587000000 0
-0.004610000000 -0.072456000000 2.481296000000 0
0.223769000000 -0.421805000000 2.682991000000 0
0.016014000000 -0.409096000000 2.680918000000 0
0.239899000000 -0.781483000000 2.732051000000 0
-0.015943000000 -0.786475000000 2.743231000000 0
0.242731000000 -0.850323000000 2.680892000000 0
-0.019509000000 -0.861478000000 2.701684000000 0
0.144973000000 0.723816000000 2.607588000000 0
0.301883000000 0.409145000000 2.631174000000 0
-0.012858000000 0.422572000000 2.630675000000 0
0.151316000000 0.551440000000 2.627801000000 0
0.138288000000 0.198883000000 2.636961000000 0
0.204110000000 0.054337000000 2.619297000000 0
0.062781000000 0.060288000000 2.621552000000 0
0.135937000000 0.128748000000 2.623402000000 0
0.319304000000 0.166105000000 2.588234000000 0
-0.044464000000 0.201507000000 2.588807000000 0
0.311162000000 -0.004132000000 2.515361000000 0
-0.025673000000 0.022085000000 2.508493000000 0
0.290846000000 -0.095370000000 2.476179000000 0
-0.003856000000 -0.071292000000 2.475674000000 0
0.223458000000 -0.422228000000 2.682992000000 0
0.016022000000 -0.409280000000 2.680952000000 0
0.239794000000 -0.781643000000 2.731785000000 0
-0.016298000000 -0.787755000000 2.744023000000 0
0.243147000000 -0.849575000000 2.679451000000 0
-0.023509000000 -0.869733000000 2.719684000000 0
0.144843000000 0.723796000000 2.609860000000 0
0.301733000000 0.409274000000 2.631270000000 0
-0.013004000000 0.422370000000 2.630717000000 0
0.151821000000 0.551365000000 2.628671000000 0
0.138619000000 0.199011000000 2.637518000000 0
0.204852000000 0.055134000000 2.618684000000 0
0.062949000000 0.060511000000 2.621531000000 0
0.136292000000 0.129066000000 2.623315000000 0
0.319456000000 0.166314000000 2.587064000000 0
-0.044395000000 0.201627000000 2.587752000000 0
0.313915000000 -0.002154000000 2.509015000000 0
-0.025881000000 0.023682000000 2.504683000000 0
0.294449000000 -0.093411000000 2.469357000000 0
-0.004179000000 -0.070037000000 2.472665000000 0
0.223177000000 -0.422850000000 2.683322000000 0
0.016161000000 -0.409075000000 2.680875000000 0
0.239646000000 -0.782999000000 2.732369000000 0
-0.016618000000 -0.788717000000 2.745748000000 0
0.245091000000 -0.849217000000 2.678049000000 0
-0.016284000000 -0.837489000000 2.657344000000 0
0.143782000000 0.724417000000 2.612303000000 0
0.301423000000 0.409488000000 2.631149000000 0
-0.012976000000 0.422239000000 2.630936000000 0
0.152163000000 0.551625000000 2.631309000000 0
0.138997000000 0.198967000000 2.638688000000 0
0.205227000000 0.055643000000 2.618556000000 0
0.063255000000 0.060645000000 2.621575000000 0
0.136589000000 0.129180000000 2.623427000000 0
0.319095000000 0.166615000000 2.585378000000 0
-0.044031000000 0.202570000000 2.587206000000 0
0.316129000000 -0.001296000000 2.505668000000 0
-0.027130000000 0.022790000000 2.501197000000 0
0.297565000000 -0.088633000000 2.467268000000 0
-0.005811000000 -0.071519000000 2.470591000000 0
0.223237000000 -0.423119000000 2.683708000000 0
0.015968000000 -0.409683000000 2.681120000000 0
0.239717000000 -0.782426000000 2.732379000000 0
-0.016983000000 -0.789048000000 2.746138000000 0
0.243555000000 -0.850907000000 2.680794000000 0
-0.016731000000 -0.837696000000 2.657663000000 0
0.143838000000 0.724689000000 2.614058000000 0
0.301265000000 0.409376000000 2.631055000000 0
-0.012909000000 0.422049000000 2.630874000000 0
0.151793000000 0.552091000000 2.632432000000 0
0.139141000000 0.198932000000 2.639884000000 0
0.205413000000 0.055810000000 2.618453000000 0
0.063532000000 0.060793000000 2.621770000000 0
0.136742000000 0.129227000000 2.623520000000 0
0.319051000000 0.166486000000 2.585763000000 0
-0.042771000000 0.199297000000 2.585564000000 0
0.316926000000 -0.001195000000 2.505379000000 0
-0.031468000000 0.017821000000 2.494552000000 0
0.299507000000 -0.087202000000 2.467083000000 0
-0.010577000000 -0.071835000000 2.466261000000 0
0.223512000000 -0.423805000000 2.684120000000 0
0.015853000000 -0.410412000000 2.681126000000 0
0.239614000000 -0.782438000000 2.732275000000 0
-0.016888000000 -0.788439000000 2.745682000000 0
0.244027000000 -0.849079000000 2.678374000000 0
-0.014758000000 -0.868270000000 2.714244000000 0
0.143292000000 0.724838000000 2.615017000000 0
0.301031000000 0.409316000000 2.630975000000 0
-0.013012000000 0.421729000000 2.630804000000 0
0.151789000000 0.552184000000 2.632834000000 0
0.139420000000 0.198893000000 2.640901000000 0
0.205787000000 0.055925000000 2.618398000000 0
0.063916000000 0.060881000000 2.621902000000 0
0.137059000000 0.129253000000 2.623623000000 0
0.319135000000 0.166509000000 2.585495000000 0
-0.042770000000 0.197449000000 2.584074000000 0
0.317462000000 -0.001261000000 2.504489000000 0
-0.033640000000 0.015124000000 2.488236000000 0
0.302100000000 -0.087220000000 2.464999000000 0
-0.012549000000 -0.071260000000 2.464611000000 0
0.224230000000 -0.425686000000 2.684546000000 0
0.015794000000 -0.410347000000 2.681095000000 0
0.239581000000 -0.783023000000 2.732154000000 0
-0.017245000000 -0.786980000000 2.744894000000 0
0.247397000000 -0.849054000000 2.677886000000 0
-0.016999000000 -0.835568000000 2.656380000000 0
0.142652000000 0.724818000000 2.615309000000 0
0.300199000000 0.409530000000 2.631017000000 0
-0.013024000000 0.420678000000 2.630153000000 0
0.150197000000 0.552355000000 2.633311000000 0
0.139337000000 0.198630000000 2.641669000000 0
0.205927000000 0.055871000000 2.618371000000 0
0.064101000000 0.060650000000 2.621711000000 0
0.137131000000 0.128963000000 2.623577000000 0
0.319210000000 0.167015000000 2.584481000000 0
-0.043097000000 0.196118000000 2.583472000000 0
0.317936000000 -0.001182000000 2.504641000000 0
-0.034496000000 0.015808000000 2.487523000000 0
0.302694000000 -0.086884000000 2.465555000000 0
-0.014288000000 -0.070532000000 2.462537000000 0
0.224112000000 -0.426856000000 2.684916000000 0
0.015672000000 -0.411110000000 2.680937000000 0
0.239547000000 -0.783758000000 2.733115000000 0
-0.018218000000 -0.787771000000 2.746753000000 0
0.248552000000 -0.848437000000 2.677417000000 0
-0.017781000000 -0.836338000000 2.658225000000 0
0.140913000000 0.724009000000 2.615512000000 0
0.299728000000 0.409260000000 2.630752000000 0
-0.013203000000 0.419832000000 2.629823000000 0
0.149678000000 0.552559000000 2.634017000000 0
0.139346000000 0.198638000000 2.642542000000 0
0.206075000000 0.056196000000 2.618288000000 0
0.064264000000 0.060748000000 2.621708000000 0
0.137196000000 0.129052000000 2.623608000000 0
0.319437000000 0.167202000000 2.584866000000 0
-0.043762000000 0.195548000000 2.582752000000 0
0.318462000000 -0.001053000000 2.505517000000 0
-0.034979000000 0.013125000000 2.485723000000 0
0.303222000000 -0.086592000000 2.465719000000 0
-0.014738000000 -0.070479000000 2.462267000000 0
0.223601000000 -0.423362000000 2.684443000000 0
0.016204000000 -0.410578000000 2.681297000000 0
0.239449000000 -0.783396000000 2.733328000000 0
-0.018523000000 -0.787744000000 2.746919000000 0
0.245720000000 -0.851988000000 2.682113000000 0
-0.017994000000 -0.868280000000 2.717237000000 0
0.140507000000 0.724347000000 2.615746000000 0
0.299679000000 0.409241000000 2.630779000000 0
-0.013062000000 0.419489000000 2.629105000000 0
0.149169000000 0.552361000000 2.633533000000 0
0.139294000000 0.198671000000 2.643095000000 0
0.206192000000 0.056338000000 2.618274000000 0
0.064447000000 0.060852000000 2.621819000000 0
0.137252000000 0.129130000000 2.623626000000 0
0.319529000000 0.167168000000 2.584731000000 0
-0.044112000000 0.195368000000 2.583058000000 0
0.318555000000 -0.001043000000 2.505400000000 0
-0.035169000000 0.012226000000 2.483892000000 0
0.303160000000 -0.086629000000 2.465114000000 0
-0.015292000000 -0.070585000000 2.461345000000 0
0.223473000000 -0.423558000000 2.684621000000 0
0.016173000000 -0.410649000000 2.681426000000 0
0.239406000000 -0.783590000000 2.733226000000 0
-0.017017000000 -0.788308000000 2.748569000000 0
0.248335000000 -0.849419000000 2.678871000000 0
-0.022261000000 -0.868930000000 2.719580000000 0
0.140493000000 0.724361000000 2.615738000000 0
0.299583000000 0.409494000000 2.631144000000 0
-0.013670000000 0.419252000000 2.628474000000 0
0.148591000000 0.552006000000 2.633385000000 0
0.139229000000 0.198782000000 2.643503000000 0
0.206376000000 0.056529000000 2.618344000000 0
0.064489000000 0.061016000000 2.621407000000 0
0.137350000000 0.129386000000 2.623545000000 0
0.319262000000 0.166594000000 2.585175000000 0
-0.044693000000 0.194824000000 2.582669000000 0
0.318423000000 -0.001315000000 2.505009000000 0
-0.035548000000 0.012740000000 2.485841000000 0
0.302717000000 -0.086426000000 2.465190000000 0
-0.015482000000 -0.070868000000 2.461469000000 0
0.223066000000 -0.423971000000 2.684669000000 0
0.016167000000 -0.410465000000 2.681705000000 0
0.239370000000 -0.784211000000 2.733564000000 0
-0.016852000000 -0.788192000000 2.748028000000 0
0.249092000000 -0.849437000000 2.678617000000 0
-0.025315000000 -0.868717000000 2.719527000000 0
0.140225000000 0.724308000000 2.615608000000 0
0.299567000000 0.409610000000 2.631176000000 0
-0.013656000000 0.419256000000 2.628546000000 0
0.148672000000 0.552345000000 2.633614000000 0
0.139208000000 0.198947000000 2.643975000000 0
0.206301000000 0.056787000000 2.618344000000 0
0.064536000000 0.061297000000 2.621505000000 0
0.137329000000 0.129598000000 2.623605000000 0
0.319029000000 0.166667000000 2.585114000000 0
-0.044950000000 0.195107000000 2.582656000000 0
0.317683000000 -0.001169000000 2.504707000000 0
-0.034692000000 0.013856000000 2.487060000000 0
0.302085000000 -0.086667000000 2.464437000000 0
-0.014619000000 -0.068380000000 2.462812000000 0
0.222697000000 -0.424219000000 2.684835000000 0
0.016063000000 -0.410487000000 2.681744000000 0
0.239719000000 -0.784223000000 2.732538000000 0
-0.016727000000 -0.789085000000 2.748240000000 0
0.248465000000 -0.850006000000 2.678088000000 0
-0.027249000000 -0.869780000000 2.720920000000 0
0.140335000000 0.724574000000 2.615785000000 0
0.299446000000 0.409640000000 2.631109000000 0
-0.013454000000 0.419133000000 2.628142000000 0
0.148574000000 0.552223000000 2.634460000000 0
0.139185000000 0.198899000000 2.644457000000 0
0.206368000000 0.057024000000 2.618441000000 0
0.064627000000 0.061379000000 2.621202000000 0
0.137350000000 0.129701000000 2.623619000000 0
0.318876000000 0.166638000000 2.585375000000 0
-0.044314000000 0.198202000000 2.583911000000 0
0.316462000000 -0.000608000000 2.503481000000 0
-0.031215000000 0.015666000000 2.487880000000 0
0.299539000000 -0.084851000000 2.458755000000 0
-0.009957000000 -0.070266000000 2.458962000000 0
0.222447000000 -0.424689000000 2.684673000000 0
0.016068000000 -0.410541000000 2.681700000000 0
0.239646000000 -0.784436000000 2.732191000000 0
-0.016843000000 -0.789552000000 2.747293000000 0
0.248269000000 -0.850474000000 2.678028000000 0
-0.030844000000 -0.871760000000 2.726924000000 0
0.140177000000 0.724653000000 2.615807000000 0
0.299422000000 0.409990000000 2.631280000000 0
-0.013386000000 0.419087000000 2.628052000000 0
0.148308000000 0.552247000000 2.634832000000 0
0.139158000000 0.199025000000 2.644894000000 0
0.206588000000 0.057463000000 2.618522000000 0
0.064886000000 0.061773000000 2.620331000000 0
0.137417000000 0.129994000000 2.623498000000 0
0.318096000000 0.167143000000 2.582705000000 0
-0.043896000000 0.198300000000 2.582641000000 0
0.314786000000 0.001300000000 2.497462000000 0
-0.025921000000 0.015680000000 2.481794000000 0
0.297796000000 -0.081918000000 2.454457000000 0
-0.005844000000 -0.069643000000 2.448800000000 0
0.222451000000 -0.425564000000 2.684701000000 0
0.016024000000 -0.410468000000 2.681707000000 0
0.239593000000 -0.784724000000 2.732061000000 0
-0.017149000000 -0.789369000000 2.747035000000 0
0.247713000000 -0.850829000000 2.677899000000 0
-0.030514000000 -0.872016000000 2.728056000000 0
0.140452000000 0.724047000000 2.616458000000 0
0.299153000000 0.410155000000 2.631389000000 0
-0.013228000000 0.419163000000 2.628203000000 0
0.148252000000 0.552524000000 2.635130000000 0
0.139156000000 0.199181000000 2.645414000000 0
0.206526000000 0.057897000000 2.618498000000 0
0.065015000000 0.062056000000 2.620322000000 0
0.137445000000 0.130172000000 2.623516000000 0
0.316721000000 0.170870000000 2.578965000000 0
-0.042605000000 0.200770000000 2.578837000000 0
0.311714000000 0.008068000000 2.487121000000 0
-0.024754000000 0.026799000000 2.468817000000 0
0.295599000000 -0.076429000000 2.443327000000 0
-0.002393000000 -0.057667000000 2.425777000000 0
0.222420000000 -0.425196000000 2.684562000000 0
0.015912000000 -0.410374000000 2.682013000000 0
0.239822000000 -0.783773000000 2.731537000000 0
-0.017185000000 -0.789324000000 2.746986000000 0
0.245786000000 -0.850025000000 2.677272000000 0
-0.031098000000 -0.871835000000 2.727808000000 0
0.140441000000 0.723373000000 2.618230000000 0
0.298020000000 0.410290000000 2.630580000000 0
-0.013601000000 0.419787000000 2.628742000000 0
0.148616000000 0.552792000000 2.636209000000 0
0.139462000000 0.199280000000 2.645961000000 0
0.206707000000 0.058404000000 2.618301000000 0
0.065364000000 0.062094000000 2.619713000000 0
0.137685000000 0.130352000000 2.623364000000 0
0.313425000000 0.181155000000 2.573611000000 0
-0.040956000000 0.204751000000 2.572031000000 0
0.308711000000 0.020200000000 2.467562000000 0
-0.022721000000 0.038093000000 2.446853000000 0
0.292963000000 -0.066976000000 2.425603000000 0
-0.001226000000 -0.041132000000 2.392702000000 0
0.222303000000 -0.424861000000 2.684546000000 0
0.016032000000 -0.410401000000 2.681827000000 0
0.239560000000 -0.783625000000 2.731691000000 0
-0.017114000000 -0.788915000000 2.746612000000 0
0.245520000000 -0.849858000000 2.677402000000 0
-0.032831000000 -0.870833000000 2.726311000000 0
0.140530000000 0.724566000000 2.620699000000 0
0.297642000000 0.410062000000 2.630165000000 0
-0.013114000000 0.420247000000 2.628980000000 0
0.148533000000 0.552736000000 2.637892000000 0
0.139695000000 0.199141000000 2.647090000000 0
0.207006000000 0.058488000000 2.618721000000 0
0.066014000000 0.062274000000 2.619666000000 0
0.137950000000 0.130326000000 2.623599000000 0
0.317056000000 0.194254000000 2.556515000000 0
-0.041474000000 0.213154000000 2.563684000000 0
0.309175000000 0.021845000000 2.448768000000 0
-0.020716000000 0.048337000000 2.426033000000 0
0.294159000000 -0.055517000000 2.402493000000 0
-0.001265000000 -0.025351000000 2.371380000000 0
0.222057000000 -0.424384000000 2.684485000000 0
0.015971000000 -0.410567000000 2.682091000000 0
0.239509000000 -0.783649000000 2.731773000000 0
-0.016706000000 -0.789057000000 2.744767000000 0
0.244846000000 -0.849959000000 2.677510000000 0
-0.016152000000 -0.837425000000 2.656107000000 0
0.141482000000 0.725691000000 2.625040000000 0
0.296760000000 0.409686000000 2.629596000000 0
-0.011541000000 0.420298000000 2.628344000000 0
0.147840000000 0.553373000000 2.641804000000 0
0.139820000000 0.198324000000 2.648705000000 0
0.207045000000 0.058451000000 2.618849000000 0
0.066474000000 0.061893000000 2.619403000000 0
0.138160000000 0.129644000000 2.623768000000 0
0.318771000000 0.192472000000 2.544792000000 0
-0.043518000000 0.221674000000 2.556864000000 0
0.307959000000 0.034813000000 2.436135000000 0
-0.019335000000 0.058415000000 2.409484000000 0
0.292524000000 -0.044671000000 2.379519000000 0
0.005389000000 -0.014063000000 2.350236000000 0
0.222011000000 -0.424469000000 2.684513000000 0
0.015824000000 -0.410233000000 2.682323000000 0
0.239735000000 -0.783260000000 2.731291000000 0
-0.017003000000 -0.789805000000 2.745439000000 0
0.243922000000 -0.849492000000 2.676832000000 0
-0.016387000000 -0.838021000000 2.656696000000 0
0.141301000000 0.725506000000 2.625585000000 0
0.296561000000 0.409843000000 2.629661000000 0
-0.011019000000 0.420878000000 2.628536000000 0
0.147385000000 0.554184000000 2.644276000000 0
0.139601000000 0.198219000000 2.650827000000 0
0.206566000000 0.058663000000 2.619245000000 0
0.066566000000 0.062423000000 2.619689000000 0
0.138032000000 0.129698000000 2.624135000000 0
0.323612000000 0.199515000000 2.537442000000 0
-0.043845000000 0.225970000000 2.554897000000 0
0.308338000000 0.041877000000 2.418406000000 0
-0.017537000000 0.072717000000 2.400522000000 0
0.290012000000 -0.032878000000 2.360151000000 0
0.009212000000 -0.001837000000 2.336878000000 0
0.222249000000 -0.425157000000 2.684371000000 0
0.015791000000 -0.410411000000 2.682255000000 0
0.239859000000 -0.783326000000 2.731266000000 0
-0.015513000000 -0.789093000000 2.744409000000 0
0.243956000000 -0.849715000000 2.676992000000 0
-0.014908000000 -0.837229000000 2.655622000000 0
0.141721000000 0.725400000000 2.627330000000 0
0.296005000000 0.410178000000 2.629748000000 0
-0.009741000000 0.422188000000 2.629118000000 0
0.147319000000 0.554185000000 2.644773000000 0
0.139154000000 0.197962000000 2.653292000000 0
0.204714000000 0.058671000000 2.620866000000 0
0.066757000000 0.062962000000 2.620690000000 0
0.137531000000 0.129399000000 2.625353000000 0
0.326033000000 0.200471000000 2.530424000000 0
-0.046010000000 0.237831000000 2.559193000000 0
0.309284000000 0.056244000000 2.406618000000 0
-0.018828000000 0.090528000000 2.391489000000 0
0.290017000000 -0.016645000000 2.343806000000 0
0.010184000000 0.018636000000 2.325769000000 0
0.222220000000 -0.424808000000 2.684617000000 0
0.015775000000 -0.410488000000 2.682469000000 0
0.239907000000 -0.783317000000 2.730918000000 0
-0.015916000000 -0.789683000000 2.743610000000 0
0.243411000000 -0.849011000000 2.675763000000 0
-0.015441000000 -0.837847000000 2.654837000000 0
0.141841000000 0.726317000000 2.629309000000 0
0.296097000000 0.410824000000 2.630332000000 0
-0.010526000000 0.422785000000 2.629943000000 0
0.147355000000 0.554319000000 2.645019000000 0
0.138883000000 0.198092000000 2.655034000000 0
0.203812000000 0.058551000000 2.622183000000 0
0.066728000000 0.062992000000 2.621194000000 0
0.137188000000 0.129513000000 2.626294000000 0
0.330031000000 0.206854000000 2.557514000000 0
-0.049433000000 0.244947000000 2.558530000000 0
0.314647000000 0.079405000000 2.401696000000 0
-0.018278000000 0.106138000000 2.381023000000 0
0.290523000000 0.010509000000 2.330961000000 0
0.016000000000 0.042856000000 2.309242000000 0
0.220837000000 -0.423646000000 2.684339000000 0
0.015775000000 -0.410459000000 2.682657000000 0
0.239969000000 -0.782815000000 2.730435000000 0
-0.016122000000 -0.789535000000 2.744073000000 0
0.249351000000 -0.851188000000 2.679375000000 0
-0.015729000000 -0.837726000000 2.655314000000 0
0.142124000000 0.726631000000 2.631550000000 0
0.296028000000 0.411444000000 2.631170000000 0
-0.011148000000 0.423066000000 2.630960000000 0
0.147658000000 0.554114000000 2.646445000000 0
0.138756000000 0.198419000000 2.657341000000 0
0.203272000000 0.058724000000 2.623008000000 0
0.066866000000 0.063484000000 2.623528000000 0
0.136955000000 0.129986000000 2.627989000000 0
0.341786000000 0.239023000000 2.542620000000 0
-0.054854000000 0.252119000000 2.551688000000 0
0.318159000000 0.116319000000 2.398602000000 0
-0.020116000000 0.118894000000 2.377408000000 0
0.292729000000 0.050399000000 2.325511000000 0
0.012737000000 0.066342000000 2.304056000000 0
0.221243000000 -0.425001000000 2.684793000000 0
0.015793000000 -0.410193000000 2.682693000000 0
0.239780000000 -0.783213000000 2.730539000000 0
-0.015779000000 -0.789310000000 2.744079000000 0
0.249203000000 -0.850676000000 2.678290000000 0
-0.012330000000 -0.871678000000 2.720129000000 0
0.142756000000 0.726266000000 2.633260000000 0
0.296630000000 0.412906000000 2.632136000000 0
-0.011650000000 0.423359000000 2.632194000000 0
0.147404000000 0.553998000000 2.646943000000 0
0.138493000000 0.198752000000 2.658631000000 0
0.202885000000 0.058822000000 2.623598000000 0
0.066803000000 0.063722000000 2.624387000000 0
0.136692000000 0.130424000000 2.628866000000 0
0.351815000000 0.250186000000 2.549768000000 0
-0.059573000000 0.258681000000 2.545270000000 0
0.320921000000 0.131535000000 2.403582000000 0
-0.035017000000 0.154841000000 2.386001000000 0
0.284441000000 0.056967000000 2.295052000000 0
0.011463000000 0.091828000000 2.295598000000 0
0.221535000000 -0.426114000000 2.684825000000 0
0.015783000000 -0.410005000000 2.682812000000 0
0.239804000000 -0.784158000000 2.731832000000 0
-0.016107000000 -0.788695000000 2.744461000000 0
0.249485000000 -0.846271000000 2.673366000000 0
-0.018722000000 -0.869539000000 2.715697000000 0
0.142652000000 0.726564000000 2.634022000000 0
0.296619000000 0.413965000000 2.631929000000 0
-0.011810000000 0.423389000000 2.632564000000 0
0.147387000000 0.554307000000 2.647921000000 0
0.138565000000 0.199071000000 2.660160000000 0
0.202670000000 0.059282000000 2.625178000000 0
0.067124000000 0.063846000000 2.625288000000 0
0.136743000000 0.130760000000 2.630109000000 0
0.357671000000 0.252522000000 2.552123000000 0
-0.065852000000 0.261006000000 2.548258000000 0
0.323308000000 0.141151000000 2.392029000000 0
-0.037246000000 0.166953000000 2.383247000000 0
0.288409000000 0.084076000000 2.299003000000 0
0.012086000000 0.108039000000 2.292366000000 0
0.222049000000 -0.427398000000 2.685527000000 0
0.015528000000 -0.410092000000 2.682616000000 0
0.239470000000 -0.784175000000 2.731620000000 0
-0.015794000000 -0.788458000000 2.744676000000 0
0.248262000000 -0.848332000000 2.675259000000 0
-0.016258000000 -0.867692000000 2.711636000000 0
0.142632000000 0.726643000000 2.634305000000 0
0.297496000000 0.416224000000 2.633628000000 0
-0.011459000000 0.424410000000 2.633325000000 0
0.148849000000 0.553702000000 2.651217000000 0
0.138554000000 0.200185000000 2.662249000000 0
0.201975000000 0.060622000000 2.625572000000 0
0.067594000000 0.065660000000 2.627186000000 0
0.136690000000 0.132375000000 2.631405000000 0
0.362638000000 0.256866000000 2.552548000000 0
-0.077789000000 0.268778000000 2.543642000000 0
0.329225000000 0.167511000000 2.385737000000 0
-0.041509000000 0.175434000000 2.379887000000 0
0.283833000000 0.100336000000 2.286105000000 0
0.000713000000 0.136362000000 2.296095000000 0
0.222180000000 -0.427353000000 2.685552000000 0
0.015465000000 -0.410064000000 2.682660000000 0
0.240108000000 -0.782752000000 2.731583000000 0
-0.015776000000 -0.789352000000 2.746654000000 0
0.245674000000 -0.847068000000 2.674994000000 0
-0.019727000000 -0.866136000000 2.708464000000 0
0.143190000000 0.726498000000 2.634784000000 0
0.296400000000 0.418900000000 2.634805000000 0
-0.010178000000 0.424672000000 2.633276000000 0
0.148961000000 0.553891000000 2.651447000000 0
0.138460000000 0.200404000000 2.663193000000 0
0.201205000000 0.061544000000 2.626251000000 0
0.068250000000 0.066236000000 2.628051000000 0
0.136675000000 0.132603000000 2.631915000000 0
0.371868000000 0.263886000000 2.554651000000 0
-0.085671000000 0.274363000000 2.541163000000 0
0.331023000000 0.174101000000 2.389950000000 0
-0.042428000000 0.182310000000 2.378506000000 0
0.281594000000 0.116001000000 2.280436000000 0
0.000882000000 0.145476000000 2.294265000000 0
0.222677000000 -0.425443000000 2.685886000000 0
0.015472000000 -0.409924000000 2.682619000000 0
0.239880000000 -0.782306000000 2.731310000000 0
-0.015860000000 -0.788890000000 2.746136000000 0
0.245259000000 -0.852346000000 2.681964000000 0
-0.018295000000 -0.863786000000 2.704252000000 0
0.143794000000 0.726222000000 2.634671000000 0
0.296225000000 0.419663000000 2.635042000000 0
-0.009856000000 0.424745000000 2.633359000000 0
0.149191000000 0.553596000000 2.651762000000 0
0.138289000000 0.200951000000 2.664019000000 0
0.200179000000 0.062607000000 2.627137000000 0
0.068290000000 0.067232000000 2.628456000000 0
0.136404000000 0.133508000000 2.632517000000 0
0.371473000000 0.264813000000 2.554160000000 0
-0.088999000000 0.282356000000 2.529096000000 0
0.331147000000 0.182429000000 2.385189000000 0
-0.041614000000 0.182301000000 2.373005000000 0
0.279349000000 0.127337000000 2.275230000000 0
0.003594000000 0.149758000000 2.288008000000 0
0.223383000000 -0.426957000000 2.685996000000 0
0.015461000000 -0.408242000000 2.682578000000 0
0.239305000000 -0.782886000000 2.732737000000 0
-0.016818000000 -0.784765000000 2.742693000000 0
0.244900000000 -0.850404000000 2.680017000000 0
-0.021653000000 -0.865539000000 2.714034000000 0
0.143971000000 0.726256000000 2.635195000000 0
0.296475000000 0.419757000000 2.635322000000 0
-0.008946000000 0.426094000000 2.633883000000 0
0.149815000000 0.553428000000 2.651765000000 0
0.138243000000 0.201647000000 2.664561000000 0
0.199548000000 0.063501000000 2.627413000000 0
0.068394000000 0.068385000000 2.629056000000 0
0.136239000000 0.134380000000 2.632955000000 0
0.373246000000 0.266030000000 2.553531000000 0
-0.094268000000 0.284412000000 2.535134000000 0
0.334976000000 0.184236000000 2.377337000000 0
-0.042014000000 0.193728000000 2.374602000000 0
0.282455000000 0.149625000000 2.275872000000 0
0.034119000000 0.174561000000 2.248888000000 0
0.223437000000 -0.426650000000 2.684746000000 0
0.015302000000 -0.407898000000 2.682769000000 0
0.239742000000 -0.783062000000 2.732576000000 0
-0.016449000000 -0.784229000000 2.742852000000 0
0.244568000000 -0.849890000000 2.678913000000 0
-0.015861000000 -0.832398000000 2.654090000000 0
0.144186000000 0.726960000000 2.635128000000 0
0.296626000000 0.420052000000 2.635066000000 0
-0.008803000000 0.426438000000 2.633838000000 0
0.148967000000 0.553599000000 2.652391000000 0
0.137812000000 0.202582000000 2.665548000000 0
0.199026000000 0.064215000000 2.628105000000 0
0.068277000000 0.069702000000 2.630149000000 0
0.135833000000 0.135423000000 2.633924000000 0
0.376150000000 0.268728000000 2.550708000000 0
-0.093113000000 0.274787000000 2.522011000000 0
0.310942000000 0.206852000000 2.358309000000 0
-0.042788000000 0.196786000000 2.353777000000 0
0.288757000000 0.175354000000 2.284661000000 0
0.009235000000 0.182073000000 2.267747000000 0
0.223318000000 -0.427478000000 2.685040000000 0
0.015737000000 -0.405562000000 2.682617000000 0
0.240172000000 -0.783435000000 2.731904000000 0
-0.016158000000 -0.784479000000 2.743448000000 0
0.244813000000 -0.849973000000 2.677870000000 0
-0.015635000000 -0.832656000000 2.654694000000 0
0.144270000000 0.727193000000 2.635820000000 0
0.297406000000 0.419268000000 2.634708000000 0
-0.008903000000 0.425899000000 2.633432000000 0
0.148759000000 0.553534000000 2.652204000000 0
0.137721000000 0.202664000000 2.665824000000 0
0.199256000000 0.063769000000 2.628653000000 0
0.068085000000 0.069617000000 2.630773000000 0
0.135771000000 0.135438000000 2.634384000000 0
0.379430000000 0.272777000000 2.542104000000 0
-0.094451000000 0.272362000000 2.519244000000 0
0.307803000000 0.222048000000 2.342164000000 0
-0.040022000000 0.202252000000 2.348671000000 0
0.283589000000 0.201302000000 2.274167000000 0
0.032540000000 0.219008000000 2.254737000000 0
0.222881000000 -0.425895000000 2.685090000000 0
0.015715000000 -0.405548000000 2.682738000000 0
0.240475000000 -0.783077000000 2.732232000000 0
-0.016786000000 -0.782228000000 2.742800000000 0
0.242977000000 -0.849349000000 2.677734000000 0
-0.016248000000 -0.830430000000 2.654062000000 0
0.144281000000 0.727141000000 2.635731000000 0
0.297522000000 0.419537000000 2.634798000000 0
-0.010418000000 0.425632000000 2.633873000000 0
0.148586000000 0.553957000000 2.652270000000 0
0.137616000000 0.203611000000 2.666322000000 0
0.199461000000 0.063960000000 2.628787000000 0
0.067337000000 0.069953000000 2.632481000000 0
0.135621000000 0.136375000000 2.635195000000 0
0.381571000000 0.267883000000 2.521817000000 0
-0.101526000000 0.267710000000 2.505814000000 0
0.300455000000 0.237499000000 2.317532000000 0
-0.025338000000 0.217552000000 2.336672000000 0
0.271402000000 0.226616000000 2.249151000000 0
0.027303000000 0.221412000000 2.249868000000 0
0.222873000000 -0.424533000000 2.685888000000 0
0.016119000000 -0.407973000000 2.684002000000 0
0.240285000000 -0.783022000000 2.732144000000 0
-0.016230000000 -0.785383000000 2.744676000000 0
0.244238000000 -0.850674000000 2.679465000000 0
-0.015815000000 -0.833612000000 2.655957000000 0
0.144453000000 0.727369000000 2.635798000000 0
0.296021000000 0.421472000000 2.632658000000 0
-0.011884000000 0.426241000000 2.633952000000 0
0.148478000000 0.554124000000 2.651994000000 0
0.137825000000 0.203523000000 2.666210000000 0
0.199649000000 0.063734000000 2.628914000000 0
0.067075000000 0.069442000000 2.633228000000 0
0.135600000000 0.136102000000 2.635421000000 0
0.388303000000 0.265741000000 2.513777000000 0
-0.104720000000 0.268644000000 2.503533000000 0
0.295465000000 0.260910000000 2.312506000000 0
-0.017055000000 0.271795000000 2.332403000000 0
0.262216000000 0.259180000000 2.245209000000 0
0.023596000000 0.271366000000 2.269278000000 0
0.223183000000 -0.424685000000 2.685858000000 0
0.016225000000 -0.408975000000 2.683960000000 0
0.239985000000 -0.783418000000 2.732244000000 0
-0.016097000000 -0.785990000000 2.744051000000 0
0.246567000000 -0.850356000000 2.678925000000 0
-0.016385000000 -0.834235000000 2.655345000000 0
0.144146000000 0.727347000000 2.635590000000 0
0.293424000000 0.426761000000 2.634323000000 0
-0.014327000000 0.432702000000 2.635881000000 0
0.148363000000 0.554530000000 2.650391000000 0
0.137889000000 0.203634000000 2.665718000000 0
0.199860000000 0.063818000000 2.628811000000 0
0.067094000000 0.069337000000 2.633246000000 0
0.135650000000 0.136042000000 2.635380000000 0
0.395122000000 0.263447000000 2.508941000000 0
-0.107695000000 0.272617000000 2.501525000000 0
0.320636000000 0.292841000000 2.333795000000 0
0.029785000000 0.313988000000 2.290591000000 0
0.273574000000 0.310729000000 2.278117000000 0
0.064213000000 0.279369000000 2.233572000000 0
0.223577000000 -0.425627000000 2.686141000000 0
0.016132000000 -0.408993000000 2.683851000000 0
0.239775000000 -0.783835000000 2.732796000000 0
-0.016749000000 -0.787443000000 2.744478000000 0
0.246036000000 -0.849221000000 2.677552000000 0
-0.017098000000 -0.835753000000 2.655812000000 0
0.143346000000 0.727103000000 2.634797000000 0
0.291601000000 0.427077000000 2.636085000000 0
-0.012461000000 0.433464000000 2.634714000000 0
0.148423000000 0.554413000000 2.649695000000 0
0.137634000000 0.202180000000 2.664828000000 0
0.199764000000 0.063031000000 2.629257000000 0
0.067240000000 0.068248000000 2.632120000000 0
0.135654000000 0.134020000000 2.634996000000 0
0.397636000000 0.269691000000 2.505101000000 0
-0.116201000000 0.284512000000 2.503633000000 0
0.296214000000 0.342104000000 2.316672000000 0
0.026979000000 0.374620000000 2.314123000000 0
0.251872000000 0.351249000000 2.256810000000 0
0.074706000000 0.404657000000 2.255409000000 0
0.223702000000 -0.425877000000 2.686109000000 0
0.016194000000 -0.409818000000 2.683535000000 0
0.239853000000 -0.783717000000 2.733125000000 0
-0.015550000000 -0.789945000000 2.746914000000 0
0.243649000000 -0.847425000000 2.675745000000 0
-0.015000000000 -0.838277000000 2.658266000000 0
0.143966000000 0.727464000000 2.633769000000 0
0.277358000000 0.401722000000 2.629530000000 0
-0.001543000000 0.416849000000 2.623968000000 0
0.148903000000 0.554968000000 2.648834000000 0
0.136773000000 0.192423000000 2.663249000000 0
0.197475000000 0.054508000000 2.630762000000 0
0.068102000000 0.061013000000 2.629451000000 0
0.134875000000 0.119791000000 2.633749000000 0
0.409165000000 0.275958000000 2.514131000000 0
-0.122353000000 0.288722000000 2.504571000000 0
0.314148000000 0.367194000000 2.377347000000 0
0.013264000000 0.392718000000 2.369713000000 0
0.232867000000 0.399399000000 2.339840000000 0
0.061797000000 0.429936000000 2.326233000000 0
0.224058000000 -0.425861000000 2.685968000000 0
0.016066000000 -0.409726000000 2.683664000000 0
0.239849000000 -0.783690000000 2.733207000000 0
-0.014702000000 -0.789017000000 2.745217000000 0
0.243004000000 -0.847017000000 2.675372000000 0
-0.012520000000 -0.837382000000 2.656616000000 0
0.144507000000 0.725783000000 2.632676000000 0
0.277843000000 0.394550000000 2.622186000000 0
-0.000621000000 0.411199000000 2.618933000000 0
0.149426000000 0.557420000000 2.643825000000 0
0.137200000000 0.190301000000 2.661171000000 0
0.197705000000 0.051956000000 2.630620000000 0
0.068370000000 0.057696000000 2.628735000000 0
0.135081000000 0.117259000000 2.633060000000 0
0.410367000000 0.284650000000 2.536424000000 0
-0.126315000000 0.301568000000 2.513192000000 0
0.322383000000 0.403853000000 2.419969000000 0
0.014604000000 0.427640000000 2.409207000000 0
0.271995000000 0.429777000000 2.386145000000 0
0.065027000000 0.472751000000 2.376781000000 0
0.225132000000 -0.429108000000 2.685654000000 0
0.015973000000 -0.410038000000 2.683538000000 0
0.239906000000 -0.784844000000 2.733295000000 0
-0.014626000000 -0.788917000000 2.745278000000 0
0.244702000000 -0.848399000000 2.675837000000 0
-0.042477000000 -0.868490000000 2.729271000000 0
0.145077000000 0.727441000000 2.631490000000 0
0.279872000000 0.396288000000 2.618380000000 0
0.002210000000 0.412698000000 2.605903000000 0
0.151797000000 0.561967000000 2.639502000000 0
0.136417000000 0.190835000000 2.658371000000 0
0.197483000000 0.052024000000 2.629642000000 0
0.068131000000 0.057623000000 2.627731000000 0
0.135000000000 0.117360000000 2.631894000000 0
0.417431000000 0.288466000000 2.547207000000 0
-0.133813000000 0.309654000000 2.520955000000 0
0.306554000000 0.442973000000 2.448042000000 0
0.015425000000 0.454542000000 2.446777000000 0
0.250453000000 0.478757000000 2.413417000000 0
0.066452000000 0.504585000000 2.424004000000 0
0.225252000000 -0.428753000000 2.685405000000 0
0.015823000000 -0.409788000000 2.683333000000 0
0.239841000000 -0.784761000000 2.733334000000 0
-0.014959000000 -0.789304000000 2.745991000000 0
0.243672000000 -0.848233000000 2.675711000000 0
-0.040325000000 -0.869746000000 2.730205000000 0
0.146245000000 0.730406000000 2.629305000000 0
0.283554000000 0.406005000000 2.609710000000 0
0.004666000000 0.422698000000 2.595046000000 0
0.152495000000 0.564250000000 2.637131000000 0
0.136462000000 0.194658000000 2.654554000000 0
0.197327000000 0.056965000000 2.626582000000 0
0.067871000000 0.061806000000 2.626333000000 0
0.134997000000 0.122221000000 2.629468000000 0
0.419821000000 0.293109000000 2.548243000000 0
-0.135098000000 0.316169000000 2.527907000000 0
0.306066000000 0.444692000000 2.457430000000 0
0.031164000000 0.482127000000 2.448164000000 0
0.246981000000 0.483840000000 2.432884000000 0
0.033810000000 0.507865000000 2.518568000000 0
0.225280000000 -0.428898000000 2.685032000000 0
0.015619000000 -0.406560000000 2.682135000000 0
0.239550000000 -0.785216000000 2.733106000000 0
-0.015460000000 -0.788086000000 2.745273000000 0
0.244286000000 -0.848658000000 2.675516000000 0
-0.041312000000 -0.868499000000 2.730127000000 0
0.145306000000 0.731225000000 2.626746000000 0
0.281019000000 0.419294000000 2.600568000000 0
0.007965000000 0.435846000000 2.588488000000 0
0.154860000000 0.567445000000 2.632984000000 0
0.137142000000 0.197626000000 2.651484000000 0
0.195989000000 0.060760000000 2.626209000000 0
0.068927000000 0.065886000000 2.624869000000 0
0.135087000000 0.124860000000 2.628346000000 0
0.416915000000 0.302590000000 2.552960000000 0
-0.131220000000 0.324513000000 2.534380000000 0
0.307132000000 0.447685000000 2.464261000000 0
0.033566000000 0.489222000000 2.448301000000 0
0.247940000000 0.486937000000 2.440161000000 0
0.088495000000 0.544124000000 2.424064000000 0
0.225243000000 -0.428034000000 2.684921000000 0
0.015646000000 -0.406068000000 2.681779000000 0
0.239106000000 -0.783807000000 2.732794000000 0
-0.015701000000 -0.788170000000 2.744677000000 0
0.245422000000 -0.849351000000 2.677768000000 0
-0.011392000000 -0.837053000000 2.656451000000 0
0.144002000000 0.732321000000 2.623888000000 0
0.283009000000 0.429928000000 2.594874000000 0
0.008093000000 0.440109000000 2.588843000000 0
0.155309000000 0.567430000000 2.632272000000 0
0.137987000000 0.201087000000 2.649136000000 0
0.195605000000 0.064930000000 2.625243000000 0
0.069164000000 0.070269000000 2.624021000000 0
0.135224000000 0.129497000000 2.627260000000 0
0.414868000000 0.307134000000 2.553912000000 0
-0.130713000000 0.327735000000 2.537333000000 0
0.307568000000 0.448656000000 2.465575000000 0
0.033410000000 0.492043000000 2.449015000000 0
0.248352000000 0.487891000000 2.441528000000 0
0.088118000000 0.546813000000 2.424031000000 0
0.225428000000 -0.428485000000 2.685074000000 0
0.015639000000 -0.406292000000 2.681835000000 0
0.239237000000 -0.784101000000 2.732660000000 0
-0.016843000000 -0.788579000000 2.745269000000 0
0.247393000000 -0.849920000000 2.678216000000 0
-0.014671000000 -0.837413000000 2.656943000000 0
0.144230000000 0.732258000000 2.622900000000 0
0.282985000000 0.431699000000 2.595346000000 0
0.008336000000 0.444231000000 2.588298000000 0
0.155347000000 0.567577000000 2.632264000000 0
0.137771000000 0.203758000000 2.647727000000 0
0.195300000000 0.068492000000 2.623920000000 0
0.068820000000 0.073527000000 2.623879000000 0
0.134996000000 0.132764000000 2.626672000000 0
0.415236000000 0.309262000000 2.555020000000 0
-0.130562000000 0.329683000000 2.537962000000 0
0.307774000000 0.450086000000 2.467429000000 0
0.032648000000 0.494479000000 2.448839000000 0
0.248544000000 0.489302000000 2.443424000000 0
0.087051000000 0.549411000000 2.423588000000 0
0.225493000000 -0.427471000000 2.684666000000 0
0.015778000000 -0.405630000000 2.681780000000 0
0.239453000000 -0.784199000000 2.733178000000 0
-0.016934000000 -0.788808000000 2.745404000000 0
0.245192000000 -0.848244000000 2.676371000000 0
-0.014379000000 -0.837608000000 2.657078000000 0
0.144386000000 0.732286000000 2.620754000000 0
0.282307000000 0.440311000000 2.597498000000 0
0.008272000000 0.444756000000 2.589459000000 0
0.156054000000 0.568168000000 2.631299000000 0
0.138263000000 0.209580000000 2.645823000000 0
0.195744000000 0.075739000000 2.623302000000 0
0.068927000000 0.080602000000 2.622470000000 0
0.135411000000 0.139670000000 2.625571000000 0
0.414274000000 0.311707000000 2.555013000000 0
-0.131098000000 0.332995000000 2.538710000000 0
0.321891000000 0.455321000000 2.483718000000 0
0.032294000000 0.496790000000 2.447937000000 0
0.262624000000 0.494493000000 2.459774000000 0
0.086758000000 0.551389000000 2.422135000000 0
0.225586000000 -0.426938000000 2.684708000000 0
0.015839000000 -0.404378000000 2.680947000000 0
0.239567000000 -0.784403000000 2.733095000000 0
-0.015540000000 -0.789906000000 2.747540000000 0
0.245383000000 -0.848480000000 2.676341000000 0
-0.036979000000 -0.870054000000 2.725693000000 0
0.144656000000 0.732973000000 2.620579000000 0
0.284032000000 0.440850000000 2.604527000000 0
0.007623000000 0.449422000000 2.594806000000 0
0.155916000000 0.567897000000 2.631398000000 0
0.138035000000 0.214245000000 2.645340000000 0
0.196168000000 0.080992000000 2.623461000000 0
0.068632000000 0.085922000000 2.622209000000 0
0.135423000000 0.145942000000 2.625634000000 0
0.417488000000 0.323328000000 2.548570000000 0
-0.133512000000 0.342760000000 2.533788000000 0
0.269538000000 0.514303000000 2.501456000000 0
0.028253000000 0.508091000000 2.442980000000 0
0.210267000000 0.553455000000 2.477530000000 0
0.082175000000 0.563201000000 2.417166000000 0
0.225672000000 -0.424551000000 2.684395000000 0
0.015857000000 -0.400960000000 2.679876000000 0
0.240254000000 -0.783844000000 2.733016000000 0
-0.015523000000 -0.787496000000 2.747781000000 0
0.244656000000 -0.845604000000 2.673679000000 0
-0.022687000000 -0.859350000000 2.701517000000 0
0.143762000000 0.731490000000 2.619470000000 0
0.288553000000 0.438749000000 2.618554000000 0
0.001227000000 0.458813000000 2.617040000000 0
0.151841000000 0.568404000000 2.635540000000 0
0.135749000000 0.224040000000 2.647171000000 0
0.196142000000 0.088321000000 2.623545000000 0
0.064305000000 0.096081000000 2.623397000000 0
0.132874000000 0.157641000000 2.626991000000 0
0.426229000000 0.334950000000 2.539739000000 0
-0.135265000000 0.362854000000 2.522576000000 0
0.274356000000 0.523603000000 2.497693000000 0
-0.007751000000 0.532715000000 2.485219000000 0
0.215096000000 0.562747000000 2.473772000000 0
-0.005103000000 0.558558000000 2.555513000000 0
0.225486000000 -0.417854000000 2.682346000000 0
0.015791000000 -0.397909000000 2.679632000000 0
0.240623000000 -0.783939000000 2.733134000000 0
-0.015328000000 -0.788360000000 2.747620000000 0
0.242276000000 -0.845941000000 2.673963000000 0
-0.028419000000 -0.869503000000 2.723279000000 0
0.144232000000 0.731236000000 2.619843000000 0
0.290044000000 0.435824000000 2.623449000000 0
-0.006296000000 0.455378000000 2.628553000000 0
0.146795000000 0.568351000000 2.640690000000 0
0.135153000000 0.228295000000 2.649083000000 0
0.196896000000 0.092959000000 2.623670000000 0
0.062513000000 0.100273000000 2.623963000000 0
0.132001000000 0.162967000000 2.627910000000 0
0.434062000000 0.346490000000 2.535906000000 0
-0.140998000000 0.368842000000 2.519569000000 0
0.329910000000 0.520864000000 2.476379000000 0
-0.018896000000 0.543922000000 2.472521000000 0
0.295268000000 0.583631000000 2.454594000000 0
-0.016247000000 0.569761000000 2.542804000000 0
0.225233000000 -0.416666000000 2.682066000000 0
0.015818000000 -0.396304000000 2.679237000000 0
0.240662000000 -0.784262000000 2.732647000000 0
-0.015188000000 -0.788506000000 2.745657000000 0
0.244544000000 -0.847201000000 2.674592000000 0
-0.029494000000 -0.870121000000 2.723724000000 0
0.145441000000 0.729943000000 2.622690000000 0
0.289022000000 0.429425000000 2.624501000000 0
-0.004670000000 0.446334000000 2.629397000000 0
0.144198000000 0.561328000000 2.650827000000 0
0.132429000000 0.217754000000 2.655520000000 0
0.193957000000 0.081503000000 2.625041000000 0
0.060349000000 0.090499000000 2.627447000000 0
0.129378000000 0.151249000000 2.631535000000 0
0.440058000000 0.353456000000 2.535941000000 0
-0.144644000000 0.374735000000 2.515136000000 0
0.344678000000 0.543449000000 2.460360000000 0
-0.050634000000 0.553553000000 2.458083000000 0
0.302367000000 0.603793000000 2.446889000000 0
-0.002977000000 0.610490000000 2.448086000000 0
0.224805000000 -0.416720000000 2.682662000000 0
0.015767000000 -0.396597000000 2.679387000000 0
0.240585000000 -0.784395000000 2.732129000000 0
-0.014338000000 -0.789476000000 2.746614000000 0
0.245728000000 -0.847371000000 2.674223000000 0
-0.031972000000 -0.870582000000 2.725250000000 0
0.142699000000 0.728869000000 2.628482000000 0
0.288989000000 0.427949000000 2.624942000000 0
-0.009689000000 0.448662000000 2.637361000000 0
0.143896000000 0.560709000000 2.651513000000 0
0.132105000000 0.216026000000 2.657973000000 0
0.192855000000 0.078142000000 2.625898000000 0
0.058285000000 0.087062000000 2.628539000000 0
0.128359000000 0.149477000000 2.632311000000 0
0.444707000000 0.365278000000 2.533273000000 0
-0.145699000000 0.385936000000 2.511006000000 0
0.369640000000 0.552980000000 2.449646000000 0
-0.075970000000 0.566479000000 2.441791000000 0
0.332244000000 0.617699000000 2.444664000000 0
-0.042982000000 0.633654000000 2.438445000000 0
0.224656000000 -0.416814000000 2.683003000000 0
0.015449000000 -0.396047000000 2.679507000000 0
0.240669000000 -0.784399000000 2.731447000000 0
-0.014671000000 -0.788309000000 2.745998000000 0
0.244108000000 -0.848455000000 2.674619000000 0
-0.033086000000 -0.869704000000 2.726497000000 0
0.139911000000 0.729289000000 2.634070000000 0
0.291331000000 0.427180000000 2.625778000000 0
-0.010007000000 0.448852000000 2.639493000000 0
0.144800000000 0.560562000000 2.652733000000 0
0.132162000000 0.214587000000 2.660177000000 0
0.192725000000 0.075368000000 2.626653000000 0
0.057520000000 0.084255000000 2.629088000000 0
0.128128000000 0.147833000000 2.633001000000 0
0.449338000000 0.369376000000 2.535202000000 0
-0.147276000000 0.392843000000 2.510949000000 0
0.410889000000 0.562988000000 2.440295000000 0
-0.100230000000 0.577872000000 2.427417000000 0
0.367348000000 0.623924000000 2.440545000000 0
-0.072932000000 0.646974000000 2.418001000000 0
0.224173000000 -0.421172000000 2.684152000000 0
0.015401000000 -0.397857000000 2.679902000000 0
0.240738000000 -0.784344000000 2.731562000000 0
-0.015121000000 -0.789024000000 2.745902000000 0
0.245544000000 -0.848671000000 2.675148000000 0
-0.033433000000 -0.870814000000 2.728047000000 0
0.140350000000 0.729651000000 2.636484000000 0
0.293966000000 0.426923000000 2.626783000000 0
-0.010523000000 0.448396000000 2.640548000000 0
0.145553000000 0.559898000000 2.653341000000 0
0.132419000000 0.213162000000 2.662024000000 0
0.193283000000 0.073213000000 2.627492000000 0
0.057188000000 0.081697000000 2.629975000000 0
0.128275000000 0.146377000000 2.633706000000 0
0.454696000000 0.385789000000 2.529998000000 0
-0.151002000000 0.401143000000 2.511990000000 0
0.428318000000 0.574303000000 2.445413000000 0
-0.118317000000 0.591392000000 2.416482000000 0
0.408733000000 0.646265000000 2.438925000000 0
-0.091944000000 0.660992000000 2.408456000000 0
0.224205000000 -0.424702000000 2.684749000000 0
0.015475000000 -0.399496000000 2.680182000000 0
0.240524000000 -0.785171000000 2.731734000000 0
-0.015265000000 -0.789207000000 2.746058000000 0
0.246535000000 -0.849600000000 2.675559000000 0
-0.026501000000 -0.870716000000 2.722124000000 0
0.139920000000 0.727839000000 2.637579000000 0
0.296121000000 0.427144000000 2.627506000000 0
-0.010549000000 0.448328000000 2.640601000000 0
0.145338000000 0.560005000000 2.654162000000 0
0.132714000000 0.212279000000 2.663370000000 0
0.194140000000 0.071875000000 2.627575000000 0
0.058066000000 0.079787000000 2.630232000000 0
0.128812000000 0.145356000000 2.634020000000 0
0.461230000000 0.394311000000 2.531546000000 0
-0.163757000000 0.464600000000 2.488816000000 0
0.449613000000 0.585989000000 2.448629000000 0
-0.129697000000 0.623969000000 2.398815000000 0
0.428411000000 0.656871000000 2.437419000000 0
-0.106091000000 0.673850000000 2.400834000000 0
0.224235000000 -0.425443000000 2.684872000000 0
0.015309000000 -0.401789000000 2.680279000000 0
0.240559000000 -0.785255000000 2.731603000000 0
-0.015294000000 -0.790883000000 2.748473000000 0
0.247034000000 -0.850179000000 2.676059000000 0
-0.032366000000 -0.871908000000 2.726435000000 0
0.139981000000 0.727277000000 2.638391000000 0
0.298125000000 0.428089000000 2.628918000000 0
-0.011175000000 0.447947000000 2.639353000000 0
0.145235000000 0.559784000000 2.654187000000 0
0.132684000000 0.212002000000 2.664313000000 0
0.194786000000 0.071361000000 2.627926000000 0
0.058314000000 0.079163000000 2.629915000000 0
0.129077000000 0.145145000000 2.634077000000 0
0.465465000000 0.399713000000 2.535445000000 0
-0.180638000000 0.439489000000 2.492073000000 0
0.470736000000 0.608543000000 2.452199000000 0
-0.151429000000 0.620213000000 2.409449000000 0
0.457004000000 0.680945000000 2.439353000000 0
-0.122220000000 0.695856000000 2.398373000000 0
0.224228000000 -0.425420000000 2.684877000000 0
0.015316000000 -0.401899000000 2.680235000000 0
0.240523000000 -0.784739000000 2.731356000000 0
-0.015576000000 -0.790419000000 2.748118000000 0
0.244155000000 -0.849413000000 2.675269000000 0
-0.035338000000 -0.872012000000 2.730980000000 0
0.140477000000 0.728334000000 2.638564000000 0
0.299299000000 0.428375000000 2.628991000000 0
-0.012827000000 0.449088000000 2.639769000000 0
0.144556000000 0.559950000000 2.654115000000 0
0.132623000000 0.212401000000 2.665073000000 0
0.195109000000 0.071551000000 2.627827000000 0
0.058048000000 0.079416000000 2.630172000000 0
0.129066000000 0.145776000000 2.634222000000 0
0.469892000000 0.404479000000 2.543572000000 0
-0.178477000000 0.446709000000 2.502108000000 0
0.493424000000 0.621921000000 2.462245000000 0
-0.166383000000 0.628424000000 2.412755000000 0
0.488843000000 0.695802000000 2.451596000000 0
-0.141155000000 0.708551000000 2.401386000000 0
0.223379000000 -0.423690000000 2.684457000000 0
0.015354000000 -0.402073000000 2.679980000000 0
0.240513000000 -0.783644000000 2.731292000000 0
-0.015282000000 -0.790541000000 2.748058000000 0
0.246513000000 -0.852416000000 2.680542000000 0
-0.028221000000 -0.870231000000 2.719366000000 0
0.140153000000 0.728336000000 2.637902000000 0
0.299690000000 0.428819000000 2.629044000000 0
-0.015008000000 0.450844000000 2.640179000000 0
0.144220000000 0.560714000000 2.653193000000 0
0.132685000000 0.213722000000 2.665126000000 0
0.195528000000 0.072527000000 2.627594000000 0
0.057881000000 0.080188000000 2.629843000000 0
0.129193000000 0.147323000000 2.633906000000 0
0.472604000000 0.407629000000 2.548725000000 0
-0.199667000000 0.474089000000 2.495898000000 0
0.513001000000 0.624965000000 2.475909000000 0
-0.185267000000 0.644112000000 2.416517000000 0
0.513884000000 0.698499000000 2.462367000000 0
-0.163319000000 0.729259000000 2.400141000000 0
0.223392000000 -0.424196000000 2.684466000000 0
0.015319000000 -0.403130000000 2.679811000000 0
0.240777000000 -0.784273000000 2.731541000000 0
-0.015349000000 -0.790538000000 2.747998000000 0
0.246632000000 -0.851533000000 2.678791000000 0
-0.027176000000 -0.868566000000 2.714645000000 0
0.139426000000 0.728242000000 2.636623000000 0
0.300679000000 0.429688000000 2.629573000000 0
-0.016259000000 0.451829000000 2.640617000000 0
0.143461000000 0.560426000000 2.652829000000 0
0.132364000000 0.214353000000 2.664990000000 0
0.195775000000 0.073046000000 2.626584000000 0
0.057297000000 0.080882000000 2.629244000000 0
0.128949000000 0.148344000000 2.633260000000 0
0.474806000000 0.410490000000 2.556972000000 0
-0.206679000000 0.480088000000 2.497553000000 0
0.535147000000 0.629133000000 2.488223000000 0
-0.197124000000 0.649458000000 2.420007000000 0
0.542549000000 0.702992000000 2.479287000000 0
-0.179011000000 0.735570000000 2.399184000000 0
0.223463000000 -0.424206000000 2.684162000000 0
0.015368000000 -0.403325000000 2.679579000000 0
0.240740000000 -0.784077000000 2.731177000000 0
-0.015110000000 -0.787639000000 2.744106000000 0
0.246229000000 -0.851341000000 2.678397000000 0
-0.017828000000 -0.835641000000 2.655516000000 0
0.138890000000 0.726803000000 2.634370000000 0
0.301013000000 0.430894000000 2.628532000000 0
-0.016952000000 0.452671000000 2.640343000000 0
0.143211000000 0.561149000000 2.651740000000 0
0.132496000000 0.215451000000 2.664006000000 0
0.196163000000 0.073997000000 2.624643000000 0
0.057354000000 0.081895000000 2.627943000000 0
0.129096000000 0.149562000000 2.631849000000 0
0.476236000000 0.411709000000 2.565763000000 0
-0.204924000000 0.484743000000 2.512542000000 0
0.556482000000 0.629683000000 2.497846000000 0
-0.216678000000 0.655361000000 2.428937000000 0
0.569215000000 0.703051000000 2.491220000000 0
-0.207774000000 0.743496000000 2.409987000000 0
0.223318000000 -0.424580000000 2.683696000000 0
0.015293000000 -0.403415000000 2.679431000000 0
0.240796000000 -0.784083000000 2.731332000000 0
-0.015423000000 -0.788230000000 2.744125000000 0
0.246863000000 -0.849092000000 2.675859000000 0
-0.026689000000 -0.868491000000 2.716350000000 0
0.138444000000 0.727887000000 2.631287000000 0
0.301019000000 0.431662000000 2.628499000000 0
-0.017827000000 0.453842000000 2.640100000000 0
0.143237000000 0.561432000000 2.651478000000 0
0.132323000000 0.216934000000 2.663139000000 0
0.195983000000 0.075896000000 2.622421000000 0
0.056814000000 0.083747000000 2.626055000000 0
0.128866000000 0.151583000000 2.630191000000 0
0.477431000000 0.412641000000 2.571961000000 0
-0.215024000000 0.490736000000 2.517808000000 0
0.576953000000 0.630148000000 2.512824000000 0
-0.237519000000 0.697904000000 2.432692000000 0
0.592756000000 0.702622000000 2.503674000000 0
-0.219553000000 0.766699000000 2.409664000000 0
0.223587000000 -0.425372000000 2.683588000000 0
0.015254000000 -0.403913000000 2.679092000000 0
0.240807000000 -0.784057000000 2.731596000000 0
-0.014808000000 -0.789513000000 2.744683000000 0
0.247559000000 -0.848954000000 2.676071000000 0
-0.033842000000 -0.869246000000 2.719769000000 0
0.136392000000 0.727182000000 2.629203000000 0
0.300475000000 0.432605000000 2.627791000000 0
-0.018654000000 0.454821000000 2.640792000000 0
0.142974000000 0.561291000000 2.648143000000 0
0.132339000000 0.217946000000 2.661792000000 0
0.195888000000 0.076540000000 2.621468000000 0
0.056579000000 0.084855000000 2.624419000000 0
0.128732000000 0.152538000000 2.628801000000 0
0.477963000000 0.412832000000 2.579155000000 0
-0.202676000000 0.483203000000 2.536962000000 0
0.585968000000 0.626439000000 2.521025000000 0
-0.250769000000 0.685754000000 2.441430000000 0
0.607247000000 0.697242000000 2.510249000000 0
-0.250108000000 0.762767000000 2.422432000000 0
0.223588000000 -0.425632000000 2.683607000000 0
0.015295000000 -0.403702000000 2.678689000000 0
0.240463000000 -0.783952000000 2.731532000000 0
-0.014753000000 -0.790100000000 2.746066000000 0
0.248925000000 -0.849420000000 2.676919000000 0
-0.032659000000 -0.865310000000 2.709146000000 0
0.135968000000 0.727105000000 2.626369000000 0
0.299835000000 0.433764000000 2.626759000000 0
-0.019629000000 0.456108000000 2.640817000000 0
0.142850000000 0.561536000000 2.647873000000 0
0.132225000000 0.218668000000 2.661194000000 0
0.195750000000 0.077268000000 2.620753000000 0
0.056282000000 0.085793000000 2.623422000000 0
0.128527000000 0.153405000000 2.628054000000 0
0.477942000000 0.410209000000 2.590071000000 0
-0.198164000000 0.478066000000 2.550382000000 0
0.594113000000 0.618659000000 2.528395000000 0
-0.262712000000 0.680808000000 2.447192000000 0
0.621332000000 0.687988000000 2.522724000000 0
-0.267956000000 0.766389000000 2.433306000000 0
0.223656000000 -0.425621000000 2.683441000000 0
0.015559000000 -0.403990000000 2.678131000000 0
0.240349000000 -0.784191000000 2.731626000000 0
-0.013676000000 -0.790753000000 2.748089000000 0
0.249040000000 -0.849369000000 2.676704000000 0
-0.035728000000 -0.867943000000 2.718163000000 0
0.135694000000 0.727157000000 2.625969000000 0
0.299783000000 0.434705000000 2.626500000000 0
-0.020385000000 0.456721000000 2.640293000000 0
0.142897000000 0.561551000000 2.646770000000 0
0.131969000000 0.219520000000 2.660396000000 0
0.195434000000 0.078231000000 2.619285000000 0
0.055899000000 0.086423000000 2.623232000000 0
0.128235000000 0.154389000000 2.627251000000 0
0.480213000000 0.412668000000 2.593411000000 0
-0.195761000000 0.474309000000 2.560142000000 0
0.605113000000 0.616986000000 2.536247000000 0
-0.278210000000 0.682461000000 2.451179000000 0
0.645937000000 0.704991000000 2.521998000000 0
-0.286688000000 0.771233000000 2.440999000000 0
0.223727000000 -0.425107000000 2.683082000000 0
0.015502000000 -0.403116000000 2.677578000000 0
0.240308000000 -0.784315000000 2.731270000000 0
-0.013358000000 -0.789236000000 2.747529000000 0
0.246393000000 -0.848971000000 2.675386000000 0
-0.039419000000 -0.865938000000 2.719633000000 0
0.135029000000 0.727513000000 2.625204000000 0
0.299879000000 0.435423000000 2.625891000000 0
-0.020856000000 0.456835000000 2.639716000000 0
0.143410000000 0.561894000000 2.645446000000 0
0.131941000000 0.220363000000 2.659318000000 0
0.195329000000 0.078962000000 2.618374000000 0
0.055555000000 0.087238000000 2.622397000000 0
0.128118000000 0.155319000000 2.626258000000 0
0.482016000000 0.413755000000 2.595189000000 0
-0.195225000000 0.474093000000 2.567464000000 0
0.612666000000 0.614430000000 2.538154000000 0
-0.287566000000 0.681114000000 2.465430000000 0
0.641330000000 0.682849000000 2.529592000000 0
-0.301259000000 0.777274000000 2.446852000000 0
0.223906000000 -0.424884000000 2.682815000000 0
0.015533000000 -0.403058000000 2.677155000000 0
0.240428000000 -0.784222000000 2.731127000000 0
-0.015246000000 -0.787590000000 2.748338000000 0
0.244820000000 -0.848239000000 2.674355000000 0
-0.033380000000 -0.864281000000 2.714720000000 0
0.135304000000 0.728146000000 2.624959000000 0
0.300216000000 0.435954000000 2.625802000000 0
-0.020975000000 0.457152000000 2.639629000000 0
0.143726000000 0.561364000000 2.643886000000 0
0.131948000000 0.220799000000 2.658304000000 0
0.195397000000 0.079295000000 2.617897000000 0
0.055255000000 0.087632000000 2.621439000000 0
0.128089000000 0.155812000000 2.625496000000 0
0.492888000000 0.420502000000 2.596510000000 0
-0.195358000000 0.473150000000 2.572239000000 0
0.624665000000 0.620596000000 2.540376000000 0
-0.295258000000 0.677019000000 2.471186000000 0
0.654462000000 0.689030000000 2.538811000000 0
-0.314323000000 0.769126000000 2.452739000000 0
0.223982000000 -0.423439000000 2.681955000000 0
0.015458000000 -0.402882000000 2.677033000000 0
0.240472000000 -0.783964000000 2.731581000000 0
-0.014674000000 -0.788819000000 2.748730000000 0
0.240799000000 -0.852299000000 2.679901000000 0
-0.037153000000 -0.865836000000 2.718669000000 0
0.135070000000 0.727707000000 2.624274000000 0
0.300423000000 0.436257000000 2.625633000000 0
-0.021617000000 0.457793000000 2.639699000000 0
0.144482000000 0.561619000000 2.643271000000 0
0.132063000000 0.221392000000 2.657704000000 0
0.195416000000 0.079842000000 2.617517000000 0
0.055118000000 0.088021000000 2.621133000000 0
0.128114000000 0.156463000000 2.625087000000 0
0.495790000000 0.421992000000 2.597457000000 0
-0.197556000000 0.472283000000 2.579020000000 0
0.630140000000 0.620812000000 2.543624000000 0
-0.307756000000 0.669711000000 2.475680000000 0
0.659285000000 0.689519000000 2.542504000000 0
-0.329659000000 0.761881000000 2.457824000000 0
0.224142000000 -0.423455000000 2.681883000000 0
0.015431000000 -0.402736000000 2.677140000000 0
0.240534000000 -0.783966000000 2.732545000000 0
-0.015496000000 -0.789258000000 2.748338000000 0
0.240819000000 -0.851123000000 2.679343000000 0
-0.036359000000 -0.868430000000 2.723093000000 0
0.135169000000 0.727588000000 2.623733000000 0
0.300564000000 0.436410000000 2.625585000000 0
-0.021738000000 0.457855000000 2.639320000000 0
0.144176000000 0.562041000000 2.642400000000 0
0.132224000000 0.221534000000 2.656702000000 0
0.195669000000 0.079972000000 2.616256000000 0
0.055507000000 0.087899000000 2.620478000000 0
0.128385000000 0.156527000000 2.624226000000 0
0.493246000000 0.421671000000 2.598764000000 0
-0.198644000000 0.471270000000 2.583634000000 0
0.632821000000 0.617215000000 2.546881000000 0
-0.311633000000 0.666926000000 2.479967000000 0
0.661100000000 0.686076000000 2.541717000000 0
-0.336072000000 0.759604000000 2.460614000000 0
0.224394000000 -0.423108000000 2.681446000000 0
0.015375000000 -0.402836000000 2.677152000000 0
0.239815000000 -0.783769000000 2.732804000000 0
-0.013361000000 -0.788173000000 2.744408000000 0
0.240836000000 -0.847900000000 2.675997000000 0
-0.037784000000 -0.868013000000 2.725175000000 0
0.134806000000 0.727299000000 2.623190000000 0
0.301417000000 0.435312000000 2.624477000000 0
-0.021669000000 0.457904000000 2.638707000000 0
0.144796000000 0.562360000000 2.640372000000 0
0.132326000000 0.221784000000 2.655498000000 0
0.195689000000 0.079895000000 2.615492000000 0
0.055404000000 0.087975000000 2.620126000000 0
0.128385000000 0.156612000000 2.623534000000 0
0.489976000000 0.421170000000 2.600296000000 0
-0.199084000000 0.470660000000 2.586106000000 0
0.633397000000 0.613659000000 2.547378000000 0
-0.316275000000 0.664819000000 2.484684000000 0
0.664642000000 0.681316000000 2.543967000000 0
-0.342888000000 0.754323000000 2.460554000000 0
0.224429000000 -0.423185000000 2.681510000000 0
0.015423000000 -0.402995000000 2.677153000000 0
0.239704000000 -0.783558000000 2.732416000000 0
-0.013425000000 -0.787192000000 2.744112000000 0
0.244478000000 -0.849102000000 2.677441000000 0
-0.017028000000 -0.835275000000 2.655593000000 0
0.135147000000 0.727554000000 2.622725000000 0
0.301419000000 0.435656000000 2.624323000000 0
-0.021674000000 0.458265000000 2.638871000000 0
0.144724000000 0.562265000000 2.639891000000 0
0.132396000000 0.221868000000 2.654726000000 0
0.195781000000 0.080021000000 2.615011000000 0
0.055480000000 0.088004000000 2.619858000000 0
0.128458000000 0.156693000000 2.623105000000 0
0.488361000000 0.420213000000 2.601404000000 0
-0.199688000000 0.468892000000 2.589777000000 0
0.635340000000 0.609929000000 2.548373000000 0
-0.323193000000 0.659149000000 2.488567000000 0
0.668410000000 0.676645000000 2.544115000000 0
-0.351933000000 0.751514000000 2.464419000000 0
0.224691000000 -0.424002000000 2.681579000000 0
0.015439000000 -0.402673000000 2.676913000000 0
0.240035000000 -0.783882000000 2.732213000000 0
-0.013172000000 -0.787395000000 2.746115000000 0
0.244678000000 -0.849050000000 2.676780000000 0
-0.026662000000 -0.863503000000 2.709146000000 0
0.135353000000 0.727608000000 2.622887000000 0
0.301291000000 0.435848000000 2.623574000000 0
-0.021683000000 0.458289000000 2.638583000000 0
0.144061000000 0.562288000000 2.638153000000 0
0.132242000000 0.222090000000 2.653649000000 0
0.195679000000 0.080100000000 2.614732000000 0
0.055410000000 0.088094000000 2.619576000000 0
0.128328000000 0.156777000000 2.622652000000 0
0.491119000000 0.421791000000 2.601524000000 0
-0.200209000000 0.467627000000 2.593472000000 0
0.640966000000 0.609477000000 2.549802000000 0
-0.332006000000 0.653198000000 2.494408000000 0
0.675607000000 0.675455000000 2.547293000000 0
-0.368472000000 0.744960000000 2.469599000000 0
0.224837000000 -0.423731000000 2.681523000000 0
0.015445000000 -0.402743000000 2.676925000000 0
0.240236000000 -0.783435000000 2.732799000000 0
-0.013881000000 -0.788087000000 2.745534000000 0
0.243505000000 -0.847601000000 2.676113000000 0
-0.030886000000 -0.866992000000 2.716792000000 0
0.135072000000 0.727632000000 2.622561000000 0
0.301165000000 0.436443000000 2.622782000000 0
-0.021580000000 0.458404000000 2.638417000000 0
0.143946000000 0.562022000000 2.637710000000 0
0.132382000000 0.222045000000 2.652761000000 0
0.195801000000 0.080132000000 2.614523000000 0
0.055639000000 0.088088000000 2.618919000000 0
0.128461000000 0.156737000000 2.622215000000 0
0.494831000000 0.423992000000 2.599945000000 0
-0.207351000000 0.470672000000 2.598869000000 0
0.650357000000 0.607343000000 2.550011000000 0
-0.351270000000 0.644817000000 2.495479000000 0
0.718901000000 0.698896000000 2.553535000000 0
-0.385757000000 0.708637000000 2.478291000000 0
0.224969000000 -0.423228000000 2.681742000000 0
0.015567000000 -0.402787000000 2.676569000000 0
0.240264000000 -0.783174000000 2.732922000000 0
-0.013900000000 -0.787833000000 2.745327000000 0
0.242862000000 -0.847710000000 2.676621000000 0
-0.026616000000 -0.865633000000 2.711758000000 0
0.135360000000 0.727472000000 2.621011000000 0
0.301481000000 0.437646000000 2.622604000000 0
-0.021631000000 0.458480000000 2.637734000000 0
0.143576000000 0.561890000000 2.636529000000 0
0.132348000000 0.222330000000 2.651667000000 0
0.196022000000 0.080499000000 2.613987000000 0
0.055743000000 0.088188000000 2.618438000000 0
0.128554000000 0.156997000000 2.621667000000 0
0.499085000000 0.426511000000 2.598557000000 0
-0.210824000000 0.471037000000 2.598114000000 0
0.665265000000 0.601455000000 2.554931000000 0
-0.366032000000 0.638519000000 2.501099000000 0
0.730321000000 0.691174000000 2.553827000000 0
-0.403719000000 0.700455000000 2.483817000000 0
0.225085000000 -0.423248000000 2.681842000000 0
0.015583000000 -0.402586000000 2.676485000000 0
0.240243000000 -0.782976000000 2.732908000000 0
-0.015115000000 -0.787360000000 2.745288000000 0
0.242025000000 -0.847959000000 2.677090000000 0
-0.028512000000 -0.869264000000 2.723985000000 0
0.135411000000 0.727338000000 2.619159000000 0
0.301735000000 0.438631000000 2.622021000000 0
-0.021919000000 0.458689000000 2.637505000000 0
0.143705000000 0.561990000000 2.635440000000 0
0.132596000000 0.222855000000 2.650406000000 0
0.196299000000 0.080801000000 2.613719000000 0
0.055912000000 0.088643000000 2.617425000000 0
0.128812000000 0.157555000000 2.620896000000 0
0.497242000000 0.425210000000 2.599985000000 0
-0.259796000000 0.484532000000 2.583748000000 0
0.681701000000 0.581881000000 2.562717000000 0
-0.403353000000 0.634993000000 2.499532000000 0
0.762278000000 0.659175000000 2.560227000000 0
-0.451028000000 0.687950000000 2.477734000000 0
0.224885000000 -0.423063000000 2.681700000000 0
0.015572000000 -0.402394000000 2.676473000000 0
0.240240000000 -0.782851000000 2.732891000000 0
-0.015951000000 -0.786332000000 2.745370000000 0
0.245805000000 -0.848871000000 2.678557000000 0
-0.030964000000 -0.868643000000 2.726895000000 0
0.135968000000 0.727871000000 2.617372000000 0
0.301357000000 0.438158000000 2.620451000000 0
-0.022457000000 0.458917000000 2.637446000000 0
0.143224000000 0.561970000000 2.633749000000 0
0.132627000000 0.222934000000 2.649261000000 0
0.196274000000 0.080732000000 2.613549000000 0
0.055898000000 0.088594000000 2.616994000000 0
0.128770000000 0.157520000000 2.620505000000 0
0.492539000000 0.420212000000 2.601396000000 0
-0.259394000000 0.479732000000 2.584624000000 0
0.692348000000 0.557186000000 2.566562000000 0
-0.428767000000 0.623043000000 2.502755000000 0
0.785392000000 0.626720000000 2.564592000000 0
-0.484695000000 0.671089000000 2.492126000000 0
0.224895000000 -0.422036000000 2.681088000000 0
0.015569000000 -0.402449000000 2.676387000000 0
0.239903000000 -0.782721000000 2.733155000000 0
-0.015796000000 -0.786207000000 2.744773000000 0
0.244815000000 -0.848171000000 2.678071000000 0
-0.026825000000 -0.863619000000 2.709735000000 0
0.135881000000 0.728015000000 2.613965000000 0
0.300948000000 0.437910000000 2.619628000000 0
-0.022461000000 0.459174000000 2.636814000000 0
0.143821000000 0.562091000000 2.633119000000 0
0.132860000000 0.222872000000 2.648130000000 0
0.196289000000 0.080655000000 2.613090000000 0
0.056327000000 0.088456000000 2.616371000000 0
0.128970000000 0.157373000000 2.619915000000 0
0.497269000000 0.416221000000 2.602129000000 0
-0.249676000000 0.466258000000 2.589611000000 0
0.703289000000 0.544046000000 2.569654000000 0
-0.441414000000 0.600913000000 2.511030000000 0
0.766537000000 0.583081000000 2.574383000000 0
-0.500586000000 0.645104000000 2.501426000000 0
0.224945000000 -0.421439000000 2.680978000000 0
0.015514000000 -0.402225000000 2.676273000000 0
0.240161000000 -0.782524000000 2.733241000000 0
-0.015853000000 -0.786229000000 2.744886000000 0
0.244731000000 -0.849370000000 2.679829000000 0
-0.028377000000 -0.868106000000 2.722942000000 0
0.136497000000 0.728248000000 2.612881000000 0
0.300663000000 0.437490000000 2.618724000000 0
-0.022556000000 0.459152000000 2.636167000000 0
0.143630000000 0.561682000000 2.632674000000 0
0.132811000000 0.222682000000 2.647303000000 0
0.196343000000 0.080398000000 2.612481000000 0
0.056276000000 0.088319000000 2.616228000000 0
0.128943000000 0.157186000000 2.619526000000 0
0.506888000000 0.412874000000 2.597742000000 0
-0.253875000000 0.446957000000 2.587441000000 0
0.720442000000 0.528260000000 2.569107000000 0
-0.445332000000 0.572232000000 2.515252000000 0
0.785723000000 0.562952000000 2.578001000000 0
-0.508421000000 0.618193000000 2.508341000000 0
0.225212000000 -0.421695000000 2.680988000000 0
0.015506000000 -0.402051000000 2.676412000000 0
0.239899000000 -0.783083000000 2.733687000000 0
-0.016900000000 -0.786768000000 2.746693000000 0
0.243872000000 -0.849192000000 2.679316000000 0
-0.030121000000 -0.869255000000 2.727630000000 0
0.136755000000 0.728116000000 2.611688000000 0
0.299850000000 0.436653000000 2.618288000000 0
-0.022106000000 0.457049000000 2.634781000000 0
0.143758000000 0.561637000000 2.632423000000 0
0.132768000000 0.221942000000 2.646222000000 0
0.196242000000 0.079962000000 2.611830000000 0
0.056329000000 0.087623000000 2.615184000000 0
0.128953000000 0.156262000000 2.618551000000 0
0.500789000000 0.400954000000 2.595664000000 0
-0.261460000000 0.434859000000 2.585649000000 0
0.708008000000 0.480347000000 2.565295000000 0
-0.452562000000 0.547440000000 2.517865000000 0
0.791355000000 0.534907000000 2.580253000000 0
-0.517744000000 0.582842000000 2.511415000000 0
0.224524000000 -0.420319000000 2.680495000000 0
0.015671000000 -0.401383000000 2.676126000000 0
0.239636000000 -0.783000000000 2.733250000000 0
-0.016827000000 -0.783547000000 2.743579000000 0
0.245351000000 -0.850048000000 2.680198000000 0
-0.021180000000 -0.831756000000 2.655150000000 0
0.137307000000 0.728438000000 2.609990000000 0
0.299772000000 0.435934000000 2.617599000000 0
-0.021555000000 0.455694000000 2.635247000000 0
0.144364000000 0.562205000000 2.631460000000 0
0.133113000000 0.221445000000 2.645266000000 0
0.196343000000 0.079399000000 2.610963000000 0
0.056530000000 0.087074000000 2.614799000000 0
0.129169000000 0.155500000000 2.617795000000 0
0.499506000000 0.389288000000 2.593765000000 0
-0.191697000000 0.398049000000 2.615814000000 0
0.683706000000 0.443949000000 2.569429000000 0
-0.411795000000 0.476736000000 2.535216000000 0
0.772414000000 0.489301000000 2.584338000000 0
-0.491130000000 0.536334000000 2.517827000000 0
0.224365000000 -0.421164000000 2.680407000000 0
0.015544000000 -0.401343000000 2.675984000000 0
0.239661000000 -0.782038000000 2.732255000000 0
-0.016319000000 -0.783931000000 2.743481000000 0
0.245496000000 -0.850655000000 2.681262000000 0
-0.026575000000 -0.862910000000 2.711860000000 0
0.137381000000 0.728804000000 2.609520000000 0
0.299082000000 0.435715000000 2.617225000000 0
-0.020328000000 0.452055000000 2.634544000000 0
0.144288000000 0.562202000000 2.631216000000 0
0.133214000000 0.220386000000 2.644389000000 0
0.196318000000 0.078696000000 2.609992000000 0
0.057025000000 0.086103000000 2.614118000000 0
0.129345000000 0.154127000000 2.616850000000 0
0.488973000000 0.374642000000 2.594114000000 0
-0.191443000000 0.397379000000 2.615052000000 0
0.681229000000 0.427902000000 2.571699000000 0
-0.378443000000 0.434121000000 2.541792000000 0
0.772831000000 0.467431000000 2.585618000000 0
-0.463349000000 0.486165000000 2.526644000000 0
0.224252000000 -0.423096000000 2.680275000000 0
0.015394000000 -0.402611000000 2.676218000000 0
0.239868000000 -0.782469000000 2.731857000000 0
-0.016337000000 -0.784902000000 2.743871000000 0
0.245064000000 -0.848917000000 2.678002000000 0
-0.029436000000 -0.865079000000 2.716616000000 0
0.137063000000 0.728593000000 2.609289000000 0
0.298641000000 0.434086000000 2.617207000000 0
-0.020496000000 0.451613000000 2.634963000000 0
0.143943000000 0.561790000000 2.630863000000 0
0.133257000000 0.219811000000 2.644142000000 0
0.196286000000 0.078012000000 2.609357000000 0
0.057416000000 0.085275000000 2.614503000000 0
0.129399000000 0.153526000000 2.616712000000 0
0.479762000000 0.367338000000 2.597049000000 0
-0.190727000000 0.391299000000 2.611737000000 0
0.694129000000 0.417356000000 2.576404000000 0
-0.380156000000 0.428399000000 2.539213000000 0
0.786475000000 0.455285000000 2.589808000000 0
-0.468018000000 0.475456000000 2.524656000000 0
0.224507000000 -0.425885000000 2.680865000000 0
0.015547000000 -0.403491000000 2.676141000000 0
0.239713000000 -0.783465000000 2.731719000000 0
-0.015114000000 -0.785870000000 2.745671000000 0
0.247478000000 -0.848704000000 2.676707000000 0
-0.030900000000 -0.865323000000 2.717730000000 0
0.136561000000 0.728456000000 2.608891000000 0
0.298413000000 0.433635000000 2.617415000000 0
-0.020835000000 0.450532000000 2.635664000000 0
0.142833000000 0.561291000000 2.631347000000 0
0.133213000000 0.219335000000 2.644248000000 0
0.196287000000 0.077777000000 2.609096000000 0
0.057796000000 0.084543000000 2.614889000000 0
0.129433000000 0.153069000000 2.616763000000 0
0.477290000000 0.364717000000 2.597814000000 0
-0.192888000000 0.387003000000 2.611020000000 0
0.687939000000 0.400277000000 2.570599000000 0
-0.386805000000 0.423168000000 2.539046000000 0
0.778865000000 0.439149000000 2.589734000000 0
-0.477048000000 0.465154000000 2.523610000000 0
0.224675000000 -0.423854000000 2.680393000000 0
0.015427000000 -0.403815000000 2.676161000000 0
0.239223000000 -0.783382000000 2.731535000000 0
-0.015579000000 -0.787445000000 2.746070000000 0
0.245859000000 -0.857470000000 2.688995000000 0
-0.030614000000 -0.867866000000 2.720596000000 0
0.136362000000 0.728497000000 2.609005000000 0
0.297774000000 0.434137000000 2.617735000000 0
-0.021069000000 0.449339000000 2.635989000000 0
0.142683000000 0.561059000000 2.631151000000 0
0.133330000000 0.219041000000 2.644313000000 0
0.196391000000 0.077565000000 2.608970000000 0
0.058420000000 0.083999000000 2.615573000000 0
0.129616000000 0.152721000000 2.616900000000 0
0.477122000000 0.363572000000 2.597892000000 0
-0.194246000000 0.384331000000 2.609972000000 0
0.697980000000 0.396633000000 2.575530000000 0
-0.388673000000 0.419413000000 2.538964000000 0
0.792467000000 0.424994000000 2.595817000000 0
-0.479518000000 0.459598000000 2.522350000000 0
0.225046000000 -0.426340000000 2.680836000000 0
0.015446000000 -0.404877000000 2.676358000000 0
0.239021000000 -0.784186000000 2.731734000000 0
-0.015225000000 -0.787486000000 2.747543000000 0
0.247440000000 -0.852255000000 2.680369000000 0
-0.019382000000 -0.862762000000 2.706812000000 0
0.136165000000 0.728570000000 2.608302000000 0
0.297069000000 0.434427000000 2.618041000000 0
-0.020918000000 0.448460000000 2.635808000000 0
0.142748000000 0.560434000000 2.630587000000 0
0.133705000000 0.218141000000 2.644114000000 0
0.196513000000 0.077146000000 2.608929000000 0
0.059492000000 0.082919000000 2.616039000000 0
0.130105000000 0.151720000000 2.616941000000 0
0.479749000000 0.360090000000 2.597440000000 0
-0.194702000000 0.382894000000 2.609238000000 0
0.704689000000 0.387242000000 2.575283000000 0
-0.395009000000 0.413358000000 2.537566000000 0
0.800750000000 0.410335000000 2.594818000000 0
-0.489340000000 0.444992000000 2.521963000000 0
0.225185000000 -0.427489000000 2.681296000000 0
0.015337000000 -0.404827000000 2.676317000000 0
0.239579000000 -0.783864000000 2.732095000000 0
-0.015632000000 -0.788625000000 2.748535000000 0
0.248088000000 -0.850330000000 2.678688000000 0
-0.025852000000 -0.865831000000 2.712795000000 0
0.135835000000 0.728195000000 2.608000000000 0
0.296371000000 0.434596000000 2.618077000000 0
-0.021022000000 0.447834000000 2.635643000000 0
0.142722000000 0.560247000000 2.630432000000 0
0.133692000000 0.218026000000 2.643998000000 0
0.196566000000 0.077084000000 2.608964000000 0
0.059471000000 0.082828000000 2.616207000000 0
0.130119000000 0.151593000000 2.617002000000 0
0.472288000000 0.355839000000 2.598765000000 0
-0.193395000000 0.379735000000 2.608444000000 0
0.708134000000 0.373171000000 2.576369000000 0
-0.412809000000 0.398365000000 2.528876000000 0
0.804453000000 0.392694000000 2.598357000000 0
-0.509213000000 0.426142000000 2.520107000000 0
0.225381000000 -0.425094000000 2.681633000000 0
0.015276000000 -0.404812000000 2.676502000000 0
0.239740000000 -0.783512000000 2.732875000000 0
-0.016444000000 -0.786951000000 2.745904000000 0
0.246743000000 -0.848559000000 2.677530000000 0
-0.030879000000 -0.868347000000 2.723329000000 0
0.135677000000 0.727907000000 2.607210000000 0
0.295749000000 0.434334000000 2.617990000000 0
-0.021339000000 0.447336000000 2.635719000000 0
0.143064000000 0.559622000000 2.630175000000 0
0.133873000000 0.217436000000 2.643983000000 0
0.196614000000 0.076596000000 2.609168000000 0
0.059708000000 0.082258000000 2.616640000000 0
0.130290000000 0.150932000000 2.617281000000 0
0.469794000000 0.352339000000 2.599516000000 0
-0.189640000000 0.373873000000 2.608208000000 0
0.712579000000 0.347492000000 2.576732000000 0
-0.414543000000 0.379668000000 2.527449000000 0
0.814703000000 0.361796000000 2.595656000000 0
-0.513496000000 0.395865000000 2.518093000000 0
0.225430000000 -0.425137000000 2.681659000000 0
0.015187000000 -0.404709000000 2.676622000000 0
0.240265000000 -0.782942000000 2.732547000000 0
-0.015928000000 -0.787535000000 2.745783000000 0
0.244985000000 -0.847749000000 2.676674000000 0
-0.020867000000 -0.835801000000 2.657404000000 0
0.135867000000 0.728011000000 2.606224000000 0
0.295533000000 0.432072000000 2.618291000000 0
-0.021845000000 0.446506000000 2.636452000000 0
0.143584000000 0.559571000000 2.630025000000 0
0.134194000000 0.217126000000 2.644025000000 0
0.196785000000 0.076191000000 2.609746000000 0
0.060084000000 0.081711000000 2.617414000000 0
0.130582000000 0.150494000000 2.617766000000 0
0.464936000000 0.347538000000 2.601285000000 0
-0.195484000000 0.365312000000 2.606554000000 0
0.706410000000 0.321110000000 2.581954000000 0
-0.418483000000 0.340914000000 2.527720000000 0
0.816014000000 0.328356000000 2.601293000000 0
-0.518464000000 0.350627000000 2.520425000000 0
0.225518000000 -0.424950000000 2.681747000000 0
0.015114000000 -0.404565000000 2.676666000000 0
0.240039000000 -0.782949000000 2.732636000000 0
-0.015732000000 -0.787438000000 2.745271000000 0
0.244037000000 -0.848016000000 2.677003000000 0
-0.020770000000 -0.835735000000 2.656910000000 0
0.135665000000 0.727297000000 2.605501000000 0
0.296158000000 0.430229000000 2.618880000000 0
-0.021690000000 0.445566000000 2.636975000000 0
0.143851000000 0.559284000000 2.629952000000 0
0.134618000000 0.215953000000 2.644266000000 0
0.197407000000 0.074635000000 2.610256000000 0
0.060426000000 0.079726000000 2.619176000000 0
0.131075000000 0.148991000000 2.618644000000 0
0.459461000000 0.338272000000 2.601017000000 0
-0.191672000000 0.353812000000 2.605111000000 0
0.694013000000 0.275356000000 2.580048000000 0
-0.422327000000 0.302279000000 2.535411000000 0
0.793139000000 0.275281000000 2.598001000000 0
-0.522217000000 0.292124000000 2.527234000000 0
0.225607000000 -0.424141000000 2.681950000000 0
0.015020000000 -0.404640000000 2.676701000000 0
0.239864000000 -0.783052000000 2.733192000000 0
-0.015195000000 -0.788429000000 2.746300000000 0
0.241142000000 -0.847291000000 2.676474000000 0
-0.032867000000 -0.869945000000 2.726599000000 0
0.135703000000 0.726623000000 2.604414000000 0
0.296360000000 0.428481000000 2.618999000000 0
-0.022079000000 0.443217000000 2.637880000000 0
0.144206000000 0.558762000000 2.629642000000 0
0.134960000000 0.215032000000 2.644156000000 0
0.197728000000 0.073463000000 2.610638000000 0
0.060654000000 0.078673000000 2.619931000000 0
0.131363000000 0.147929000000 2.619133000000 0
0.453142000000 0.333913000000 2.599584000000 0
-0.190127000000 0.342493000000 2.607284000000 0
0.679658000000 0.247060000000 2.573393000000 0
-0.413364000000 0.264466000000 2.538287000000 0
0.750125000000 0.226189000000 2.585390000000 0
-0.514926000000 0.240554000000 2.524200000000 0
0.225499000000 -0.423499000000 2.681663000000 0
0.014585000000 -0.404940000000 2.676961000000 0
0.239768000000 -0.782654000000 2.733405000000 0
-0.015343000000 -0.789390000000 2.747617000000 0
0.241470000000 -0.849639000000 2.679965000000 0
-0.033263000000 -0.870389000000 2.726082000000 0
0.135989000000 0.725246000000 2.602033000000 0
0.296628000000 0.427280000000 2.619100000000 0
-0.022979000000 0.440460000000 2.637343000000 0
0.144273000000 0.557340000000 2.629263000000 0
0.134936000000 0.214375000000 2.643774000000 0
0.197870000000 0.072571000000 2.611083000000 0
0.060599000000 0.078058000000 2.619876000000 0
0.131404000000 0.147362000000 2.619272000000 0
0.454252000000 0.309832000000 2.594139000000 0
-0.183980000000 0.326681000000 2.607729000000 0
0.673020000000 0.204390000000 2.575280000000 0
-0.396100000000 0.220468000000 2.542097000000 0
0.743952000000 0.188832000000 2.591682000000 0
-0.486735000000 0.182301000000 2.532097000000 0
0.225514000000 -0.424090000000 2.681854000000 0
0.014836000000 -0.405271000000 2.677260000000 0
0.240004000000 -0.782578000000 2.732673000000 0
-0.015487000000 -0.789165000000 2.747215000000 0
0.241214000000 -0.849727000000 2.679426000000 0
-0.022994000000 -0.867587000000 2.713461000000 0
0.135674000000 0.724754000000 2.601666000000 0
0.297488000000 0.428106000000 2.620937000000 0
-0.020722000000 0.436856000000 2.636711000000 0
0.144699000000 0.556983000000 2.629776000000 0
0.135251000000 0.213657000000 2.643998000000 0
0.198226000000 0.071889000000 2.612863000000 0
0.061253000000 0.077455000000 2.620114000000 0
0.131926000000 0.146533000000 2.620103000000 0
0.443849000000 0.295018000000 2.595897000000 0
-0.179280000000 0.299924000000 2.609901000000 0
0.645883000000 0.160900000000 2.568480000000 0
-0.369816000000 0.160380000000 2.539738000000 0
0.728905000000 0.107783000000 2.565843000000 0
-0.457341000000 0.109187000000 2.533779000000 0
0.225279000000 -0.422835000000 2.681794000000 0
0.015279000000 -0.405129000000 2.677534000000 0
0.239927000000 -0.782773000000 2.733066000000 0
-0.014488000000 -0.789881000000 2.746932000000 0
0.242686000000 -0.853098000000 2.684154000000 0
-0.032743000000 -0.871435000000 2.727922000000 0
0.135692000000 0.724550000000 2.601283000000 0
0.298084000000 0.425928000000 2.621065000000 0
-0.020211000000 0.434470000000 2.636476000000 0
0.144831000000 0.555712000000 2.629580000000 0
0.135527000000 0.210955000000 2.644392000000 0
0.198985000000 0.068683000000 2.614078000000 0
0.061373000000 0.074368000000 2.621541000000 0
0.132328000000 0.143358000000 2.621355000000 0
0.440137000000 0.257444000000 2.599054000000 0
-0.170206000000 0.254353000000 2.608827000000 0
0.602968000000 0.109441000000 2.560694000000 0
-0.343339000000 0.092654000000 2.541720000000 0
0.663574000000 0.045349000000 2.545770000000 0
-0.400063000000 0.045507000000 2.531745000000 0
0.225615000000 -0.423760000000 2.682272000000 0
0.015816000000 -0.406482000000 2.678171000000 0
0.240059000000 -0.781809000000 2.733123000000 0
-0.011505000000 -0.790447000000 2.745284000000 0
0.241965000000 -0.850390000000 2.681754000000 0
-0.034260000000 -0.871484000000 2.729128000000 0
0.135330000000 0.723717000000 2.600898000000 0
0.300089000000 0.423229000000 2.621910000000 0
-0.019306000000 0.431423000000 2.636372000000 0
0.144968000000 0.555099000000 2.629177000000 0
0.135702000000 0.209410000000 2.644499000000 0
0.199609000000 0.065731000000 2.615655000000 0
0.061463000000 0.072442000000 2.623461000000 0
0.132628000000 0.141395000000 2.622668000000 0
0.429482000000 0.219604000000 2.597914000000 0
-0.153594000000 0.228951000000 2.610623000000 0
0.565689000000 0.055745000000 2.552451000000 0
-0.278911000000 0.056955000000 2.553034000000 0
0.607422000000 -0.007210000000 2.528193000000 0
-0.321777000000 -0.005482000000 2.536005000000 0
0.226037000000 -0.427459000000 2.683973000000 0
0.015771000000 -0.406587000000 2.678183000000 0
0.239857000000 -0.782277000000 2.732720000000 0
-0.014029000000 -0.781566000000 2.739820000000 0
0.245847000000 -0.848582000000 2.678741000000 0
-0.018105000000 -0.830161000000 2.651563000000 0
0.135545000000 0.723456000000 2.600909000000 0
0.299876000000 0.421411000000 2.622581000000 0
-0.019070000000 0.429144000000 2.636090000000 0
0.145493000000 0.554052000000 2.628576000000 0
0.135854000000 0.206835000000 2.644258000000 0
0.199671000000 0.063458000000 2.616533000000 0
0.061486000000 0.069273000000 2.625052000000 0
0.132788000000 0.138337000000 2.623694000000 0
0.400035000000 0.205289000000 2.600132000000 0
-0.122414000000 0.215384000000 2.613275000000 0
0.498349000000 0.018414000000 2.552106000000 0
-0.217276000000 0.009765000000 2.542845000000 0
0.528575000000 -0.043326000000 2.523586000000 0
-0.255042000000 -0.053899000000 2.515324000000 0
0.225756000000 -0.427116000000 2.684471000000 0
0.015606000000 -0.406516000000 2.678305000000 0
0.239247000000 -0.782950000000 2.732929000000 0
-0.014676000000 -0.781491000000 2.740618000000 0
0.245388000000 -0.847573000000 2.676961000000 0
-0.018494000000 -0.830176000000 2.652397000000 0
0.135197000000 0.723059000000 2.601118000000 0
0.299449000000 0.419770000000 2.622876000000 0
-0.018892000000 0.424841000000 2.634894000000 0
0.145669000000 0.553906000000 2.628465000000 0
0.135517000000 0.205548000000 2.643964000000 0
0.199066000000 0.062026000000 2.616981000000 0
0.061108000000 0.067547000000 2.627089000000 0
0.132419000000 0.136612000000 2.624633000000 0
0.365027000000 0.185763000000 2.599606000000 0
-0.088498000000 0.192109000000 2.616365000000 0
0.430189000000 0.004168000000 2.534662000000 0
-0.153443000000 0.001099000000 2.543564000000 0
0.453369000000 -0.073547000000 2.504757000000 0
-0.163208000000 -0.089294000000 2.508663000000 0
0.225696000000 -0.427297000000 2.684448000000 0
0.015671000000 -0.407201000000 2.678653000000 0
0.239471000000 -0.782887000000 2.732785000000 0
-0.015595000000 -0.783599000000 2.742061000000 0
0.246190000000 -0.848025000000 2.677482000000 0
-0.019025000000 -0.832345000000 2.653854000000 0
0.135290000000 0.722993000000 2.601242000000 0
0.299423000000 0.416547000000 2.623745000000 0
-0.017940000000 0.422516000000 2.633357000000 0
0.146129000000 0.553184000000 2.627439000000 0
0.135116000000 0.203563000000 2.643454000000 0
0.198268000000 0.059610000000 2.618382000000 0
0.061051000000 0.065519000000 2.628262000000 0
0.132102000000 0.134164000000 2.625568000000 0
0.343278000000 0.177446000000 2.598558000000 0
-0.066006000000 0.184378000000 2.615700000000 0
0.377387000000 -0.002382000000 2.526856000000 0
-0.086304000000 -0.026871000000 2.545774000000 0
0.379639000000 -0.094543000000 2.489133000000 0
-0.095963000000 -0.103397000000 2.521174000000 0
0.225650000000 -0.427837000000 2.685009000000 0
0.015429000000 -0.408846000000 2.679559000000 0
0.239148000000 -0.783099000000 2.733150000000 0
-0.015837000000 -0.786266000000 2.745802000000 0
0.248111000000 -0.848217000000 2.678140000000 0
-0.018572000000 -0.835123000000 2.657632000000 0
0.135790000000 0.723335000000 2.602355000000 0
