0.336986000000 0.332723000000 3.059968000000 0
0.055313000000 0.331971000000 3.072234000000 0
0.206363000000 0.446174000000 3.115711000000 0
0.202398000000 0.102942000000 3.125647000000 0
0.263138000000 -0.023482000000 3.076176000000 0
0.132635000000 -0.023381000000 3.076826000000 0
0.199356000000 0.039402000000 3.083296000000 0
0.393521000000 0.192183000000 2.884077000000 0
-0.035492000000 0.199219000000 2.886869000000 0
0.346184000000 0.159781000000 2.670699000000 0
-0.117086000000 0.136318000000 2.692640000000 0
0.375244000000 0.155396000000 2.663357000000 0
-0.144284000000 0.115352000000 2.632089000000 0
0.249794000000 -0.480753000000 3.163662000000 0
0.174469000000 -0.453062000000 3.153573000000 0
0.216505000000 -0.817357000000 3.177016000000 0
0.158283000000 -0.816187000000 3.173422000000 0
0.138675000000 -0.874581000000 3.212561000000 0
0.236316000000 -0.876773000000 3.202328000000 0
0.199605000000 0.620729000000 3.090702000000 0
0.335866000000 0.336039000000 3.059983000000 0
0.055163000000 0.330735000000 3.069576000000 0
0.206608000000 0.445988000000 3.118365000000 0
0.202472000000 0.102185000000 3.128546000000 0
0.263659000000 -0.023764000000 3.077983000000 0
0.133142000000 -0.024069000000 3.078004000000 0
0.199742000000 0.038863000000 3.084867000000 0
0.390425000000 0.198650000000 2.887930000000 0
-0.021448000000 0.186745000000 2.874142000000 0
0.324675000000 0.165972000000 2.618925000000 0
-0.034548000000 0.215878000000 2.655292000000 0
0.287598000000 0.213989000000 2.583279000000 0
-0.038363000000 0.224362000000 2.595225000000 0
0.244505000000 -0.480605000000 3.161796000000 0
0.173819000000 -0.453193000000 3.153216000000 0
0.217239000000 -0.815579000000 3.176390000000 0
0.155229000000 -0.815858000000 3.175267000000 0
0.138994000000 -0.875957000000 3.205528000000 0
0.220992000000 -0.845285000000 3.150581000000 0
0.198856000000 0.622651000000 3.094755000000 0
0.339115000000 0.345754000000 3.043215000000 0
0.071384000000 0.329939000000 3.061442000000 0
0.201825000000 0.448126000000 3.116326000000 0
0.200761000000 0.099814000000 3.128616000000 0
0.259715000000 -0.026573000000 3.077572000000 0
0.131504000000 -0.023929000000 3.077686000000 0
0.196314000000 0.035389000000 3.084361000000 0
0.420707000000 0.242532000000 2.856647000000 0
0.000592000000 0.184584000000 2.865908000000 0
0.248734000000 0.286834000000 2.625478000000 0
0.009483000000 0.296875000000 2.608669000000 0
0.225559000000 0.319592000000 2.579862000000 0
0.060781000000 0.319626000000 2.585388000000 0
0.241312000000 -0.480922000000 3.162068000000 0
0.172929000000 -0.455715000000 3.155118000000 0
0.219193000000 -0.817660000000 3.176402000000 0
0.154705000000 -0.817104000000 3.176565000000 0
0.213052000000 -0.858266000000 3.096744000000 0
0.176856000000 -0.888894000000 3.163967000000 0
0.197246000000 0.624670000000 3.096458000000 0
0.314301000000 0.296663000000 3.034445000000 0
0.076584000000 0.332399000000 3.059412000000 0
0.207455000000 0.448069000000 3.116591000000 0
0.197347000000 0.095488000000 3.127277000000 0
0.250931000000 -0.029003000000 3.073841000000 0
0.128611000000 -0.024532000000 3.078857000000 0
0.191244000000 0.030072000000 3.082755000000 0
0.355645000000 0.353990000000 2.813663000000 0
-0.003754000000 0.348145000000 2.826318000000 0
0.258057000000 0.418457000000 2.593041000000 0
0.005255000000 0.434915000000 2.624427000000 0
0.250199000000 0.474958000000 2.572087000000 0
0.017057000000 0.482704000000 2.588788000000 0
0.241567000000 -0.474273000000 3.160994000000 0
0.172633000000 -0.454792000000 3.155058000000 0
0.218970000000 -0.816399000000 3.178451000000 0
0.154429000000 -0.818036000000 3.177581000000 0
0.184082000000 -0.893555000000 3.152490000000 0
0.190588000000 -0.876458000000 3.144711000000 0
0.191216000000 0.625148000000 3.099156000000 0
0.289410000000 0.337045000000 3.045335000000 0
0.076064000000 0.335111000000 3.061357000000 0
0.206328000000 0.445708000000 3.118065000000 0
0.195531000000 0.088190000000 3.127108000000 0
0.244376000000 -0.030189000000 3.072791000000 0
0.130558000000 -0.025746000000 3.076673000000 0
0.189311000000 0.021357000000 3.080527000000 0
0.342041000000 0.371826000000 2.791157000000 0
-0.039535000000 0.370457000000 2.867116000000 0
0.320449000000 0.460593000000 2.591454000000 0
-0.035697000000 0.499045000000 2.646762000000 0
0.319336000000 0.501465000000 2.589132000000 0
-0.044650000000 0.555770000000 2.627066000000 0
0.240454000000 -0.471482000000 3.159612000000 0
0.171243000000 -0.444914000000 3.152408000000 0
0.215995000000 -0.808636000000 3.180153000000 0
0.152990000000 -0.807563000000 3.177924000000 0
0.246577000000 -0.828003000000 3.113172000000 0
0.198079000000 -0.862572000000 3.150764000000 0
0.191805000000 0.624302000000 3.099625000000 0
0.305454000000 0.342591000000 3.052315000000 0
0.062442000000 0.339968000000 3.067417000000 0
0.205026000000 0.444560000000 3.118197000000 0
0.194425000000 0.091553000000 3.126312000000 0
0.245390000000 -0.027351000000 3.070746000000 0
0.129366000000 -0.023968000000 3.074271000000 0
0.189049000000 0.027983000000 3.078410000000 0
0.381377000000 0.373584000000 2.818580000000 0
-0.058273000000 0.398438000000 2.870257000000 0
0.385913000000 0.486011000000 2.623803000000 0
-0.098974000000 0.512058000000 2.687999000000 0
0.395516000000 0.533974000000 2.587949000000 0
-0.110644000000 0.565185000000 2.661178000000 0
0.221948000000 -0.462767000000 3.157047000000 0
0.172259000000 -0.446090000000 3.152954000000 0
0.224169000000 -0.809205000000 3.182329000000 0
0.163570000000 -0.810141000000 3.184829000000 0
0.218923000000 -0.849516000000 3.102586000000 0
0.197310000000 -0.868680000000 3.149855000000 0
0.194081000000 0.611782000000 3.105039000000 0
0.316061000000 0.342254000000 3.058808000000 0
0.056561000000 0.342625000000 3.071559000000 0
0.200853000000 0.443781000000 3.122499000000 0
0.193314000000 0.094700000000 3.127079000000 0
0.247288000000 -0.025284000000 3.069946000000 0
0.128114000000 -0.022641000000 3.072723000000 0
0.189127000000 0.032948000000 3.078277000000 0
0.418584000000 0.354009000000 2.813281000000 0
-0.085156000000 0.390568000000 2.880479000000 0
0.483304000000 0.442875000000 2.623929000000 0
-0.190857000000 0.499023000000 2.709248000000 0
0.503393000000 0.495610000000 2.601830000000 0
-0.206508000000 0.549993000000 2.680439000000 0
0.220276000000 -0.457602000000 3.155125000000 0
0.166914000000 -0.449091000000 3.153285000000 0
0.221255000000 -0.805261000000 3.181289000000 0
0.165206000000 -0.798322000000 3.183552000000 0
0.262716000000 -0.869055000000 3.182481000000 0
0.175667000000 -0.869548000000 3.158902000000 0
0.198850000000 0.615979000000 3.106006000000 0
0.319408000000 0.341881000000 3.060133000000 0
0.053931000000 0.341382000000 3.073168000000 0
0.198447000000 0.442746000000 3.121826000000 0
0.192845000000 0.095945000000 3.127297000000 0
0.247940000000 -0.024713000000 3.069765000000 0
0.127000000000 -0.022360000000 3.071840000000 0
0.188841000000 0.034554000000 3.078107000000 0
0.424095000000 0.340373000000 2.837207000000 0
-0.140625000000 0.347412000000 2.873186000000 0
0.534713000000 0.375898000000 2.651995000000 0
-0.246339000000 0.420901000000 2.697131000000 0
0.571585000000 0.387739000000 2.594449000000 0
-0.300651000000 0.456001000000 2.646883000000 0
0.216745000000 -0.452659000000 3.153245000000 0
0.161787000000 -0.450596000000 3.153468000000 0
0.219059000000 -0.804760000000 3.178731000000 0
0.164228000000 -0.794962000000 3.182625000000 0
0.251555000000 -0.865159000000 3.145782000000 0
0.123176000000 -0.854621000000 3.159276000000 0
0.198971000000 0.613869000000 3.101610000000 0
0.326674000000 0.338004000000 3.071030000000 0
0.050985000000 0.337796000000 3.080108000000 0
0.196582000000 0.443176000000 3.124410000000 0
0.192243000000 0.097012000000 3.127923000000 0
0.250290000000 -0.024098000000 3.070564000000 0
0.126618000000 -0.022258000000 3.070650000000 0
0.189297000000 0.036190000000 3.078237000000 0
0.430561000000 0.324713000000 2.840309000000 0
-0.132638000000 0.336382000000 2.886472000000 0
0.554748000000 0.277016000000 2.667734000000 0
-0.274248000000 0.280926000000 2.731881000000 0
0.596144000000 0.261117000000 2.614400000000 0
-0.336956000000 0.313865000000 2.690962000000 0
0.216837000000 -0.447837000000 3.152022000000 0
0.160109000000 -0.450995000000 3.152783000000 0
0.218232000000 -0.803445000000 3.175670000000 0
0.160844000000 -0.795202000000 3.177657000000 0
0.174688000000 -0.854443000000 3.140015000000 0
0.213353000000 -0.842129000000 3.149215000000 0
0.197245000000 0.611516000000 3.095626000000 0
0.335621000000 0.335912000000 3.078392000000 0
0.049595000000 0.336154000000 3.080285000000 0
0.195003000000 0.443602000000 3.121350000000 0
0.190469000000 0.099057000000 3.128307000000 0
0.251298000000 -0.023846000000 3.071377000000 0
0.124923000000 -0.022323000000 3.070612000000 0
0.188863000000 0.038151000000 3.078740000000 0
0.436973000000 0.297736000000 2.855773000000 0
-0.123277000000 0.246598000000 2.982704000000 0
0.532890000000 0.163206000000 2.717023000000 0
-0.236203000000 0.208680000000 2.799752000000 0
0.587570000000 0.182185000000 2.659180000000 0
-0.304163000000 0.205555000000 2.754281000000 0
0.216537000000 -0.447092000000 3.151619000000 0
0.157094000000 -0.451649000000 3.154044000000 0
0.217234000000 -0.807947000000 3.174898000000 0
0.156226000000 -0.805106000000 3.176708000000 0
0.180354000000 -0.865419000000 3.141681000000 0
0.175443000000 -0.870248000000 3.142741000000 0
0.191088000000 0.616280000000 3.101214000000 0
0.339890000000 0.334131000000 3.085133000000 0
0.046456000000 0.331610000000 3.082160000000 0
0.194055000000 0.443565000000 3.118929000000 0
0.189191000000 0.100066000000 3.128780000000 0
0.252103000000 -0.024507000000 3.073281000000 0
0.122279000000 -0.023181000000 3.070138000000 0
0.188341000000 0.038862000000 3.079263000000 0
0.436568000000 0.175466000000 2.967867000000 0
-0.118747000000 0.215600000000 3.009082000000 0
0.513453000000 0.123945000000 2.725639000000 0
-0.191967000000 0.117400000000 2.828912000000 0
0.548759000000 0.116592000000 2.676991000000 0
-0.249275000000 0.087845000000 2.778366000000 0
0.219595000000 -0.453565000000 3.155015000000 0
0.159722000000 -0.450869000000 3.154775000000 0
0.215276000000 -0.810924000000 3.175632000000 0
0.155768000000 -0.808596000000 3.177808000000 0
0.174832000000 -0.867779000000 3.145774000000 0
0.152601000000 -0.871375000000 3.135281000000 0
0.191157000000 0.617064000000 3.101487000000 0
0.345742000000 0.334977000000 3.099357000000 0
0.045601000000 0.329511000000 3.082529000000 0
0.192688000000 0.443861000000 3.118694000000 0
0.187246000000 0.101007000000 3.129249000000 0
0.254423000000 -0.024191000000 3.074207000000 0
0.122115000000 -0.023487000000 3.070308000000 0
0.188758000000 0.039877000000 3.079851000000 0
0.425180000000 0.164124000000 2.988189000000 0
-0.087686000000 0.174329000000 3.024173000000 0
0.474678000000 0.064681000000 2.800566000000 0
-0.164900000000 0.031192000000 2.883028000000 0
0.495606000000 0.028001000000 2.730391000000 0
-0.200910000000 -0.017800000000 2.828156000000 0
0.222928000000 -0.452969000000 3.155279000000 0
0.160704000000 -0.450579000000 3.154778000000 0
0.216086000000 -0.809564000000 3.174392000000 0
0.153067000000 -0.808636000000 3.178464000000 0
0.267207000000 -0.864851000000 3.184020000000 0
0.100856000000 -0.853486000000 3.146446000000 0
0.190317000000 0.616908000000 3.100915000000 0
0.345250000000 0.333578000000 3.097120000000 0
0.044082000000 0.327927000000 3.086117000000 0
0.191994000000 0.443372000000 3.115704000000 0
0.187156000000 0.101532000000 3.129537000000 0
0.253522000000 -0.025116000000 3.075018000000 0
0.118438000000 -0.024578000000 3.071145000000 0
0.187467000000 0.040110000000 3.080350000000 0
0.411961000000 0.145660000000 3.016580000000 0
-0.065344000000 0.145842000000 3.043913000000 0
0.451307000000 0.009028000000 2.853450000000 0
-0.130968000000 -0.012313000000 2.914874000000 0
0.465078000000 -0.035820000000 2.786333000000 0
-0.131755000000 -0.066180000000 2.887284000000 0
0.219727000000 -0.456441000000 3.157984000000 0
0.162016000000 -0.450948000000 3.155629000000 0
0.215178000000 -0.811353000000 3.175546000000 0
0.154418000000 -0.811056000000 3.178483000000 0
0.221848000000 -0.876613000000 3.137442000000 0
0.181189000000 -0.873101000000 3.144001000000 0
0.189761000000 0.616333000000 3.099130000000 0
0.339414000000 0.324171000000 3.087976000000 0
0.040774000000 0.327252000000 3.091316000000 0
0.189732000000 0.443492000000 3.108048000000 0
0.187098000000 0.102948000000 3.127912000000 0
0.251996000000 -0.025471000000 3.076129000000 0
0.116211000000 -0.024957000000 3.070557000000 0
0.185577000000 0.040571000000 3.080203000000 0
0.403099000000 0.120197000000 3.032863000000 0
-0.046957000000 0.108045000000 3.062526000000 0
0.439253000000 -0.032779000000 2.885659000000 0
-0.094324000000 -0.065483000000 2.947590000000 0
0.441162000000 -0.136108000000 2.802033000000 0
-0.108659000000 -0.127809000000 2.896399000000 0
0.219211000000 -0.448667000000 3.158286000000 0
0.162663000000 -0.452125000000 3.157398000000 0
0.215997000000 -0.807706000000 3.174696000000 0
0.155556000000 -0.810970000000 3.176185000000 0
0.240379000000 -0.864969000000 3.131258000000 0
0.136705000000 -0.878745000000 3.147698000000 0
0.185754000000 0.617081000000 3.098286000000 0
0.337181000000 0.323430000000 3.086029000000 0
0.039113000000 0.327606000000 3.094381000000 0
0.188153000000 0.443660000000 3.105803000000 0
0.185848000000 0.103131000000 3.126665000000 0
0.249673000000 -0.026250000000 3.077329000000 0
0.114500000000 -0.025637000000 3.071728000000 0
0.183569000000 0.040137000000 3.080836000000 0
0.393838000000 0.102410000000 3.050678000000 0
-0.019633000000 0.090753000000 3.095155000000 0
0.424427000000 -0.073478000000 2.918808000000 0
-0.062151000000 -0.087496000000 2.986501000000 0
0.422084000000 -0.146396000000 2.881496000000 0
-0.077660000000 -0.156591000000 2.945269000000 0
0.219357000000 -0.449106000000 3.158857000000 0
0.162969000000 -0.452199000000 3.157679000000 0
0.218195000000 -0.808130000000 3.175283000000 0
0.153352000000 -0.811828000000 3.181189000000 0
0.243059000000 -0.878398000000 3.160834000000 0
0.137030000000 -0.877493000000 3.146744000000 0
0.182641000000 0.617214000000 3.096618000000 0
0.337032000000 0.323744000000 3.086076000000 0
0.038544000000 0.328031000000 3.095564000000 0
0.189546000000 0.444406000000 3.101905000000 0
0.185089000000 0.103570000000 3.124642000000 0
0.247396000000 -0.027295000000 3.077891000000 0
0.112706000000 -0.026125000000 3.073186000000 0
0.182165000000 0.039716000000 3.081121000000 0
0.388283000000 0.086470000000 3.068558000000 0
-0.010202000000 0.071301000000 3.094327000000 0
0.411447000000 -0.137242000000 2.952215000000 0
-0.048524000000 -0.123858000000 3.019829000000 0
0.406613000000 -0.193621000000 2.922517000000 0
-0.054628000000 -0.190345000000 2.972232000000 0
0.219244000000 -0.448740000000 3.158844000000 0
0.162964000000 -0.451973000000 3.157903000000 0
0.217481000000 -0.806519000000 3.175390000000 0
0.154872000000 -0.814740000000 3.184484000000 0
0.176432000000 -0.859253000000 3.139255000000 0
0.128249000000 -0.864397000000 3.133524000000 0
0.182139000000 0.615279000000 3.091303000000 0
0.337625000000 0.324988000000 3.085737000000 0
0.038546000000 0.327848000000 3.095911000000 0
0.190589000000 0.444978000000 3.100710000000 0
0.185062000000 0.104050000000 3.122851000000 0
0.247108000000 -0.027236000000 3.078258000000 0
0.112761000000 -0.026354000000 3.074542000000 0
0.182020000000 0.039867000000 3.081550000000 0
0.384228000000 0.079988000000 3.089900000000 0
-0.006345000000 0.065769000000 3.098503000000 0
0.396397000000 -0.116681000000 3.013840000000 0
-0.021611000000 -0.148236000000 3.050612000000 0
0.390539000000 -0.195131000000 2.990479000000 0
-0.026967000000 -0.201071000000 3.020850000000 0
0.219503000000 -0.448945000000 3.159039000000 0
0.157887000000 -0.455318000000 3.162515000000 0
0.212619000000 -0.809142000000 3.180623000000 0
0.152996000000 -0.819580000000 3.187734000000 0
0.241377000000 -0.854987000000 3.127261000000 0
0.119871000000 -0.870596000000 3.142167000000 0
0.180985000000 0.615671000000 3.091161000000 0
0.339040000000 0.325645000000 3.086156000000 0
0.037861000000 0.328612000000 3.096969000000 0
0.190739000000 0.445180000000 3.098662000000 0
0.185138000000 0.104890000000 3.121036000000 0
0.247441000000 -0.027110000000 3.078863000000 0
0.113045000000 -0.026018000000 3.075955000000 0
0.182187000000 0.040504000000 3.082149000000 0
0.383710000000 0.078078000000 3.098434000000 0
-0.000283000000 0.054034000000 3.113590000000 0
0.389717000000 -0.120027000000 3.024885000000 0
-0.018575000000 -0.149523000000 3.062568000000 0
0.378273000000 -0.200635000000 3.014434000000 0
-0.023478000000 -0.204780000000 3.037999000000 0
0.218897000000 -0.448909000000 3.158849000000 0
0.153963000000 -0.454900000000 3.164904000000 0
0.215164000000 -0.808701000000 3.180571000000 0
0.150512000000 -0.819998000000 3.189369000000 0
0.183091000000 -0.872491000000 3.154452000000 0
0.168737000000 -0.863717000000 3.129900000000 0
0.178823000000 0.615920000000 3.088955000000 0
0.340462000000 0.326904000000 3.088066000000 0
0.037491000000 0.329819000000 3.098155000000 0
0.190797000000 0.445526000000 3.097978000000 0
0.185488000000 0.106132000000 3.119685000000 0
0.248675000000 -0.026580000000 3.079368000000 0
0.114357000000 -0.025295000000 3.079563000000 0
0.183032000000 0.041649000000 3.083506000000 0
0.381852000000 0.075411000000 3.106106000000 0
-0.001033000000 0.055513000000 3.117701000000 0
0.380477000000 -0.139056000000 3.033561000000 0
-0.018067000000 -0.149712000000 3.063990000000 0
0.368120000000 -0.212552000000 3.024277000000 0
-0.021147000000 -0.205528000000 3.040389000000 0
0.218981000000 -0.449058000000 3.159210000000 0
0.152300000000 -0.454036000000 3.165491000000 0
0.217485000000 -0.810498000000 3.183586000000 0
0.150811000000 -0.819435000000 3.189223000000 0
0.264126000000 -0.870185000000 3.190389000000 0
0.135243000000 -0.889705000000 3.164649000000 0
0.178034000000 0.618092000000 3.086547000000 0
0.341062000000 0.328272000000 3.088977000000 0
0.036890000000 0.329746000000 3.098917000000 0
0.189498000000 0.444610000000 3.096056000000 0
0.185286000000 0.106920000000 3.117886000000 0
0.249366000000 -0.026012000000 3.080347000000 0
0.114091000000 -0.025155000000 3.081368000000 0
0.183019000000 0.042361000000 3.084444000000 0
0.380733000000 0.078276000000 3.109641000000 0
-0.003640000000 0.056396000000 3.123671000000 0
0.381919000000 -0.124771000000 3.040438000000 0
-0.017792000000 -0.149673000000 3.065927000000 0
0.369688000000 -0.205130000000 3.029183000000 0
-0.020332000000 -0.205666000000 3.042751000000 0
0.218731000000 -0.448119000000 3.159543000000 0
0.152158000000 -0.453796000000 3.166975000000 0
0.218095000000 -0.807784000000 3.181938000000 0
0.149643000000 -0.816047000000 3.182639000000 0
0.151855000000 -0.873047000000 3.170118000000 0
0.167006000000 -0.878537000000 3.143028000000 0
0.176314000000 0.617434000000 3.085364000000 0
0.342598000000 0.329347000000 3.091247000000 0
0.035240000000 0.333243000000 3.102612000000 0
0.188449000000 0.443830000000 3.093426000000 0
0.185859000000 0.108162000000 3.115765000000 0
0.251766000000 -0.024951000000 3.082031000000 0
0.115063000000 -0.024708000000 3.082786000000 0
0.184111000000 0.043678000000 3.085505000000 0
0.383020000000 0.078516000000 3.112832000000 0
-0.004323000000 0.059212000000 3.125602000000 0
0.385786000000 -0.121612000000 3.043908000000 0
-0.021865000000 -0.146685000000 3.054357000000 0
0.374527000000 -0.202183000000 3.033127000000 0
-0.019851000000 -0.206395000000 3.043875000000 0
0.218289000000 -0.445943000000 3.159822000000 0
0.153699000000 -0.452962000000 3.168196000000 0
0.217697000000 -0.806813000000 3.181232000000 0
0.149850000000 -0.814819000000 3.178569000000 0
0.246781000000 -0.871565000000 3.153998000000 0
0.183888000000 -0.877749000000 3.152847000000 0
0.176776000000 0.618194000000 3.087412000000 0
0.345566000000 0.329226000000 3.093598000000 0
0.035196000000 0.333523000000 3.103211000000 0
0.188494000000 0.443672000000 3.093667000000 0
0.186280000000 0.109216000000 3.114657000000 0
0.253774000000 -0.024525000000 3.084197000000 0
0.115287000000 -0.024478000000 3.083867000000 0
0.184947000000 0.044680000000 3.087009000000 0
0.386638000000 0.077133000000 3.118061000000 0
-0.004363000000 0.063280000000 3.125148000000 0
0.389001000000 -0.121274000000 3.043024000000 0
-0.025667000000 -0.145700000000 3.051569000000 0
0.382082000000 -0.201922000000 3.029360000000 0
-0.019082000000 -0.205489000000 3.043605000000 0
0.220710000000 -0.451347000000 3.163293000000 0
0.158185000000 -0.455926000000 3.166131000000 0
0.209994000000 -0.811759000000 3.177759000000 0
0.153997000000 -0.818549000000 3.170623000000 0
0.168362000000 -0.875376000000 3.175389000000 0
0.121783000000 -0.885785000000 3.155540000000 0
0.180955000000 0.615465000000 3.080577000000 0
0.346676000000 0.328976000000 3.094239000000 0
0.035263000000 0.333534000000 3.103333000000 0
0.188541000000 0.443741000000 3.092989000000 0
0.185826000000 0.109545000000 3.112914000000 0
0.253077000000 -0.024915000000 3.085459000000 0
0.114098000000 -0.024917000000 3.084893000000 0
0.184353000000 0.044689000000 3.087707000000 0
0.388189000000 0.075639000000 3.115730000000 0
-0.004804000000 0.065586000000 3.123410000000 0
0.393730000000 -0.123545000000 3.043694000000 0
-0.024917000000 -0.146099000000 3.051335000000 0
0.388613000000 -0.203235000000 3.024570000000 0
-0.017924000000 -0.205327000000 3.040082000000 0
0.221416000000 -0.452759000000 3.165223000000 0
0.159664000000 -0.455453000000 3.166129000000 0
0.211925000000 -0.809072000000 3.180142000000 0
0.153875000000 -0.815517000000 3.175958000000 0
0.277700000000 -0.847351000000 3.179803000000 0
0.122961000000 -0.884374000000 3.166227000000 0
0.179925000000 0.621381000000 3.085568000000 0
0.346956000000 0.328666000000 3.094138000000 0
0.035043000000 0.334789000000 3.104973000000 0
0.188169000000 0.444311000000 3.094478000000 0
0.185628000000 0.109619000000 3.112323000000 0
0.252770000000 -0.025248000000 3.085698000000 0
0.113836000000 -0.025288000000 3.086403000000 0
0.184070000000 0.044539000000 3.088669000000 0
0.391605000000 0.070766000000 3.113935000000 0
-0.003886000000 0.065388000000 3.118734000000 0
0.398530000000 -0.128260000000 3.041019000000 0
-0.020456000000 -0.138711000000 3.049305000000 0
0.395971000000 -0.205737000000 3.013853000000 0
-0.017258000000 -0.200272000000 3.038201000000 0
0.221065000000 -0.454899000000 3.166135000000 0
0.160473000000 -0.468755000000 3.168868000000 0
0.215103000000 -0.809735000000 3.177549000000 0
0.153817000000 -0.817499000000 3.180124000000 0
0.170591000000 -0.859229000000 3.140584000000 0
0.141111000000 -0.882704000000 3.101392000000 0
0.179915000000 0.622098000000 3.087123000000 0
0.349339000000 0.329121000000 3.099394000000 0
0.035246000000 0.334474000000 3.105116000000 0
0.188022000000 0.444045000000 3.094421000000 0
0.184848000000 0.109738000000 3.111050000000 0
0.252408000000 -0.025374000000 3.086061000000 0
0.112922000000 -0.025261000000 3.086103000000 0
0.183656000000 0.044605000000 3.088765000000 0
0.391839000000 0.071037000000 3.112521000000 0
-0.004356000000 0.063347000000 3.114816000000 0
0.401673000000 -0.128291000000 3.040526000000 0
-0.016020000000 -0.140406000000 3.053595000000 0
0.401260000000 -0.202348000000 3.004893000000 0
-0.012571000000 -0.199071000000 3.038218000000 0
0.221388000000 -0.458648000000 3.166609000000 0
0.161309000000 -0.472646000000 3.168063000000 0
0.213041000000 -0.810686000000 3.177650000000 0
0.155082000000 -0.819116000000 3.181885000000 0
0.131384000000 -0.871312000000 3.160559000000 0
0.155028000000 -0.882898000000 3.140146000000 0
0.183982000000 0.618415000000 3.085054000000 0
0.349854000000 0.328845000000 3.099910000000 0
0.036094000000 0.335184000000 3.105221000000 0
0.189032000000 0.444491000000 3.094707000000 0
0.184778000000 0.109927000000 3.110138000000 0
0.252103000000 -0.025509000000 3.086304000000 0
0.112417000000 -0.025121000000 3.085954000000 0
0.183478000000 0.044676000000 3.088897000000 0
0.392735000000 0.069833000000 3.111588000000 0
-0.003857000000 0.063242000000 3.113723000000 0
0.403219000000 -0.130114000000 3.041309000000 0
-0.005343000000 -0.146806000000 3.046809000000 0
0.401028000000 -0.204547000000 3.006530000000 0
-0.004093000000 -0.206465000000 3.035434000000 0
0.221472000000 -0.453669000000 3.164883000000 0
0.160767000000 -0.466675000000 3.168328000000 0
0.212695000000 -0.813045000000 3.180092000000 0
0.154389000000 -0.815481000000 3.183762000000 0
0.244468000000 -0.855953000000 3.125638000000 0
0.090602000000 -0.857279000000 3.183486000000 0
0.184524000000 0.618330000000 3.086134000000 0
0.351141000000 0.328479000000 3.099321000000 0
0.038062000000 0.333840000000 3.102706000000 0
0.190329000000 0.444476000000 3.096148000000 0
0.186950000000 0.109771000000 3.110472000000 0
0.255569000000 -0.025683000000 3.086828000000 0
0.115477000000 -0.025837000000 3.087140000000 0
0.186155000000 0.044400000000 3.089906000000 0
0.392780000000 0.067583000000 3.111964000000 0
-0.002200000000 0.063360000000 3.110910000000 0
0.401760000000 -0.131958000000 3.039547000000 0
-0.002333000000 -0.149946000000 3.044255000000 0
0.398273000000 -0.208389000000 3.009614000000 0
-0.000140000000 -0.209809000000 3.034296000000 0
0.221310000000 -0.451874000000 3.164817000000 0
0.161220000000 -0.465409000000 3.169039000000 0
0.215765000000 -0.810617000000 3.181986000000 0
0.154355000000 -0.814612000000 3.184135000000 0
0.194011000000 -0.871362000000 3.141265000000 0
0.218750000000 -0.842773000000 3.140846000000 0
0.185408000000 0.619670000000 3.087031000000 0
