-0.799294302640 1.021387602654 0.192656792270 0
-0.828260794160 1.021074892780 -0.141106165140 0
-0.811276333852 1.003243724295 0.028452334251 0
-0.804610137694 0.862442193997 0.026102066361 0
-0.836866355084 0.640166797173 0.069040560929 0
-0.841231060006 0.639385254068 -0.008810756639 0
-0.814692592593 0.720259259259 0.025661407407 0
-0.770301109099 0.824584102777 0.195181551249 0
-0.778439510556 0.823793063072 -0.133090317618 0
-0.769187368848 0.681657778025 0.224982945056 0
-0.781022030234 0.695376023996 -0.145384038247 0
-0.779788463702 0.572100017854 0.258059282640 0
-0.791945530615 0.583007568626 -0.160715222753 0
-0.863375684826 0.351771262218 0.105527727167 0
-0.872856658302 0.356079759292 -0.041777947457 0
-0.860607468713 0.013311613733 0.099861738549 0
-0.861559136316 0.005859259835 -0.041024009021 0
-0.908481035536 0.004549624300 0.100737534484 0
-0.909754489635 -0.000277651925 -0.035633824320 0
-0.826202586398 1.128299960028 0.026966660521 0
-0.800049993723 1.021643858432 0.192313431728 0
-0.828154022958 1.020811714227 -0.141522363587 0
-0.811612194741 1.003243896844 0.028107371096 0
-0.805002672709 0.862439350754 0.025947011712 0
-0.837070145819 0.640160480206 0.068947582821 0
-0.841697456963 0.639329313710 -0.008888053359 0
-0.815166666667 0.720262962963 0.025449777778 0
-0.771267624430 0.824796968475 0.193527670397 0
-0.783579963552 0.822312365857 -0.132707809172 0
-0.762754651009 0.682000461163 0.222750684968 0
-0.782923910730 0.693803576925 -0.144275076003 0
-0.770556945036 0.572603611131 0.255212756912 0
-0.790373027897 0.581204916301 -0.160015720313 0
-0.863548551386 0.351754748023 0.105376556561 0
-0.873046096357 0.355970958279 -0.041664915990 0
-0.860559472314 0.013341004271 0.099883915953 0
-0.861511137884 0.005886420161 -0.040945336000 0
-0.908417584545 0.004500430450 0.100813015485 0
-0.909709287319 -0.000214862262 -0.035539727574 0
-0.826493711746 1.128300314085 0.025833656301 0
-0.800911281139 1.021429738345 0.192547502204 0
-0.827836464078 1.020954391724 -0.141386137501 0
-0.811894264271 1.003205201586 0.028282126155 0
-0.805351292195 0.862408680788 0.025987676662 0
-0.837396657761 0.640137887788 0.068882024686 0
-0.842226042072 0.639257772502 -0.008940796839 0
-0.815722222222 0.720248148148 0.025283925926 0
-0.773821037164 0.824341212161 0.193457871047 0
-0.786981861129 0.821689261668 -0.131854935767 0
-0.758772909170 0.682243806350 0.223444182981 0
-0.784938789728 0.693187819204 -0.143341712681 0
-0.763902139254 0.572099440333 0.253310920431 0
-0.791734320065 0.580821102561 -0.160072311830 0
-0.863754272442 0.351711303147 0.105233418959 0
-0.873350567725 0.355857921717 -0.041572161908 0
-0.860503800993 0.013412092881 0.099883415951 0
-0.861528056138 0.005918228296 -0.040884935877 0
-0.908371459361 0.004628622915 0.100861074128 0
-0.909737707053 -0.000099308859 -0.035488023445 0
-0.826783105094 1.128252354860 0.025284589461 0
-0.801783241929 1.020963373406 0.193196717520 0
-0.827373222221 1.021248952389 -0.140842110329 0
-0.812105326622 1.003113688405 0.028847343501 0
-0.805632248722 0.862333941714 0.026236033649 0
-0.837804842205 0.640061603403 0.068769359260 0
-0.842790462767 0.639171587109 -0.009043496775 0
-0.816329629630 0.720200000000 0.025124407407 0
-0.774312242916 0.823925600762 0.193436734293 0
-0.788438431049 0.821635074136 -0.130599254782 0
-0.755687350962 0.682016416871 0.222284519734 0
-0.787949567970 0.693190363352 -0.142865394532 0
-0.758665783377 0.571157551489 0.249614930497 0
-0.796485606356 0.581220775817 -0.160829665485 0
-0.863998257369 0.351614275111 0.105074816813 0
-0.873695643190 0.355720860185 -0.041440606795 0
-0.860477217543 0.013372953931 0.099866841162 0
-0.861475080758 0.005991006090 -0.040799720582 0
-0.908332373004 0.004523725270 0.100863398065 0
-0.909692377653 0.000051237784 -0.035384991488 0
-0.826939102140 1.128159313324 0.025334613934 0
-0.802348712191 1.020326601719 0.194128526355 0
-0.826554585183 1.021754299351 -0.140010523368 0
-0.812018222529 1.003035356348 0.029679790177 0
-0.805840914232 0.862262620557 0.026607788397 0
-0.838292896767 0.640011419503 0.068666262043 0
-0.843357316413 0.639095369322 -0.009141202968 0
-0.816966666667 0.720166666667 0.024979222222 0
-0.770940907420 0.823884263895 0.192530104314 0
-0.782556914724 0.823247966310 -0.128786656765 0
-0.752727599636 0.681725491122 0.220395074095 0
-0.789745362202 0.695102286005 -0.142043796052 0
-0.755079798610 0.570144885900 0.246066988020 0
-0.804472368562 0.584095214919 -0.161700569142 0
-0.864304419216 0.351541488668 0.104922877279 0
-0.874016205005 0.355600360763 -0.041384499646 0
-0.860470148974 0.013429883631 0.099830809586 0
-0.861458798142 0.005994655047 -0.040772067708 0
-0.908329642392 0.004606217829 0.100845545692 0
-0.909668955512 0.000001114905 -0.035353021533 0
-0.826814557975 1.128100111289 0.026250231527 0
-0.802477026309 1.019355156989 0.195312972924 0
-0.825634219886 1.022513831364 -0.138888514683 0
-0.811682123048 1.002909641987 0.030750873225 0
-0.805969982399 0.862143005085 0.027032051094 0
-0.838883394293 0.639899373305 0.068553120263 0
-0.843944227709 0.639019862501 -0.009254999697 0
-0.817625925926 0.720096296296 0.024909074074 0
-0.767480723828 0.823557917666 0.191153991162 0
-0.772651731271 0.826275925489 -0.126638019085 0
-0.751872411167 0.680860239359 0.217819530331 0
-0.791480542369 0.699420919498 -0.140851541783 0
-0.755511655276 0.568941890343 0.242655339190 0
-0.816524085974 0.590808462654 -0.162453925727 0
-0.864676920521 0.351406151008 0.104780142475 0
-0.874370324324 0.355491717967 -0.041427369991 0
-0.860439355285 0.013380730119 0.099761887241 0
-0.861497915777 0.005967226604 -0.040732009863 0
-0.908281884374 0.004464280347 0.100765486569 0
-0.909699624548 -0.000089174951 -0.035307700660 0
-0.826398142240 1.128026073968 0.028253922156 0
-0.802377679312 1.018137847418 0.196756224402 0
-0.824536900784 1.023465940459 -0.137485376069 0
-0.811150973683 1.002753700661 0.032067940782 0
-0.805978883005 0.862002446203 0.027542928365 0
-0.839513855848 0.639767880618 0.068420733844 0
-0.844490831375 0.638953761541 -0.009393506694 0
-0.818266666667 0.720018518519 0.024870518519 0
-0.764979765040 0.822853843135 0.190111608326 0
-0.761883043784 0.830175133831 -0.124080424724 0
-0.752256753062 0.679615039665 0.215371615140 0
-0.795012782261 0.706416673877 -0.139410294857 0
-0.758190881394 0.567704236971 0.239595352052 0
-0.832604731361 0.602051284694 -0.162838062463 0
-0.865112975539 0.351251958661 0.104604850431 0
-0.874627902980 0.355393302909 -0.041553119936 0
-0.860511058528 0.013491163189 0.099626291434 0
-0.861452060801 0.005859777918 -0.040751845955 0
-0.908416327539 0.004918026873 0.100628495235 0
-0.909633098840 -0.000348957769 -0.035316127674 0
-0.825698875766 1.127926760318 0.031215679347 0
-0.801937576682 1.016617329051 0.198480702855 0
-0.823439986360 1.024690816334 -0.135748757753 0
-0.810450331358 1.002579039792 0.033658577915 0
-0.805857553243 0.861858588901 0.028132037337 0
-0.840140311353 0.639618729006 0.068294493518 0
-0.844965194711 0.638928314714 -0.009530521320 0
-0.818840740741 0.719948148148 0.024915444444 0
-0.763878753580 0.821553008121 0.189534534549 0
-0.748364047677 0.836010454840 -0.120587654169 0
-0.753505200912 0.677781582802 0.212760908879 0
-0.800964690866 0.719443256260 -0.137734124689 0
-0.761828039871 0.566038503292 0.236109226694 0
-0.854493050576 0.622863379880 -0.163258826558 0
-0.865540147667 0.351082707341 0.104458770941 0
-0.874781338831 0.355351324472 -0.041843145214 0
-0.860544970024 0.013596134688 0.099484632174 0
-0.861426018334 0.005777266758 -0.040764657590 0
-0.908513438151 0.005380580360 0.100458598540 0
-0.909605880886 -0.000473157048 -0.035366425915 0
-0.824819429491 1.127776777011 0.034773401842 0
-0.801188191322 1.014840634673 0.200472005215 0
-0.822418038542 1.026088842607 -0.133683106316 0
-0.809619719702 1.002362604245 0.035520250108 0
-0.805562635577 0.861696297212 0.028834601446 0
-0.840737159162 0.639487216958 0.068305285249 0
-0.845348364166 0.638901424922 -0.009533540165 0
-0.819303703704 0.719870370370 0.025092037037 0
-0.763535992828 0.819808134422 0.189370967520 0
-0.737942473925 0.841693372787 -0.115552355179 0
-0.755608519483 0.675516334505 0.210211539503 0
-0.812239913532 0.738533526518 -0.137613123201 0
-0.765948987684 0.563762068446 0.232251807258 0
-0.883180622047 0.655028643960 -0.166923360790 0
-0.866145272624 0.350880992406 0.103899067923 0
-0.874852806575 0.355335347055 -0.042225815549 0
-0.860647923165 0.013860211491 0.099389281247 0
-0.861352601709 0.005570231853 -0.040778554392 0
-0.908718620994 0.006262105767 0.100335155118 0
-0.909496215266 -0.000972114622 -0.035402865154 0
-0.823752156547 1.127552486598 0.038817358862 0
-0.800373382229 1.012796108452 0.202806012674 0
-0.820997417111 1.027696257087 -0.131244136125 0
-0.808569846637 1.002114659250 0.037716346004 0
-0.805105442751 0.861521191249 0.029681531947 0
-0.841284095604 0.639371658858 0.068285205722 0
-0.845603074636 0.638891833058 -0.009571106116 0
-0.819618518519 0.719792592593 0.025258407407 0
-0.763883691235 0.817697199892 0.189259220681 0
-0.732355944038 0.845490442801 -0.110989138318 0
-0.758803269434 0.672939471361 0.207608257233 0
-0.827165296076 0.762351576846 -0.138336105863 0
-0.770350036200 0.560758334603 0.227972503113 0
-0.915034222399 0.699306027840 -0.171919434356 0
-0.866647898263 0.350700889492 0.103383736651 0
-0.874913318626 0.355345847384 -0.042610493433 0
-0.860719371739 0.014043528162 0.099282094051 0
-0.861362336915 0.005404266840 -0.040803171459 0
-0.908852458510 0.006844691714 0.100176850698 0
-0.909506227488 -0.001177738249 -0.035478618137 0
-0.822404386469 1.127256511312 0.043281055565 0
-0.799483773425 1.010635380730 0.205534806703 0
-0.819100884776 1.029457726674 -0.128377989387 0
-0.807265386085 1.001884466461 0.040311498931 0
-0.804459114510 0.861378144081 0.030763183621 0
-0.841653703418 0.639332693140 0.068198417747 0
-0.845608518795 0.638935853328 -0.009677708628 0
-0.819640740741 0.719755555556 0.025351925926 0
-0.764108409821 0.815542938837 0.189221621559 0
-0.734285763024 0.845465480043 -0.107889388988 0
-0.762436778841 0.670368280212 0.204675486469 0
-0.845284363268 0.787753524726 -0.139470741989 0
-0.774935517072 0.557621815974 0.223204988817 0
-0.944822532120 0.750133368364 -0.177133373700 0
-0.866991112813 0.350621920447 0.102985597301 0
-0.874885661834 0.355400153332 -0.042834506303 0
-0.860821117196 0.014184695602 0.099271957475 0
-0.861330420911 0.005346058789 -0.040761345453 0
-0.908991321749 0.007235264204 0.100140677415 0
-0.909470172779 -0.001293832302 -0.035471355381 0
-0.820864375011 1.126930051435 0.048079637273 0
-0.798361098927 1.008460662893 0.208510565540 0
-0.816930674460 1.031092269208 -0.125225630305 0
-0.805723276129 1.001585396910 0.043179375223 0
-0.803646889433 0.861177477851 0.032101264052 0
-0.842002518832 0.639274404528 0.068111101152 0
-0.845499888941 0.638989546796 -0.009787399246 0
-0.819470370370 0.719677777778 0.025498555556 0
-0.763756651167 0.813512043963 0.189115581250 0
-0.745096821089 0.841162245075 -0.109960706877 0
-0.765992168775 0.668049485662 0.201482650066 0
-0.867117650119 0.814964029771 -0.142722143013 0
-0.780178010239 0.554951538021 0.217987580083 0
-0.971723115018 0.806989546747 -0.182923716045 0
-0.867313055450 0.350523913186 0.102586787237 0
-0.874780339703 0.355469702030 -0.043076591722 0
-0.860901102540 0.014281092477 0.099256727789 0
-0.861339416815 0.005286112652 -0.040768062921 0
-0.909088098375 0.007444101094 0.100085497397 0
-0.909476895770 -0.001406856144 -0.035524481403 0
-0.819284343985 1.126487436843 0.052978235828 0
-0.796290157709 1.006096895820 0.211663452323 0
-0.814771642400 1.032804489407 -0.121776206874 0
-0.803728021312 1.001230405373 0.046264332365 0
-0.802545491308 0.860948073596 0.033526990517 0
-0.842281411300 0.639240606340 0.068008742639 0
-0.845258198133 0.639077966880 -0.009911738586 0
-0.819103703704 0.719600000000 0.025660296296 0
-0.763854708339 0.811098741249 0.189252326031 0
-0.766409718700 0.835045740654 -0.117401727217 0
-0.769842042191 0.665520780288 0.198660137320 0
-0.891701333951 0.839547449946 -0.147905606665 0
-0.786501250908 0.552293616471 0.212559984016 0
-0.994145481083 0.860281477737 -0.186997354234 0
-0.867551794716 0.350444891861 0.102133300734 0
-0.874634992810 0.355596226278 -0.043439699870 0
-0.861008123167 0.014396539978 0.099196038057 0
-0.861432319104 0.005190100257 -0.040792112487 0
-0.909233548394 0.007832740033 0.099997767253 0
-0.909578042437 -0.001486620208 -0.035603799937 0
-0.817627976379 1.125928591368 0.057997992938 0
-0.793254877149 1.003155558543 0.215100460247 0
-0.812759088118 1.034970445216 -0.117832364655 0
-0.801310914436 1.000814365899 0.049675273207 0
-0.801047863924 0.860729849016 0.034915754224 0
-0.842374839736 0.639265163964 0.067877159051 0
-0.844737672709 0.639211195721 -0.010064506402 0
-0.818488888889 0.719566666667 0.025813407407 0
-0.764893721563 0.807872439437 0.189827045573 0
-0.795748439014 0.832292997171 -0.127783460850 0
-0.773856416052 0.662292007016 0.196407744713 0
-0.917581266222 0.866804081594 -0.152572332676 0
-0.793080822506 0.549210196162 0.207809718693 0
-1.010814532006 0.915381762712 -0.186597724134 0
-0.867697135013 0.350429084646 0.101619463225 0
-0.874298302352 0.355768587424 -0.043761308703 0
-0.861103373983 0.014566484074 0.099122265364 0
-0.861472122113 0.005115703182 -0.040887377929 0
-0.909363268532 0.008258307566 0.099901601671 0
-0.909617505726 -0.001611432590 -0.035761410739 0
-0.815758166644 1.125232390372 0.063555657405 0
-0.789115823889 0.999315414029 0.218818072475 0
-0.811108722695 1.037844482973 -0.113249225532 0
-0.798493749434 1.000306681347 0.053448954050 0
-0.799113156703 0.860537655232 0.036137683007 0
-0.842090726249 0.639310412174 0.067661114216 0
-0.843854766534 0.639386277551 -0.010296383897 0
-0.817600000000 0.719592592593 0.025909407407 0
-0.764602315070 0.803876931404 0.190863025745 0
-0.828252736697 0.836598976102 -0.139188832174 0
-0.777107281885 0.658462352221 0.194803046512 0
-0.941478258789 0.896874029255 -0.153175969637 0
-0.799069877265 0.545677462246 0.204092501935 0
-1.021156600492 0.967011689677 -0.179165730718 0
-0.867546877466 0.350457563489 0.101158257630 0
-0.873868436853 0.355995719389 -0.044030471210 0
-0.861161565100 0.014661889886 0.099079534803 0
-0.861540290664 0.005102767330 -0.040900110427 0
-0.909457876960 0.008636776186 0.099842518018 0
-0.909690743236 -0.001631235035 -0.035831088046 0
-0.813603797658 1.124382787051 0.069504733474 0
-0.784709189978 0.995002238133 0.222633665853 0
-0.810196245255 1.040995289646 -0.108231739384 0
-0.795830295470 0.999715284800 0.057436869181 0
-0.796915247902 0.860378798658 0.037281199934 0
-0.841517174383 0.639428000567 0.067440903424 0
-0.842724439483 0.639579893069 -0.010527093506 0
-0.816500000000 0.719677777778 0.025939777778 0
-0.764222019978 0.799459629396 0.192269850595 0
-0.861677852510 0.848468708357 -0.150061083824 0
-0.780326968170 0.654357247299 0.194066277949 0
-0.964545286062 0.926358844651 -0.150459433843 0
-0.804833432220 0.541887940505 0.201478303929 0
-1.029863182071 1.010511773265 -0.166655773971 0
-0.867189503486 0.350569164383 0.100720727968 0
-0.873348620947 0.356246168993 -0.044189800160 0
-0.861164048689 0.014812649383 0.099160912579 0
-0.861607017038 0.005159790351 -0.040860546035 0
-0.909495910314 0.009081312249 0.099936028272 0
-0.909768596490 -0.001529861970 -0.035838726131 0
-0.811477466015 1.123443648650 0.075478890863 0
-0.780122503839 0.990589528140 0.226291656402 0
-0.809777077469 1.044221463967 -0.103073018206 0
-0.793349333670 0.999119719649 0.061403329852 0
-0.795014598602 0.860268477261 0.038366023629 0
-0.840893600613 0.639540417360 0.067190709254 0
-0.841580323278 0.639804233367 -0.010783311541 0
-0.815400000000 0.719785185185 0.025970777778 0
-0.763840772530 0.794976994106 0.193899697556 0
-0.892201437306 0.866856584718 -0.159769217013 0
-0.783141573461 0.650253977677 0.194059060377 0
-0.986865545216 0.953421318317 -0.145841027232 0
-0.810264107683 0.538330985053 0.200155138398 0
-1.040680932740 1.044662885587 -0.151118219949 0
-0.866812130387 0.350668311099 0.100163098969 0
-0.872795883634 0.356553942417 -0.044604591483 0
-0.861098982852 0.015023207984 0.099246497592 0
-0.861669550594 0.005152377069 -0.040904685753 0
-0.909477967532 0.009708722212 0.100051457263 0
-0.909847874568 -0.001473324479 -0.035959280142 0
-0.809311737700 1.122520085066 0.081197998976 0
-0.775176903936 0.986167242264 0.229612934256 0
-0.809972233237 1.047324130268 -0.097932463003 0
-0.791010509724 0.998467052949 0.065193090526 0
-0.793339013423 0.860143281979 0.039340860454 0
-0.840230411154 0.639615888586 0.067005882034 0
-0.840429964869 0.639964374105 -0.010970574939 0
-0.814303703704 0.719848148148 0.026032481481 0
-0.763029670262 0.790548414344 0.195490857522 0
-0.920016357235 0.890668312494 -0.167328284027 0
-0.785164420667 0.646235953793 0.194366423593 0
-1.009667282212 0.979245381101 -0.139659610988 0
-0.814792430369 0.535012904889 0.199786533518 0
-1.056905102398 1.073012376803 -0.131982105404 0
-0.866418979780 0.350711708622 0.099480119785 0
-0.872305204132 0.356835190863 -0.045188292966 0
-0.860992086817 0.015142290950 0.099305792802 0
-0.861760971932 0.004952355308 -0.041030626919 0
-0.909391418473 0.010022706927 0.100149849934 0
-0.909888490467 -0.002061168407 -0.036125496604 0
-0.807179625007 1.121523768494 0.086704672769 0
-0.770388567971 0.982138159694 0.232593759255 0
-0.810640298363 1.050084087979 -0.092982677526 0
-0.788950640175 0.997851435285 0.068751103415 0
-0.791717200034 0.860072709815 0.040306078056 0
-0.839476329701 0.639737558883 0.066851519812 0
-0.839238916486 0.640159438131 -0.011124468535 0
-0.813170370370 0.719959259259 0.026099777778 0
-0.762179205765 0.786587820909 0.196938905216 0
-0.944587123944 0.918085815856 -0.171093102679 0
-0.786402813414 0.642622064662 0.194847097760 0
-1.032621197756 1.003843255531 -0.131794193171 0
-0.818158135959 0.532159767117 0.200119314302 0
-1.078661928886 1.096570758105 -0.110423528416 0
-0.865974306395 0.350796898797 0.098745008574 0
-0.871778659723 0.357188548474 -0.046019428419 0
-0.860805334852 0.015363696684 0.099352477914 0
-0.861892666230 0.004665335768 -0.041231397509 0
-0.909235099008 0.010548694870 0.100242185224 0
-0.909956325991 -0.002803648055 -0.036372719748 0
-0.805163347222 1.120552053462 0.091966224195 0
-0.765365199129 0.978392007227 0.235242421887 0
-0.811919542766 1.052528105008 -0.088135683822 0
-0.787068359242 0.997227356815 0.072116470934 0
-0.790195610381 0.859998875707 0.041239269070 0
-0.838549671593 0.639831321755 0.066639581190 0
-0.838011023046 0.640342745688 -0.011334372211 0
-0.811929629630 0.720048148148 0.026082666667 0
-0.760330290107 0.783004364971 0.198135600573 0
-0.963644724044 0.945464722663 -0.171702638843 0
-0.786334205152 0.639359048045 0.195467806516 0
-1.052676535705 1.025707593609 -0.123920224979 0
-0.819687048462 0.529522155311 0.201002344470 0
-1.103517230454 1.114436988900 -0.090557605170 0
-0.865434257841 0.350876100562 0.098074301045 0
-0.871229105741 0.357519299069 -0.046781156731 0
-0.860592288905 0.015496886907 0.099446598055 0
-0.861972575321 0.004399197171 -0.041415947139 0
-0.909035431826 0.010831067188 0.100400489057 0
-0.909967807883 -0.003516427745 -0.036588070575 0
-0.803501945942 1.119599477421 0.096667965114 0
-0.760080565960 0.974645373954 0.237588075709 0
-0.813628678103 1.055000563849 -0.083211722140 0
-0.785284876547 0.996624836681 0.075361322757 0
-0.788836746344 0.859985286014 0.042042441685 0
-0.837429414976 0.639952688720 0.066405824893 0
-0.836728954313 0.640528900545 -0.011566390932 0
-0.810614814815 0.720166666667 0.025971629630 0
-0.757017333139 0.779429478990 0.199378545467 0
-0.978209457098 0.972313539070 -0.170059621153 0
-0.784804183057 0.636124527182 0.196398686979 0
-1.070738921732 1.044155049437 -0.115968619472 0
-0.819522894011 0.526819006399 0.202314767119 0
-1.131419688049 1.124865587004 -0.072209980981 0
-0.864736683837 0.351000522732 0.097502469135 0
-0.870675461888 0.357840225768 -0.047396061387 0
-0.860376892371 0.015567321531 0.099572375497 0
-0.862030384684 0.004199422507 -0.041597988833 0
-0.908817398756 0.010886074454 0.100582892559 0
-0.909955775060 -0.004141818875 -0.036792938562 0
-0.802344897734 1.118612480941 0.101178797032 0
-0.754712805528 0.971143414340 0.239657415586 0
-0.815711885331 1.057248352129 -0.078307864136 0
-0.783654072838 0.996037610665 0.078478771023 0
-0.787629693854 0.859986257022 0.042846144050 0
-0.836191535917 0.640074205387 0.066145787758 0
-0.835432767457 0.640712471996 -0.011825399177 0
-0.809218518519 0.720277777778 0.025796407407 0
-0.753266421406 0.776072055711 0.200623196507 0
-0.989326566674 0.997803806864 -0.166573502439 0
-0.782469466713 0.633050310903 0.197580097082 0
-1.086486922233 1.058263477888 -0.106964489803 0
-0.817428299144 0.523733573313 0.203962019091 0
-1.158826115135 1.126439661300 -0.055031901350 0
-0.863878333515 0.351173341688 0.097383179416 0
-0.870084529934 0.358139025080 -0.047888121813 0
-0.860100420121 0.015575649122 0.099738727334 0
-0.862012929682 0.004004189185 -0.041781232041 0
-0.908531172402 0.010814746873 0.100840508180 0
-0.909865246299 -0.004745901714 -0.036975031646 0
-0.801445114226 1.117614750887 0.105485087417 0
-0.749311727379 0.967806699286 0.241426173409 0
-0.818281569203 1.059334239794 -0.073379699161 0
-0.782242355117 0.995458993509 0.081467435579 0
-0.786608349095 0.860016767077 0.043593027664 0
-0.834920463028 0.640220650246 0.065887096601 0
-0.834275891710 0.640895044148 -0.012084813895 0
-0.807933333333 0.720418518519 0.025535814815 0
-0.749750690233 0.772840965728 0.201843761997 0
-0.997072538612 1.020803285126 -0.162910080789 0
-0.779989070654 0.630031556501 0.198943626961 0
-1.098698424404 1.068690667360 -0.099445769089 0
-0.814829002470 0.520596024963 0.205908657331 0
-1.182348134050 1.120768364693 -0.042702899725 0
-0.863060539211 0.351379890112 0.097274894276 0
-0.869672145494 0.358404573232 -0.048074486965 0
-0.859939903486 0.015613798212 0.099916733156 0
-0.862028157372 0.003974602761 -0.041909148799 0
-0.908373263579 0.010901603663 0.101109515804 0
-0.909829454542 -0.005035773611 -0.037076244388 0
-0.800690299457 1.116626398489 0.109564372710 0
-0.744274329200 0.964690420999 0.242870409594 0
-0.821090747154 1.061034402806 -0.068664407497 0
-0.781115422898 0.994802213321 0.084213902619 0
-0.785787624447 0.859963387838 0.044269905097 0
-0.833811109650 0.640305138663 0.065663561956 0
-0.833458425873 0.640986433823 -0.012310155134 0
-0.806933333333 0.720492592593 0.025218703704 0
-0.746325642973 0.769805953675 0.202940048324 0
-1.002789652952 1.037879291821 -0.157635655163 0
-0.776890397848 0.627060846758 0.200307937382 0
-1.107785299343 1.075045397366 -0.092494763722 0
-0.811337238811 0.517493553386 0.207929429018 0
-1.198857881132 1.112205761254 -0.034167758011 0
-0.862335113137 0.351517003526 0.097188737201 0
-0.869423196553 0.358553904518 -0.048190778999 0
-0.859708259932 0.015690154722 0.100073273177 0
-0.861944347820 0.003965173921 -0.042074159494 0
-0.908146761108 0.011056865547 0.101362502802 0
-0.909701558625 -0.005254161987 -0.037199683094 0
-0.800085115548 1.115558081333 0.113374202287 0
-0.740455718656 0.962692024779 0.244004619758 0
-0.823322557296 1.061983984311 -0.065044018782 0
-0.780287771463 0.994317822848 0.086368678764 0
-0.785040014524 0.859915087051 0.044967952575 0
-0.832737071154 0.640398446276 0.065464106073 0
-0.832778979064 0.641084050630 -0.012510359595 0
-0.806033333333 0.720577777778 0.024888074074 0
-0.743097354865 0.767876593427 0.203773205305 0
-1.007098737718 1.050380618847 -0.151981995891 0
-0.773539798147 0.625100437628 0.201422720309 0
-1.114973530550 1.078126280997 -0.086851755577 0
-0.807062933590 0.515198392055 0.209609844404 0
-1.210502348608 1.102252191452 -0.028547980140 0
-0.861692455257 0.351667696969 0.097121373502 0
-0.869235750561 0.358681294589 -0.048127837055 0
-0.859495174519 0.015805177181 0.100200674665 0
-0.861813280658 0.003994598910 -0.042198854127 0
-0.907944435529 0.011314096221 0.101585296356 0
-0.909522958524 -0.005432217576 -0.037256220468 0
-0.799589778752 1.114594752761 0.116817736805 0
-0.737049673453 0.960887122208 0.244930976046 0
-0.825290273254 1.062800813178 -0.061767676212 0
-0.779541245640 0.993862121170 0.088268953961 0
-0.784379213751 0.859861517648 0.045577428203 0
-0.831672120123 0.640472534901 0.065413952278 0
-0.832157125910 0.641122253289 -0.012559323536 0
-0.805211111111 0.720637037037 0.024650037037 0
-0.739365380053 0.766107591656 0.204506117057 0
-1.010103486949 1.059622742271 -0.147210700231 0
-0.769199101938 0.623199646245 0.202369303019 0
-1.119707697016 1.079243211166 -0.082013344180 0
-0.801562283173 0.512945381465 0.211101189055 0
-1.216823792894 1.094258364636 -0.023335270917 0
-0.861078005795 0.351796137423 0.097151530511 0
-0.869084835682 0.358741820783 -0.047867298512 0
-0.859287900571 0.015864564115 0.100367950306 0
-0.861595862031 0.004019427867 -0.042346110528 0
-0.907732587016 0.011355766608 0.101851519699 0
-0.909223149146 -0.005769547241 -0.037313680999 0
-0.799118922971 1.113642567346 0.119911711321 0
-0.733916646835 0.959154637098 0.245621312768 0
-0.827082381364 1.063704481923 -0.058724449505 0
-0.778856446859 0.993486762417 0.089937039407 0
-0.783828282471 0.859876268527 0.046052869031 0
-0.830614603737 0.640559240653 0.065559747363 0
-0.831585805981 0.641166568164 -0.012409330003 0
-0.804459259259 0.720718518519 0.024588814815 0
-0.735719598169 0.764368577480 0.205201792873 0
-1.012558954980 1.063162194619 -0.142776106293 0
-0.764390425003 0.621221371643 0.203162443185 0
-1.122559624725 1.079560375727 -0.077356742096 0
-0.795701116776 0.510716470809 0.212245341641 0
-1.219704462144 1.092110542924 -0.018143103744 0
-0.860520388119 0.351935667393 0.097310644420 0
-0.868986147172 0.358820732283 -0.047495808136 0
-0.859087881686 0.015979409821 0.100537865188 0
-0.861534564695 0.004202502879 -0.042363301648 0
-0.907536822035 0.011546600453 0.102108934254 0
-0.909207694199 -0.005324958463 -0.037263491630 0
-0.798724457241 1.112768258737 0.122569196638 0
-0.731197635419 0.957658252481 0.246195289389 0
-0.828680313983 1.064444827652 -0.056014276807 0
-0.778267727757 0.993146839973 0.091402395520 0
-0.783281541808 0.859886080260 0.046505202606 0
-0.829643299473 0.640602348791 0.065861056167 0
-0.831054458495 0.641187103865 -0.012101471996 0
-0.803792592593 0.720774074074 0.024721481481 0
-0.732138624043 0.762841543357 0.205894400692 0
-1.014022438883 1.062748636951 -0.140346679353 0
-0.759681011265 0.619473124895 0.203842257511 0
-1.123422621351 1.080077369853 -0.074164687904 0
-0.789993044571 0.508692174441 0.213000593500 0
-1.219925327089 1.093529444147 -0.014108307802 0
-0.860050623945 0.352023550855 0.097542508871 0
-0.868821258666 0.358854073487 -0.046897251492 0
-0.858956089404 0.016037134561 0.100696808490 0
-0.861433855128 0.004401039915 -0.042362973257 0
-0.907406656276 0.011654740195 0.102356647977 0
-0.909175485400 -0.004734741063 -0.037187830416 0
-0.798431369276 1.112061121841 0.124347336590 0
-0.729299573129 0.957875443872 0.246411879940 0
-0.829484886498 1.064383491619 -0.055011088508 0
-0.777718624474 0.993226673842 0.092004109949 0
-0.782841680221 0.859968016150 0.047072673337 0
-0.828799098993 0.640658912506 0.066334044607 0
-0.830520056859 0.641240270679 -0.011622285684 0
-0.803225925926 0.720866666667 0.025091370370 0
-0.729294503290 0.763040200247 0.206189683841 0
-1.014084222827 1.059206475350 -0.140817952883 0
-0.755785561900 0.619475359944 0.204031388195 0
-1.121772271891 1.079607967783 -0.072731213386 0
-0.784921222234 0.508315013481 0.213091980345 0
-1.217049784247 1.095878705776 -0.011411209729 0
-0.859670165657 0.352113730191 0.097872869103 0
-0.868488687446 0.358923467556 -0.046329968896 0
-0.858779474593 0.016121279303 0.100833943041 0
-0.861325531871 0.004559768127 -0.042357943638 0
-0.907231276863 0.011783771839 0.102573702673 0
-0.909143785015 -0.004136448428 -0.037133162066 0
-0.798670025740 1.111812633517 0.124330879669 0
-0.728372752403 0.958736525177 0.246583463387 0
-0.829525667394 1.064056521942 -0.054933788569 0
-0.777274118106 0.993481284989 0.092190032422 0
-0.782441732490 0.860077100973 0.047672654787 0
-0.828104941706 0.640602452411 0.066848316912 0
-0.829982056725 0.641354324445 -0.011102951413 0
-0.802770370370 0.720951851852 0.025734296296 0
-0.727638219511 0.763791649781 0.206902822492 0
-1.012792029249 1.054544279746 -0.143191889077 0
-0.752871597926 0.620001557669 0.204670375052 0
-1.118141043362 1.078237470169 -0.072559326805 0
-0.780793520475 0.508442474385 0.213481817523 0
-1.211036380576 1.097956186670 -0.008646402835 0
-0.859526171914 0.352102832324 0.098260383810 0
-0.867997692226 0.359043803411 -0.045810280307 0
-0.858626614238 0.016181322500 0.100919730604 0
-0.861226679733 0.004602030362 -0.042406820463 0
-0.907083380527 0.011924530020 0.102719562931 0
-0.909061246933 -0.003985066011 -0.037150984161 0
-0.798763975797 1.111932443723 0.123285617689 0
-0.728372313734 0.959398853006 0.246859987276 0
-0.829314518232 1.063751435441 -0.055063971773 0
-0.777143905515 0.993651642827 0.092315651722 0
-0.782128284692 0.860120975895 0.048163772118 0
-0.827686036789 0.640595720859 0.067616499941 0
-0.829636472831 0.641344703059 -0.010332996085 0
-0.802381481481 0.720940740741 0.026475444444 0
-0.727748405129 0.764220710252 0.208341153280 0
-1.009584597912 1.048839315490 -0.148588628923 0
-0.751029460402 0.620104888762 0.205907995012 0
-1.111742630254 1.075781012385 -0.074516891423 0
-0.777659447896 0.508170680651 0.214254076845 0
-1.201003774049 1.100399334251 -0.007233956346 0
-0.859530763060 0.352114968701 0.098774347879 0
-0.867689357130 0.359045618332 -0.045092487837 0
-0.858574631544 0.016298009021 0.100993590190 0
-0.861129448122 0.004561560492 -0.042370806976 0
-0.907038925354 0.012155776017 0.102856922946 0
-0.908948790397 -0.004087933156 -0.037078867577 0
-0.799343578859 1.112053887596 0.121459212131 0
-0.729021265200 0.960190941124 0.246883061530 0
-0.828496177507 1.063399149360 -0.055919968064 0
-0.777031649810 0.993859686229 0.091972467961 0
-0.781754692111 0.860157487540 0.048346466510 0
-0.827350423062 0.640590847610 0.068364824759 0
-0.829382135634 0.641313375596 -0.009582844886 0
-0.802000000000 0.720892592593 0.027167555556 0
-0.728951702521 0.764737121078 0.209783241666 0
-1.004925691711 1.037673696443 -0.154293552091 0
-0.749792093207 0.620254685761 0.206990071731 0
-1.103801471686 1.070929612303 -0.078356966081 0
-0.775053222344 0.507968091622 0.214684356755 0
-1.188570049701 1.103742073249 -0.008984498224 0
-0.859498991056 0.352118024359 0.099283140794 0
-0.867415673620 0.358980642197 -0.044089295701 0
-0.858564974323 0.016297110887 0.101063516918 0
-0.860959619982 0.004644598996 -0.042256661581 0
-0.907023342328 0.012100431228 0.102958860641 0
-0.908779087779 -0.003984435100 -0.036932553322 0
-0.800541690391 1.112187475670 0.118532591324 0
-0.730786657378 0.961613182821 0.246662925719 0
-0.827019963187 1.062690796379 -0.057901244937 0
-0.777107681169 0.994197270703 0.091007815302 0
-0.781281729990 0.860204374718 0.048334087357 0
-0.827320332317 0.640627190065 0.069348855407 0
-0.829259184990 0.641258622556 -0.008601970433 0
-0.801755555556 0.720825925926 0.028083444444 0
-0.731012816555 0.765890649557 0.211008528124 0
-0.997616050313 1.022232433949 -0.161470692223 0
-0.749638715395 0.621112708798 0.207890586576 0
-1.092638811535 1.064205046129 -0.084934977838 0
-0.773733598968 0.508496784839 0.214704311392 0
-1.172282075202 1.107616197734 -0.015674980130 0
-0.859479770896 0.352110628673 0.099844867563 0
-0.867211287748 0.358946801113 -0.043368202298 0
-0.858506322843 0.016366931130 0.101049292848 0
-0.860864187265 0.004579441932 -0.042188105602 0
-0.906959562440 0.012124349244 0.102973337883 0
-0.908635240408 -0.004300002105 -0.036841161261 0
-0.802546626006 1.112333489525 0.114724668781 0
-0.734317252460 0.964563226857 0.246064465122 0
-0.824554368971 1.060906848209 -0.061851167131 0
-0.777542714943 0.994735647647 0.089038805295 0
-0.780890398474 0.860162784816 0.048270462734 0
-0.827773443769 0.640580626536 0.070244274920 0
-0.829415414355 0.641179162219 -0.007713629063 0
-0.801811111111 0.720681481481 0.029037000000 0
-0.734400232641 0.768614992513 0.211671445257 0
-0.986681592239 1.002491876099 -0.170336138224 0
-0.751373927444 0.623641871636 0.208209407504 0
-1.076854857757 1.054955211614 -0.094407740950 0
-0.774520067746 0.510723517207 0.214055393673 0
-1.150027278142 1.110247802668 -0.027084687302 0
-0.859780382596 0.352009454160 0.100381905641 0
-0.867161664330 0.358848829444 -0.042553567587 0
-0.858556246054 0.016310319181 0.101016252187 0
-0.860893988089 0.004775308692 -0.042022450985 0
-0.906998668739 0.011947231932 0.102943175098 0
-0.908744672790 -0.003669931456 -0.036684122496 0
-0.805253020505 1.112508094871 0.109981688170 0
-0.738877222689 0.968748253215 0.244743735878 0
-0.821477103409 1.058344189253 -0.067324678268 0
-0.778221720776 0.995483738578 0.086083414058 0
-0.780808338311 0.860105828682 0.048048520895 0
-0.828543601982 0.640503151512 0.071123621645 0
-0.829742238702 0.641066380394 -0.006842622006 0
-0.802018518519 0.720474074074 0.030022518519 0
-0.738224923919 0.772608519070 0.211466469782 0
-0.972193270911 0.976994309606 -0.177476248296 0
-0.754077195566 0.627514328121 0.207767951936 0
-1.057786903015 1.041182434655 -0.105348891169 0
-0.776607673332 0.514412129337 0.212930325526 0
-1.124489538724 1.108760478757 -0.043511295372 0
-0.860324829872 0.351872271319 0.100926490598 0
-0.867247117265 0.358719744931 -0.041810879540 0
-0.858705956939 0.016275973591 0.100933261383 0
-0.861021590341 0.005009368705 -0.041774150766 0
-0.907139219464 0.011802156051 0.102836394481 0
-0.909000192846 -0.002705918268 -0.036479256320 0
-0.808437222964 1.112758664700 0.104280814497 0
-0.744483514498 0.973464041646 0.242801947128 0
-0.818455717486 1.055224101178 -0.073552716198 0
-0.779412557299 0.996227355484 0.082497028490 0
-0.780889016130 0.860005077081 0.047610007507 0
-0.829528035723 0.640351747889 0.071962348172 0
-0.830165122846 0.640940116092 -0.006010320428 0
-0.802248148148 0.720177777778 0.031074185185 0
-0.742582445424 0.777167747907 0.210510334533 0
-0.953266499783 0.947686685272 -0.181849953470 0
-0.757667306116 0.631993774350 0.206733804749 0
-1.035540442975 1.024104822529 -0.118288900383 0
-0.780202391379 0.518947600466 0.211592576496 0
-1.096330572097 1.103128354210 -0.065469136097 0
-0.861066072780 0.351663220004 0.101463679184 0
-0.867357137934 0.358551922662 -0.040977158049 0
-0.858906873212 0.016163639745 0.100777957105 0
-0.861151759513 0.005275321172 -0.041541150473 0
-0.907321348861 0.011469197329 0.102626912439 0
-0.909257319085 -0.001642419716 -0.036296357066 0
-0.812186345053 1.113013167392 0.097770753638 0
-0.751179694931 0.978511081410 0.240343508033 0
-0.815846353600 1.051552478319 -0.080156171766 0
-0.781267557780 0.996882565999 0.078500737140 0
-0.781005005811 0.859856914558 0.047046036877 0
-0.830683562898 0.640217682678 0.072890710702 0
-0.830663091905 0.640810858561 -0.005084521450 0
-0.802381481481 0.719807407407 0.032237333333 0
-0.746995090761 0.782087267127 0.209058183777 0
-0.932038423673 0.918695492071 -0.181718755928 0
-0.761783230319 0.636879668478 0.205402774018 0
-1.013054947841 1.004620000402 -0.129737580681 0
-0.784593467600 0.523913006324 0.209933326697 0
-1.069752481490 1.092730611587 -0.089819240151 0
-0.861846616707 0.351454756774 0.102060543507 0
-0.867498622967 0.358393965885 -0.040196626073 0
-0.859134483447 0.016044851216 0.100629068185 0
-0.861225611345 0.005479311993 -0.041354335589 0
-0.907526853082 0.011098425179 0.102398053286 0
-0.909442355491 -0.000683854507 -0.036190149181 0
-0.816562303271 1.113191140660 0.090253739275 0
-0.758210222579 0.984312981834 0.236848072919 0
-0.814136354903 1.046951390484 -0.087475168065 0
-0.783652003256 0.997475771863 0.073706017698 0
-0.781058325961 0.859656767913 0.046305621219 0
-0.831819540108 0.640148015657 0.074265027136 0
-0.831032629176 0.640582618000 -0.003707282037 0
-0.802222222222 0.719329629630 0.033737259259 0
-0.751806137200 0.787738051739 0.206916788421 0
-0.907637679282 0.890663051459 -0.178568482136 0
-0.766160306906 0.642478733921 0.203602245190 0
-0.990468456143 0.982104408250 -0.140802338929 0
-0.789113409319 0.529501062230 0.207463129298 0
-1.046868184990 1.075007856152 -0.115323307846 0
-0.862803270423 0.351205050083 0.101797072943 0
-0.867679578295 0.358224260034 -0.039481243450 0
-0.859402543196 0.016101372723 0.100491771008 0
-0.861293511390 0.005520931135 -0.041171480384 0
-0.907783278755 0.010991645586 0.102108246511 0
-0.909592599454 -0.000058281903 -0.036113977780 0
-0.821497804178 1.113214147508 0.081673269638 0
-0.766540763694 0.991445437837 0.232058302312 0
-0.811986749389 1.040739130900 -0.096181947148 0
-0.786423491094 0.997957513163 0.067747184450 0
-0.781049487729 0.859336970412 0.045511522439 0
-0.832844521426 0.639987800610 0.075586828457 0
-0.831178018991 0.640315031439 -0.002372165863 0
-0.801762962963 0.718725925926 0.035306888889 0
-0.758622878249 0.794651800318 0.203983962328 0
-0.878863892969 0.863598149847 -0.171115617434 0
-0.771865597748 0.649275801769 0.201200578814 0
-0.968090957695 0.954678037565 -0.151323551503 0
-0.794558292451 0.536219648019 0.204234857194 0
-1.027787574186 1.047772444941 -0.143651178634 0
-0.863881204053 0.350860788559 0.101049304355 0
-0.867763741608 0.358032501577 -0.038801216681 0
-0.859687771535 0.016176798080 0.100288310863 0
-0.861336550231 0.005541126461 -0.041087355080 0
-0.908059204994 0.010924695014 0.101715796860 0
-0.909724884170 0.000649394144 -0.036173298493 0
-0.826890230382 1.113000889445 0.071549463245 0
-0.776591676294 0.999389057927 0.225811256581 0
-0.809373404494 1.032682948787 -0.105932232104 0
-0.789719870952 0.997987474682 0.060700507395 0
-0.780743649507 0.858769827244 0.044695515065 0
-0.833934520229 0.639704348794 0.076770201577 0
-0.831196231074 0.640058179200 -0.001158391906 0
-0.800922222222 0.717911111111 0.036994333333 0
-0.766526411175 0.802321799293 0.200477815124 0
-0.848435606979 0.840601197508 -0.161116284211 0
-0.778937904991 0.656859157165 0.198509982826 0
-0.946636041448 0.924260322564 -0.163678776164 0
-0.801497094785 0.543774720654 0.200952077772 0
-1.012679781860 1.011534708223 -0.176844795767 0
-0.865014367981 0.350372085577 0.099725091481 0
-0.867774052278 0.357805001460 -0.037822054568 0
-0.859434270926 0.016575305447 0.099839294899 0
-0.861215623846 0.005778110038 -0.041045734861 0
-0.907875909888 0.011964729263 0.101091524790 0
-0.909706955405 0.001838689942 -0.036293936095 0
-0.832920303979 1.112159432941 0.059680475993 0
-0.787301115603 1.006056249322 0.218119698216 0
-0.807737060699 1.024102927844 -0.115786810705 0
-0.793704060465 0.997201972577 0.052842726113 0
-0.780238577546 0.857883914167 0.043179050832 0
-0.834958228458 0.639281555934 0.077972024099 0
-0.830982611561 0.639665763099 0.000096893531 0
-0.799618518519 0.716792592593 0.038839259259 0
-0.774027424406 0.808611643550 0.197673818014 0
-0.819981490917 0.823808583493 -0.150410270876 0
-0.786677847761 0.663161120696 0.196486388886 0
-0.926642827583 0.892030788960 -0.175266474160 0
-0.809783818591 0.550206065627 0.198586431152 0
-0.999323806756 0.967424047310 -0.208058204450 0
-0.866115032519 0.349743434919 0.098046198668 0
-0.867940607669 0.357492851042 -0.036802587948 0
-0.858664210943 0.017139935966 0.099296288253 0
-0.861166972191 0.006025948591 -0.040991998253 0
-0.907210258969 0.013748282959 0.100389809489 0
-0.909752336675 0.003176564406 -0.036425683952 0
-0.839803817339 1.110239782240 0.045997029192 0
-0.798602738386 1.011565491344 0.208953801711 0
-0.806789717276 1.014885190205 -0.125947407802 0
-0.798254359645 0.995602478490 0.044087388273 0
-0.779679581627 0.856706724421 0.041024550083 0
-0.835725967137 0.638861973988 0.079408108294 0
-0.830422478227 0.639104846022 0.001611558728 0
-0.797785185185 0.715437037037 0.040872592593 0
-0.780413196529 0.813932803405 0.195203948318 0
-0.796328711490 0.812171615227 -0.142204969797 0
-0.794338753118 0.668594950578 0.194669900544 0
-0.909158366428 0.856314006988 -0.186585811567 0
-0.818759495609 0.555953161507 0.196443854909 0
-0.988103138640 0.911620393735 -0.238458835919 0
-0.867128349316 0.349157232608 0.096469634020 0
-0.868495086546 0.357191678199 -0.036130457802 0
-0.857747961640 0.017618021016 0.098767846035 0
-0.861274859380 0.006214156695 -0.041031667624 0
-0.906347773283 0.015033894614 0.099661421267 0
-0.909932721711 0.004442176992 -0.036698034059 0
-0.847653159867 1.107062080287 0.030953149693 0
-0.810992694184 1.015686264130 0.198625172610 0
-0.806329265297 1.004595881106 -0.136176444759 0
-0.803512931622 0.992874426245 0.034736348612 0
-0.779075539955 0.855045619228 0.038586825426 0
-0.836032209485 0.638453164406 0.081361531772 0
-0.829412873918 0.638163169315 0.003666040235 0
-0.795244444444 0.713711111111 0.043140740741 0
-0.786420812660 0.818331942335 0.193517183683 0
-0.780343746364 0.802628093407 -0.136724150957 0
-0.802648341123 0.673232161175 0.193380711720 0
-0.894175956793 0.815178172311 -0.196167100818 0
-0.828846386502 0.560970743603 0.194775053090 0
-0.974936404178 0.843800954145 -0.263637241878 0
-0.868062961275 0.348666707790 0.095640290364 0
-0.869587302696 0.356798775882 -0.035945964115 0
-0.857137364104 0.017931939827 0.098228495885 0
-0.861668813436 0.006310965056 -0.041068315763 0
-0.905756084764 0.015643929072 0.098863228859 0
-0.910385319063 0.006026266353 -0.037052237479 0
-0.856687763568 1.102070859742 0.014653264049 0
-0.824095627612 1.019124745422 0.186540487484 0
-0.806816199165 0.992353485074 -0.146958520204 0
-0.809531263039 0.988966374974 0.024323887213 0
-0.778516920103 0.853019106739 0.035881728194 0
-0.835519318469 0.638089925859 0.083694497131 0
-0.827519482751 0.636992811000 0.006136208900 0
-0.791803703704 0.711788888889 0.045672962963 0
-0.792931242563 0.822720212615 0.192253441271 0
-0.772289880070 0.791971333963 -0.135937574222 0
-0.811434714679 0.677894668521 0.192947051331 0
-0.880135037683 0.771619832893 -0.203790203379 0
-0.839635549475 0.566171861714 0.194462320389 0
-0.956358867001 0.769673451311 -0.281621153260 0
-0.868829892428 0.348335003284 0.095464499295 0
-0.870783978467 0.356465934123 -0.036076019996 0
-0.856734361769 0.018170828543 0.097845579169 0
-0.862230337193 0.006273007063 -0.041137385107 0
-0.905363488789 0.016054786193 0.098230608831 0
-0.910967453653 0.007204862039 -0.037485949216 0
-0.866844592789 1.094919658819 -0.003749159025 0
