-0.806250970692 0.942337247257 0.114439933991 0
-0.744301901196 0.913208454513 -0.148094631007 0
-0.789906280341 0.896606198292 -0.017965474100 0
-0.791592734240 0.773699012378 -0.013592336408 0
-0.836778008055 0.584048490798 0.015097948946 0
-0.818445356373 0.594330219495 -0.083302220041 0
-0.799170370370 0.651237037037 -0.019933592593 0
-0.801838376819 0.763612847090 0.121917787802 0
-0.680473336661 0.756847107889 -0.122710185075 0
-0.809475029869 0.652677237987 0.125502926116 0
-0.709831282162 0.653045329628 -0.127021042943 0
-0.824847152027 0.551636072977 0.130290373871 0
-0.732122754618 0.554595379335 -0.140175069456 0
-0.859938766064 0.313178383426 0.016721596582 0
-0.852376146045 0.320994583560 -0.090604044251 0
-0.851630917760 0.024799972450 0.020293970122 0
-0.835730940257 0.026752413425 -0.109378226603 0
-0.893730737951 0.029676580690 0.015914080059 0
-0.880078671178 0.029837478375 -0.121758694320 0
-0.773389601739 1.021403236599 -0.017092114929 0
-0.805236594094 0.942416554586 0.114311137451 0
-0.745509787966 0.912956287581 -0.148700978039 0
-0.789915789928 0.896472611888 -0.018142993942 0
-0.791267937974 0.773573586959 -0.013662019588 0
-0.836207516062 0.583913256951 0.014997144942 0
-0.818949855432 0.594363037455 -0.083579569126 0
-0.798940740741 0.651140740741 -0.020322777778 0
-0.803865696827 0.763632251440 0.121528760781 0
-0.682576946264 0.755705726447 -0.126813883153 0
-0.813863950042 0.652872076277 0.124706745070 0
-0.713548002722 0.652592653968 -0.134799468639 0
-0.832034894012 0.552360186400 0.129303402966 0
-0.738064742621 0.554856588293 -0.150264949324 0
-0.860394081109 0.313137214596 0.017237004104 0
-0.852393465033 0.320944927439 -0.089986369309 0
-0.851931249911 0.024646059092 0.020310770694 0
-0.835388961644 0.026791098608 -0.109405134833 0
-0.894064976584 0.029243171348 0.015954712779 0
-0.879743752004 0.029888729360 -0.121757142777 0
-0.773279320958 1.021187310682 -0.016962481804 0
-0.804162578901 0.942493487476 0.114513876093 0
-0.747167772720 0.912844070678 -0.149082549809 0
-0.790103586562 0.896401123667 -0.018028602255 0
-0.791012416282 0.773507766612 -0.013492386441 0
-0.835633212364 0.583901484845 0.015207570100 0
-0.819276650401 0.594343267755 -0.083523505909 0
-0.798622222222 0.651092592593 -0.020448925926 0
-0.805655735136 0.763722678491 0.122035101829 0
-0.685665361000 0.754474395319 -0.131651951894 0
-0.819049072004 0.653313720134 0.124926726909 0
-0.720095067754 0.652861118704 -0.143677713330 0
-0.841165151823 0.553684378109 0.129220210955 0
-0.748836195013 0.556748156506 -0.162348249831 0
-0.860714731321 0.313210070204 0.017805156987 0
-0.852416210817 0.320876746904 -0.089424057194 0
-0.852174951145 0.024579496136 0.020252604949 0
-0.835080530119 0.026794597890 -0.109491568881 0
-0.894350085940 0.028813952591 0.015929759971 0
-0.879449956512 0.029840958788 -0.121803698320 0
-0.773275431955 1.021011759760 -0.016524001944 0
-0.802999999754 0.942398861468 0.115089575278 0
-0.748987216334 0.912921453913 -0.149153254839 0
-0.790330674632 0.896342311670 -0.017605384143 0
-0.790807848441 0.773448734787 -0.013063118996 0
-0.835189772951 0.583838811896 0.015811401697 0
-0.819310568949 0.594309435055 -0.082994520445 0
-0.798329629630 0.651029629630 -0.020001555556 0
-0.806762959806 0.763683948097 0.123128254764 0
-0.690027437873 0.753072267007 -0.137350355469 0
-0.824975252864 0.653953282713 0.125446553581 0
-0.730900363969 0.654471472606 -0.153554332928 0
-0.851448284312 0.555363890433 0.129035286077 0
-0.765479623120 0.561393863584 -0.176798029350 0
-0.860764468344 0.313192460081 0.018293178469 0
-0.852207539677 0.320814563703 -0.088938396075 0
-0.852117987558 0.024515558895 0.020265848322 0
-0.834748007705 0.026870371117 -0.109524091656 0
-0.894318771130 0.028505206571 0.015960481623 0
-0.879137196808 0.029819338729 -0.121788606538 0
-0.773308701501 1.020886770885 -0.015673036906 0
-0.801993352972 0.942298052217 0.116003152271 0
-0.750634699629 0.913213002437 -0.148811726848 0
-0.790577087598 0.896401988735 -0.016861026783 0
-0.790700926443 0.773503309193 -0.012425845323 0
-0.834818489533 0.583888565052 0.016535723273 0
-0.819181246142 0.594351865178 -0.082309556276 0
-0.798040740741 0.651074074074 -0.019371777778 0
-0.806877363720 0.763653591817 0.124953219568 0
-0.696470721687 0.751318098364 -0.143950657732 0
-0.831005473553 0.655049885499 0.125928075228 0
-0.748354840614 0.658862473044 -0.164329008490 0
-0.862324696693 0.557783795848 0.127943938211 0
-0.793092701744 0.571584443740 -0.192049066989 0
-0.860652265945 0.313263517825 0.018626613235 0
-0.851746755901 0.320820909846 -0.088416031983 0
-0.852039971137 0.024560868310 0.020315906654 0
-0.834389026684 0.026899029062 -0.109507365042 0
-0.894262569833 0.028322655859 0.016019312790 0
-0.878794110170 0.029785357174 -0.121729169944 0
-0.773418665509 1.020885446218 -0.014483126729 0
-0.801042498069 0.941994875755 0.117333109176 0
-0.751975075480 0.913777354523 -0.148009558204 0
-0.790752965480 0.896523625586 -0.015768959782 0
-0.790723714945 0.773610201068 -0.011661737843 0
-0.834764444836 0.583979335149 0.017133345186 0
-0.818915842258 0.594461559741 -0.081676260033 0
-0.797914814815 0.651174074074 -0.018683074074 0
-0.806521496877 0.763416740752 0.127213937487 0
-0.705289586305 0.749533802897 -0.151451550930 0
-0.836095735903 0.656177311210 0.125496325430 0
-0.772302764886 0.668247338944 -0.175052955638 0
-0.872308392080 0.560610501615 0.124897950651 0
-0.831148272015 0.590642184825 -0.205224554418 0
-0.860505782531 0.313342160644 0.018738125700 0
-0.851322209724 0.320913823196 -0.087876919305 0
-0.851999456255 0.024628642137 0.020420397502 0
-0.834148694200 0.026970945178 -0.109442671955 0
-0.894236498061 0.028212927351 0.016114029643 0
-0.878571438833 0.029755184594 -0.121623912226 0
-0.773587356084 1.020957922783 -0.012904054431 0
-0.799840671807 0.941212836610 0.119277980009 0
-0.753292061847 0.914860770697 -0.146709551897 0
-0.790825970411 0.896682649249 -0.014234069658 0
-0.790829951549 0.773741655697 -0.010835184342 0
-0.835142889316 0.584071495467 0.017608089496 0
-0.818502863480 0.594541986546 -0.081072565529 0
-0.798100000000 0.651307407407 -0.017930629630 0
-0.805606032983 0.762697014465 0.130079014766 0
-0.717458343421 0.748463446981 -0.160681013811 0
-0.840309633444 0.657090183927 0.125525059099 0
-0.799754005717 0.682862468731 -0.184747946513 0
-0.881293525852 0.563553645190 0.122383292634 0
-0.874746507622 0.619867759900 -0.213769099756 0
-0.860325618429 0.313378913372 0.018622074066 0
-0.850998717728 0.321012434747 -0.087598570876 0
-0.851785806207 0.024758366790 0.020556287049 0
-0.834035058923 0.027027406025 -0.109360841348 0
-0.894033888176 0.028188425938 0.016232646303 0
-0.878465323463 0.029754418680 -0.121527592738 0
-0.773746236893 1.021077136277 -0.010892453192 0
-0.798866944183 0.940361096569 0.121323701244 0
-0.754141068793 0.915877235062 -0.145154643454 0
-0.790825336221 0.896795671472 -0.012568255614 0
-0.791083147117 0.773832077854 -0.009912613977 0
-0.835991362380 0.584102157755 0.017866119116 0
-0.818036650379 0.594615309459 -0.080579273247 0
-0.798603703704 0.651414814815 -0.017162629630 0
-0.804487600044 0.761899723866 0.133060275622 0
-0.736290663665 0.748244950069 -0.172506179592 0
-0.843587681729 0.658003068964 0.125674494287 0
-0.831789403577 0.702293375270 -0.193090763103 0
-0.888982952533 0.566724131680 0.120151488351 0
-0.921389124306 0.659987370281 -0.218236503020 0
-0.860319346006 0.313329897808 0.018318299602 0
-0.850641880169 0.321114403191 -0.087730375071 0
-0.851523551804 0.024883955623 0.020650179528 0
-0.833953454375 0.027081327657 -0.109328610300 0
-0.893781524076 0.028131116324 0.016282190072 0
-0.878382812068 0.029852085118 -0.121488788037 0
-0.773924116640 1.021164316318 -0.008568625201 0
-0.798240726151 0.939585200174 0.123337172004 0
-0.754626730844 0.916983868927 -0.143491557402 0
-0.790817568928 0.896993795026 -0.010903428331 0
-0.791312905570 0.774010368457 -0.008913873295 0
-0.836730479032 0.584142588179 0.018247974259 0
-0.817099774716 0.594788584782 -0.079862634361 0
-0.798922222222 0.651585185185 -0.016072222222 0
-0.803720368209 0.761170148809 0.135820900069 0
-0.761166910574 0.751668210687 -0.185862368744 0
-0.846522026962 0.658963613841 0.125834746076 0
-0.866012353333 0.729436704331 -0.198842156395 0
-0.895414525073 0.569739243863 0.117825910943 0
-0.964778445240 0.709649875296 -0.216415304666 0
-0.860300602815 0.313303130525 0.017917136418 0
-0.850178068105 0.321369322980 -0.087907432578 0
-0.851303866616 0.025079728915 0.020816875732 0
-0.834138250317 0.027131223829 -0.109227730427 0
-0.893567550440 0.028188768330 0.016403882572 0
-0.878561053387 0.029949163928 -0.121401005478 0
-0.774086812994 1.021368204345 -0.005853709743 0
-0.797365244037 0.938480404117 0.125720751211 0
-0.755431308866 0.918761040906 -0.141605385544 0
-0.790841282529 0.897365107103 -0.009025826154 0
-0.791506719537 0.774357262488 -0.007958728258 0
-0.837398071111 0.584291912782 0.018656545410 0
-0.815506005453 0.595115258050 -0.078954857499 0
-0.799000000000 0.651888888889 -0.014691333333 0
-0.802892440644 0.760107449312 0.138772172170 0
-0.791649198727 0.761929672112 -0.198697527565 0
-0.848668098102 0.659437213046 0.126607725280 0
-0.899574171445 0.763463258651 -0.200962479179 0
-0.900390609712 0.572091785758 0.116424470242 0
-1.001521951317 0.766445022053 -0.208278771677 0
-0.860152471390 0.313386124639 0.017255392516 0
-0.849557506027 0.321857166125 -0.088308760594 0
-0.851104949110 0.025426297602 0.020982771382 0
-0.834603415414 0.027269697462 -0.109145466273 0
-0.893377623625 0.028275364505 0.016481281378 0
-0.879023280240 0.030082563236 -0.121330630999 0
-0.774374641195 1.021765869509 -0.002737918349 0
-0.795405634471 0.936245489172 0.128931602381 0
-0.757667648975 0.921639600977 -0.139346395371 0
-0.790990204372 0.897706765881 -0.006659476301 0
-0.791691192472 0.774681386094 -0.007029883894 0
-0.838541231883 0.584354996708 0.019416224811 0
-0.813118314693 0.595371034020 -0.077313892128 0
-0.799192592593 0.652129629630 -0.012429148148 0
-0.801276680103 0.757929976675 0.142603080842 0
-0.823955984547 0.780125653400 -0.208244767430 0
-0.849548540383 0.658643498939 0.128822518533 0
-0.929080058614 0.802788328493 -0.198725637267 0
-0.903287899079 0.572667360339 0.117290907880 0
-1.028556940996 0.826114339022 -0.194892994768 0
-0.859597254346 0.313330090976 0.015978725408 0
-0.848675747806 0.322420740800 -0.089593606205 0
-0.850271692074 0.026043004342 0.021117060754 0
-0.835328792517 0.027450735229 -0.109127477072 0
-0.892523165991 0.029004713455 0.016490956981 0
-0.879718798203 0.030428596824 -0.121382050912 0
-0.774748832079 1.022167495133 0.000969242954 0
-0.793147090126 0.933710933645 0.132225921292 0
-0.760666189501 0.924368131377 -0.136973400284 0
-0.791437767060 0.897857137278 -0.004160490548 0
-0.792440658751 0.774849769365 -0.006143873922 0
-0.839905842406 0.584275190081 0.020434342438 0
-0.812532247591 0.595507304205 -0.075736959095 0
-0.800211111111 0.652259259259 -0.010522703704 0
-0.799747443447 0.755431132167 0.146029841686 0
-0.855384396074 0.803726264489 -0.212082173152 0
-0.849743265402 0.657112931142 0.131475454443 0
-0.955229779864 0.840723230831 -0.194266296886 0
-0.904896495024 0.572065944537 0.119650848192 0
-1.048518751121 0.880416983823 -0.181375838841 0
-0.859687992592 0.313174054884 0.015689551576 0
-0.848473752039 0.322690230068 -0.089738291674 0
-0.849819491972 0.026332162710 0.021355484635 0
-0.835618335924 0.027658240623 -0.108955935433 0
-0.892056714656 0.029422375354 0.016683524577 0
-0.880001975899 0.030685546121 -0.121221446771 0
-0.775261237351 1.022364026984 0.004756069702 0
-0.791022693788 0.931279831111 0.135268600521 0
-0.764385292897 0.926621376018 -0.134693099108 0
-0.792330547569 0.897827030861 -0.001730923230 0
-0.793762268499 0.774870169772 -0.005317663253 0
-0.841846628328 0.584160018951 0.021171660557 0
-0.813593962007 0.595535653525 -0.074728157499 0
-0.802092592593 0.652296296296 -0.009371888889 0
-0.798763540107 0.752989994708 0.148330531110 0
-0.882543576187 0.831101070536 -0.212679109358 0
-0.849519903991 0.655037126105 0.133946230245 0
-0.976402597612 0.877686352944 -0.186687241593 0
-0.905318082896 0.570342798592 0.122656760462 0
-1.062377629070 0.928505192572 -0.165723250908 0
-0.860363235001 0.312983800509 0.015670220748 0
-0.848990017271 0.322694343248 -0.089618546170 0
-0.849635509061 0.026508831339 0.021346119408 0
-0.835625901427 0.027845816917 -0.108939184884 0
-0.891877173333 0.029510284215 0.016656483471 0
-0.880018712772 0.030858366968 -0.121175102810 0
-0.776026721618 1.022347725058 0.008470952104 0
-0.788844861846 0.929113195995 0.137998759654 0
-0.769030191121 0.928628523346 -0.132588962745 0
-0.793610708159 0.897776582263 0.000576151679 0
-0.795274518904 0.774886600418 -0.004491050825 0
-0.843646078432 0.584047746295 0.021791939875 0
-0.815057852301 0.595600262936 -0.073987212374 0
-0.803981481481 0.652333333333 -0.008533666667 0
-0.798144128226 0.750780406904 0.149345145733 0
-0.904543754761 0.859219320332 -0.209956676106 0
-0.848546990168 0.652513338549 0.135890933064 0
-0.993235040867 0.910895340333 -0.176509309162 0
-0.904131548351 0.567540169368 0.125957958992 0
-1.072089620331 0.969356740886 -0.150268156363 0
-0.861141691815 0.312812090741 0.015893238366 0
-0.849778489880 0.322689432036 -0.089190524516 0
-0.849671046208 0.026513060529 0.021294021393 0
-0.835528392487 0.028123151062 -0.108987836871 0
-0.891911988711 0.029569849271 0.016633718383 0
-0.879950279994 0.030889556614 -0.121176263966 0
-0.776931267651 1.022255622767 0.012143830862 0
-0.786275363361 0.926558447576 0.140643930397 0
-0.774706864459 0.930926390006 -0.130386810495 0
-0.795174253298 0.897660356298 0.002892778270 0
-0.796928279058 0.774868884110 -0.003851373814 0
-0.845341392287 0.583936808426 0.022584295669 0
-0.816821352569 0.595581229857 -0.073204054893 0
-0.805848148148 0.652322222222 -0.007740000000 0
-0.797144763851 0.748209416545 0.150197974587 0
-0.921966242180 0.885247810670 -0.203840670348 0
-0.846165132787 0.649076552036 0.138050560984 0
-1.007743116026 0.939481331506 -0.167012219922 0
-0.900845966701 0.563396296134 0.130141496246 0
-1.082315399458 1.001574590976 -0.137711623452 0
-0.862028198054 0.312659323729 0.016279629099 0
-0.850763634606 0.322580058522 -0.088542468635 0
-0.849755847181 0.026515184156 0.021255349112 0
-0.835447575485 0.028293850163 -0.109007744592 0
-0.891991739370 0.029740382228 0.016663278389 0
-0.879886669236 0.031073985908 -0.121130146842 0
-0.777898293880 1.022073400767 0.015917157587 0
-0.783534246539 0.923797603407 0.143089759387 0
-0.780889964685 0.933349440994 -0.128041835542 0
-0.796885300233 0.897494865649 0.005178247229 0
-0.798654821494 0.774834537909 -0.003318914905 0
-0.846758737732 0.583763553935 0.023531337606 0
-0.818678193528 0.595552914888 -0.072369065547 0
-0.807581481481 0.652277777778 -0.006911851852 0
-0.796207680909 0.745474438036 0.150707715197 0
-0.935687466417 0.909486129491 -0.196127093020 0
-0.843190918998 0.645163376057 0.140308328826 0
-1.020722804744 0.964462055924 -0.158684865815 0
-0.896164829211 0.558289452815 0.134508762371 0
-1.093453647965 1.027807692327 -0.127834195187 0
-0.862929195877 0.312462414384 0.016907141586 0
-0.851844432384 0.322470117602 -0.087950189478 0
-0.849840908178 0.026452320178 0.021232420381 0
-0.835496593104 0.028441086576 -0.109006723957 0
-0.892074022666 0.029797277675 0.016700874831 0
-0.879945006373 0.031305669378 -0.121075177365 0
-0.778907512628 1.021810169708 0.019772820592 0
-0.780575925261 0.920972870665 0.145343564726 0
-0.787338129922 0.935772903335 -0.125480738500 0
-0.798608945646 0.897291583184 0.007489741301 0
-0.800368454138 0.774794612048 -0.002799097652 0
-0.847937508897 0.583588680644 0.024567026882 0
-0.820648626655 0.595527154781 -0.071543238234 0
-0.809166666667 0.652222222222 -0.006126666667 0
-0.794894320731 0.742700453843 0.150976454643 0
-0.946675498254 0.930503335621 -0.186727462277 0
-0.839241041807 0.641008952838 0.142604596618 0
-1.032797088939 0.984752648989 -0.150736279376 0
-0.889529799817 0.552389327975 0.139097862150 0
-1.105243851565 1.048175516088 -0.119909486620 0
-0.863923883149 0.312282447611 0.017708764205 0
-0.852921072948 0.322347796733 -0.087307518838 0
-0.849994504765 0.026344997844 0.021168308872 0
-0.835517763348 0.028541572263 -0.109041537629 0
-0.892219639418 0.029910833045 0.016731820628 0
-0.879980954354 0.031451218555 -0.121044597590 0
-0.780028004214 1.021490077969 0.023603433992 0
-0.777591763029 0.918366860219 0.147306952928 0
-0.793665950541 0.937884751401 -0.122824948217 0
-0.800254352392 0.897035724043 0.009753110719 0
-0.802021677202 0.774714726642 -0.002179403579 0
-0.848943130935 0.583380695082 0.025679523298 0
-0.822764648860 0.595501059999 -0.070716416191 0
-0.810651851852 0.652129629630 -0.005356037037 0
-0.793072158857 0.740143811832 0.151141384573 0
-0.955509799610 0.948200987614 -0.176373713405 0
-0.834216335720 0.636978833850 0.144658709057 0
-1.043662255412 1.000239441181 -0.142074653416 0
-0.880937632660 0.546291812020 0.143643622978 0
-1.118616115042 1.061494452425 -0.112647249809 0
-0.864991122892 0.312082022778 0.018667792317 0
-0.854084541504 0.322221182748 -0.086658750121 0
-0.850178721042 0.026164425882 0.021075314113 0
-0.835661019294 0.028615231507 -0.109077881667 0
-0.892394893824 0.029983568755 0.016766194896 0
-0.880128619955 0.031699583803 -0.121020833847 0
-0.781280672162 1.021108114082 0.027364352667 0
-0.774225434246 0.915750721203 0.149205749598 0
-0.800200519611 0.939929501971 -0.119776132873 0
-0.801793725811 0.896730391574 0.012209814640 0
-0.803588090322 0.774616021091 -0.001432310072 0
-0.849813716804 0.583159462469 0.026760647898 0
-0.825014481778 0.595478887138 -0.069974159888 0
-0.812092592593 0.652029629630 -0.004701407407 0
-0.790667963444 0.737588830822 0.151610858058 0
-0.963127523504 0.962510448152 -0.165735013802 0
-0.828207268373 0.632964180430 0.146881781040 0
-1.053631674094 1.012217884940 -0.134215954744 0
-0.871131619777 0.540383566737 0.148128326493 0
-1.132572872698 1.070098059693 -0.107500569446 0
-0.866073194233 0.311877025972 0.019609350606 0
-0.855220969027 0.322069741090 -0.085848415198 0
-0.850398857599 0.026017490398 0.020972915794 0
-0.835717673131 0.028706686185 -0.109153193634 0
-0.892605677695 0.030062038040 0.016779399749 0
-0.880198637393 0.031893006379 -0.121019365146 0
-0.782423862102 1.020652485525 0.031038981881 0
-0.770714280853 0.913006924059 0.151092751128 0
-0.806546733431 0.941928867618 -0.116283628008 0
-0.803182489000 0.896347495440 0.014865188823 0
-0.805121702514 0.774478582402 -0.000600593747 0
-0.850604572766 0.582927870218 0.027808968309 0
-0.827532680992 0.595421864165 -0.069330010709 0
-0.813555555556 0.651903703704 -0.004215222222 0
-0.787234664091 0.734840569279 0.152368470364 0
-0.969824710580 0.973188483585 -0.155404786627 0
-0.821096101073 0.628913111613 0.149103833873 0
-1.062702407311 1.020306469840 -0.126963435549 0
-0.860361542054 0.534746602298 0.152123347446 0
-1.146116080702 1.073743043516 -0.103473084670 0
-0.867260822136 0.311666294327 0.020780539392 0
-0.856387531343 0.321845948073 -0.084841320852 0
-0.850698474164 0.025813991498 0.020861113281 0
-0.835634218947 0.028744034190 -0.109169312979 0
-0.892890301803 0.030157439337 0.016818373314 0
-0.880138693370 0.031988274470 -0.120931179573 0
-0.783364309819 1.020110218898 0.034658178246 0
-0.766976903396 0.910398971033 0.152757555685 0
-0.812688658243 0.943788930431 -0.112583955724 0
-0.804368521955 0.895966401837 0.017542032753 0
-0.806542669145 0.774362173485 0.000294828358 0
-0.851131826366 0.582701657506 0.028807259776 0
-0.830045625842 0.595401406983 -0.068755447393 0
-0.814870370370 0.651803703704 -0.003840222222 0
-0.782874393798 0.732171902671 0.153184638229 0
-0.975691489364 0.981352860679 -0.147027455186 0
-0.813439737419 0.625218120457 0.151056424678 0
-1.070479562553 1.025929926770 -0.120885764547 0
-0.849086887387 0.529603370231 0.155279980939 0
-1.158228953227 1.074077034460 -0.100849740566 0
-0.868503700839 0.311475325745 0.022161437935 0
-0.857426189854 0.321640187927 -0.083657952268 0
-0.851184580718 0.025578302769 0.020775512182 0
-0.835448871286 0.028847627012 -0.109167304498 0
-0.893361444500 0.030212541222 0.016903096847 0
-0.879979651185 0.032098931883 -0.120827214564 0
-0.784022911803 1.019545855010 0.038271833058 0
-0.763273811943 0.907898971848 0.154151550472 0
-0.818839195632 0.945525939660 -0.108731067869 0
-0.805545337707 0.895562537446 0.020171700010 0
-0.807917860335 0.774243686942 0.001177114282 0
-0.851602840815 0.582507001435 0.029779216955 0
-0.832577155713 0.595359618964 -0.068186220055 0
-0.816140740741 0.651707407407 -0.003531251852 0
-0.777635571678 0.729541130860 0.154296162263 0
-0.981275346975 0.986765888318 -0.141610998461 0
-0.805418982549 0.621818623815 0.152945381066 0
-1.077736700069 1.028463079902 -0.116875736120 0
-0.837980137186 0.525066402980 0.157761547931 0
-1.168679389373 1.071619649390 -0.099632406241 0
-0.869640476600 0.311313348113 0.023589055068 0
-0.858471690176 0.321417146020 -0.082398172708 0
-0.851639075356 0.025359001154 0.020679209480 0
-0.835241350867 0.028925455995 -0.109171778750 0
-0.893802181019 0.030253074627 0.016980537996 0
-0.879803437976 0.032134697174 -0.120723229224 0
-0.784654940371 1.018916878215 0.041985722305 0
-0.759739404995 0.905921943401 0.155152349492 0
-0.824592203481 0.946826786889 -0.105100373654 0
-0.806635063798 0.895208021940 0.022579053137 0
-0.809278880248 0.774134680742 0.002164267668 0
-0.851970463018 0.582332877993 0.030690027439 0
-0.834872454932 0.595334322083 -0.067610602724 0
-0.817237037037 0.651614814815 -0.003213459259 0
-0.771022926378 0.727342984336 0.155347341445 0
-0.986586634203 0.989923806250 -0.137777243175 0
-0.797041445653 0.619175673735 0.154480954935 0
-1.084280682385 1.029248561230 -0.114013442442 0
-0.827496527734 0.521703089852 0.159652034686 0
-1.177583332193 1.067872577908 -0.098987059780 0
-0.870645706328 0.311173530491 0.024900764887 0
-0.859396587574 0.321236904377 -0.081254558217 0
-0.852054422600 0.025220397028 0.020535912642 0
-0.835047947398 0.029008030173 -0.109237607386 0
-0.894196156087 0.030412329629 0.017003528219 0
-0.879627422531 0.032321711662 -0.120692071857 0
-0.785200311115 1.018313577977 0.045412494173 0
-0.757001325315 0.904123906560 0.156378965736 0
-0.829457715462 0.948027685711 -0.101367229774 0
-0.807663426237 0.894890931389 0.025086263983 0
-0.810463777700 0.774062678296 0.003317481183 0
-0.852134100292 0.582211950502 0.031610687193 0
-0.836688823763 0.595326083399 -0.066948210279 0
-0.818033333333 0.651559259259 -0.002797633333 0
-0.763853546235 0.725320436503 0.156787207256 0
-0.991869604042 0.990936866768 -0.132165072120 0
-0.789013219897 0.616948766435 0.156114153233 0
-1.090407172545 1.029304477350 -0.110403737568 0
-0.818310905900 0.519104844500 0.161504852748 0
-1.185528348869 1.064001401427 -0.097899640363 0
-0.871322834280 0.311085215655 0.025975250159 0
-0.860223738621 0.321129754318 -0.080344698531 0
-0.852371126228 0.025088956211 0.020377826797 0
-0.834986087774 0.029107135820 -0.109371647414 0
-0.894493665147 0.030530830845 0.016995916011 0
-0.879575025967 0.032547088022 -0.120751812799 0
-0.785775370383 1.017779798887 0.048576449474 0
-0.755371380172 0.902991711387 0.157837046740 0
-0.833305612183 0.948772080623 -0.097977309523 0
-0.808679701752 0.894652303995 0.027536060679 0
-0.811339839665 0.774007400256 0.004721410810 0
-0.851947811367 0.582136665921 0.032569527518 0
-0.837969444149 0.595322402155 -0.066198559076 0
-0.818400000000 0.651525925926 -0.002294766667 0
-0.757072634259 0.724064956405 0.158187165945 0
-0.996035317996 0.990868201878 -0.128214470196 0
-0.782024016418 0.615646039934 0.157382098694 0
-1.095138998238 1.028486463539 -0.107754543955 0
-0.810518721906 0.517549218408 0.162939818610 0
-1.191506641435 1.059700096164 -0.097146064448 0
-0.871698527417 0.311048217015 0.027034719824 0
-0.860868246038 0.321066947672 -0.079486732587 0
-0.852666376061 0.024992591658 0.020234499320 0
-0.834985256137 0.029160433155 -0.109460774044 0
-0.894730313782 0.030974116228 0.017039798658 0
-0.879584179715 0.032675666991 -0.120778635644 0
-0.786413778014 1.017317220957 0.051604551471 0
-0.754335366839 0.902093963728 0.159403237245 0
-0.836388651001 0.949346035404 -0.094850714302 0
-0.809554921391 0.894424519107 0.029859228320 0
-0.811852439587 0.773947086880 0.006117228346 0
-0.851485087226 0.582045750594 0.033516547790 0
-0.838838911004 0.595355111602 -0.065414379912 0
-0.818440740741 0.651492592593 -0.001712011111 0
-0.750836900431 0.723193024108 0.159525846705 0
-0.999495521339 0.989942969542 -0.125105701515 0
-0.775625837669 0.614738388353 0.158535075468 0
-1.098818309490 1.027388214818 -0.105404965743 0
-0.803422644635 0.516436689848 0.164235122081 0
-1.195490212266 1.057744396291 -0.096192416097 0
-0.871962810355 0.311009614044 0.028062416277 0
-0.861323301014 0.321061779223 -0.078628198999 0
-0.853001111386 0.024826420651 0.020121541467 0
-0.835030027010 0.029227208809 -0.109495065187 0
-0.894999877544 0.031338730142 0.017112709248 0
-0.879636427977 0.032809014979 -0.120762474016 0
-0.787070441449 1.016884657316 0.054484515032 0
-0.753064883101 0.901065075226 0.160744069244 0
-0.838789114938 0.950053584889 -0.091965355973 0
-0.810055321481 0.894238571243 0.031921871582 0
-0.812238654438 0.773937349063 0.007301645764 0
-0.850982016402 0.582033694792 0.034550525221 0
-0.839588767691 0.595398324826 -0.064525071508 0
-0.818385185185 0.651500000000 -0.001054574074 0
-0.744847209927 0.722318776414 0.160567984215 0
-1.002060667324 0.989730929740 -0.122550237065 0
-0.769187607189 0.613763736348 0.159459205153 0
-1.101470559602 1.027041254651 -0.103033715807 0
-0.796101719401 0.515209228589 0.165252602167 0
-1.197951534591 1.058172895893 -0.094715958732 0
-0.872057777012 0.311044316668 0.029051318935 0
-0.861741289337 0.321078787071 -0.077755414914 0
-0.853274340537 0.024775348956 0.020074797500 0
-0.835105105195 0.029298699407 -0.109510363414 0
-0.895205695282 0.031783416037 0.017244940606 0
-0.879721036531 0.032893034493 -0.120735971227 0
-0.787724032313 1.016544801561 0.057182621151 0
-0.751974136720 0.899723600642 0.161875631578 0
-0.840449424136 0.950868483667 -0.089454621384 0
-0.810324633496 0.893979012031 0.033610714076 0
-0.812539693281 0.773874978412 0.008127253798 0
-0.850594161584 0.581948144977 0.035584679495 0
-0.840187195569 0.595345242426 -0.063594986554 0
-0.818377777778 0.651437037037 -0.000321344444 0
-0.740226417353 0.721175263044 0.161343909693 0
-1.003779771051 0.989990263293 -0.120438659202 0
-0.763534732737 0.612395238920 0.160115154587 0
-1.103130743987 1.027590002790 -0.101179235634 0
-0.789080026627 0.513473874299 0.165989852443 0
-1.199178467449 1.060240435025 -0.093423553775 0
-0.872028965904 0.310989361965 0.029966932271 0
-0.862073858598 0.321014227571 -0.077028276040 0
-0.853357873682 0.024677831623 0.020047815592 0
-0.835114624661 0.029331709887 -0.109530594152 0
-0.895283439568 0.031758999475 0.017315858034 0
-0.879734601799 0.033001917267 -0.120715497480 0
-0.788174426556 1.016159546356 0.059710879994 0
-0.751315412734 0.898606954466 0.162898297741 0
-0.841074603183 0.951559550885 -0.087600967446 0
-0.810327186010 0.893787826165 0.034898077229 0
-0.812620784468 0.773839267650 0.008789757207 0
-0.850235551811 0.581875619757 0.036522921740 0
-0.840293853320 0.595289342042 -0.062702216229 0
-0.818229629630 0.651388888889 0.000476140741 0
-0.737566665338 0.720205159402 0.161644519372 0
-1.004435205453 0.990222875350 -0.118998219416 0
-0.759108137747 0.611064702970 0.160158992563 0
-1.103661123137 1.028295021055 -0.100024273828 0
-0.782610653083 0.511635225391 0.166025002262 0
-1.199098868677 1.062882517930 -0.092531426305 0
-0.871822003697 0.310935168721 0.030609454191 0
-0.862270317509 0.320990135627 -0.076629361597 0
-0.853239578428 0.024568793704 0.020051088305 0
-0.835163242563 0.029320923129 -0.109550089456 0
-0.895191003181 0.031510232681 0.017357764859 0
-0.879775100861 0.033112813858 -0.120726784334 0
-0.788494811607 1.015884862286 0.061857621365 0
-0.751472225320 0.898012749743 0.163956930546 0
-0.840552365091 0.952032429030 -0.086556890519 0
-0.810155711269 0.893747013094 0.035786256047 0
-0.812349632429 0.773880537423 0.009368949750 0
-0.849681333512 0.581891198532 0.037319998700 0
-0.839586942173 0.595291129826 -0.061891585423 0
-0.817629629630 0.651403703704 0.001312444444 0
-0.736539814407 0.719721754899 0.161283962346 0
-1.003932887774 0.990292194346 -0.118342447461 0
-0.756268688508 0.610238675003 0.159832136982 0
-1.103190161968 1.028338264082 -0.099480535392 0
-0.777566415885 0.510280986893 0.165661648585 0
-1.197851966526 1.065103593449 -0.091769805147 0
-0.871510021420 0.310982342053 0.030872373040 0
-0.862189085218 0.321073707758 -0.076415137357 0
-0.853146141826 0.024584846816 0.020083167209 0
-0.835355078285 0.029317582233 -0.109583068350 0
-0.895142646941 0.031238425577 0.017365989843 0
-0.879952598969 0.033260964124 -0.120764558972 0
-0.788758018394 1.015812935544 0.063586348150 0
-0.752094322385 0.897711723729 0.165103582983 0
-0.839102757989 0.952297118729 -0.086014991366 0
-0.809736521006 0.893743560434 0.036451725429 0
-0.811702858819 0.773910609947 0.009931946719 0
-0.848956413518 0.581875467321 0.037975259174 0
-0.838233615696 0.595313775747 -0.061165180572 0
-0.816681481481 0.651403703704 0.002198211111 0
-0.736233642784 0.719524819264 0.161145500483 0
-1.002567566189 0.989801773109 -0.118263771874 0
-0.754466676112 0.609783384547 0.159643816209 0
-1.101976255629 1.027353721526 -0.099210025166 0
-0.774050495500 0.509441397441 0.165299443267 0
-1.195695336909 1.066253993400 -0.091540577095 0
-0.871143666249 0.311012233903 0.030868458932 0
-0.861817527416 0.321215638173 -0.076363702964 0
-0.853017072955 0.024568281611 0.020135107044 0
-0.835556473138 0.029182543636 -0.109563340544 0
-0.895069592845 0.030829792229 0.017353262205 0
-0.880135575160 0.033273922631 -0.120765087074 0
-0.788895613247 1.015847906473 0.064929503920 0
-0.753323530338 0.897902183662 0.166473663069 0
-0.836912697603 0.952239883429 -0.085857145784 0
-0.809201845902 0.893802513239 0.037050031587 0
-0.810748104831 0.773940073650 0.010656446690 0
-0.848106244790 0.581858253131 0.038561134966 0
-0.836525805324 0.595349191396 -0.060475632580 0
-0.815544444444 0.651414814815 0.003100481481 0
-0.736844437841 0.719791578035 0.161693268650 0
-1.000572191945 0.988413502698 -0.118634663152 0
-0.754156323424 0.609907325553 0.159787821797 0
-1.100015511452 1.025794607215 -0.099426309232 0
-0.772966300955 0.509407349166 0.165130021897 0
-1.192719286807 1.066707402369 -0.091930256100 0
-0.870768267124 0.311047941084 0.030953267745 0
-0.861220242255 0.321389115591 -0.076383072533 0
-0.852892115592 0.024567247122 0.020218519857 0
-0.835767852090 0.029041232884 -0.109455895260 0
-0.895002563071 0.030390252923 0.017361524638 0
-0.880319477232 0.033424243225 -0.120656643541 0
-0.788955134892 1.016017247920 0.065924988118 0
-0.754838440906 0.898906383205 0.168085711464 0
-0.834026965952 0.951540226166 -0.086019439355 0
-0.808463959444 0.893934553342 0.037742876973 0
-0.809565880499 0.773919218357 0.011931021395 0
-0.847234690868 0.581814367251 0.039206900143 0
-0.834421835811 0.595362464044 -0.059670160584 0
-0.814237037037 0.651392592593 0.004194481481 0
-0.738226955620 0.720828727764 0.162589559490 0
-0.997608332923 0.985877405090 -0.121082539444 0
-0.755554818721 0.610958622254 0.160102366478 0
-1.096547467486 1.023880298236 -0.100537238417 0
-0.774511355679 0.510486564121 0.165078210598 0
-1.187882344610 1.067109534446 -0.092723194592 0
-0.870311207667 0.311060549915 0.030869227721 0
-0.860463204744 0.321581814199 -0.076492403928 0
-0.852641953111 0.024584563206 0.020304724101 0
-0.836003294783 0.028812643603 -0.109317422824 0
-0.894823136399 0.029809418464 0.017336851282 0
-0.880518776388 0.033564939928 -0.120511279245 0
-0.788993745192 1.016367824898 0.066493568345 0
-0.756213883183 0.899599161875 0.170029135582 0
-0.830959594020 0.951081658869 -0.085652703452 0
-0.807567198451 0.894039588931 0.038798049350 0
-0.808256021631 0.773930372650 0.013318251929 0
-0.846239142122 0.581862605621 0.039952851870 0
-0.832436717688 0.595370272616 -0.058796473857 0
-0.812874074074 0.651418518519 0.005245629630 0
-0.740020049570 0.721494642539 0.164169063711 0
-0.995044251270 0.982039868782 -0.121501566172 0
-0.758009451700 0.611749580070 0.160962238424 0
-1.093225950358 1.021799182528 -0.100648926908 0
-0.777800218630 0.511437470197 0.165433517238 0
-1.182722912059 1.068237017779 -0.093005434919 0
-0.869748270467 0.311165849621 0.030994102711 0
-0.859777506019 0.321761633477 -0.076340101706 0
-0.852498860843 0.024606890551 0.020447799077 0
-0.836351044410 0.028643605907 -0.109205436260 0
-0.894739501607 0.029258271766 0.017373303071 0
-0.880837151967 0.033736085917 -0.120366427535 0
-0.789127953669 1.016853627838 0.066917627480 0
-0.757443076632 0.899821648538 0.172231244045 0
-0.827716472069 0.950843428080 -0.084807662549 0
-0.806540404952 0.894042040555 0.040149003311 0
-0.806982093562 0.773900908566 0.014737229676 0
-0.845366414064 0.581881943282 0.040685521642 0
-0.830946183354 0.595373620546 -0.057977667594 0
-0.811770370370 0.651425925926 0.006177777778 0
-0.742537010239 0.721607688321 0.166281952846 0
-0.992343806701 0.977425061998 -0.121666635602 0
-0.761620431623 0.612073220538 0.162293914533 0
-1.089355497887 1.019864519588 -0.100621307322 0
-0.782808883712 0.512042964082 0.166112862901 0
-1.176048266138 1.070706691244 -0.093261699413 0
-0.869218743280 0.311226845237 0.031381957554 0
-0.859262180704 0.321904411835 -0.076137545837 0
-0.852428296956 0.024557540829 0.020548228146 0
-0.836676182543 0.028537055078 -0.109193329941 0
-0.894739483110 0.028437564073 0.017375130153 0
-0.881148510742 0.033806108456 -0.120327239651 0
-0.789368616740 1.017418737092 0.067177526842 0
-0.758798359653 0.900105348444 0.174552434856 0
-0.824078555153 0.950438093767 -0.083934861583 0
-0.805420991525 0.894009089638 0.041590652153 0
-0.805728180847 0.773812178786 0.016332746149 0
-0.844440077185 0.581843066953 0.041507538413 0
-0.829664662431 0.595364046757 -0.057099071626 0
-0.810692592593 0.651385185185 0.007144111111 0
-0.746205878115 0.721709701939 0.168702373837 0
-0.988729505284 0.971255268518 -0.124234195579 0
-0.766604936302 0.612446970820 0.163863462052 0
-1.083861853469 1.017142676105 -0.101885509185 0
-0.789461853047 0.512778579586 0.166884556271 0
-1.167281999816 1.072517397160 -0.093619277128 0
-0.868734846607 0.311238223628 0.031892188257 0
-0.858767636003 0.322019357898 -0.075878927811 0
-0.852415712310 0.024436159901 0.020648377449 0
-0.836895540042 0.028546991588 -0.109243308244 0
-0.894789062481 0.027431759418 0.017349107242 0
-0.881391755054 0.033548213593 -0.120405273684 0
-0.789615134954 1.018068836407 0.067154964133 0
-0.760489743744 0.900794216536 0.176940938720 0
-0.819886631574 0.949654129732 -0.083242247123 0
-0.804198965441 0.893986713791 0.043027415583 0
-0.804391067023 0.773675791417 0.018157079653 0
-0.843511700014 0.581820591427 0.042472109071 0
-0.828562794699 0.595294648832 -0.056114773050 0
-0.809640740741 0.651318518519 0.008140777778 0
-0.751010426825 0.722200242222 0.171272130492 0
-0.984042941353 0.962872272243 -0.128467385402 0
-0.773094299216 0.613303418992 0.165644917657 0
-1.076550796626 1.013071794681 -0.104434360425 0
-0.798000028825 0.514108495957 0.167695935039 0
-1.156635715536 1.072751072937 -0.094753748839 0
-0.868244467169 0.311271063826 0.032426445585 0
-0.858404066830 0.322082232951 -0.075645755682 0
-0.852398497792 0.024337277027 0.020754076179 0
-0.837040817300 0.028628435974 -0.109332843981 0
-0.894810069379 0.026606952857 0.017367813899 0
-0.881569871048 0.033178104658 -0.120556868733 0
-0.790393273105 1.018838382251 0.066824695462 0
-0.762205495693 0.901959165881 0.179299078308 0
-0.815288558493 0.948557627875 -0.082657680300 0
-0.802788735918 0.894038848659 0.044466074108 0
-0.802917839207 0.773563027395 0.020216570706 0
-0.842621052855 0.581863457296 0.043493937531 0
-0.827565017293 0.595301305713 -0.055081583480 0
-0.808611111111 0.651303703704 0.009183296296 0
-0.756347756998 0.723205703943 0.173759471835 0
-0.978043551526 0.952533648878 -0.134255451219 0
-0.780392544487 0.614766949319 0.167374666133 0
-1.067453113822 1.007065388501 -0.108035207636 0
-0.807805685817 0.516237051386 0.168402175424 0
-1.144360407479 1.070459793646 -0.096785880051 0
-0.867676677301 0.311366017738 0.032862715237 0
-0.858398544034 0.322270429163 -0.075585706858 0
-0.852351193642 0.024320668889 0.020833679438 0
-0.837406497725 0.028675762405 -0.109413080386 0
-0.894792308228 0.025646731390 0.017319002206 0
-0.881905206468 0.033398757019 -0.120685750277 0
-0.792268543918 1.019765135157 0.066295977814 0
-0.764045098804 0.903440725409 0.181629956634 0
-0.810310940330 0.947186424279 -0.082105436014 0
-0.801237115764 0.894101238643 0.045912611776 0
-0.801292580987 0.773435191354 0.022431309882 0
-0.841665868563 0.581930594958 0.044488262233 0
-0.826529842598 0.595326352737 -0.054080737513 0
-0.807518518519 0.651307407407 0.010185777778 0
-0.762213950730 0.724597396322 0.176197550626 0
-0.970514426780 0.940089627326 -0.140857498671 0
-0.788226697027 0.616660766504 0.169062984961 0
-1.056953376097 0.998162014543 -0.112376144879 0
-0.817833470424 0.518762523178 0.169060198787 0
-1.130755776642 1.064725249363 -0.099598793288 0
-0.867088181529 0.311487228846 0.033363346922 0
-0.858654680948 0.322524711687 -0.075627068943 0
-0.852366600744 0.024272374920 0.020877549653 0
-0.837829059225 0.028755603939 -0.109501348326 0
-0.894817237872 0.024763136360 0.017263387827 0
-0.882278056152 0.033610772449 -0.120913134135 0
-0.795501559005 1.020808440699 0.065248846403 0
-0.766224576852 0.904865206395 0.184019054915 0
-0.804969078056 0.945952999136 -0.081350929278 0
-0.799656259326 0.894204489305 0.047423514901 0
-0.799586879757 0.773379005165 0.024621871987 0
-0.840640231558 0.582118772604 0.045471306224 0
-0.825501546414 0.595440274408 -0.053107348267 0
-0.806344444444 0.651403703704 0.011131222222 0
-0.769262661704 0.726044578241 0.178384031909 0
-0.961136473181 0.925678647327 -0.147441940944 0
-0.796734113225 0.618514545804 0.170606337587 0
-1.044804373324 0.986861407414 -0.117248663819 0
-0.828268351901 0.521242806615 0.169634843368 0
-1.116468761211 1.055590253369 -0.103341197597 0
-0.866211088706 0.311704979212 0.033974192693 0
-0.859369500733 0.322935689482 -0.075717033377 0
-0.852384023705 0.024199990429 0.020953929533 0
-0.838110253588 0.029140139448 -0.109513387196 0
-0.894829042378 0.023916910098 0.017252597284 0
-0.882458737527 0.034246927720 -0.121203020650 0
-0.799224476075 1.021571500253 0.064265502907 0
-0.768911517578 0.906286807487 0.186531712171 0
-0.799122698541 0.944730522989 -0.080338924805 0
-0.798073445808 0.894317518195 0.049069034002 0
-0.797869337577 0.773351330418 0.026899460610 0
-0.839612342190 0.582389817914 0.046383339672 0
-0.824391609369 0.595595192032 -0.052198305203 0
-0.805129629630 0.651562962963 0.012005111111 0
-0.775889153463 0.727605486107 0.180043377675 0
-0.949246580290 0.908832877054 -0.153424529469 0
-0.805218104545 0.620620911728 0.171558418805 0
-1.030986482550 0.972139624235 -0.122341965712 0
-0.839310113483 0.524290562803 0.169693844433 0
-1.101666245886 1.041948154809 -0.107938430968 0
-0.865233128297 0.311985695867 0.034770497198 0
-0.860530782453 0.323482594137 -0.075982317318 0
-0.852438903877 0.024122259399 0.021049614215 0
-0.837942065555 0.029755353852 -0.109425535220 0
-0.894869592303 0.023144394786 0.017302606667 0
-0.882171162768 0.034772482593 -0.121596411252 0
-0.803189899299 1.022056667593 0.062708432506 0
-0.771739342561 0.907310469452 0.188971257667 0
-0.793024447156 0.943466369586 -0.079077743086 0
-0.796453833715 0.894227918672 0.050740614805 0
-0.796180194766 0.773155382155 0.029070890914 0
-0.838635686433 0.582545089155 0.047108964053 0
-0.823052568169 0.595573034515 -0.051439665488 0
-0.803837037037 0.651570370370 0.012751888889 0
-0.781862517320 0.728774667130 0.182623886598 0
-0.934330029677 0.890234535496 -0.158867658815 0
-0.813101301944 0.622384872302 0.173500787050 0
-1.014971345784 0.954631084844 -0.127160495612 0
-0.849981624296 0.527205122745 0.170789292057 0
-1.086175303940 1.024095677910 -0.113089778783 0
-0.864545003491 0.312171833710 0.035417854582 0
-0.861950615121 0.323968344406 -0.076635285156 0
-0.852499910053 0.024031981190 0.021115947207 0
-0.837206780970 0.030325349533 -0.109103189488 0
-0.894900626684 0.022314897386 0.017296201476 0
-0.881286810319 0.034549457840 -0.122088672384 0
-0.807152597064 1.021990976027 0.060505280983 0
-0.774449782694 0.907855388507 0.191029714000 0
-0.786925745126 0.942378080596 -0.077788264731 0
-0.794798633682 0.894008807901 0.052163352692 0
-0.794544241338 0.772867361096 0.030833341313 0
-0.837619857346 0.582557063847 0.047603515833 0
-0.821599793624 0.595487602680 -0.050887864720 0
-0.802474074074 0.651459259259 0.013352888889 0
-0.787053514564 0.729450451049 0.185495752439 0
-0.916653833337 0.870037532237 -0.162078208714 0
-0.820040744345 0.623627865398 0.175940435008 0
-0.997780569201 0.934527477885 -0.131832857532 0
-0.859269378287 0.529487932333 0.172383862719 0
-1.071172393704 1.002288271736 -0.119289730472 0
-0.864210923154 0.312248105692 0.035956440163 0
-0.863512472549 0.324472995827 -0.077559857790 0
-0.852568903013 0.023925100004 0.021157507617 0
-0.835656788727 0.030975542364 -0.108271274294 0
-0.894927787741 0.021483644924 0.017268576303 0
-0.879417398687 0.034307892506 -0.122533788199 0
-0.810843330095 1.021410975927 0.057704374809 0
-0.777928988998 0.909456433547 0.191998798227 0
-0.780246285020 0.940218979541 -0.077554290235 0
-0.793214851592 0.893749257126 0.052681545716 0
-0.792944218072 0.772411463900 0.032472133156 0
-0.836716922672 0.582384197691 0.047967136538 0
-0.820049212025 0.595269542104 -0.050422642609 0
-0.801137037037 0.651174074074 0.013939666667 0
-0.792113023127 0.731143974909 0.187385689998 0
-0.894773812805 0.847866181660 -0.164282212885 0
-0.826227116771 0.625707237383 0.177526478655 0
-0.978502327274 0.910355847331 -0.137081860335 0
-0.867175038932 0.532402746955 0.173040195078 0
-1.055252646337 0.975075203908 -0.126337191231 0
-0.864221941229 0.312167692097 0.036297257796 0
-0.864781266417 0.324867550197 -0.078685534873 0
-0.852570956882 0.023836429617 0.021163450821 0
-0.832924599569 0.031649819468 -0.107012011030 0
-0.894882646118 0.020788541032 0.017189669975 0
-0.876169969659 0.034326974415 -0.122892365296 0
-0.814001775942 1.020483080223 0.054176075350 0
-0.781253189557 0.911177165852 0.192075907147 0
-0.773827856234 0.937804029027 -0.077824900890 0
-0.791665782871 0.893405269963 0.052557422885 0
-0.791396746436 0.771854254894 0.033696355270 0
-0.835988141918 0.582071009379 0.048233870286 0
-0.818425708928 0.594897305145 -0.050007874425 0
-0.799877777778 0.650737037037 0.014516481481 0
-0.795757660470 0.732853936946 0.189204173627 0
-0.869590839681 0.825510482928 -0.163772192703 0
-0.830509161706 0.627656763638 0.179017469376 0
-0.957354091791 0.883998675963 -0.140706536755 0
-0.872724757563 0.535045600783 0.173516552237 0
-1.039078866979 0.943286154076 -0.132494255099 0
-0.864461643541 0.311964518981 0.036342042786 0
-0.864885246370 0.324951059072 -0.079799158529 0
-0.852509301238 0.023785113389 0.021187321653 0
-0.828068508228 0.032381198613 -0.105604680670 0
-0.894773671360 0.020238134220 0.017125110181 0
-0.870612201567 0.033897542346 -0.123416185469 0
-0.816433609376 1.019292962881 0.049954980268 0
-0.785132174491 0.913730205799 0.191114745621 0
-0.767180779180 0.935298436206 -0.078742865797 0
-0.790244633799 0.893407512040 0.051649621981 0
-0.789945404519 0.771600882731 0.034592646368 0
-0.835524441523 0.581990796762 0.048450630445 0
-0.816693907096 0.594793598143 -0.049559025046 0
-0.798751851852 0.650540740741 0.015216222222 0
-0.798847347525 0.735321456290 0.191002387891 0
-0.842782081082 0.805856630684 -0.160575552408 0
-0.833817267007 0.630270805839 0.180077799799 0
-0.935266540158 0.858269058905 -0.141738253583 0
-0.876545681516 0.537998986239 0.173579486803 0
-1.022829549238 0.909376866634 -0.136590248476 0
-0.864321731113 0.311938496930 0.036115984981 0
-0.863825120058 0.325161825479 -0.081092196965 0
-0.852416393609 0.023861219832 0.021263294662 0
-0.822005010816 0.033322812014 -0.104362105107 0
-0.894635994629 0.019896166795 0.017122853962 0
-0.863538796194 0.032990877648 -0.124470544535 0
-0.818049224705 1.018390634292 0.044816832935 0
-0.790254836753 0.917197900393 0.188775593185 0
-0.759467565559 0.931831172843 -0.080387151018 0
-0.788904978764 0.893370278762 0.049778858818 0
-0.788656323195 0.771248789349 0.035292959392 0
-0.835394866543 0.581803155769 0.048729035623 0
-0.814833704075 0.594468117047 -0.048950187721 0
-0.797800000000 0.650192592593 0.016089259259 0
-0.802805286717 0.738732597691 0.192003972742 0
-0.814497744255 0.788549486647 -0.155282840465 0
-0.837321680504 0.633580689686 0.180620833613 0
-0.912308670621 0.832164044804 -0.141641922975 0
-0.879310724937 0.540954770455 0.173379636494 0
-1.005395594409 0.873093776522 -0.140119086963 0
-0.864266935319 0.311805474294 0.035412592633 0
-0.861766167399 0.325000681751 -0.082141002687 0
-0.852133589932 0.024073058097 0.021395053551 0
-0.815445792048 0.033886221168 -0.102759643569 0
-0.894297210144 0.019663132724 0.017135793768 0
-0.855822226281 0.032281201740 -0.125046014195 0
-0.818499628439 1.017494532681 0.038389246679 0
-0.795161397371 0.920658766481 0.184901393512 0
-0.751366574483 0.927924266391 -0.082754724662 0
-0.787306962906 0.893126067322 0.046807482821 0
-0.787367380488 0.770704930054 0.035273000761 0
-0.835438709932 0.581307599124 0.049024952662 0
-0.812756877619 0.593807286414 -0.048205112750 0
-0.796892592593 0.649522222222 0.017137555556 0
-0.806555670334 0.742215411748 0.191679313001 0
-0.787908990414 0.774122548016 -0.147384514441 0
-0.839860853516 0.636649878315 0.180518489651 0
-0.890803484368 0.806029963086 -0.140318992013 0
-0.880310116043 0.543277820365 0.172881807135 0
-0.988584027147 0.834563513529 -0.143166479713 0
-0.864790239884 0.311442528098 0.034158778297 0
-0.858510142819 0.324305127588 -0.082733508435 0
-0.851734929136 0.024444753531 0.021498234709 0
-0.808204563333 0.033904017581 -0.100443662220 0
-0.893836324973 0.019637104568 0.017057673364 0
-0.847397868964 0.031951611385 -0.124725090271 0
-0.817692937793 1.016439372966 0.030929711178 0
-0.800316117517 0.924447672780 0.179677706267 0
-0.742796818752 0.923305667033 -0.085465269671 0
-0.785557693110 0.892661819285 0.043070538591 0
-0.785954336785 0.769984058313 0.034981294455 0
-0.835583128555 0.580642568661 0.049280113390 0
-0.810523457947 0.592965659603 -0.047387087139 0
-0.795955555556 0.648648148148 0.018284296296 0
-0.810722297159 0.746109475126 0.189924617023 0
-0.763291049537 0.762472778587 -0.139131785888 0
-0.841872390733 0.639786417107 0.179777693476 0
-0.869900661517 0.779492528147 -0.139112086774 0
-0.880297202936 0.545508928830 0.172384903594 0
-0.970694910180 0.794534475086 -0.146017366982 0
-0.865542203214 0.310939316757 0.032779150722 0
-0.854258400396 0.323218083935 -0.082607609939 0
-0.851405778640 0.024825896708 0.021574053776 0
-0.800797050899 0.033297806810 -0.097551030659 0
-0.893441912060 0.019645310127 0.016938903844 0
-0.838935916040 0.031954484769 -0.123495920254 0
-0.815835510949 1.015173079086 0.022558807305 0
-0.805998092397 0.928893662420 0.173251831935 0
-0.733890027032 0.918445025575 -0.088094345565 0
-0.783805813847 0.892353405636 0.038856957625 0
-0.784408716806 0.769513139846 0.034619180457 0
-0.835726488726 0.580318123806 0.049410382840 0
-0.808028880085 0.592324423526 -0.046574431387 0
-0.794925925926 0.648055555556 0.019363777778 0
-0.815619656870 0.750648721568 0.185660178115 0
-0.741479284191 0.753156083290 -0.130394407010 0
-0.844108682598 0.643375135588 0.178002879783 0
-0.849160294123 0.754466985071 -0.138033992495 0
-0.879937840428 0.547937560438 0.171940157970 0
-0.950834135650 0.756689165188 -0.149286907199 0
-0.865613136801 0.310708351797 0.031326381210 0
-0.849123482916 0.322211241039 -0.082170600583 0
-0.851031247325 0.025355681975 0.021718035378 0
-0.794031734254 0.032839587283 -0.095179411503 0
-0.892983360998 0.019696456957 0.016885547859 0
-0.831117317542 0.031259900389 -0.122596175462 0
-0.812942550860 1.014015155325 0.013389995664 0
-0.812032614126 0.933732878716 0.165332574277 0
-0.724436288662 0.913148872753 -0.090623972935 0
-0.781923886074 0.892005284884 0.034023997855 0
-0.782783634011 0.769130351725 0.034051148460 0
-0.835780100365 0.580138744941 0.049251537737 0
-0.805001698706 0.591713520925 -0.045843719093 0
-0.793659259259 0.647555555556 0.020326592593 0
-0.820810473533 0.755549529132 0.179168889268 0
-0.722491686076 0.745275643475 -0.121962828640 0
-0.846401953729 0.647361074619 0.174900926626 0
-0.828695311703 0.732726522044 -0.136747654800 0
-0.879522668821 0.550818641733 0.170880978198 0
-0.929331582539 0.722529416436 -0.152555703848 0
-0.865272657669 0.310590094776 0.029671285720 0
-0.843678560685 0.321265659161 -0.081607379573 0
-0.850531589423 0.025969078691 0.021778405959 0
-0.788263360620 0.032669210231 -0.093160527587 0
-0.892389074940 0.019822272940 0.016725952072 0
-0.824217021292 0.030302706342 -0.121991913056 0
-0.809348527358 1.012772269166 0.003699302105 0
-0.817991224054 0.938993588856 0.155616775724 0
-0.714640963728 0.907307430366 -0.093231134952 0
-0.779838381281 0.891591508013 0.028388346692 0
-0.781110149642 0.768855880672 0.033225005158 0
-0.835435395021 0.579919102489 0.048794659229 0
-0.801410859440 0.591316563103 -0.045209714018 0
-0.792085185185 0.647148148148 0.021283592593 0
-0.824391072298 0.760960317914 0.172379737202 0
-0.705103848385 0.738093012333 -0.114275151315 0
-0.847973034570 0.652244933827 0.170725236775 0
-0.808282501103 0.713709983473 -0.134644617600 0
-0.878850572674 0.554845290297 0.168539509896 0
-0.906320685957 0.691942851649 -0.154655085743 0
-0.864624647228 0.310437502234 0.027882301855 0
-0.838056600538 0.320572066705 -0.080867705066 0
-0.849926988211 0.026643372175 0.021907475765 0
-0.783909751338 0.033004430674 -0.091568572034 0
-0.891659430670 0.019891713562 0.016599184385 0
-0.818736116183 0.029975178941 -0.121692695092 0
-0.805227502770 1.011231669794 -0.006954615435 0
-0.823143308035 0.943876166042 0.144555484360 0
-0.705226638907 0.901519056364 -0.096093858042 0
-0.777523497365 0.891013217158 0.022023809501 0
-0.779216738500 0.768611870249 0.031912210099 0
-0.834570618195 0.579607461506 0.048526580351 0
-0.797255103581 0.590948850937 -0.044227495431 0
-0.790085185185 0.646718518519 0.022584407407 0
-0.827464433715 0.766162173468 0.164972761687 0
-0.689466138551 0.731860066544 -0.107702486978 0
-0.848713970637 0.656956391751 0.165632666013 0
-0.788354613089 0.696457128545 -0.132662118675 0
-0.877648267263 0.558960098587 0.165208972151 0
-0.882690099972 0.664083090761 -0.155876244192 0
-0.863826050948 0.310261162518 0.026024071895 0
-0.832493889530 0.320013419940 -0.079853401623 0
-0.849454128125 0.027385642632 0.021969962194 0
-0.780861654390 0.032641681182 -0.090316296903 0
-0.891076398228 0.020176133535 0.016404963082 0
-0.814905540182 0.031487599227 -0.121448222309 0
-0.800898359387 1.009155863361 -0.018695651998 0
-0.827779725577 0.948027637537 0.132390651018 0
-0.696403319770 0.896168239366 -0.099258684002 0
-0.775174497763 0.890270401843 0.014974887317 0
-0.777076458900 0.768397703160 0.029989158126 0
-0.833366834911 0.579431031079 0.048471731572 0
-0.792635694876 0.590572081349 -0.042858682583 0
-0.787622222222 0.646311111111 0.024175037037 0
-0.830517352314 0.771014798894 0.158405278691 0
-0.676681618130 0.726558092977 -0.102541851765 0
-0.849770175834 0.661481986905 0.161531448535 0
-0.770173680253 0.680921319452 -0.131382809653 0
-0.876991788339 0.563024607279 0.162609726442 0
-0.860586204909 0.640545133908 -0.157235482393 0
-0.862721350209 0.310258950640 0.024091912974 0
-0.827133419079 0.319579210285 -0.078771853615 0
-0.849039336513 0.028296185470 0.022062508335 0
-0.779292041406 0.031649121818 -0.089080400318 0
-0.890646525339 0.021167658020 0.016284486225 0
-0.812770316564 0.033045283959 -0.120810049988 0
-0.796600102511 1.006534340062 -0.031445601649 0
-0.832296276877 0.952130402599 0.118548251136 0
-0.687781141974 0.890597158474 -0.102674729696 0
-0.772849749650 0.889397110732 0.007101787189 0
-0.774864791939 0.768342528481 0.027759260159 0
-0.831687264347 0.579632388195 0.048777140428 0
-0.787479133218 0.590368921655 -0.040971181621 0
-0.784514814815 0.646114814815 0.026178666667 0
-0.833234147566 0.776433772210 0.152424717391 0
-0.665306084526 0.721331121965 -0.099327022828 0
-0.851113841967 0.666739185968 0.157454163755 0
-0.753468332611 0.667519841058 -0.130744306120 0
-0.877012194234 0.567952807505 0.159447495266 0
-0.839730183641 0.620331968700 -0.158908926120 0
-0.861161835949 0.310671744010 0.022298969803 0
-0.821836624099 0.319454815277 -0.077605793429 0
-0.848745649431 0.029468145119 0.022214681091 0
-0.778553031617 0.030502579693 -0.088230749118 0
-0.890343655356 0.022443310219 0.016246666114 0
-0.811565249864 0.033196813643 -0.120362499681 0
-0.792504302273 1.003492550670 -0.044931136585 0
-0.836092382119 0.956382621505 0.103289630541 0
-0.679845059765 0.885079452648 -0.106741805117 0
-0.770479406456 0.888635160187 -0.001566884485 0
-0.772383138129 0.768783740085 0.025287439373 0
-0.828983773054 0.580453375544 0.049563790825 0
-0.781409993752 0.590666872521 -0.038508982050 0
-0.780540740741 0.646551851852 0.028585037037 0
-0.835250111445 0.782663962410 0.146172244262 0
-0.655816485454 0.716220982705 -0.097979886980 0
-0.852452534237 0.672926462772 0.152468185572 0
-0.739079791487 0.656070854701 -0.131213388141 0
-0.877352448409 0.573875253167 0.154823164138 0
-0.820948554964 0.602479425920 -0.161009273058 0
-0.859802446487 0.311780219829 0.021731852742 0
-0.816592218367 0.320041277596 -0.076469269708 0
-0.848732559900 0.030488408964 0.022537281082 0
-0.778212157941 0.029567689804 -0.088050539934 0
-0.890386344087 0.023768669064 0.016607107084 0
-0.810803993320 0.032712162354 -0.120568218256 0
-0.788324156052 1.000312924204 -0.059007471787 0
-0.839300593690 0.960193607785 0.086625134897 0
-0.672119557884 0.878690344745 -0.110905346238 0
-0.767923885132 0.887262867342 -0.010720344751 0
-0.769601691634 0.769137742727 0.022967752921 0
-0.825051108111 0.581314876599 0.050890415198 0
-0.774550888295 0.591181239287 -0.035577937424 0
-0.775574074074 0.647122222222 0.031467222222 0
-0.838306269721 0.788792888144 0.137992489546 0
-0.646789194016 0.710379886199 -0.096859397554 0
-0.855353369709 0.679097131232 0.145349007140 0
-0.725336405392 0.645103678920 -0.131854168279 0
-0.879396896230 0.579794436632 0.147916863039 0
-0.803398890884 0.587090341403 -0.163396281820 0
-0.859135754154 0.313170861791 0.021792369941 0
-0.811587071343 0.321069098306 -0.075386698224 0
-0.849118416903 0.031486260864 0.023020702875 0
-0.778437430350 0.028895428525 -0.088033339986 0
-0.890785059102 0.024709780690 0.017247501909 0
-0.810697710851 0.032196186328 -0.120864638230 0
-0.784119319367 0.995854281944 -0.073959213905 0
-0.841972716259 0.962093973229 0.069255019675 0
-0.664901647046 0.871326840161 -0.115183955596 0
-0.765301954262 0.884494309852 -0.020129298482 0
-0.766492657800 0.768616300652 0.020663172030 0
-0.820277384675 0.581579642084 0.052793671508 0
-0.767276089651 0.591306040161 -0.032180755385 0
-0.769907407407 0.647144444444 0.034906074074 0
-0.841848322160 0.793537657712 0.129309607531 0
-0.638478166370 0.703683170288 -0.096086152463 0
-0.858758908753 0.683841804969 0.136973353731 0
-0.713067182977 0.634629829256 -0.132464667051 0
-0.882504151147 0.584466353104 0.139483567666 0
-0.787568046183 0.572896069456 -0.165526567917 0
-0.860301782199 0.314446804036 0.022007855774 0
-0.806831883856 0.321963765357 -0.074690320719 0
-0.849745536366 0.032247790002 0.023361481101 0
-0.778667068821 0.028331683034 -0.087889957947 0
-0.891436155404 0.025578130788 0.017637187677 0
-0.810715022468 0.031808841232 -0.120910449802 0
-0.780180107628 0.989584903502 -0.089056333441 0
-0.843992149274 0.961212952093 0.051835597944 0
-0.658365306585 0.862645028119 -0.119738325580 0
-0.762621299663 0.879731399622 -0.029584370579 0
-0.762992850935 0.766615280618 0.018377629928 0
-0.814863056421 0.580708731640 0.055062624554 0
-0.759738786033 0.590702455030 -0.028518674948 0
-0.763718518519 0.646111111111 0.038857407407 0
-0.846071794521 0.796113625146 0.120797093103 0
-0.630973152643 0.695763299923 -0.095916378537 0
-0.862788662626 0.686348519403 0.127871620340 0
-0.702583720351 0.624109681152 -0.133238853527 0
-0.886571285125 0.587010496051 0.129438697718 0
-0.774132362332 0.559496137591 -0.167374920516 0
-0.864637913315 0.315452092527 0.022335708432 0
-0.803304515476 0.322474211905 -0.074044731273 0
-0.850879387886 0.032290261899 0.023682824205 0
-0.778821284028 0.027830506532 -0.087625699061 0
-0.892801510018 0.027268283999 0.017966617512 0
-0.810741313188 0.031772635886 -0.120717785714 0
-0.776365285878 0.981017011060 -0.103912600332 0
-0.845595362152 0.958655016291 0.034689520207 0
-0.652797904434 0.853368651926 -0.124541423310 0
-0.760133149165 0.873918783220 -0.038833610780 0
-0.759380969191 0.764152833228 0.016361644385 0
-0.809555522789 0.579778050024 0.057360614878 0
-0.752189941627 0.590145030731 -0.024652244653 0
-0.757648148148 0.645022222222 0.043054444444 0
-0.850505725502 0.797616313032 0.112536966419 0
-0.623847130282 0.687433788283 -0.096349222831 0
-0.866954515128 0.687723928612 0.118103133871 0
-0.693253009074 0.613991931431 -0.134354476165 0
-0.890816402677 0.588499364452 0.117304494139 0
-0.762839671687 0.547754098261 -0.169407406711 0
-0.870246252671 0.317197937713 0.021611601793 0
-0.799404310733 0.323178227235 -0.073810297678 0
-0.852320520580 0.033092913085 0.023733730585 0
-0.779115861258 0.027308810055 -0.087682462930 0
-0.894445647475 0.030661696962 0.017824206298 0
-0.810916096644 0.031611401079 -0.120844905306 0
-0.772853952189 0.971104446964 -0.118298733989 0
