0.323888000000 0.414629000000 2.736022000000 0
-0.049782000000 0.402583000000 2.790624000000 0
0.131968000000 0.481001000000 2.713869000000 0
0.137310000000 0.138794000000 2.725489000000 0
0.222035000000 -0.012278000000 2.720119000000 0
0.055488000000 -0.015136000000 2.731525000000 0
0.137603000000 0.070452000000 2.726090000000 0
0.573925000000 0.511827000000 2.704891000000 0
-0.266796000000 0.463483000000 2.809644000000 0
0.507069000000 0.711925000000 2.622839000000 0
-0.302630000000 0.661318000000 2.702406000000 0
0.465984000000 0.811979000000 2.593771000000 0
-0.291690000000 0.743919000000 2.641471000000 0
0.270251000000 -0.575478000000 2.746987000000 0
-0.015380000000 -0.583425000000 2.765366000000 0
0.278995000000 -0.984315000000 2.841640000000 0
-0.047737000000 -0.984020000000 2.881506000000 0
0.264819000000 -1.033226000000 2.750645000000 0
-0.061913000000 -1.032931000000 2.790511000000 0
0.111924000000 0.649573000000 2.675935000000 0
0.324352000000 0.420981000000 2.738008000000 0
-0.049750000000 0.406591000000 2.787806000000 0
0.131640000000 0.488790000000 2.712568000000 0
0.137610000000 0.144418000000 2.723358000000 0
0.222485000000 -0.007158000000 2.719312000000 0
0.056497000000 -0.010030000000 2.728579000000 0
0.138164000000 0.075638000000 2.724388000000 0
0.565605000000 0.525024000000 2.704542000000 0
-0.265576000000 0.470665000000 2.806309000000 0
0.519334000000 0.731709000000 2.625470000000 0
-0.311007000000 0.669565000000 2.706004000000 0
0.481840000000 0.805467000000 2.600113000000 0
-0.297982000000 0.757989000000 2.638448000000 0
0.267577000000 -0.577958000000 2.759366000000 0
-0.012072000000 -0.592379000000 2.783267000000 0
0.278341000000 -0.990183000000 2.850488000000 0
-0.046386000000 -0.984591000000 2.883751000000 0
0.265396000000 -1.038895000000 2.759655000000 0
-0.094263000000 -1.061163000000 2.876634000000 0
0.113154000000 0.653592000000 2.676827000000 0
0.324487000000 0.423092000000 2.739654000000 0
-0.050771000000 0.408929000000 2.787829000000 0
0.131218000000 0.489792000000 2.713136000000 0
0.137655000000 0.146010000000 2.723140000000 0
0.222849000000 -0.005149000000 2.719983000000 0
0.057018000000 -0.008738000000 2.727650000000 0
0.138400000000 0.077480000000 2.724343000000 0
0.562744000000 0.526483000000 2.706746000000 0
-0.266401000000 0.471413000000 2.804067000000 0
0.519840000000 0.733287000000 2.626177000000 0
-0.309471000000 0.672820000000 2.708784000000 0
0.482260000000 0.810186000000 2.601839000000 0
-0.294956000000 0.751914000000 2.650222000000 0
0.266972000000 -0.580154000000 2.764496000000 0
-0.010254000000 -0.596815000000 2.788931000000 0
0.279084000000 -0.990979000000 2.852874000000 0
-0.044653000000 -0.991170000000 2.890786000000 0
0.266585000000 -1.039564000000 2.762125000000 0
-0.091326000000 -1.064602000000 2.876722000000 0
0.113495000000 0.654824000000 2.675638000000 0
0.323415000000 0.425469000000 2.742383000000 0
-0.053185000000 0.410292000000 2.788903000000 0
0.130248000000 0.489781000000 2.713731000000 0
0.137387000000 0.147224000000 2.723312000000 0
0.223016000000 -0.003460000000 2.720897000000 0
0.057104000000 -0.007927000000 2.727391000000 0
0.138322000000 0.079045000000 2.724653000000 0
0.562561000000 0.524528000000 2.709921000000 0
-0.266835000000 0.471563000000 2.803933000000 0
0.507526000000 0.750970000000 2.628982000000 0
-0.305913000000 0.674046000000 2.709655000000 0
0.475245000000 0.822053000000 2.601674000000 0
-0.290298000000 0.740916000000 2.663556000000 0
0.266974000000 -0.579368000000 2.767114000000 0
-0.009671000000 -0.596145000000 2.790550000000 0
0.280538000000 -0.986007000000 2.852771000000 0
-0.045506000000 -0.990979000000 2.890558000000 0
0.268520000000 -1.034413000000 2.762269000000 0
-0.094457000000 -1.065775000000 2.861174000000 0
0.113383000000 0.655212000000 2.674441000000 0
0.321848000000 0.427513000000 2.744753000000 0
-0.056261000000 0.411510000000 2.790351000000 0
0.129233000000 0.489870000000 2.714415000000 0
0.136774000000 0.148902000000 2.723610000000 0
0.222784000000 -0.001722000000 2.721388000000 0
0.056688000000 -0.006510000000 2.727205000000 0
0.137822000000 0.081110000000 2.724931000000 0
0.563834000000 0.522648000000 2.713239000000 0
-0.267589000000 0.472668000000 2.802729000000 0
0.505249000000 0.753721000000 2.630817000000 0
-0.300513000000 0.676602000000 2.709745000000 0
0.471561000000 0.825398000000 2.607419000000 0
-0.276888000000 0.750344000000 2.657993000000 0
0.266919000000 -0.581027000000 2.772610000000 0
-0.010008000000 -0.594542000000 2.793584000000 0
0.280198000000 -0.997157000000 2.862424000000 0
-0.043942000000 -0.986803000000 2.891344000000 0
0.284525000000 -1.071324000000 2.815902000000 0
-0.091825000000 -1.059717000000 2.882709000000 0
0.112607000000 0.655595000000 2.673510000000 0
0.320497000000 0.428591000000 2.747553000000 0
-0.058651000000 0.412594000000 2.791602000000 0
0.123689000000 0.492148000000 2.717338000000 0
0.134545000000 0.150906000000 2.724788000000 0
0.221579000000 -0.000231000000 2.721716000000 0
0.055513000000 -0.005280000000 2.727253000000 0
0.136078000000 0.082893000000 2.725420000000 0
0.562988000000 0.523147000000 2.715084000000 0
-0.268121000000 0.475332000000 2.799951000000 0
0.500415000000 0.755322000000 2.634327000000 0
-0.299970000000 0.679773000000 2.708224000000 0
0.469536000000 0.828113000000 2.610992000000 0
-0.276754000000 0.749363000000 2.658558000000 0
0.264950000000 -0.578113000000 2.778342000000 0
-0.010524000000 -0.600685000000 2.804191000000 0
0.281199000000 -0.990677000000 2.858842000000 0
-0.045346000000 -0.990982000000 2.893489000000 0
0.276404000000 -1.075750000000 2.838154000000 0
-0.090436000000 -1.064362000000 2.877035000000 0
0.111488000000 0.657143000000 2.674700000000 0
0.319933000000 0.428989000000 2.750341000000 0
-0.059151000000 0.412964000000 2.791718000000 0
0.122389000000 0.493683000000 2.718323000000 0
0.133377000000 0.151656000000 2.725821000000 0
0.220323000000 0.000277000000 2.722218000000 0
0.054591000000 -0.004664000000 2.727523000000 0
0.134972000000 0.083464000000 2.725911000000 0
0.562399000000 0.525156000000 2.716859000000 0
-0.268717000000 0.476666000000 2.799726000000 0
0.499850000000 0.756883000000 2.635946000000 0
-0.299678000000 0.681106000000 2.708016000000 0
0.468196000000 0.829299000000 2.612944000000 0
-0.271127000000 0.760022000000 2.657112000000 0
0.258658000000 -0.591992000000 2.794827000000 0
-0.013088000000 -0.610407000000 2.820770000000 0
0.282479000000 -0.998538000000 2.861758000000 0
-0.059788000000 -1.006016000000 2.905834000000 0
0.290165000000 -1.079060000000 2.828355000000 0
-0.087326000000 -1.063811000000 2.846170000000 0
0.109028000000 0.659667000000 2.678216000000 0
0.319454000000 0.429681000000 2.752142000000 0
-0.059746000000 0.413307000000 2.791642000000 0
0.120800000000 0.495910000000 2.722559000000 0
0.131926000000 0.152963000000 2.727935000000 0
0.218712000000 0.001210000000 2.722463000000 0
0.053064000000 -0.003303000000 2.727659000000 0
0.133457000000 0.084631000000 2.726601000000 0
0.561440000000 0.525188000000 2.719399000000 0
-0.281886000000 0.501913000000 2.795563000000 0
0.511704000000 0.733538000000 2.651511000000 0
-0.301562000000 0.706899000000 2.701835000000 0
0.472565000000 0.832622000000 2.619400000000 0
-0.265630000000 0.798138000000 2.649253000000 0
0.258783000000 -0.590390000000 2.797522000000 0
-0.013827000000 -0.602071000000 2.825188000000 0
0.284564000000 -0.995987000000 2.866727000000 0
-0.047565000000 -0.981315000000 2.902852000000 0
0.281699000000 -1.075433000000 2.830030000000 0
-0.079748000000 -1.052794000000 2.863844000000 0
0.109397000000 0.660363000000 2.679396000000 0
0.318934000000 0.429947000000 2.754461000000 0
-0.061018000000 0.414441000000 2.791275000000 0
0.120380000000 0.496713000000 2.724005000000 0
0.130905000000 0.153821000000 2.729630000000 0
0.217629000000 0.001847000000 2.722813000000 0
0.051804000000 -0.002470000000 2.728091000000 0
0.132304000000 0.085506000000 2.727221000000 0
0.560316000000 0.525316000000 2.720753000000 0
-0.282456000000 0.503037000000 2.795838000000 0
0.512500000000 0.733705000000 2.651574000000 0
-0.301995000000 0.708184000000 2.702670000000 0
0.473046000000 0.832922000000 2.620481000000 0
-0.268649000000 0.768483000000 2.670012000000 0
0.257111000000 -0.583548000000 2.798704000000 0
-0.013985000000 -0.600803000000 2.824344000000 0
0.283522000000 -0.988193000000 2.863714000000 0
-0.047358000000 -0.981208000000 2.902080000000 0
0.275541000000 -1.066985000000 2.826256000000 0
-0.080937000000 -1.054694000000 2.868209000000 0
0.110092000000 0.661431000000 2.682479000000 0
0.318477000000 0.430662000000 2.756761000000 0
-0.062215000000 0.415624000000 2.792355000000 0
0.118643000000 0.497569000000 2.727702000000 0
0.129177000000 0.154950000000 2.732687000000 0
0.215794000000 0.002539000000 2.723913000000 0
0.050165000000 -0.001099000000 2.729493000000 0
0.130513000000 0.086704000000 2.728890000000 0
0.559477000000 0.525636000000 2.722799000000 0
-0.282324000000 0.502819000000 2.796416000000 0
0.513737000000 0.734310000000 2.653229000000 0
-0.302110000000 0.709294000000 2.707030000000 0
0.474095000000 0.833825000000 2.623550000000 0
-0.268324000000 0.771129000000 2.670190000000 0
0.256352000000 -0.581483000000 2.798330000000 0
-0.013802000000 -0.594872000000 2.822439000000 0
0.283823000000 -0.987365000000 2.863001000000 0
-0.047100000000 -0.978656000000 2.901121000000 0
0.274431000000 -1.034989000000 2.772010000000 0
-0.056492000000 -1.026280000000 2.810130000000 0
0.109753000000 0.662161000000 2.685158000000 0
0.318113000000 0.431497000000 2.759912000000 0
-0.063515000000 0.417991000000 2.794633000000 0
0.117944000000 0.498410000000 2.731190000000 0
0.128201000000 0.155819000000 2.735721000000 0
0.214622000000 0.003121000000 2.724706000000 0
0.048924000000 -0.000057000000 2.730576000000 0
0.129370000000 0.087644000000 2.730274000000 0
0.558949000000 0.525662000000 2.726052000000 0
-0.284106000000 0.505484000000 2.796458000000 0
0.513396000000 0.734893000000 2.658746000000 0
-0.302209000000 0.712233000000 2.707619000000 0
0.473066000000 0.834013000000 2.628608000000 0
-0.271204000000 0.766769000000 2.676214000000 0
0.255536000000 -0.579000000000 2.798093000000 0
-0.014379000000 -0.589948000000 2.821272000000 0
0.282981000000 -0.986402000000 2.861809000000 0
-0.046728000000 -0.978163000000 2.900748000000 0
0.273815000000 -1.033803000000 2.770854000000 0
-0.089234000000 -1.053016000000 2.884894000000 0
0.109754000000 0.662133000000 2.685224000000 0
0.318192000000 0.431620000000 2.761397000000 0
-0.063715000000 0.417976000000 2.794419000000 0
0.117594000000 0.498316000000 2.732302000000 0
0.127625000000 0.155935000000 2.737719000000 0
0.213884000000 0.003073000000 2.725102000000 0
0.048028000000 0.000351000000 2.731237000000 0
0.128656000000 0.087862000000 2.730922000000 0
0.558426000000 0.525535000000 2.726804000000 0
-0.284219000000 0.506244000000 2.796375000000 0
0.500271000000 0.750561000000 2.651334000000 0
-0.302375000000 0.713055000000 2.707933000000 0
0.472659000000 0.825278000000 2.631201000000 0
-0.272761000000 0.764273000000 2.675476000000 0
0.254695000000 -0.578591000000 2.798170000000 0
-0.014886000000 -0.588353000000 2.821262000000 0
0.282389000000 -0.986276000000 2.859731000000 0
-0.046418000000 -0.976287000000 2.899702000000 0
0.288409000000 -1.068742000000 2.830882000000 0
-0.090689000000 -1.051837000000 2.900864000000 0
0.109364000000 0.662354000000 2.685786000000 0
0.318279000000 0.431650000000 2.761930000000 0
-0.064161000000 0.419033000000 2.795738000000 0
0.118358000000 0.499775000000 2.735142000000 0
0.127445000000 0.156437000000 2.739939000000 0
0.213159000000 0.003645000000 2.725811000000 0
0.047547000000 0.000681000000 2.731408000000 0
0.128226000000 0.088355000000 2.731588000000 0
0.558380000000 0.525445000000 2.727379000000 0
-0.279856000000 0.496790000000 2.798338000000 0
0.500133000000 0.750306000000 2.651408000000 0
-0.301350000000 0.704075000000 2.712384000000 0
0.470951000000 0.823507000000 2.628442000000 0
-0.266060000000 0.772478000000 2.673092000000 0
0.252630000000 -0.570768000000 2.796060000000 0
-0.016375000000 -0.594074000000 2.823237000000 0
0.281832000000 -0.983046000000 2.859302000000 0
-0.048207000000 -0.982934000000 2.904551000000 0
0.275034000000 -1.065157000000 2.829523000000 0
-0.079819000000 -1.053239000000 2.862922000000 0
0.109814000000 0.663018000000 2.687025000000 0
0.318524000000 0.431827000000 2.764001000000 0
-0.064147000000 0.419034000000 2.796339000000 0
0.118177000000 0.499782000000 2.735922000000 0
0.127261000000 0.156457000000 2.741960000000 0
0.212791000000 0.003576000000 2.726612000000 0
0.047356000000 0.000880000000 2.731852000000 0
0.127956000000 0.088426000000 2.732353000000 0
0.558635000000 0.524808000000 2.728213000000 0
-0.278891000000 0.493871000000 2.805175000000 0
0.499214000000 0.749763000000 2.650825000000 0
-0.298737000000 0.700341000000 2.716761000000 0
0.470749000000 0.823112000000 2.627701000000 0
-0.262882000000 0.792230000000 2.665962000000 0
0.253054000000 -0.572704000000 2.796880000000 0
-0.016176000000 -0.589657000000 2.823293000000 0
0.282240000000 -0.982113000000 2.858756000000 0
-0.046711000000 -0.977800000000 2.902234000000 0
0.278466000000 -1.064341000000 2.828668000000 0
-0.086725000000 -1.052618000000 2.880276000000 0
0.110085000000 0.663434000000 2.688506000000 0
0.318536000000 0.431747000000 2.764565000000 0
-0.064066000000 0.419229000000 2.797267000000 0
0.119176000000 0.500259000000 2.737170000000 0
0.127492000000 0.156525000000 2.743933000000 0
0.212520000000 0.003608000000 2.727417000000 0
0.047268000000 0.001046000000 2.732684000000 0
0.127942000000 0.088488000000 2.733274000000 0
0.558660000000 0.524921000000 2.728959000000 0
-0.276458000000 0.490370000000 2.807704000000 0
0.498632000000 0.749905000000 2.650606000000 0
-0.297592000000 0.696713000000 2.719616000000 0
0.469646000000 0.822585000000 2.626273000000 0
-0.263054000000 0.788557000000 2.668015000000 0
0.253129000000 -0.571345000000 2.797079000000 0
-0.016339000000 -0.590142000000 2.823466000000 0
0.282136000000 -0.981254000000 2.858822000000 0
-0.046810000000 -0.978597000000 2.901498000000 0
0.273467000000 -1.028323000000 2.767930000000 0
-0.083068000000 -1.052145000000 2.861907000000 0
0.109960000000 0.663482000000 2.689402000000 0
0.318582000000 0.431716000000 2.765001000000 0
-0.063647000000 0.419661000000 2.798564000000 0
0.119152000000 0.499795000000 2.737744000000 0
0.127634000000 0.156398000000 2.745728000000 0
0.212421000000 0.003398000000 2.728425000000 0
0.047350000000 0.001310000000 2.733932000000 0
0.127958000000 0.088434000000 2.734347000000 0
0.558952000000 0.525379000000 2.729375000000 0
-0.275424000000 0.488815000000 2.809807000000 0
0.500419000000 0.751112000000 2.649893000000 0
-0.295838000000 0.695240000000 2.722079000000 0
0.469682000000 0.823014000000 2.625572000000 0
-0.258680000000 0.786896000000 2.672141000000 0
0.253938000000 -0.576829000000 2.798178000000 0
-0.015146000000 -0.587949000000 2.822620000000 0
0.280373000000 -0.993955000000 2.863981000000 0
-0.046311000000 -0.977121000000 2.900808000000 0
0.275103000000 -1.075458000000 2.832977000000 0
-0.055189000000 -1.024247000000 2.809905000000 0
0.110493000000 0.664071000000 2.691370000000 0
0.318757000000 0.431746000000 2.765078000000 0
-0.063134000000 0.420111000000 2.800125000000 0
0.120210000000 0.499540000000 2.738983000000 0
0.128248000000 0.156597000000 2.747671000000 0
0.212708000000 0.003709000000 2.729882000000 0
0.047526000000 0.001611000000 2.735069000000 0
0.128339000000 0.088719000000 2.735678000000 0
0.559505000000 0.524903000000 2.729934000000 0
-0.275311000000 0.488102000000 2.810554000000 0
0.503015000000 0.748978000000 2.650789000000 0
-0.294764000000 0.694588000000 2.723062000000 0
0.470758000000 0.820151000000 2.626393000000 0
-0.256597000000 0.785191000000 2.672064000000 0
0.253548000000 -0.573252000000 2.798140000000 0
-0.014652000000 -0.587552000000 2.822405000000 0
0.280393000000 -0.987386000000 2.862341000000 0
-0.046394000000 -0.977201000000 2.900627000000 0
0.268388000000 -1.072414000000 2.846010000000 0
-0.069541000000 -1.055151000000 2.868553000000 0
0.110863000000 0.664452000000 2.692084000000 0
0.318863000000 0.431417000000 2.766359000000 0
-0.062702000000 0.420206000000 2.801468000000 0
0.121021000000 0.498426000000 2.740621000000 0
0.128919000000 0.156264000000 2.749750000000 0
0.213211000000 0.003756000000 2.731687000000 0
0.048058000000 0.001482000000 2.736412000000 0
0.128920000000 0.088537000000 2.737294000000 0
0.561907000000 0.521501000000 2.729562000000 0
-0.275411000000 0.487431000000 2.811627000000 0
0.499232000000 0.747113000000 2.650108000000 0
-0.287403000000 0.694282000000 2.723888000000 0
0.467358000000 0.818638000000 2.626361000000 0
-0.243502000000 0.783232000000 2.674726000000 0
0.254825000000 -0.572702000000 2.795533000000 0
-0.014745000000 -0.585250000000 2.816885000000 0
0.278935000000 -0.984388000000 2.860532000000 0
-0.046698000000 -0.977270000000 2.902338000000 0
0.269665000000 -1.031562000000 2.769558000000 0
-0.093073000000 -1.051408000000 2.900724000000 0
0.111268000000 0.664119000000 2.692541000000 0
0.319084000000 0.407087000000 2.770657000000 0
-0.056296000000 0.411268000000 2.801564000000 0
0.123893000000 0.486626000000 2.740187000000 0
0.128667000000 0.143905000000 2.755762000000 0
0.211362000000 -0.009721000000 2.743993000000 0
0.046727000000 -0.007920000000 2.743857000000 0
0.128184000000 0.075337000000 2.745522000000 0
0.561035000000 0.432129000000 2.731522000000 0
-0.270689000000 0.426028000000 2.821741000000 0
0.469971000000 0.625977000000 2.663295000000 0
-0.186521000000 0.614131000000 2.731384000000 0
0.421583000000 0.689603000000 2.646186000000 0
-0.133726000000 0.671249000000 2.706231000000 0
0.256662000000 -0.583536000000 2.744147000000 0
-0.016620000000 -0.589792000000 2.757083000000 0
0.277079000000 -0.991028000000 2.861516000000 0
-0.045262000000 -0.981495000000 2.895424000000 0
0.273849000000 -1.077028000000 2.847740000000 0
-0.094014000000 -1.062256000000 2.891556000000 0
0.111775000000 0.656319000000 2.687204000000 0
0.313149000000 0.363889000000 2.765372000000 0
-0.053295000000 0.381321000000 2.800478000000 0
0.125788000000 0.440083000000 2.739137000000 0
0.126787000000 0.108001000000 2.764468000000 0
0.208969000000 -0.040919000000 2.757673000000 0
0.042345000000 -0.041065000000 2.762079000000 0
0.125653000000 0.041094000000 2.758795000000 0
0.540216000000 0.397424000000 2.726376000000 0
-0.278561000000 0.390349000000 2.810826000000 0
0.382663000000 0.549270000000 2.692265000000 0
-0.108646000000 0.523469000000 2.755917000000 0
0.322522000000 0.601930000000 2.709021000000 0
-0.038897000000 0.563273000000 2.741037000000 0
0.260958000000 -0.579197000000 2.718894000000 0
-0.021484000000 -0.586755000000 2.732710000000 0
0.277708000000 -0.990164000000 2.855528000000 0
-0.043479000000 -0.985475000000 2.881104000000 0
0.269426000000 -1.076375000000 2.848312000000 0
-0.084784000000 -1.062381000000 2.895631000000 0
0.108971000000 0.611523000000 2.679890000000 0
0.313634000000 0.361309000000 2.765501000000 0
-0.058414000000 0.367684000000 2.805990000000 0
0.125688000000 0.436836000000 2.740692000000 0
0.126973000000 0.105087000000 2.762881000000 0
0.209655000000 -0.045058000000 2.757236000000 0
0.042232000000 -0.045358000000 2.762656000000 0
0.125933000000 0.038346000000 2.759190000000 0
0.541989000000 0.398643000000 2.726690000000 0
-0.271295000000 0.408382000000 2.814545000000 0
0.426410000000 0.582761000000 2.682329000000 0
-0.171831000000 0.587587000000 2.722269000000 0
0.353771000000 0.619508000000 2.686938000000 0
-0.105290000000 0.633243000000 2.710612000000 0
0.264494000000 -0.578800000000 2.717004000000 0
-0.025226000000 -0.586528000000 2.733093000000 0
0.277445000000 -0.992772000000 2.852676000000 0
-0.044515000000 -0.987639000000 2.881026000000 0
0.273859000000 -1.077634000000 2.835528000000 0
-0.083939000000 -1.063911000000 2.892713000000 0
0.106388000000 0.609543000000 2.680564000000 0
0.313442000000 0.425481000000 2.767670000000 0
-0.066489000000 0.421432000000 2.810132000000 0
0.120983000000 0.486001000000 2.747414000000 0
0.124165000000 0.150790000000 2.754733000000 0
0.207943000000 0.000860000000 2.740741000000 0
0.040344000000 -0.005657000000 2.751855000000 0
0.123569000000 0.084142000000 2.748729000000 0
0.561035000000 0.538574000000 2.717817000000 0
-0.274658000000 0.540527000000 2.788129000000 0
0.515987000000 0.746685000000 2.650992000000 0
-0.291334000000 0.748980000000 2.707897000000 0
0.476187000000 0.814372000000 2.629333000000 0
-0.263483000000 0.841224000000 2.654422000000 0
0.266575000000 -0.571894000000 2.736214000000 0
-0.029028000000 -0.575969000000 2.767698000000 0
0.283169000000 -0.982264000000 2.843976000000 0
-0.055941000000 -0.985536000000 2.885311000000 0
0.303228000000 -1.062533000000 2.818504000000 0
-0.092340000000 -1.062601000000 2.870134000000 0
0.093984000000 0.657486000000 2.691087000000 0
0.319065000000 0.476041000000 2.769259000000 0
-0.065840000000 0.479560000000 2.818233000000 0
0.121188000000 0.515291000000 2.753872000000 0
0.122582000000 0.194716000000 2.756128000000 0
0.204642000000 0.046320000000 2.733539000000 0
0.037995000000 0.043193000000 2.749518000000 0
0.121220000000 0.131738000000 2.746519000000 0
0.535645000000 0.672852000000 2.702178000000 0
-0.260986000000 0.674805000000 2.758819000000 0
0.597656000000 0.879395000000 2.620296000000 0
-0.354914000000 0.864200000000 2.685757000000 0
0.594727000000 0.974609000000 2.573421000000 0
-0.375244000000 0.947266000000 2.659358000000 0
0.263485000000 -0.561408000000 2.741458000000 0
-0.030740000000 -0.577131000000 2.780160000000 0
0.290833000000 -0.972688000000 2.842778000000 0
-0.062871000000 -0.983367000000 2.886642000000 0
0.300884000000 -1.056045000000 2.821266000000 0
-0.090212000000 -1.052302000000 2.841780000000 0
0.086440000000 0.681770000000 2.699365000000 0
0.311885000000 0.479608000000 2.767340000000 0
-0.065799000000 0.481018000000 2.817421000000 0
0.119244000000 0.518110000000 2.752398000000 0
0.122296000000 0.197439000000 2.757054000000 0
0.203730000000 0.051125000000 2.732513000000 0
0.038299000000 0.046986000000 2.749559000000 0
0.120828000000 0.134202000000 2.745907000000 0
0.529514000000 0.663163000000 2.702788000000 0
-0.257881000000 0.639723000000 2.771135000000 0
0.606344000000 0.898919000000 2.614299000000 0
-0.326916000000 0.841035000000 2.702946000000 0
0.610252000000 0.975742000000 2.587337000000 0
-0.342415000000 0.945589000000 2.671488000000 0
0.256802000000 -0.535596000000 2.724093000000 0
-0.031389000000 -0.568230000000 2.774965000000 0
0.294522000000 -0.952835000000 2.851257000000 0
-0.068334000000 -0.962652000000 2.896376000000 0
0.281721000000 -0.999270000000 2.761257000000 0
-0.085687000000 -1.047359000000 2.889166000000 0
0.081037000000 0.683672000000 2.699648000000 0
0.297725000000 0.427178000000 2.757828000000 0
-0.076589000000 0.422300000000 2.825267000000 0
0.110072000000 0.475653000000 2.740351000000 0
0.119057000000 0.148231000000 2.755928000000 0
0.202219000000 0.002176000000 2.736164000000 0
0.037749000000 -0.005313000000 2.756538000000 0
0.118212000000 0.082822000000 2.747693000000 0
0.543945000000 0.520996000000 2.717783000000 0
-0.285088000000 0.483622000000 2.830288000000 0
0.481812000000 0.751709000000 2.665204000000 0
-0.259923000000 0.689014000000 2.743227000000 0
0.461456000000 0.825882000000 2.638435000000 0
-0.226113000000 0.784918000000 2.700799000000 0
0.252083000000 -0.560767000000 2.704832000000 0
-0.027319000000 -0.580119000000 2.752228000000 0
0.291762000000 -0.976184000000 2.862684000000 0
-0.062023000000 -0.984393000000 2.926617000000 0
0.274816000000 -1.023705000000 2.773916000000 0
-0.081471000000 -1.068878000000 2.922568000000 0
0.067762000000 0.629326000000 2.684556000000 0
0.293242000000 0.355034000000 2.752108000000 0
-0.077605000000 0.359385000000 2.826290000000 0
0.105144000000 0.420176000000 2.735396000000 0
0.114839000000 0.100719000000 2.754540000000 0
0.199871000000 -0.046793000000 2.740441000000 0
0.033160000000 -0.050142000000 2.760169000000 0
0.114443000000 0.036513000000 2.749810000000 0
0.534412000000 0.446149000000 2.722862000000 0
-0.273873000000 0.443953000000 2.849683000000 0
0.386976000000 0.608622000000 2.714821000000 0
-0.184452000000 0.622334000000 2.744799000000 0
0.320557000000 0.628906000000 2.721837000000 0
-0.132817000000 0.668602000000 2.702273000000 0
0.250285000000 -0.566803000000 2.702365000000 0
-0.026900000000 -0.589205000000 2.740822000000 0
0.288947000000 -0.978622000000 2.864357000000 0
-0.055778000000 -0.982781000000 2.917016000000 0
0.270354000000 -1.026724000000 2.776231000000 0
-0.074370000000 -1.030883000000 2.828890000000 0
0.073735000000 0.594286000000 2.685248000000 0
0.298591000000 0.370550000000 2.755852000000 0
-0.075541000000 0.364882000000 2.825307000000 0
0.108682000000 0.426618000000 2.735919000000 0
0.116640000000 0.103257000000 2.752558000000 0
0.201885000000 -0.043990000000 2.739870000000 0
0.035013000000 -0.048616000000 2.759472000000 0
0.116555000000 0.038578000000 2.749532000000 0
0.541069000000 0.488480000000 2.714431000000 0
-0.272655000000 0.452982000000 2.837469000000 0
0.431164000000 0.678101000000 2.692195000000 0
-0.256836000000 0.659668000000 2.731591000000 0
0.382080000000 0.694336000000 2.690576000000 0
-0.236783000000 0.723062000000 2.685016000000 0
0.255019000000 -0.567819000000 2.707843000000 0
-0.030777000000 -0.583556000000 2.748370000000 0
0.289155000000 -0.979836000000 2.868391000000 0
-0.061972000000 -0.986164000000 2.930553000000 0
0.281414000000 -1.066278000000 2.868531000000 0
-0.078483000000 -1.071360000000 2.931679000000 0
0.080217000000 0.602400000000 2.698910000000 0
0.316405000000 0.451876000000 2.757920000000 0
-0.061722000000 0.441763000000 2.813823000000 0
0.120312000000 0.501720000000 2.736439000000 0
0.125457000000 0.174070000000 2.747564000000 0
0.209297000000 0.027057000000 2.734880000000 0
0.043351000000 0.021098000000 2.750856000000 0
0.125240000000 0.108873000000 2.744141000000 0
0.539551000000 0.616699000000 2.700167000000 0
-0.272705000000 0.580078000000 2.793917000000 0
0.529599000000 0.830918000000 2.640572000000 0
-0.374565000000 0.766865000000 2.727046000000 0
0.510254000000 0.909180000000 2.626117000000 0
-0.392578000000 0.837891000000 2.696429000000 0
0.267566000000 -0.522840000000 2.742682000000 0
-0.044035000000 -0.578985000000 2.815986000000 0
0.302182000000 -0.954683000000 2.862557000000 0
-0.071917000000 -0.984830000000 2.925168000000 0
0.288072000000 -1.002238000000 2.773242000000 0
-0.104664000000 -1.064421000000 2.913589000000 0
0.106769000000 0.675464000000 2.711057000000 0
0.328697000000 0.499042000000 2.758742000000 0
-0.043442000000 0.504701000000 2.800920000000 0
0.137811000000 0.550098000000 2.735217000000 0
0.131102000000 0.223984000000 2.746671000000 0
0.210418000000 0.078170000000 2.738826000000 0
0.043659000000 0.076520000000 2.746733000000 0
0.128878000000 0.159120000000 2.743839000000 0
0.521093000000 0.693621000000 2.696698000000 0
-0.263535000000 0.662641000000 2.775661000000 0
0.618164000000 0.933105000000 2.600714000000 0
-0.416024000000 0.816513000000 2.726985000000 0
0.637892000000 1.004019000000 2.566590000000 0
-0.492464000000 0.890115000000 2.698908000000 0
0.266497000000 -0.507373000000 2.746337000000 0
-0.042574000000 -0.548526000000 2.814607000000 0
0.318797000000 -0.923756000000 2.860839000000 0
-0.079969000000 -0.970042000000 2.928308000000 0
0.307826000000 -0.971330000000 2.770972000000 0
-0.114790000000 -1.048740000000 2.916012000000 0
0.131182000000 0.713577000000 2.712956000000 0
0.330841000000 0.508714000000 2.760301000000 0
-0.035405000000 0.509454000000 2.797596000000 0
0.145645000000 0.552240000000 2.733388000000 0
0.134616000000 0.228317000000 2.745988000000 0
0.213200000000 0.082152000000 2.741289000000 0
0.046093000000 0.082636000000 2.746288000000 0
0.132016000000 0.163894000000 2.744379000000 0
0.528292000000 0.690006000000 2.694423000000 0
-0.258883000000 0.653967000000 2.782086000000 0
0.614268000000 0.931786000000 2.608572000000 0
-0.409691000000 0.823163000000 2.733696000000 0
0.625673000000 1.009211000000 2.580852000000 0
-0.463588000000 0.914478000000 2.705590000000 0
0.265096000000 -0.500084000000 2.745505000000 0
-0.041988000000 -0.529433000000 2.798358000000 0
0.325223000000 -0.923414000000 2.876094000000 0
-0.078898000000 -0.938681000000 2.934111000000 0
0.315284000000 -0.971191000000 2.786124000000 0
-0.100311000000 -1.018007000000 2.905512000000 0
0.158159000000 0.709745000000 2.696721000000 0
0.331967000000 0.438898000000 2.754167000000 0
-0.031541000000 0.456501000000 2.800880000000 0
0.153672000000 0.505571000000 2.722551000000 0
0.138333000000 0.172900000000 2.747357000000 0
0.212335000000 0.023524000000 2.751630000000 0
0.048572000000 0.028024000000 2.753902000000 0
0.134463000000 0.105829000000 2.749849000000 0
0.551758000000 0.554688000000 2.717695000000 0
-0.265094000000 0.572858000000 2.834269000000 0
0.527807000000 0.770243000000 2.670145000000 0
-0.321721000000 0.769945000000 2.742371000000 0
0.488533000000 0.869737000000 2.645977000000 0
-0.332315000000 0.866853000000 2.692152000000 0
0.261888000000 -0.547235000000 2.744533000000 0
-0.033679000000 -0.566728000000 2.776532000000 0
0.330090000000 -0.956229000000 2.907768000000 0
-0.072353000000 -0.939729000000 2.949450000000 0
0.319846000000 -1.041904000000 2.896280000000 0
-0.084717000000 -0.988758000000 2.860397000000 0
0.158017000000 0.663112000000 2.673198000000 0
0.322510000000 0.354980000000 2.755872000000 0
-0.040963000000 0.391801000000 2.813065000000 0
0.139058000000 0.435827000000 2.726146000000 0
0.129724000000 0.107093000000 2.751243000000 0
0.207280000000 -0.044558000000 2.756822000000 0
0.041897000000 -0.036372000000 2.759057000000 0
0.127039000000 0.041030000000 2.754741000000 0
0.549805000000 0.440918000000 2.723545000000 0
-0.233270000000 0.476661000000 2.856224000000 0
0.425509000000 0.621493000000 2.700431000000 0
-0.236665000000 0.686095000000 2.777353000000 0
0.369385000000 0.656738000000 2.712014000000 0
-0.185555000000 0.767811000000 2.725054000000 0
0.257773000000 -0.559601000000 2.740333000000 0
-0.030646000000 -0.574191000000 2.773702000000 0
0.319613000000 -0.967623000000 2.915326000000 0
-0.052086000000 -0.966858000000 2.980233000000 0
0.300173000000 -1.052490000000 2.914715000000 0
-0.067177000000 -1.016039000000 2.891657000000 0
0.138271000000 0.602693000000 2.675162000000 0
0.322200000000 0.353772000000 2.756352000000 0
-0.052811000000 0.377211000000 2.818838000000 0
0.136260000000 0.428913000000 2.727264000000 0
0.128887000000 0.105067000000 2.750630000000 0
0.207851000000 -0.046012000000 2.755415000000 0
0.039946000000 -0.041530000000 2.760594000000 0
0.126550000000 0.039784000000 2.754752000000 0
0.550459000000 0.433153000000 2.723359000000 0
-0.239526000000 0.498047000000 2.843457000000 0
0.406954000000 0.598896000000 2.704438000000 0
-0.127786000000 0.674016000000 2.761837000000 0
0.337532000000 0.638744000000 2.715980000000 0
-0.074248000000 0.724386000000 2.728117000000 0
0.260297000000 -0.562597000000 2.745367000000 0
-0.028196000000 -0.581178000000 2.794209000000 0
0.318350000000 -0.967867000000 2.918579000000 0
-0.049611000000 -0.971933000000 2.994096000000 0
0.302559000000 -1.016984000000 2.830088000000 0
-0.081703000000 -1.052632000000 2.987890000000 0
0.125528000000 0.599517000000 2.680895000000 0
0.314321000000 0.426805000000 2.752003000000 0
-0.058928000000 0.444031000000 2.806962000000 0
0.120728000000 0.508789000000 2.730443000000 0
0.122455000000 0.167311000000 2.743239000000 0
0.205110000000 0.015514000000 2.738197000000 0
0.039894000000 0.013222000000 2.754951000000 0
0.122317000000 0.098284000000 2.746122000000 0
0.556641000000 0.521484000000 2.709850000000 0
-0.253484000000 0.582858000000 2.814047000000 0
0.525146000000 0.758301000000 2.656335000000 0
-0.225825000000 0.791280000000 2.738396000000 0
0.519228000000 0.838523000000 2.648444000000 0
-0.201890000000 0.861827000000 2.707042000000 0
0.264581000000 -0.528371000000 2.732742000000 0
-0.032877000000 -0.584470000000 2.816137000000 0
0.324782000000 -0.955236000000 2.902239000000 0
-0.069657000000 -0.980741000000 2.996443000000 0
0.310756000000 -1.003524000000 2.812963000000 0
-0.096493000000 -1.056182000000 2.962183000000 0
0.100033000000 0.670172000000 2.690215000000 0
0.311590000000 0.490032000000 2.749416000000 0
-0.063634000000 0.509934000000 2.812298000000 0
0.119000000000 0.552111000000 2.722873000000 0
0.120352000000 0.226524000000 2.734413000000 0
0.206129000000 0.077850000000 2.726713000000 0
0.034523000000 0.074833000000 2.748447000000 0
0.120152000000 0.160999000000 2.737505000000 0
0.563323000000 0.646190000000 2.704688000000 0
-0.251421000000 0.684170000000 2.780533000000 0
0.646417000000 0.836788000000 2.621272000000 0
-0.329102000000 0.903809000000 2.710030000000 0
0.665527000000 0.929199000000 2.586983000000 0
-0.342041000000 0.985840000000 2.686593000000 0
0.265085000000 -0.506365000000 2.733440000000 0
-0.054193000000 -0.525678000000 2.806739000000 0
0.317871000000 -0.916016000000 2.844592000000 0
-0.095629000000 -0.946885000000 2.947774000000 0
0.302044000000 -0.964177000000 2.755610000000 0
-0.137451000000 -1.029297000000 2.889514000000 0
0.091859000000 0.709941000000 2.690198000000 0
0.308365000000 0.520517000000 2.748366000000 0
-0.064047000000 0.526094000000 2.813703000000 0
0.120351000000 0.563639000000 2.720601000000 0
0.120564000000 0.240883000000 2.729550000000 0
0.204217000000 0.092816000000 2.719210000000 0
0.035755000000 0.091217000000 2.743877000000 0
0.120133000000 0.176466000000 2.732113000000 0
0.556145000000 0.682531000000 2.697957000000 0
-0.260011000000 0.697061000000 2.781425000000 0
0.690623000000 0.897655000000 2.600797000000 0
-0.355620000000 0.899647000000 2.720875000000 0
0.715611000000 0.962227000000 2.559347000000 0
-0.375530000000 0.975412000000 2.701502000000 0
0.258669000000 -0.540944000000 2.747897000000 0
-0.055787000000 -0.514487000000 2.797985000000 0
0.300233000000 -0.949559000000 2.841185000000 0
-0.120355000000 -0.907744000000 2.902020000000 0
0.277100000000 -1.056641000000 2.834806000000 0
-0.151083000000 -1.012091000000 2.878352000000 0
0.082545000000 0.720667000000 2.690418000000 0
0.297108000000 0.490618000000 2.735456000000 0
-0.066222000000 0.494801000000 2.819592000000 0
0.117299000000 0.550897000000 2.718030000000 0
0.117381000000 0.212622000000 2.722835000000 0
0.197197000000 0.062872000000 2.706316000000 0
0.036055000000 0.060756000000 2.738055000000 0
0.116653000000 0.144465000000 2.723619000000 0
0.566837000000 0.614700000000 2.698540000000 0
-0.267631000000 0.577585000000 2.821445000000 0
0.630371000000 0.886230000000 2.629935000000 0
-0.291371000000 0.782822000000 2.733609000000 0
0.637797000000 0.965128000000 2.615084000000 0
-0.276435000000 0.879905000000 2.686166000000 0
0.237088000000 -0.544048000000 2.713701000000 0
-0.056274000000 -0.567871000000 2.771376000000 0
0.265792000000 -0.972702000000 2.849403000000 0
-0.121363000000 -0.954347000000 2.902724000000 0
0.244335000000 -1.020059000000 2.761218000000 0
-0.118504000000 -1.040651000000 2.891992000000 0
0.066649000000 0.701479000000 2.681583000000 0
0.290742000000 0.393663000000 2.726466000000 0
-0.063257000000 0.401806000000 2.809197000000 0
0.107693000000 0.450945000000 2.705391000000 0
0.112904000000 0.128399000000 2.720490000000 0
0.193632000000 -0.016489000000 2.708990000000 0
0.035516000000 -0.020217000000 2.737437000000 0
0.113320000000 0.063186000000 2.722898000000 0
0.552734000000 0.495117000000 2.711746000000 0
-0.248001000000 0.519435000000 2.840652000000 0
0.521940000000 0.711259000000 2.675048000000 0
-0.185849000000 0.706676000000 2.730844000000 0
0.485543000000 0.811963000000 2.653927000000 0
-0.147501000000 0.766635000000 2.692870000000 0
0.223240000000 -0.577482000000 2.679081000000 0
-0.042336000000 -0.583917000000 2.738095000000 0
0.253658000000 -0.996331000000 2.868618000000 0
-0.094874000000 -0.971599000000 2.913288000000 0
0.264830000000 -1.082207000000 2.859668000000 0
-0.119684000000 -1.053078000000 2.895253000000 0
0.060028000000 0.609131000000 2.659867000000 0
0.299061000000 0.353487000000 2.729906000000 0
-0.069423000000 0.353974000000 2.811944000000 0
0.114028000000 0.417483000000 2.701827000000 0
0.114390000000 0.094587000000 2.719769000000 0
0.197352000000 -0.053206000000 2.710453000000 0
0.031809000000 -0.059126000000 2.739455000000 0
0.113976000000 0.029281000000 2.723614000000 0
0.560488000000 0.453378000000 2.711320000000 0
-0.259363000000 0.433928000000 2.860936000000 0
0.416182000000 0.618162000000 2.684554000000 0
-0.151831000000 0.604940000000 2.755947000000 0
0.360596000000 0.649414000000 2.704144000000 0
-0.092509000000 0.649357000000 2.724423000000 0
0.222032000000 -0.577572000000 2.676162000000 0
-0.035568000000 -0.592261000000 2.731800000000 0
0.241322000000 -0.983398000000 2.854607000000 0
-0.090158000000 -0.979272000000 2.920776000000 0
0.220813000000 -1.032055000000 2.766931000000 0
-0.110667000000 -1.027929000000 2.833100000000 0
0.065520000000 0.588944000000 2.660279000000 0
0.309612000000 0.387012000000 2.720236000000 0
-0.056663000000 0.385441000000 2.792753000000 0
0.121409000000 0.456122000000 2.702934000000 0
0.121394000000 0.115424000000 2.713692000000 0
0.203531000000 -0.034207000000 2.704584000000 0
0.040716000000 -0.034041000000 2.728229000000 0
0.121055000000 0.048155000000 2.717070000000 0
0.570720000000 0.498730000000 2.690327000000 0
-0.259033000000 0.469238000000 2.807429000000 0
0.482906000000 0.697133000000 2.644543000000 0
-0.250593000000 0.679725000000 2.732785000000 0
0.439209000000 0.718750000000 2.639683000000 0
-0.231367000000 0.751458000000 2.701766000000 0
0.239292000000 -0.574944000000 2.711891000000 0
-0.040296000000 -0.590601000000 2.753586000000 0
0.249726000000 -0.996452000000 2.877731000000 0
-0.091156000000 -0.977202000000 2.928040000000 0
0.231276000000 -1.044422000000 2.789387000000 0
-0.129044000000 -1.054429000000 2.915875000000 0
0.080000000000 0.615404000000 2.663014000000 0
0.334473000000 0.488281000000 2.714669000000 0
-0.046648000000 0.486277000000 2.775913000000 0
0.135322000000 0.533373000000 2.692492000000 0
0.133249000000 0.217391000000 2.701157000000 0
0.217497000000 0.065656000000 2.694604000000 0
0.045063000000 0.067045000000 2.713956000000 0
0.132245000000 0.152580000000 2.704352000000 0
0.579102000000 0.630371000000 2.678510000000 0
-0.268066000000 0.624512000000 2.780073000000 0
0.584686000000 0.845098000000 2.620394000000 0
-0.372768000000 0.810944000000 2.717482000000 0
0.573730000000 0.921387000000 2.602565000000 0
-0.397512000000 0.883320000000 2.692738000000 0
0.263117000000 -0.523259000000 2.727821000000 0
-0.056683000000 -0.565074000000 2.783386000000 0
0.283691000000 -0.951172000000 2.840620000000 0
-0.118975000000 -0.949675000000 2.881928000000 0
0.274949000000 -1.035684000000 2.823135000000 0
-0.134158000000 -0.997393000000 2.793008000000 0
0.119786000000 0.713664000000 2.666149000000 0
0.346727000000 0.538068000000 2.718708000000 0
-0.025464000000 0.535551000000 2.752510000000 0
0.156798000000 0.572612000000 2.682666000000 0
0.146247000000 0.257833000000 2.692776000000 0
0.227334000000 0.109536000000 2.694948000000 0
0.055855000000 0.115834000000 2.697376000000 0
0.144073000000 0.195164000000 2.696381000000 0
0.557982000000 0.745132000000 2.665689000000 0
-0.232861000000 0.685803000000 2.753534000000 0
0.673180000000 0.928094000000 2.590828000000 0
-0.410286000000 0.844021000000 2.719734000000 0
0.723633000000 0.995605000000 2.553719000000 0
-0.476301000000 0.924993000000 2.689225000000 0
0.267427000000 -0.475346000000 2.715356000000 0
-0.048579000000 -0.468685000000 2.752469000000 0
0.308155000000 -0.896666000000 2.828251000000 0
-0.117797000000 -0.867026000000 2.860385000000 0
0.299254000000 -0.944596000000 2.738489000000 0
-0.126698000000 -0.914956000000 2.770623000000 0
0.153400000000 0.739879000000 2.649953000000 0
0.351613000000 0.531909000000 2.716421000000 0
-0.015822000000 0.531226000000 2.743319000000 0
0.165692000000 0.576453000000 2.678634000000 0
0.150734000000 0.255226000000 2.689260000000 0
0.230007000000 0.105171000000 2.692807000000 0
0.058675000000 0.112435000000 2.693749000000 0
0.147929000000 0.191005000000 2.693174000000 0
0.567871000000 0.682617000000 2.678458000000 0
-0.255074000000 0.673164000000 2.761431000000 0
0.679672000000 0.928270000000 2.597679000000 0
-0.392932000000 0.852496000000 2.717133000000 0
0.716687000000 0.994100000000 2.570135000000 0
-0.417725000000 0.944824000000 2.680655000000 0
0.271541000000 -0.486429000000 2.713984000000 0
-0.045051000000 -0.522028000000 2.751423000000 0
0.324519000000 -0.912602000000 2.830975000000 0
-0.120779000000 -0.907138000000 2.870439000000 0
0.312960000000 -0.998394000000 2.823579000000 0
-0.125762000000 -0.991832000000 2.851717000000 0
0.178446000000 0.730093000000 2.632016000000 0
0.354004000000 0.454102000000 2.700884000000 0
-0.019169000000 0.476671000000 2.739949000000 0
0.170986000000 0.517135000000 2.661515000000 0
0.151697000000 0.185836000000 2.682023000000 0
0.226515000000 0.030960000000 2.692692000000 0
0.058644000000 0.039032000000 2.690776000000 0
0.147648000000 0.119063000000 2.688504000000 0
0.583984000000 0.579590000000 2.688208000000 0
-0.239868000000 0.562500000000 2.778052000000 0
0.590332000000 0.811035000000 2.641582000000 0
-0.279314000000 0.770941000000 2.707638000000 0
0.581055000000 0.908203000000 2.631817000000 0
-0.271748000000 0.864475000000 2.652618000000 0
0.270842000000 -0.536340000000 2.703813000000 0
-0.040770000000 -0.563867000000 2.743286000000 0
0.328321000000 -0.953047000000 2.840807000000 0
-0.110793000000 -0.961409000000 2.890213000000 0
0.318089000000 -1.001982000000 2.751677000000 0
-0.121025000000 -1.010344000000 2.801082000000 0
0.167338000000 0.676749000000 2.608969000000 0
0.343538000000 0.350717000000 2.696960000000 0
-0.035615000000 0.365769000000 2.739929000000 0
0.154270000000 0.430199000000 2.665343000000 0
0.145874000000 0.107684000000 2.686521000000 0
0.227431000000 -0.045812000000 2.697277000000 0
0.056365000000 -0.040761000000 2.696422000000 0
0.144088000000 0.043006000000 2.693283000000 0
0.571777000000 0.435303000000 2.688198000000 0
-0.227069000000 0.493511000000 2.767051000000 0
0.452794000000 0.619406000000 2.661915000000 0
-0.120488000000 0.676622000000 2.695948000000 0
0.391538000000 0.670764000000 2.653356000000 0
-0.045730000000 0.744673000000 2.655815000000 0
0.268046000000 -0.559631000000 2.679767000000 0
-0.021029000000 -0.571801000000 2.702101000000 0
0.309585000000 -0.951166000000 2.820955000000 0
-0.098173000000 -0.963194000000 2.889935000000 0
0.298638000000 -1.000268000000 2.732134000000 0
-0.109120000000 -1.012295000000 2.801114000000 0
0.144911000000 0.602548000000 2.608616000000 0
0.342246000000 0.350460000000 2.694923000000 0
-0.035567000000 0.369512000000 2.740307000000 0
0.156366000000 0.423397000000 2.664600000000 0
0.146399000000 0.101760000000 2.685881000000 0
0.227467000000 -0.048478000000 2.694750000000 0
0.056335000000 -0.046201000000 2.697186000000 0
0.144359000000 0.037340000000 2.692657000000 0
0.573254000000 0.427378000000 2.675632000000 0
-0.228632000000 0.489384000000 2.750526000000 0
0.438651000000 0.599177000000 2.638958000000 0
-0.136882000000 0.672046000000 2.657174000000 0
0.376308000000 0.649306000000 2.632271000000 0
-0.090454000000 0.704102000000 2.637660000000 0
0.269748000000 -0.559609000000 2.677188000000 0
-0.021633000000 -0.577408000000 2.704769000000 0
0.303452000000 -0.950563000000 2.820778000000 0
-0.094575000000 -0.969542000000 2.892311000000 0
0.291888000000 -0.999542000000 2.732213000000 0
-0.106139000000 -1.018520000000 2.803747000000 0
0.143242000000 0.599819000000 2.610009000000 0
0.346614000000 0.413123000000 2.684251000000 0
-0.032379000000 0.439226000000 2.730383000000 0
0.152222000000 0.505859000000 2.657858000000 0
0.143513000000 0.166608000000 2.669378000000 0
0.224301000000 0.011399000000 2.670158000000 0
0.054652000000 0.013728000000 2.680114000000 0
0.141726000000 0.098225000000 2.674530000000 0
0.590332000000 0.507324000000 2.660830000000 0
-0.244263000000 0.562988000000 2.729189000000 0
0.541016000000 0.743408000000 2.604450000000 0
-0.260884000000 0.769636000000 2.643901000000 0
0.506044000000 0.814360000000 2.590999000000 0
-0.244019000000 0.815918000000 2.610309000000 0
0.275335000000 -0.552507000000 2.684730000000 0
-0.035584000000 -0.569998000000 2.722481000000 0
0.310087000000 -0.968608000000 2.830813000000 0
-0.107231000000 -0.952483000000 2.872824000000 0
0.298425000000 -1.016549000000 2.741832000000 0
-0.118892000000 -1.000424000000 2.783843000000 0
0.143270000000 0.669549000000 2.615548000000 0
0.345678000000 0.479537000000 2.674157000000 0
-0.034545000000 0.501989000000 2.722698000000 0
0.149750000000 0.548000000000 2.639059000000 0
0.138393000000 0.217562000000 2.658095000000 0
0.219336000000 0.061706000000 2.660705000000 0
0.047085000000 0.069431000000 2.674098000000 0
0.136055000000 0.151414000000 2.664741000000 0
0.607590000000 0.609157000000 2.648242000000 0
-0.250977000000 0.648262000000 2.712758000000 0
0.664063000000 0.816406000000 2.569283000000 0
-0.343262000000 0.856934000000 2.635689000000 0
0.679062000000 0.917533000000 2.532510000000 0
-0.356934000000 0.944824000000 2.610299000000 0
0.267508000000 -0.528518000000 2.686752000000 0
-0.052862000000 -0.551589000000 2.737920000000 0
0.306336000000 -0.941869000000 2.804764000000 0
-0.113267000000 -0.948127000000 2.862444000000 0
0.294091000000 -0.990570000000 2.716152000000 0
-0.147651000000 -1.024548000000 2.827019000000 0
0.137324000000 0.707637000000 2.604434000000 0
0.340741000000 0.483737000000 2.669395000000 0
-0.035233000000 0.505553000000 2.719393000000 0
0.147869000000 0.550145000000 2.634284000000 0
0.136869000000 0.219484000000 2.655494000000 0
0.217780000000 0.064450000000 2.659075000000 0
0.045772000000 0.072459000000 2.672081000000 0
0.134582000000 0.153348000000 2.662560000000 0
0.600400000000 0.613291000000 2.644245000000 0
-0.258132000000 0.639592000000 2.710739000000 0
0.685342000000 0.869313000000 2.542992000000 0
-0.310569000000 0.842689000000 2.632252000000 0
0.691486000000 0.942919000000 2.511655000000 0
-0.316203000000 0.942026000000 2.588844000000 0
0.258940000000 -0.540283000000 2.694484000000 0
-0.059079000000 -0.561399000000 2.742883000000 0
0.287562000000 -0.959040000000 2.789150000000 0
-0.122864000000 -0.972656000000 2.836579000000 0
0.268090000000 -1.041180000000 2.769623000000 0
-0.152710000000 -1.037109000000 2.783845000000 0
0.129317000000 0.708369000000 2.597384000000 0
0.323008000000 0.433897000000 2.649851000000 0
-0.040698000000 0.452842000000 2.706368000000 0
0.136711000000 0.494797000000 2.621733000000 0
0.127796000000 0.156836000000 2.651118000000 0
0.204962000000 0.008437000000 2.657541000000 0
0.043222000000 0.009307000000 2.672902000000 0
0.125969000000 0.089093000000 2.660063000000 0
0.596680000000 0.548828000000 2.629547000000 0
-0.244890000000 0.540502000000 2.728835000000 0
0.629287000000 0.785627000000 2.560230000000 0
-0.249385000000 0.745779000000 2.637387000000 0
0.620117000000 0.872559000000 2.541928000000 0
-0.234009000000 0.816895000000 2.602475000000 0
0.237481000000 -0.563679000000 2.671330000000 0
-0.058616000000 -0.573038000000 2.732055000000 0
0.249146000000 -1.013672000000 2.819000000000 0
-0.105163000000 -0.988808000000 2.860368000000 0
0.271005000000 -1.081449000000 2.769531000000 0
-0.119888000000 -1.038641000000 2.772582000000 0
0.105338000000 0.651926000000 2.572413000000 0
0.313172000000 0.351916000000 2.645876000000 0
-0.056459000000 0.363023000000 2.709521000000 0
0.127408000000 0.410383000000 2.623324000000 0
0.120857000000 0.094016000000 2.659817000000 0
0.200965000000 -0.054529000000 2.669152000000 0
0.034016000000 -0.051925000000 2.685981000000 0
0.119458000000 0.030310000000 2.670119000000 0
0.562012000000 0.410156000000 2.611958000000 0
-0.259512000000 0.427537000000 2.736304000000 0
0.538086000000 0.639160000000 2.551687000000 0
-0.200317000000 0.620605000000 2.631765000000 0
0.513672000000 0.729980000000 2.545827000000 0
-0.155493000000 0.672991000000 2.590720000000 0
0.229935000000 -0.570647000000 2.622512000000 0
-0.048126000000 -0.577108000000 2.668271000000 0
0.249074000000 -0.989251000000 2.764364000000 0
-0.101042000000 -0.987072000000 2.846415000000 0
0.233045000000 -1.040085000000 2.677350000000 0
-0.117072000000 -1.037906000000 2.759401000000 0
0.096037000000 0.585006000000 2.567157000000 0
0.313491000000 0.346310000000 2.648009000000 0
-0.055892000000 0.357546000000 2.711349000000 0
0.128150000000 0.403434000000 2.629057000000 0
0.120718000000 0.085535000000 2.662240000000 0
0.200827000000 -0.062650000000 2.672179000000 0
0.033667000000 -0.059950000000 2.687457000000 0
0.119230000000 0.021789000000 2.672523000000 0
0.559538000000 0.403951000000 2.597528000000 0
-0.260554000000 0.420138000000 2.733470000000 0
0.502346000000 0.609311000000 2.505339000000 0
-0.215349000000 0.607378000000 2.614982000000 0
0.467944000000 0.681113000000 2.496566000000 0
-0.186274000000 0.648927000000 2.552979000000 0
0.229575000000 -0.569937000000 2.618605000000 0
-0.049786000000 -0.580048000000 2.663386000000 0
0.248626000000 -0.987554000000 2.762556000000 0
-0.098798000000 -0.986512000000 2.839602000000 0
0.232636000000 -1.038029000000 2.675326000000 0
-0.114789000000 -1.036987000000 2.752373000000 0
0.101219000000 0.575358000000 2.568542000000 0
