-0.559626602043 0.911343318052 0.033340414014 0
-0.610347583523 0.863689827492 -0.228894401508 0
-0.586070634019 0.853487586477 -0.092528952119 0
-0.540712465221 0.739227124265 -0.088723915475 0
-0.547809541063 0.556693635208 -0.038958490362 0
-0.569844077567 0.566566212863 -0.136638604669 0
-0.519125925926 0.618925925926 -0.088559259259 0
-0.526332502307 0.736796813127 0.054383727413 0
-0.588313068275 0.697184385795 -0.259841848693 0
-0.550640953270 0.628781433779 0.065322561431 0
-0.644313237512 0.605182422799 -0.252432295395 0
-0.582874755598 0.534054297679 0.083298462978 0
-0.706769427809 0.525565378881 -0.254063428805 0
-0.643977606468 0.310468832383 0.024560968711 0
-0.720469966982 0.336249025039 -0.123117531230 0
-0.472912531072 0.071639029116 -0.044780711252 0
-0.778081563867 0.028874415555 -0.120864604020 0
-0.510335355502 0.052832934154 -0.036956223471 0
-0.824096470428 0.032165179732 -0.119718266497 0
-0.637628405742 0.968806997211 -0.078277760104 0
-0.581622526754 0.906984400224 0.032946975626 0
-0.632732834724 0.859044381125 -0.229159992203 0
-0.606832819210 0.848935531926 -0.093086511501 0
-0.556364053724 0.736778893315 -0.090567650756 0
-0.558498200524 0.555756503253 -0.042026700652 0
-0.580190492883 0.565682454106 -0.139777983362 0
-0.529170370370 0.617685185185 -0.091630740741 0
-0.542382050458 0.733609130078 0.053416494896 0
-0.617260455464 0.691905105536 -0.260662285770 0
-0.564076167126 0.625087566533 0.064832124587 0
-0.675728477822 0.601759663195 -0.250147000878 0
-0.594382986514 0.529936235814 0.083462275183 0
-0.740657552242 0.524114025027 -0.248145479456 0
-0.673464483570 0.318352817700 0.023790590842 0
-0.731156116147 0.335549036212 -0.126933702246 0
-0.545357862650 0.059034717406 -0.042326712076 0
-0.778810381138 0.028802718598 -0.121151904499 0
-0.586457371329 0.051563947215 -0.033937577188 0
-0.824940703175 0.029751235961 -0.120371809600 0
-0.662064954486 0.962192029811 -0.077520373368 0
-0.602638795296 0.899671413373 0.032951405186 0
-0.653805181626 0.851541244193 -0.229109769584 0
-0.626439093033 0.841535514875 -0.093315902410 0
-0.570983543319 0.731720256226 -0.092119294902 0
-0.568141340448 0.552454830236 -0.044716846949 0
-0.589850785404 0.562369115650 -0.142465505578 0
-0.538392592593 0.614070370370 -0.094460000000 0
-0.557215612723 0.727728009461 0.052699843938 0
-0.644393241192 0.684131290846 -0.261554327859 0
-0.577246342026 0.618940637050 0.064614479524 0
-0.705287948505 0.596152370091 -0.247172890037 0
-0.606128609183 0.523565203493 0.084072397540 0
-0.772262798437 0.520381579668 -0.241175407631 0
-0.698068080061 0.323250912976 0.022322534441 0
-0.744189975963 0.334406835221 -0.131081395791 0
-0.616264990879 0.049251866462 -0.035880701657 0
-0.780372443323 0.028935034554 -0.121246777523 0
-0.657744647385 0.051917902643 -0.026516410317 0
-0.826470452852 0.026875822265 -0.120748774821 0
-0.685154563676 0.952645089270 -0.076495821267 0
-0.623955101824 0.888053037685 0.033167097121 0
-0.674892948759 0.839816774443 -0.228919091479 0
-0.646243496813 0.829929442435 -0.093381490220 0
-0.585914227861 0.722690308347 -0.093398835447 0
-0.577458677092 0.545550220465 -0.046915592400 0
-0.599345740071 0.555493039636 -0.144621734175 0
-0.547414814815 0.606900000000 -0.096809629630 0
-0.571634466793 0.718056314113 0.052698242039 0
-0.672144256272 0.672382207407 -0.262466623658 0
-0.591074394243 0.609213900715 0.065079652304 0
-0.735150721109 0.586664865894 -0.244081728161 0
-0.619305617429 0.513798084126 0.085216686718 0
-0.804339362750 0.513396750768 -0.233989068597 0
-0.719453912564 0.324143470832 0.021830871734 0
-0.760151819410 0.331966754791 -0.134906291444 0
-0.681680046890 0.043289888590 -0.028555212867 0
-0.782179453402 0.028774766464 -0.121398220965 0
-0.721110645927 0.055496200791 -0.017991434800 0
-0.828037432135 0.023629353564 -0.121106061704 0
-0.708302216874 0.938801812294 -0.075542245713 0
-0.644099204013 0.873153131862 0.033818388763 0
-0.693627614545 0.825136343021 -0.228578059643 0
-0.664328727516 0.815255556723 -0.093178882884 0
-0.599559528931 0.710638335315 -0.094271392736 0
-0.586684211482 0.535398811719 -0.048919669751 0
-0.608750623175 0.545641407381 -0.146554479264 0
-0.556348148148 0.596618518519 -0.098796666667 0
-0.584533477167 0.705651395502 0.054138157433 0
-0.697328741520 0.657919145603 -0.263103948642 0
-0.604824253542 0.596982046278 0.066673626583 0
-0.762307915654 0.574599452858 -0.240949550446 0
-0.633530361975 0.501705710167 0.086974699006 0
-0.834009105045 0.504721344070 -0.226420577670 0
-0.738466761857 0.321285987336 0.021984687290 0
-0.777388505398 0.327922004822 -0.137807398312 0
-0.730207498905 0.039279210468 -0.021269870690 0
-0.784089841664 0.028150911208 -0.121616955689 0
-0.768450995902 0.054181460795 -0.009836696253 0
-0.829640303678 0.020757638802 -0.121518072148 0
-0.728896409795 0.922328230856 -0.074813964847 0
-0.662589082865 0.857853004648 0.034493990393 0
-0.710223108022 0.810181008998 -0.228315735597 0
-0.680598229250 0.800289122270 -0.092988321815 0
-0.611861779830 0.698248353725 -0.094994573842 0
-0.595622714840 0.524785124074 -0.050780377145 0
-0.617841921730 0.535448615195 -0.148335439145 0
-0.564874074074 0.585851851852 -0.100592222222 0
-0.595290040605 0.693543877360 0.056655896854 0
-0.720749129710 0.643479969653 -0.263914791947 0
-0.617882731152 0.585281233379 0.068765864056 0
-0.788089897336 0.563225230731 -0.237844127863 0
-0.648606313529 0.490619003463 0.088868381838 0
-0.862017400948 0.496847043127 -0.218809321736 0
-0.757474136918 0.319526984959 0.023938332092 0
-0.793633496489 0.323434255190 -0.140321801278 0
-0.761606070687 0.037013350646 -0.014022450686 0
-0.785960627206 0.027864177827 -0.121896983597 0
-0.800796485704 0.047846032240 -0.001289658951 0
-0.831279638352 0.019164359410 -0.122020404721 0
-0.746324270268 0.906444467349 -0.074173899478 0
-0.678830522176 0.840486616695 0.035625176946 0
-0.726100075836 0.792848806988 -0.227256545469 0
-0.695469957869 0.783137989613 -0.092139974741 0
-0.623216371967 0.683586879668 -0.095250845579 0
-0.604798643124 0.512338905595 -0.052185672738 0
-0.626936193838 0.523296596306 -0.149726695811 0
-0.572966666667 0.572751851852 -0.102114074074 0
-0.605657245809 0.679137997656 0.060726875234 0
-0.743658241633 0.626832572015 -0.263279413253 0
-0.631586788365 0.571513213988 0.071792399031 0
-0.813573675492 0.550076352687 -0.233688932815 0
-0.665854001905 0.478222475220 0.091640561049 0
-0.889240387158 0.486725902418 -0.210837968186 0
-0.776536499647 0.317053548685 0.027057055786 0
-0.810210533508 0.317677620801 -0.142774118805 0
-0.779198569518 0.036826743979 -0.007216538824 0
-0.788285493176 0.027352090773 -0.122233193035 0
-0.818449424160 0.045190884894 0.007093288628 0
-0.833380651086 0.017562994179 -0.122572553335 0
-0.761971620782 0.888635469751 -0.072874413258 0
-0.693591746736 0.819443612047 0.037516361134 0
-0.741022730504 0.772492363329 -0.225459785350 0
-0.709259374579 0.762641509744 -0.090615276043 0
-0.633865382649 0.665495579471 -0.095028222296 0
-0.613611177832 0.496575680916 -0.053366947533 0
-0.635401987683 0.508068163382 -0.150924503735 0
-0.580429629630 0.556318518519 -0.103222962963 0
-0.615953051632 0.660667551114 0.065448349864 0
-0.766027690874 0.607517872444 -0.261867144199 0
-0.646145970743 0.554031315051 0.075194212962 0
-0.838322107723 0.534245434501 -0.229310289925 0
-0.685179057077 0.462790094683 0.094416930067 0
-0.915723673438 0.474151451683 -0.203359944026 0
-0.794332022944 0.311849897243 0.031048886289 0
-0.827243345114 0.310367926138 -0.145586454521 0
-0.785739612628 0.035634838111 -0.003483422719 0
-0.790542247408 0.026592008569 -0.122550907884 0
-0.825008365569 0.042371205365 0.011614458052 0
-0.835500716387 0.016209042035 -0.123217929218 0
-0.777351168206 0.866780004109 -0.070781966836 0
-0.706472679262 0.795237603144 0.039837115489 0
-0.754761729963 0.749557071103 -0.223206660662 0
-0.721611149160 0.739278776311 -0.088728456351 0
-0.643497631175 0.644385562313 -0.094659897409 0
-0.621424722224 0.477425821571 -0.054310824325 0
-0.642847557084 0.489291056147 -0.151905248727 0
-0.587318518519 0.536744444444 -0.104049259259 0
-0.626343150446 0.638160636031 0.070232600540 0
-0.786768283662 0.585869377862 -0.259938745626 0
-0.661741172008 0.533013061755 0.078530115052 0
-0.861260560202 0.516012964836 -0.224920694213 0
-0.706134183612 0.444209529066 0.096527706860 0
-0.940439593107 0.459580941169 -0.196233435899 0
-0.811163212493 0.304389139801 0.034948819879 0
-0.844350395114 0.301410326365 -0.148107533756 0
-0.788659992636 0.033175444874 -0.004707428368 0
-0.792585148561 0.025493770178 -0.123029616448 0
-0.828609699369 0.036902446062 0.009627493997 0
-0.837383070025 0.014469440826 -0.124090389400 0
-0.791233008895 0.842002866645 -0.068044640598 0
-0.720534092694 0.769313341727 0.042438106896 0
-0.770059532690 0.724898666700 -0.220592573885 0
-0.735388383249 0.714211870648 -0.086530291446 0
-0.654575753865 0.621712044048 -0.094010235321 0
-0.628143011923 0.457482620104 -0.055184680798 0
-0.649305594295 0.469854030342 -0.152773033769 0
-0.593522222222 0.516733333333 -0.104647777778 0
-0.639022840500 0.613442971177 0.075273207741 0
-0.808071518888 0.562732238935 -0.258334660148 0
-0.680320112792 0.510324504654 0.081518062968 0
-0.884865490197 0.496562827802 -0.221192007701 0
-0.730393540302 0.424310288225 0.097447675766 0
-0.965841218314 0.444087739317 -0.190098763608 0
-0.826320391750 0.297179279078 0.039357568973 0
-0.859794503567 0.292069354443 -0.150769765104 0
-0.791291511191 0.031055187783 -0.006483145956 0
-0.794435320891 0.024637325976 -0.123614100707 0
-0.831483951612 0.033489254373 0.007445337734 0
-0.839075703760 0.013035893770 -0.125083056994 0
-0.805939399053 0.815902379575 -0.064457427182 0
-0.733019271314 0.743984200016 0.045397940612 0
-0.784191176895 0.700847533814 -0.217530254349 0
-0.747793685412 0.689776124613 -0.083957658738 0
-0.664283903720 0.599856902955 -0.093132447010 0
-0.633786021574 0.438201308195 -0.055936159539 0
-0.654944329350 0.451081337986 -0.153459613969 0
-0.598992592593 0.497562962963 -0.105144444444 0
-0.650187752694 0.589430894420 0.081035220948 0
-0.827746800293 0.540284199763 -0.256126237209 0
-0.696246770665 0.488206606222 0.084211916721 0
-0.907206775162 0.478648633189 -0.216852187805 0
-0.751995393064 0.405390370552 0.096261028245 0
-0.990152727859 0.430683347548 -0.183647621824 0
-0.838667006673 0.290382657122 0.044478482576 0
-0.873263425213 0.282994460071 -0.154207177165 0
-0.792996004178 0.029805836512 -0.007094993766 0
-0.796236056413 0.024056987000 -0.124167979217 0
-0.833243945379 0.030911238700 0.006842040358 0
-0.840619810607 0.011550228434 -0.125950729414 0
-0.819050774789 0.790492209733 -0.060034747290 0
-0.744671640128 0.719049862445 0.048535966115 0
-0.797756264375 0.677072260918 -0.214200546832 0
-0.759479077884 0.665715342348 -0.081178484071 0
-0.673376659983 0.578482027880 -0.092143308680 0
-0.638898639095 0.419299194793 -0.056677333567 0
-0.660387947214 0.432760917398 -0.154049737155 0
-0.604222222222 0.478911111111 -0.105665185185 0
-0.660349316646 0.566013237744 0.087101984318 0
-0.846364635373 0.518225877033 -0.253853782006 0
-0.710042149058 0.466474331138 0.086388169098 0
-0.927957723391 0.460928876065 -0.212442391092 0
-0.770726637722 0.386931541007 0.092853067290 0
-1.012613398600 0.417568224142 -0.177395708722 0
-0.848821561217 0.283784161036 0.050456761869 0
-0.885535856363 0.273992351415 -0.158286063158 0
-0.794315323852 0.029246994524 -0.007348109498 0
-0.798008647204 0.023643185059 -0.124757891629 0
-0.834624533318 0.028328718626 0.006424472201 0
-0.841999301136 0.009836950674 -0.126687944267 0
-0.832019076512 0.764805435710 -0.054930064339 0
-0.755224399649 0.694076640703 0.051971925015 0
-0.810540920375 0.653471616912 -0.210519762805 0
-0.770320916710 0.641719049540 -0.078106696035 0
-0.681973852087 0.557027986441 -0.090962486784 0
-0.643700372429 0.400229200906 -0.057208438066 0
-0.665747423006 0.414219342730 -0.154381463191 0
-0.609348148148 0.460144444444 -0.106054444444 0
-0.668975744857 0.542769318171 0.093021458412 0
-0.863491456071 0.496311794530 -0.251316300189 0
-0.722146416474 0.445176595196 0.087881307070 0
-0.946930824409 0.443161628781 -0.208093466848 0
-0.786583375717 0.368483814630 0.087943946255 0
-1.033225593508 0.404591144121 -0.171822346216 0
-0.857265610461 0.276980529387 0.057287527298 0
-0.897151457129 0.264906242289 -0.163027619837 0
-0.795380267274 0.028995177149 -0.007360000027 0
-0.799791638885 0.023360649635 -0.125241974968 0
-0.835660857985 0.026561151861 0.006311471654 0
-0.843243867667 0.007938607734 -0.127133874013 0
-0.844569745615 0.738576369061 -0.049138757200 0
-0.764425927804 0.669418335900 0.055929150629 0
-0.822387220715 0.630152454065 -0.206195343924 0
-0.780058882141 0.618034917258 -0.074474165515 0
-0.689756891424 0.535782313943 -0.089394186158 0
-0.648357293911 0.381176414003 -0.057500886610 0
-0.671134875941 0.395534011322 -0.154451567244 0
-0.614400000000 0.441300000000 -0.106367037037 0
-0.677753153547 0.518941726913 0.099084924839 0
-0.879454752718 0.474841237861 -0.248492499578 0
-0.734073805862 0.423506843520 0.089182995318 0
-0.964612502019 0.425524226369 -0.204093493493 0
-0.801412569641 0.349731369290 0.082097993063 0
-1.052500217988 0.392011056820 -0.167250262670 0
-0.863926691927 0.270129908318 0.065414451022 0
-0.908107685705 0.255678561813 -0.168640495007 0
-0.796173492007 0.028895280015 -0.006679212286 0
-0.801502911564 0.023087909222 -0.125775650700 0
-0.836286112946 0.025650970424 0.007314061162 0
-0.844411498315 0.006207544969 -0.127625334511 0
-0.856293875961 0.712230337461 -0.042906309871 0
-0.771772878179 0.646020047338 0.060324608853 0
-0.832838959004 0.608282410878 -0.201318996388 0
-0.788234133059 0.595708230464 -0.070394242138 0
-0.696380951806 0.515644774148 -0.087588999039 0
-0.652944991496 0.362643458110 -0.057518816328 0
-0.676639383232 0.377114662161 -0.154232586666 0
-0.619470370370 0.422840740741 -0.106626666667 0
-0.684565872710 0.496715446554 0.106377566188 0
-0.895156564274 0.455524767414 -0.245465852458 0
-0.743319833767 0.403440350652 0.091357259990 0
-0.981864144446 0.410142354798 -0.199886100423 0
-0.812989038831 0.333497705471 0.076595058668 0
-1.070694044811 0.381179956466 -0.161658267024 0
-0.868795458054 0.263614808557 0.074812490116 0
-0.918428782782 0.246674887471 -0.175216781684 0
-0.797070811375 0.029102736703 -0.005733934412 0
-0.802964388612 0.022602473919 -0.126457687083 0
-0.836946607034 0.025307025855 0.008787536063 0
-0.845499032411 0.004816050245 -0.128448178024 0
-0.866979797768 0.686480541150 -0.036275870089 0
-0.778258974458 0.624066510704 0.065120744884 0
-0.842707508682 0.588108976306 -0.195961643939 0
-0.795773955436 0.574941588424 -0.065912217710 0
-0.702663754320 0.496912933377 -0.085534885714 0
-0.657336908902 0.345415162431 -0.057244631052 0
-0.682193437844 0.359705446820 -0.153693239442 0
-0.624570370370 0.405618518519 -0.106820370370 0
-0.690226932360 0.476158218510 0.114021636098 0
-0.910461717930 0.438261076099 -0.242030075613 0
-0.750680559565 0.384933176354 0.093990867391 0
-0.998483408008 0.396679728200 -0.195356151281 0
-0.822207774119 0.319888414653 0.072292124742 0
-1.087518357215 0.370633289607 -0.154962172779 0
-0.872165795042 0.257713758887 0.084412297854 0
-0.927898849544 0.238493305856 -0.182907149495 0
-0.798072073558 0.029476758744 -0.004468003935 0
-0.804022230715 0.022635687197 -0.127196631170 0
-0.837640686993 0.025471060332 0.010817244382 0
-0.846267194034 0.004211847596 -0.129529023282 0
-0.876357061516 0.662744128485 -0.029660997130 0
-0.784160607720 0.601938419072 0.070165137777 0
-0.852549262824 0.568153658082 -0.190204125721 0
-0.803115641524 0.554173257145 -0.061169799819 0
-0.709034081155 0.478037727719 -0.083421037616 0
-0.661704012160 0.328159600218 -0.056787604579 0
-0.687905409478 0.342072993058 -0.152934874939 0
-0.629796296296 0.388307407407 -0.106987037037 0
-0.695161641838 0.455781872148 0.122464739691 0
-0.925569082508 0.421410721693 -0.238182694035 0
-0.756916054873 0.366776143925 0.097122011587 0
-1.014802846511 0.383143781355 -0.190978263430 0
-0.829832888357 0.306697463297 0.069945833005 0
-1.103941563108 0.359390261512 -0.148877506156 0
-0.874114822362 0.251821875645 0.094750745443 0
-0.936703099801 0.230520576744 -0.192592821195 0
-0.799023961308 0.029784365896 -0.003152397873 0
-0.804727159376 0.023248521008 -0.128244597845 0
-0.838246563865 0.024781915976 0.012719670313 0
-0.846750378087 0.004429479833 -0.131311782688 0
-0.884097879603 0.640642957191 -0.022952949765 0
-0.789354204564 0.579939390879 0.075128184707 0
-0.862223289254 0.548843704493 -0.184359245396 0
-0.810137933971 0.533761524916 -0.056497462949 0
-0.715386568588 0.459300933113 -0.081424821340 0
-0.666121956960 0.310846593186 -0.055858256300 0
-0.693651440378 0.324399693582 -0.151685362757 0
-0.635096296296 0.370962962963 -0.106644814815 0
-0.699803125752 0.435495336601 0.131113182384 0
-0.941017745883 0.405820390335 -0.234390152602 0
-0.762525236797 0.348773841330 0.100728974353 0
-1.031233323689 0.370597510563 -0.186685017747 0
-0.836232556459 0.292893252402 0.069076950426 0
-1.120341815445 0.349016396813 -0.142985173598 0
-0.874922720342 0.245707730694 0.105600226957 0
-0.943858412521 0.222221755126 -0.205286901733 0
-0.799803459481 0.030073587044 -0.001810825092 0
-0.805530671400 0.024379464581 -0.130031088336 0
-0.838635597806 0.023638610822 0.014499163234 0
-0.847392620365 0.005474036109 -0.134466947617 0
-0.890998203854 0.619391275996 -0.016209019329 0
-0.793721104432 0.560022580031 0.079197802162 0
-0.871324929913 0.530681112953 -0.179118469446 0
-0.816588035464 0.514912524034 -0.052452705422 0
-0.721488494712 0.441739069686 -0.079757525762 0
-0.670523094142 0.294429482683 -0.055017952624 0
-0.699391777334 0.307694532299 -0.150490623629 0
-0.640385185185 0.354541111111 -0.106341851852 0
-0.702025908602 0.418238159540 0.138417475119 0
-0.956401872260 0.391873292953 -0.230709451718 0
-0.766237595586 0.334100386884 0.104130808311 0
-1.047433808732 0.359524582064 -0.182522014810 0
-0.840721097420 0.281956894336 0.068981411186 0
-1.136458997243 0.339694506706 -0.137468384480 0
-0.874451917572 0.240041328416 0.116343173834 0
-0.948806839735 0.213444495409 -0.219960345021 0
-0.800600364852 0.030531764623 -0.000189767214 0
-0.806686401621 0.025349030429 -0.132672258138 0
-0.838990925250 0.023024675838 0.016697153624 0
-0.848518649049 0.007026472334 -0.139295081132 0
-0.897070306386 0.599820995011 -0.009872207060 0
-0.797665627432 0.541391978295 0.083043640316 0
-0.879966221391 0.513660364757 -0.173993597145 0
-0.822693072488 0.497238235160 -0.048538059760 0
-0.727466253744 0.425140515626 -0.078158844483 0
-0.674857180335 0.279000608698 -0.054428104700 0
-0.705063389585 0.291923557925 -0.149533181460 0
-0.645637037037 0.339093703704 -0.106301481481 0
-0.703847289457 0.402503661999 0.145701086428 0
-0.971391180911 0.379134923272 -0.226067667794 0
-0.768991978630 0.320742131838 0.107634004693 0
-1.063185572593 0.349335214075 -0.177683283771 0
-0.843907848014 0.272306171126 0.069312518730 0
-1.152329306819 0.330835388198 -0.131985011942 0
-0.872446364521 0.234855949914 0.127009034290 0
-0.951484693582 0.204156172017 -0.236080347233 0
-0.801349186834 0.031093774843 0.001743985909 0
-0.807840387137 0.025901262169 -0.135932131483 0
-0.839245773897 0.022801181178 0.019363327110 0
-0.849522212230 0.008521811990 -0.145423970760 0
-0.902431009456 0.581999916327 -0.004094006518 0
-0.800616370114 0.524556362688 0.086689712060 0
-0.887334523417 0.498619571553 -0.169079356340 0
-0.827749879633 0.481416053551 -0.044810691828 0
-0.732664771562 0.410079874524 -0.076649060491 0
-0.679076691412 0.264554038804 -0.053939561820 0
-0.710566967319 0.277132822331 -0.148673558082 0
-0.650759259259 0.324628148148 -0.106332962963 0
-0.705304450082 0.388335671821 0.152851345782 0
-0.984266393152 0.367883925591 -0.220845464642 0
-0.770720133419 0.308576045936 0.111173155971 0
-1.076710746688 0.339906699590 -0.172610643668 0
-0.845698518154 0.264367921872 0.069913310822 0
-1.165999578895 0.322182344627 -0.126651949070 0
-0.868843458734 0.230273617765 0.137693156588 0
-0.951591181570 0.194625205220 -0.253634533021 0
-0.802179199195 0.031892058072 0.004053960929 0
-0.808942375441 0.026311967225 -0.139409120149 0
-0.839513826677 0.023304137601 0.022701556427 0
-0.849994190194 0.009373385527 -0.151952955289 0
-0.907214669094 0.565540941236 0.001240592632 0
-0.802710668210 0.509311830930 0.090210220722 0
-0.893572291692 0.485257605810 -0.164301333493 0
-0.831883829857 0.467197633191 -0.041186091335 0
-0.737139789639 0.396380735183 -0.075134501334 0
-0.683033392207 0.251122981498 -0.053495702529 0
-0.715767292927 0.263385354225 -0.147848865052 0
-0.655581481481 0.311170000000 -0.106378518519 0
-0.707408446144 0.374520594167 0.159250857005 0
-0.996286315434 0.358964032308 -0.215945201309 0
-0.773172740454 0.296892367220 0.114230894449 0
-1.089265786993 0.332181105399 -0.168062278210 0
-0.848108256341 0.257037505850 0.070426475474 0
-1.178691895862 0.314856484430 -0.122058805012 0
-0.863878097967 0.226319039559 0.147972977106 0
-0.948970559017 0.184811029200 -0.271781496464 0
-0.803056970271 0.032927893038 0.006593534827 0
-0.809584397652 0.026478182646 -0.142723190680 0
-0.839738920848 0.024695943088 0.026644198330 0
-0.849436817488 0.009086564557 -0.158177351862 0
-0.911410668422 0.550409237563 0.006144581962 0
-0.804374073619 0.495422011265 0.093504955930 0
-0.899118693481 0.473228717295 -0.159756739371 0
-0.835504293487 0.454301439177 -0.037756911327 0
-0.741185899982 0.383890160551 -0.073678700891 0
-0.686647484089 0.238856859931 -0.053144704741 0
-0.720515803601 0.250875246128 -0.147128153528 0
-0.659996296296 0.298905185185 -0.106434074074 0
-0.709144169344 0.361839790329 0.164953231478 0
-1.007994651715 0.352314060069 -0.211650841642 0
-0.775573584378 0.286672952866 0.116839195919 0
-1.101379634395 0.326284576907 -0.164143024960 0
-0.850594121611 0.250715713961 0.071035163338 0
-1.191135278979 0.308857835238 -0.118667393416 0
-0.857644409606 0.223170350457 0.157624498169 0
-0.944267791760 0.175112918487 -0.288945298127 0
-0.803881021076 0.034087226951 0.009210172420 0
-0.809505344500 0.026403419571 -0.145756607539 0
-0.839818086842 0.026211344517 0.030701039900 0
-0.847828584589 0.008512849231 -0.164216607715 0
-0.914900233585 0.536974611957 0.010531493967 0
-0.805724811244 0.482551168917 0.096535692122 0
-0.904189877258 0.462100959430 -0.155450401351 0
-0.838765315548 0.442348791317 -0.034543534854 0
-0.744904262717 0.372294001404 -0.072310976786 0
-0.689878429523 0.227619400477 -0.052908524404 0
-0.724757062437 0.239506003659 -0.146538556713 0
-0.663911111111 0.287685925926 -0.106514074074 0
-0.710192799630 0.350116329662 0.169696122724 0
-1.019154861834 0.346999836135 -0.207432227039 0
-0.777795038184 0.277921248769 0.118748220992 0
-1.112852957963 0.321358645135 -0.160331507982 0
-0.853218588144 0.245714065416 0.071460445911 0
-1.202980027807 0.303657362703 -0.115593277802 0
-0.850781189540 0.220722690858 0.166117522510 0
-0.937566981069 0.165543489611 -0.305152774373 0
-0.804500171419 0.035245806857 0.011725943739 0
-0.808725925777 0.026182663740 -0.148281742229 0
-0.839589397489 0.027891147157 0.034747994030 0
-0.845183694909 0.007454505030 -0.169485562303 0
-0.917748371369 0.525032619259 0.014334079753 0
-0.806788327651 0.470954103269 0.099222353163 0
-0.908737715043 0.452203353319 -0.151507189140 0
-0.841640670327 0.431639638040 -0.031656815796 0
-0.748239647577 0.361906285354 -0.071117795067 0
-0.692742828021 0.217609389827 -0.052741857705 0
-0.728463688514 0.229464147326 -0.146057870102 0
-0.667329629630 0.277718148148 -0.106565185185 0
-0.711195183161 0.339091514232 0.173330442034 0
-1.029253137957 0.343075953850 -0.203800305218 0
-0.779974427804 0.269703177245 0.120108686612 0
-1.123205782532 0.318045965538 -0.156878222014 0
-0.855830187111 0.240902337123 0.071835561231 0
-1.213590608868 0.300177385663 -0.112613935526 0
-0.843909608216 0.218990911936 0.173214704434 0
-0.929751456831 0.156293369167 -0.319396430571 0
-0.804943992097 0.036219987067 0.013801826099 0
-0.807326443341 0.025786430016 -0.150298809849 0
-0.839196469350 0.029174788879 0.038142996769 0
-0.841738811901 0.006075712522 -0.173895236494 0
-0.920080232783 0.514629773924 0.017607635723 0
-0.807397479359 0.461672669727 0.101412440436 0
-0.912629263916 0.444385285787 -0.148062988159 0
-0.843951929044 0.423132084252 -0.029232365483 0
-0.750987928318 0.353697007972 -0.070218625894 0
-0.695180380107 0.209649245215 -0.052651777723 0
-0.731606448263 0.221529421408 -0.145691534235 0
-0.670203703704 0.269797407407 -0.106635185185 0
-0.711302699391 0.330428912585 0.175968928896 0
-1.037695372586 0.340587408736 -0.200520548586 0
-0.781228618325 0.263656380408 0.120926437478 0
-1.131774716671 0.316213379975 -0.153507089149 0
-0.857558081489 0.237781683042 0.072055459765 0
-1.222246900343 0.298251617356 -0.109360512339 0
-0.837750242945 0.217710903839 0.178688914507 0
-0.922611461396 0.147976168996 -0.330147461258 0
-0.805210149090 0.036845960471 0.015287263297 0
-0.805560890856 0.024960664797 -0.151838538282 0
-0.838739479215 0.029879304050 0.040637003429 0
-0.838102492503 0.004836060062 -0.177636974105 0
-0.922250147486 0.505935661355 0.020438428481 0
-0.808308308458 0.454255176043 0.103344404318 0
-0.916361596682 0.438205725024 -0.145005094619 0
-0.846307418727 0.416385962158 -0.027084350534 0
-0.753619163777 0.347388334739 -0.069403136144 0
-0.697237932274 0.204046361390 -0.052628324263 0
-0.734180159589 0.216003427672 -0.145454472123 0
-0.672500000000 0.264185925926 -0.106731111111 0
-0.711333546268 0.323737031067 0.178035165645 0
-1.044753560597 0.338704463081 -0.197752880714 0
-0.782411322519 0.259355592005 0.121636042592 0
-1.138482578420 0.314841347600 -0.149787220422 0
-0.859271334479 0.235908939207 0.072470119857 0
-1.228683853577 0.296803605707 -0.105058950797 0
-0.832659102231 0.216528858200 0.182775511755 0
-0.915980068656 0.140629900794 -0.338287585217 0
-0.805323813775 0.037393569855 0.016568303894 0
-0.803301047308 0.024083520842 -0.153283199642 0
-0.838150801894 0.030712044796 0.042895204185 0
-0.834133507855 0.003974317973 -0.181112935196 0
-0.924450566546 0.499031494072 0.023027378403 0
-0.808769450508 0.449291695002 0.104611569574 0
-0.919109259166 0.434002077045 -0.142778660235 0
-0.847910532940 0.411860557466 -0.025605769682 0
-0.755424181715 0.343230843390 -0.068947619592 0
-0.698869679203 0.200209650893 -0.052788426450 0
-0.736139122326 0.212385336824 -0.145455219860 0
-0.674218518519 0.260385925926 -0.106890000000 0
-0.710750619380 0.319664481819 0.179490771253 0
-1.049906074756 0.337839251686 -0.195809128032 0
-0.782571059540 0.257191863473 0.121898433343 0
-1.142795171357 0.313996673428 -0.146226582471 0
-0.859862720291 0.235701171497 0.072705403325 0
-1.232346216011 0.295718450340 -0.100289307454 0
-0.828354513730 0.215564041525 0.185764696201 0
-0.910413281945 0.134411640812 -0.344114740185 0
-0.805388297289 0.037747168835 0.017571994023 0
-0.801256784724 0.023434687003 -0.154242619161 0
-0.837697562479 0.031137151766 0.044549367178 0
-0.830645269366 0.002641974349 -0.183112931168 0
-0.926394855799 0.493514425015 0.025336655816 0
-0.808824487103 0.445973570813 0.105463261966 0
-0.921225171424 0.431160697574 -0.141026568550 0
-0.848990456676 0.408833078537 -0.024525001180 0
-0.756679955198 0.340535095970 -0.068751999687 0
-0.699938720888 0.197827655265 -0.053148673212 0
-0.737487694432 0.210169631364 -0.145680524654 0
-0.675377777778 0.258037037037 -0.107254444444 0
-0.710242293725 0.316455232164 0.179789243961 0
-1.054040745028 0.337328536091 -0.193207746610 0
-0.782430557254 0.255480767652 0.121062330711 0
-1.146127975448 0.312858191591 -0.142449241279 0
-0.859996091224 0.235514245383 0.071882632719 0
-1.234845611252 0.294056338306 -0.095125952661 0
-0.825296238474 0.214826451084 0.187488409833 0
-0.905458184383 0.129457631498 -0.348629958208 0
-0.805345167506 0.037937069051 0.018272343516 0
-0.799709397134 0.023150499022 -0.155380364393 0
-0.837266294808 0.031514515122 0.045752373317 0
-0.827951876798 0.001642755153 -0.184864158934 0
-0.927801818906 0.489511206031 0.027283958886 0
-0.808509506028 0.443736092350 0.105964447752 0
-0.922710176683 0.429283080829 -0.139718048321 0
-0.849562075684 0.406827068022 -0.023812592905 0
-0.757368387409 0.338866618676 -0.068790269056 0
-0.700255036607 0.196445878689 -0.053646573353 0
-0.738044781045 0.208947215986 -0.146058937789 0
-0.675851851852 0.256763333333 -0.107703333333 0
-0.709382520941 0.314061514589 0.179286649078 0
-1.057319284460 0.337306952969 -0.190591484137 0
-0.781934628868 0.254378370428 0.119688033389 0
-1.148572547241 0.311510699621 -0.138990350674 0
-0.859707833940 0.235681555590 0.070475795623 0
-1.236536757412 0.291749536906 -0.090691734771 0
-0.824200915238 0.215034460303 0.187603412792 0
-0.901820371116 0.126473669415 -0.351710719228 0
-0.805361714080 0.038066325430 0.018645670825 0
-0.798849274661 0.023171582624 -0.156112728586 0
-0.837055361321 0.032070809472 0.046483165649 0
-0.826354262524 0.000837698801 -0.185679401048 0
-0.928525456192 0.487005441914 0.028587323326 0
-0.807521335386 0.442039722249 0.106317632961 0
-0.923230802485 0.427935276791 -0.138678194429 0
-0.849323567146 0.405346616479 -0.023281206704 0
-0.757252640840 0.337643731608 -0.068889171228 0
-0.699847504376 0.195359889658 -0.054110697385 0
-0.737889932107 0.208013288980 -0.146398608280 0
-0.675625925926 0.255795925926 -0.108116666667 0
-0.708205797850 0.311854672159 0.178470784204 0
-1.059379858522 0.337406483053 -0.188026938172 0
-0.780914687427 0.253087106328 0.118157670900 0
-1.149937702329 0.309698295699 -0.136192442821 0
-0.858745493586 0.235322820841 0.068826032350 0
-1.237627014637 0.288570516460 -0.088044892285 0
-0.824973073934 0.215646298117 0.186392370133 0
-0.899431297195 0.125132417535 -0.353647573321 0
-0.805288124082 0.037976739585 0.018589696584 0
-0.798645342115 0.023288091506 -0.156516399667 0
-0.836943182155 0.032419223904 0.046561663318 0
-0.825828734980 0.000281687981 -0.185864029787 0
-0.928714947469 0.484788894693 0.029250237552 0
-0.806161534005 0.440958351335 0.106947413738 0
-0.923187448734 0.427534443443 -0.137460658092 0
-0.848638537795 0.404640259755 -0.022537605500 0
-0.756738431062 0.337162764554 -0.068816241548 0
-0.699152413011 0.195137551635 -0.054399673214 0
-0.737515414494 0.207758225069 -0.146559274117 0
-0.675107407407 0.255544444444 -0.108517037037 0
-0.706784203754 0.310303781874 0.178160686436 0
-1.060801872984 0.338172893821 -0.184832697859 0
-0.779391486142 0.251917562075 0.117356797289 0
-1.151028121596 0.308417448865 -0.133557760641 0
-0.857149042136 0.234623803417 0.067904592638 0
-1.238711599109 0.285793733854 -0.086160265986 0
-0.827871566263 0.216148159265 0.184136709680 0
-0.897306960747 0.125043590800 -0.355226319959 0
-0.805226481418 0.037662083866 0.018156208250 0
-0.798890672802 0.023476218974 -0.156921120722 0
-0.836984983661 0.032610543831 0.046106862690 0
-0.825941911549 0.000134913478 -0.186126065243 0
-0.928591888737 0.483441481661 0.029604666589 0
-0.804814502321 0.440452482451 0.107689821673 0
-0.923225713573 0.427771340644 -0.136089884803 0
-0.848012657526 0.404537168739 -0.021668902277 0
-0.756310778880 0.337285839147 -0.068660574471 0
-0.698560897860 0.195628364566 -0.054659438017 0
-0.737191883015 0.208172201528 -0.146717530870 0
-0.674644444444 0.255964444444 -0.108912592593 0
-0.705764192152 0.309141612641 0.178147553843 0
-1.062152313769 0.339365823346 -0.181379958037 0
-0.778173705181 0.250947233720 0.116925354124 0
-1.152234665829 0.307673215992 -0.131020945774 0
-0.855799405337 0.233964835935 0.067329427086 0
-1.239985605844 0.283645223087 -0.084518443824 0
-0.830895392029 0.216162034331 0.181932239922 0
-0.895381002113 0.125213197446 -0.356505498201 0
-0.805037079493 0.037372999842 0.017773827172 0
-0.799051923932 0.023697609631 -0.157556465435 0
-0.836926456734 0.032695736926 0.045640481722 0
-0.826023028268 0.000326191079 -0.186811399552 0
-0.927885005906 0.483523565483 0.030014212055 0
-0.803383738575 0.440128971273 0.108251843669 0
-0.923494602149 0.428491429493 -0.134747167994 0
-0.847499971521 0.404757660548 -0.020946833576 0
-0.756078768299 0.337690636591 -0.068732413154 0
-0.698097011582 0.196411955265 -0.054913052822 0
-0.736942406300 0.208835023857 -0.146897268834 0
-0.674281481481 0.256654074074 -0.109314814815 0
-0.705201355576 0.307583529887 0.177604032774 0
-1.063669031695 0.341375568484 -0.178670766735 0
-0.777659292560 0.249774803646 0.116074530972 0
-1.153551889296 0.307901163323 -0.129114558865 0
-0.855277340924 0.233126420191 0.066348167166 0
-1.241392627051 0.282427297781 -0.083622832364 0
-0.833689981319 0.215717153108 0.179930571544 0
-0.893615661994 0.125300540842 -0.357592465965 0
-0.804731310277 0.037043537068 0.017448848430 0
-0.799074508517 0.023880421440 -0.158246612599 0
-0.836716421089 0.032684637733 0.045257341521 0
-0.825957831384 0.000595404556 -0.187650860333 0
-0.926605369996 0.484456882920 0.030752475274 0
-0.801707215261 0.440095215555 0.108684355349 0
-0.923467919076 0.429597417824 -0.133544253296 0
-0.846745101693 0.405300912050 -0.020352906957 0
-0.755658977761 0.338328744130 -0.068894344949 0
-0.697459493624 0.197336224460 -0.055164920925 0
-0.736528367171 0.209608724563 -0.147074671118 0
-0.673777777778 0.257490370370 -0.109722222222 0
-0.705274135315 0.305679228273 0.176881158445 0
-1.064720219617 0.343716245405 -0.176434092188 0
-0.777987850368 0.248809792989 0.114780723444 0
-1.154605651944 0.308930634516 -0.127794067927 0
-0.855722752772 0.232661593598 0.064768125960 0
-1.242642770601 0.282084049782 -0.083493247977 0
-0.837087597452 0.215433052260 0.177399413090 0
-0.892625531191 0.125408011103 -0.357932206515 0
-0.804459235428 0.036586016058 0.016795687012 0
-0.798845789176 0.023948574025 -0.158603017797 0
-0.836667452551 0.032407868515 0.044373457732 0
-0.825697587275 0.000958863651 -0.188267289240 0
-0.925006387477 0.485617960443 0.031572148167 0
-0.799781634170 0.441382336157 0.108887879130 0
-0.923257091009 0.431640091411 -0.132502824548 0
-0.845683042118 0.407025641791 -0.019962220344 0
-0.754785533125 0.340358312807 -0.069263279004 0
-0.696365976459 0.199506096854 -0.055523060996 0
-0.735718521191 0.211665241263 -0.147326795940 0
-0.672881481481 0.259618148148 -0.110211851852 0
-0.705597375670 0.304926979016 0.176171320298 0
-1.064716654884 0.345259141462 -0.173671377333 0
-0.778243544938 0.248627326869 0.113475512524 0
-1.155263837470 0.309862598753 -0.126729134951 0
-0.855931371983 0.232761150768 0.063136928871 0
-1.243874451860 0.281694577978 -0.084336573621 0
-0.842695272345 0.215644158306 0.173031029209 0
-0.896810510911 0.127621381757 -0.354457154710 0
-0.804207860007 0.035845769692 0.015491937227 0
-0.799232464591 0.024198455692 -0.158158812446 0
-0.836844883132 0.031899487600 0.042595648860 0
-0.826873970909 0.001771182836 -0.187526812125 0
-0.923293713196 0.487478376275 0.032444205738 0
-0.797594850870 0.442828017099 0.109001265889 0
-0.922672155221 0.433795960805 -0.131591047979 0
-0.844278627183 0.408901561355 -0.019681640760 0
-0.753510596332 0.342612744304 -0.069718308051 0
-0.694727191101 0.201865238218 -0.055957117373 0
-0.734419575775 0.213893838721 -0.147631654123 0
-0.671551851852 0.261993703704 -0.110759629630 0
-0.705954137869 0.304107436243 0.175155484688 0
-1.064531517900 0.347259635137 -0.171020884704 0
-0.778497986704 0.248364392873 0.111846842579 0
-1.155818467404 0.311494870701 -0.125822918987 0
-0.856141446962 0.232710766385 0.061177265871 0
-1.244982003127 0.281795901356 -0.085557395875 0
-0.849284491877 0.216502375411 0.167218748263 0
-0.903063038693 0.130803466043 -0.349057465229 0
-0.803999082945 0.034947716408 0.013695686365 0
-0.799857184342 0.024432745002 -0.157048905036 0
-0.837237509753 0.031183084651 0.040084967070 0
-0.828646179119 0.002500537278 -0.185679079477 0
-0.921188699361 0.489539694454 0.033156060063 0
-0.795384337515 0.444611637480 0.109071032844 0
-0.921993212741 0.436204795608 -0.130741580086 0
-0.842794149254 0.411085647904 -0.019451290538 0
-0.752097767989 0.345256727950 -0.070210804049 0
-0.692740665695 0.204630192031 -0.056517221998 0
-0.732812375960 0.216545633479 -0.148041391544 0
-0.669992592593 0.264867777778 -0.111378888889 0
-0.706053223030 0.303916738588 0.174207028330 0
-1.064323180137 0.349455792469 -0.167945307043 0
-0.778452723396 0.248711572577 0.110264999537 0
-1.156419675410 0.313452272676 -0.124617905197 0
-0.856094412677 0.232967371967 0.059207050394 0
-1.246012828367 0.282082168400 -0.086496299334 0
-0.856146064783 0.217949646831 0.160348957209 0
-0.909998865343 0.134747177297 -0.342543179564 0
-0.803846692044 0.034060601341 0.011733004402 0
-0.800635550147 0.024710280682 -0.155611725120 0
-0.837752440564 0.030484754460 0.037286343547 0
-0.830736347892 0.003310004870 -0.183279124974 0
-0.918810039279 0.492066731178 0.033922603539 0
-0.793066799362 0.447204301938 0.109165684638 0
-0.921303396247 0.439432704408 -0.129801989092 0
-0.841240991722 0.414096436070 -0.019180668025 0
-0.750592289440 0.348817726383 -0.070718003674 0
-0.690454299292 0.208395982060 -0.057184643994 0
-0.730937967785 0.220213685601 -0.148540036763 0
-0.668218518519 0.268807407407 -0.112065185185 0
-0.705512582266 0.304747218595 0.172868423760 0
-1.063877693161 0.352156146155 -0.164769097971 0
-0.777870338104 0.250067897720 0.108429242416 0
-1.156682848105 0.315392584546 -0.123648234855 0
-0.855656866808 0.234018775311 0.057142418180 0
-1.246611781160 0.282160198928 -0.087900639828 0
-0.863344726096 0.219833377568 0.152309409178 0
-0.917951959717 0.139789968992 -0.334213884207 0
-0.803719133500 0.033237309787 0.009555971161 0
-0.801515514012 0.024978743733 -0.153880211493 0
-0.838398766908 0.029712103704 0.034056084504 0
-0.833139354886 0.004354015005 -0.180414493051 0
-0.916395871925 0.495194340190 0.034979701191 0
-0.790632923477 0.451457145047 0.109313860473 0
-0.920406403178 0.444178485877 -0.128838268813 0
-0.839503511027 0.418708020339 -0.018861138404 0
-0.748866173820 0.354051900748 -0.071189205321 0
-0.687864657816 0.213906322809 -0.058014820245 0
-0.728787197614 0.225554771927 -0.149196247570 0
-0.666237037037 0.274514814815 -0.112921111111 0
-0.704525505199 0.307441575077 0.171465518705 0
-1.062863455726 0.356125925685 -0.162305585516 0
-0.776582244764 0.253015079906 0.106477335470 0
-1.155918567929 0.317207287690 -0.123817050349 0
-0.854368979590 0.236617044247 0.054975263310 0
-1.246083146368 0.281780243780 -0.090913497361 0
-0.870234879712 0.222177569273 0.143435820504 0
-0.926639619060 0.146580393082 -0.323937346944 0
-0.803624417941 0.032431807957 0.007406372212 0
-0.802769534148 0.025472977777 -0.151906051295 0
-0.839063747315 0.029001944911 0.030808286196 0
-0.836140824330 0.005784428862 -0.176970625450 0
-0.914245092835 0.499351833863 0.036102607532 0
-0.788525312332 0.458797228092 0.109638831911 0
-0.919927395898 0.452059604310 -0.127634572534 0
-0.838109655065 0.426460010235 -0.018366508333 0
-0.747371096110 0.362720130294 -0.071621258793 0
-0.684887641097 0.223492868018 -0.059176236448 0
-0.726267946140 0.234950062848 -0.150175117544 0
-0.663966666667 0.284355185185 -0.114075555556 0
-0.703316753815 0.313571546678 0.170192968933 0
-1.061812280557 0.362557241335 -0.159655393754 0
-0.774779956569 0.258707207636 0.104918195804 0
-1.154770110643 0.320975301666 -0.123807580033 0
-0.852410510444 0.241616020984 0.053323400051 0
-1.244916032577 0.283055434948 -0.093820197324 0
-0.877267599507 0.225157390518 0.132909299129 0
-0.937468449400 0.156536390570 -0.308802443118 0
-0.803538787111 0.031520173891 0.005043027907 0
-0.804413685258 0.026150883179 -0.149324464893 0
-0.839798537773 0.028189295876 0.027167569454 0
-0.840061431369 0.008246146782 -0.172523030714 0
-0.912611992484 0.506465932531 0.037394836631 0
-0.787132850603 0.469096465815 0.110054801287 0
-0.920092000236 0.462852596647 -0.126363155356 0
-0.837372687407 0.437165166677 -0.017796756260 0
-0.746390125943 0.374635326521 -0.072036213294 0
-0.681584066992 0.237185687346 -0.060733131625 0
-0.723477346962 0.248417315213 -0.151525184958 0
-0.661529629630 0.298380740741 -0.115585925926 0
-0.702393985095 0.322841138289 0.168761737336 0
-1.060536586687 0.370361655947 -0.156163666917 0
-0.772886396506 0.266651727627 0.103558584677 0
-1.153453515090 0.326750118548 -0.122700853951 0
-0.850216946688 0.248149010893 0.052020237579 0
-1.243139676905 0.286126241387 -0.094879858372 0
-0.883597933438 0.228868177878 0.121010888389 0
-0.948663471913 0.168939155411 -0.288971233428 0
-0.803342158739 0.030478323729 0.002442954896 0
-0.806109534800 0.026921987642 -0.145863395819 0
-0.840462880901 0.027121155805 0.023086138147 0
-0.844215318272 0.010761281247 -0.166266721019 0
-0.911446529911 0.516745110054 0.038884036040 0
-0.785491590809 0.480678868605 0.110251096094 0
-0.920236677288 0.474916219514 -0.125165821612 0
-0.836471113857 0.449183009507 -0.017415535895 0
-0.745242908742 0.387961244036 -0.072696609509 0
-0.678139199424 0.251945384239 -0.062410230273 0
-0.720577518204 0.263032026495 -0.152966670033 0
-0.659092592593 0.313611481481 -0.117094444444 0
-0.700831002657 0.333480524046 0.166669467838 0
-1.058156761647 0.377749835808 -0.151700151674 0
-0.770242736752 0.275501732058 0.101874777445 0
-1.151310813656 0.332583424331 -0.121079905127 0
-0.847230470634 0.255040904533 0.050476318408 0
-1.240299515296 0.289349435428 -0.094791215519 0
-0.887662956029 0.233091891160 0.109793176280 0
-0.955828658863 0.180432589340 -0.270232260881 0
-0.803001051862 0.029534904993 0.000290600922 0
-0.807014156925 0.027432208323 -0.142647086642 0
-0.840807947852 0.026299982915 0.019669287662 0
-0.847018766102 0.012626493569 -0.160252111485 0
-0.910089820353 0.528367028432 0.040371798976 0
-0.782947613006 0.493858529372 0.110639828101 0
-0.919666912370 0.488836329165 -0.123653113072 0
-0.834748985952 0.462962907152 -0.016842516255 0
-0.743338213273 0.403109355596 -0.073284870656 0
-0.673990661694 0.268072772527 -0.063886320051 0
-0.717053907117 0.278867236572 -0.154182664158 0
-0.656233333333 0.330291111111 -0.118378518519 0
-0.698188658855 0.345649235234 0.164190974863 0
-1.054406316760 0.386307937747 -0.146026050343 0
-0.766391944315 0.285731746520 0.099878554193 0
-1.148080166031 0.339893014531 -0.119078944835 0
-0.843010911335 0.262933025507 0.048686592275 0
-1.236528584099 0.294431500321 -0.094697838083 0
-0.890050810408 0.238034070170 0.098364598312 0
-0.959939518385 0.192195331218 -0.251195785215 0
-0.802416618209 0.028655649039 -0.001601405053 0
-0.807179392601 0.027729599806 -0.139327209270 0
-0.840811469808 0.025672678501 0.016627606510 0
-0.848678989848 0.013738726675 -0.153872096406 0
-0.908620675760 0.540992387095 0.041896459665 0
-0.780518520205 0.508101889422 0.111179501088 0
-0.918950340541 0.503632824398 -0.122116941605 0
-0.832890091135 0.477804821173 -0.016213497337 0
-0.741077618023 0.419708738073 -0.073813992836 0
-0.669201203147 0.285518129502 -0.065405187396 0
-0.712936765995 0.295968972359 -0.155418373904 0
-0.653048148148 0.348449629630 -0.119576666667 0
-0.695557425990 0.358809530942 0.161291422491 0
-1.050005753781 0.396255415374 -0.143608734358 0
-0.762179505525 0.296682348077 0.097419732978 0
-1.143328641886 0.348497334044 -0.117815598580 0
-0.838304460664 0.271042514557 0.046542804308 0
-1.230811718491 0.301062305842 -0.093763594690 0
-0.890318841563 0.243803942261 0.087161481883 0
-0.961436039791 0.204307852712 -0.231335006235 0
-0.801657428993 0.027803636526 -0.003258484577 0
-0.806688221900 0.027781646265 -0.135993345440 0
-0.840565512121 0.025018121623 0.013880989720 0
-0.849362866163 0.014474344251 -0.147452197676 0
-0.907100139079 0.554628451403 0.043267643841 0
-0.778523114860 0.524101688520 0.111901551332 0
-0.918252600270 0.519670310772 -0.120620717268 0
-0.831224584653 0.494147734758 -0.015436524550 0
-0.738888787310 0.437906993994 -0.074019135572 0
-0.664059157972 0.304981117720 -0.066886947368 0
-0.708473114006 0.315041990499 -0.156611930889 0
-0.649688888889 0.368682592593 -0.120659259259 0
-0.693680081292 0.373446882540 0.157973121606 0
-1.045140720576 0.407860673534 -0.144397521305 0
-0.758405650555 0.308776039563 0.094678857997 0
-1.137429842127 0.358986601081 -0.117023725169 0
-0.833815575974 0.279910015647 0.044165046523 0
-1.223486665823 0.309994893409 -0.091096999612 0
-0.888565808881 0.250301945923 0.076349304608 0
-0.959833588590 0.216689171655 -0.211943837047 0
-0.800767810279 0.027115510548 -0.004486580648 0
-0.805929107315 0.027897633671 -0.132989801425 0
-0.840074670032 0.024842287334 0.011797240698 0
-0.849406219909 0.015007753350 -0.141540035941 0
-0.905701807441 0.569903186760 0.044585996880 0
-0.776770691562 0.542944355656 0.112853603470 0
-0.916675597445 0.538344817345 -0.119559892597 0
-0.829249887082 0.513177728093 -0.014620126196 0
-0.736354757230 0.458460601572 -0.073764904550 0
-0.658884154216 0.326416339451 -0.067990756233 0
-0.703919169722 0.335954514750 -0.157462896645 0
-0.646407407407 0.390855555556 -0.121355185185 0
-0.692672040247 0.390530909099 0.154270491968 0
-1.038272045241 0.421552401087 -0.146784180504 0
-0.755122675679 0.322928566529 0.091758713344 0
-1.129077761014 0.371389158430 -0.116896847086 0
-0.829481750748 0.290278476206 0.041555862405 0
-1.213569013433 0.321122024783 -0.088406173939 0
-0.884890888855 0.257184393753 0.066313248190 0
-0.955130074960 0.228900502930 -0.194198501160 0
-0.799753579235 0.026562841629 -0.005363670063 0
-0.804987356320 0.028012047904 -0.130457789647 0
-0.839379301082 0.024827499380 0.010197511141 0
-0.848947875920 0.015351486237 -0.136515655538 0
-0.904464568794 0.586830297146 0.046344254920 0
-0.774738971698 0.563847722378 0.113733732557 0
-0.914816868777 0.558618342557 -0.118562216468 0
-0.827064946261 0.533958752310 -0.013774352238 0
-0.733773375749 0.480276782185 -0.073251086173 0
-0.654113978899 0.348557156892 -0.068505060184 0
-0.699665291314 0.357602032234 -0.157766818439 0
-0.643414814815 0.413659259259 -0.121449259259 0
-0.692729115994 0.408958306980 0.149809390033 0
-1.029644129787 0.436095232188 -0.149708869881 0
-0.752529293972 0.338009490260 0.088424659249 0
-1.118655653553 0.384463664563 -0.117052913440 0
-0.825380670169 0.300924150336 0.038413357454 0
-1.201560406326 0.333173063263 -0.085815704335 0
-0.879547696619 0.264006796112 0.057750820543 0
-0.948040968008 0.240135500979 -0.178457933871 0
-0.798693573895 0.026190278582 -0.005899022866 0
-0.803737786079 0.028047644225 -0.128675816609 0
-0.838533278530 0.025005468139 0.009159322457 0
-0.848092369213 0.016037745352 -0.132912339776 0
-0.902767016539 0.605746474484 0.048211752558 0
-0.772473497364 0.585704183335 0.114750347841 0
-0.912680285021 0.579890283894 -0.117453930467 0
-0.824756915514 0.555597817636 -0.012724044743 0
-0.731330535271 0.502332201487 -0.072372285849 0
-0.650049563721 0.370533223000 -0.068454698069 0
-0.695988336090 0.379071382378 -0.157567673259 0
-0.640907407407 0.436151851852 -0.121051851852 0
-0.693655905831 0.427985276728 0.145251729141 0
-1.019626067249 0.451649477369 -0.153289969167 0
-0.750189517316 0.353275837174 0.085248966976 0
-1.106483628896 0.398472663345 -0.117467182217 0
-0.820920533520 0.311188874458 0.035377095090 0
-1.187562720860 0.346298509990 -0.083016210839 0
-0.873080153367 0.270483004605 0.050528417929 0
-0.939261781438 0.249944382158 -0.165392863296 0
-0.797593809905 0.025928784496 -0.006207965960 0
-0.802383012535 0.027797156460 -0.127534562368 0
-0.837571890428 0.025294420211 0.008513116361 0
-0.847086616530 0.016743278433 -0.130520264119 0
-0.900376873913 0.626640085019 0.050009636530 0
-0.770339998543 0.608306202209 0.116292225430 0
-0.910624466157 0.602236597853 -0.115858586858 0
-0.822655451838 0.578069199704 -0.011138096158 0
-0.729292902702 0.524846253831 -0.070934326656 0
-0.647074367503 0.392829890101 -0.068047279662 0
-0.693219682788 0.401085549127 -0.157080123550 0
-0.639070370370 0.458877777778 -0.120291481481 0
-0.696385260905 0.447269412720 0.141104514907 0
-1.008850218168 0.469043288580 -0.158031688131 0
-0.748861766102 0.368527236939 0.082591548745 0
-1.092326154199 0.413219766680 -0.118398568949 0
-0.816859290733 0.321176963377 0.033019969858 0
-1.170973515132 0.360162143437 -0.079843912016 0
-0.865740905988 0.276650041267 0.044188452986 0
-0.929260663579 0.258979744437 -0.154326824292 0
-0.796421867959 0.025740137740 -0.006393002181 0
-0.800907755122 0.027679629228 -0.126668607321 0
-0.836463390417 0.025785303822 0.008168386639 0
-0.845879460599 0.017521673267 -0.128637485582 0
-0.897958352444 0.649186684391 0.051887574539 0
-0.768206444078 0.631580479886 0.118182042941 0
-0.908634571579 0.625872308093 -0.113891069199 0
-0.820738594170 0.601416052964 -0.009176311278 0
-0.727742826160 0.547700125090 -0.069111599254 0
-0.645638276458 0.415290443696 -0.067069668058 0
-0.691798932087 0.423415184667 -0.156106602953 0
-0.638062962963 0.481500000000 -0.119172962963 0
-0.700458733757 0.466957608109 0.136275089435 0
-0.998247907040 0.489025174953 -0.162979140285 0
-0.748549501514 0.384057000029 0.079771564854 0
-1.076869251236 0.429397322107 -0.119178626229 0
-0.813481541372 0.331127728432 0.031112946216 0
-1.152376863660 0.374929077535 -0.076597941376 0
-0.857954351884 0.282387907908 0.038611324121 0
-0.918412715281 0.267085009076 -0.144968629050 0
-0.795250730461 0.025640943362 -0.006458595659 0
-0.799277016575 0.027462553502 -0.126056558717 0
-0.835303498840 0.026498014263 0.008046602711 0
-0.844477967585 0.018247396680 -0.127268894053 0
-0.895423117135 0.673268327379 0.053964195122 0
-0.765737824207 0.655184805228 0.120797160283 0
-0.906121695816 0.650617289992 -0.111327974060 0
-0.818559521369 0.625364904432 -0.006522561910 0
-0.726319534366 0.570481602214 -0.066588517450 0
-0.645822303533 0.437066495063 -0.065578787431 0
-0.691816044044 0.445284846283 -0.154693476773 0
-0.637996296296 0.503244444444 -0.117685185185 0
-0.704981771329 0.487248671869 0.131930787196 0
-0.986279798562 0.510486317390 -0.167053332255 0
-0.748584694549 0.400614254676 0.077422586914 0
-1.059105084293 0.446616055760 -0.119384169611 0
-0.810047199733 0.341391805809 0.030332520361 0
-1.131026216183 0.390142068909 -0.073578566196 0
-0.850000513621 0.287521577053 0.033704887128 0
-0.907114596784 0.274278516116 -0.136795062678 0
-0.794065119632 0.025533287829 -0.006511915641 0
-0.797438975174 0.027209309909 -0.125566493795 0
-0.834091905911 0.027276926565 0.007985522380 0
-0.842784996369 0.018668464828 -0.126120724385 0
-0.892434396976 0.698783693433 0.056151835654 0
-0.763249702917 0.678184782431 0.123802921591 0
-0.903493278588 0.675559712728 -0.108437083768 0
-0.816488938764 0.649000596561 -0.003490192502 0
-0.725337351616 0.592395381329 -0.063632952671 0
-0.646924650662 0.457507857939 -0.063811938302 0
-0.692472134230 0.466007260444 -0.153129239074 0
-0.638685185185 0.523762962963 -0.115756296296 0
-0.710204575322 0.507341399268 0.127871504280 0
-0.972689576506 0.531927512785 -0.169666079827 0
-0.749504562082 0.417419892200 0.075454764006 0
-1.039052808159 0.463669138643 -0.118754416391 0
-0.806732963999 0.351086729175 0.030541406342 0
-1.106947404895 0.404689727675 -0.070424811205 0
-0.841803539246 0.292359794234 0.029236478396 0
-0.895398567786 0.281089989777 -0.129817212782 0
-0.792930235162 0.025462845064 -0.006532110060 0
-0.795571233263 0.027067989282 -0.125262450496 0
-0.832879302007 0.028255841601 0.008015426970 0
-0.841105744093 0.019577202634 -0.125368673498 0
-0.888398470651 0.725655798609 0.058495782448 0
-0.760954784429 0.700475791214 0.126647426676 0
-0.900789414278 0.700307702207 -0.105853798349 0
-0.814631879834 0.672088234072 -0.000641951759 0
-0.724822878324 0.613204930340 -0.060622476676 0
-0.648826109756 0.476323692195 -0.061550281139 0
-0.693641196499 0.485179292953 -0.151202830768 0
-0.639992592593 0.542688888889 -0.113255925926 0
-0.715070094560 0.527551371572 0.123558604209 0
-0.958245951103 0.553544024863 -0.171629902313 0
-0.751168417831 0.434942815443 0.073574132195 0
-1.018016761930 0.481086914972 -0.118406796155 0
-0.804225947633 0.362314635509 0.031271652895 0
-1.082005148129 0.419779190219 -0.068263215517 0
-0.833648192737 0.296701634452 0.024973623224 0
-0.883726759212 0.287543599213 -0.124284502360 0
-0.791761490422 0.025355395565 -0.006600834472 0
-0.793739072435 0.027180202855 -0.124967779426 0
-0.831652341539 0.028934354059 0.007934318033 0
-0.839423311933 0.020668085626 -0.124728123084 0
-0.883587497578 0.752652588791 0.060900168541 0
-0.759001856366 0.722237225192 0.129878631502 0
-0.898023480099 0.724945174121 -0.103093956464 0
-0.813091152948 0.694752953606 0.002565503175 0
-0.724933873561 0.633059258170 -0.057033015303 0
-0.651497011395 0.494119808673 -0.058491837901 0
-0.695389057047 0.503180750560 -0.148579467352 0
-0.642003703704 0.560529629630 -0.110022962963 0
-0.719670398375 0.547960267927 0.119960008817 0
-0.943610750622 0.576259645591 -0.173675404708 0
-0.753665177932 0.453087320691 0.072828703942 0
-0.996237011789 0.499233572633 -0.119336262738 0
-0.803016007629 0.375287980115 0.033483363328 0
-1.055583595501 0.435078623379 -0.067732742210 0
-0.825345298749 0.300744787515 0.020833732925 0
-0.872255266072 0.293874292635 -0.119836889653 0
-0.790471822005 0.025445640199 -0.006725743123 0
-0.791987377282 0.027874583249 -0.124621872619 0
-0.830290031014 0.029927828976 0.007758034705 0
-0.837717603149 0.021711247607 -0.124097868473 0
-0.878455631775 0.780031444490 0.063044995752 0
-0.755742479996 0.745025554363 0.132252692175 0
-0.893695540527 0.750801580929 -0.101298506075 0
-0.810343110395 0.718424094135 0.004970315909 0
-0.724482321563 0.652888405578 -0.053890464200 0
-0.654883108635 0.510204686881 -0.055071043850 0
-0.697708376989 0.519370705653 -0.145660081872 0
-0.644696296296 0.576625925926 -0.106454814815 0
-0.721269366305 0.570133174337 0.116694403760 0
-0.927390871017 0.601137046844 -0.176348345545 0
-0.754366366699 0.473362147469 0.072901276704 0
-0.972700172618 0.519101940482 -0.122751795820 0
-0.800077756723 0.390678691864 0.037199840566 0
-1.025122155723 0.450303818567 -0.069726043729 0
-0.817252852892 0.304383233414 0.016923868845 0
-0.861570724431 0.299895156743 -0.115716810209 0
-0.789274034331 0.025680287206 -0.006778328564 0
-0.790116855345 0.028979790842 -0.124260183196 0
-0.829014939557 0.031018063550 0.007627510549 0
-0.835951126019 0.023679314924 -0.123460538747 0
-0.872962240374 0.807000879276 0.064507158569 0
-0.752524316928 0.766835887170 0.134138024318 0
-0.888846829227 0.775535062412 -0.100278418337 0
-0.807470434006 0.741013959213 0.006843790009 0
-0.724287048966 0.671205431960 -0.050962853583 0
-0.659346377213 0.524233098939 -0.051661970892 0
-0.700970330080 0.533534410488 -0.142795529314 0
-0.648374074074 0.590670370370 -0.102862962963 0
-0.721406815405 0.591607710093 0.115574954681 0
-0.910837156438 0.625298949171 -0.178463213865 0
-0.754175270953 0.493620676390 0.074311767687 0
-0.950439380009 0.538595029231 -0.127774203369 0
-0.796715087297 0.407149416420 0.042336696410 0
-0.994952050022 0.464933938294 -0.073856458371 0
-0.809701411715 0.307413748398 0.013854476217 0
-0.852631439104 0.305615116793 -0.111671767210 0
-0.788245606030 0.026048826765 -0.006785254459 0
-0.788261662872 0.030525878917 -0.123965543778 0
-0.827851176673 0.032438312793 0.007565106075 0
-0.834234989238 0.026686298807 -0.122858416025 0
-0.866971182016 0.833145205649 0.065093808819 0
-0.749274858819 0.787371399588 0.135457127438 0
-0.883759651714 0.798707567028 -0.099906215894 0
-0.804547175181 0.762197583684 0.008174293282 0
-0.724407626278 0.687874128575 -0.048317322400 0
-0.664783446218 0.536261385783 -0.047995281604 0
-0.705111543501 0.545625546710 -0.139703244067 0
-0.652966666667 0.602666666667 -0.099049629630 0
-0.719815294103 0.611863385541 0.116832639550 0
-0.894524143072 0.648557077619 -0.180567747742 0
-0.752712493170 0.513168061904 0.077400565811 0
-0.929724730498 0.557546425346 -0.134380504399 0
-0.794173646317 0.424948293141 0.048706280620 0
-0.967976406753 0.479976070116 -0.081435769276 0
-0.803050950905 0.309894451142 0.011584749112 0
-0.845896466807 0.310931068045 -0.107842734804 0
-0.787276600960 0.026575792155 -0.006783954735 0
-0.786762603632 0.032090303454 -0.123530478877 0
-0.826688681149 0.034195709064 0.007498356231 0
-0.832821543884 0.029686277383 -0.122010766434 0
-0.860772735294 0.857684467730 0.064869023611 0
-0.744781475091 0.806568359626 0.135710812306 0
-0.876608070758 0.821124667049 -0.100975550178 0
-0.800174378133 0.782322003408 0.008300411096 0
-0.723637051290 0.703086707865 -0.046511125490 0
-0.670831387776 0.545841210838 -0.044176263996 0
-0.709798954721 0.555257575106 -0.136465234787 0
-0.658125925926 0.612200000000 -0.095077407407 0
-0.715773772999 0.630886497465 0.118040582414 0
-0.876744708125 0.671826651452 -0.183905703519 0
-0.749671193267 0.531555828655 0.081131719162 0
-0.907650580051 0.576969033377 -0.142648691953 0
-0.792138058700 0.442941624697 0.055680035318 0
-0.942193905077 0.496231796662 -0.092493240006 0
-0.797821712550 0.311640960695 0.009984351380 0
-0.841316525175 0.315262412008 -0.104489691820 0
-0.786430912302 0.027000620124 -0.006806609082 0
-0.785351724055 0.033420578797 -0.122982775231 0
-0.825677559945 0.035579569617 0.007387117682 0
-0.831395373296 0.031212261735 -0.120833229983 0
-0.853101725806 0.881096230003 0.063048857818 0
-0.741037381737 0.823004683127 0.135494288813 0
-0.869980220182 0.840644564693 -0.102566944043 0
-0.796594428530 0.799646858290 0.007989401047 0
-0.724127666657 0.715350195520 -0.044784580415 0
-0.677124256763 0.553591780419 -0.040071550922 0
-0.714707813101 0.563029168898 -0.132930612467 0
-0.663481481481 0.619862962963 -0.090844074074 0
-0.712599627217 0.647009033437 0.120176785587 0
-0.859727944961 0.692233523420 -0.186450077896 0
-0.747934626808 0.547106048392 0.086284125075 0
-0.886756718592 0.593990209482 -0.150771256554 0
-0.791823671251 0.458413938492 0.063980764365 0
-0.919468415947 0.509808998645 -0.105581783584 0
-0.793779352983 0.312925714470 0.008725019018 0
-0.838943609873 0.319150710632 -0.101217060310 0
-0.785651305957 0.027535481270 -0.006839865277 0
-0.784666534550 0.035507957577 -0.121871439523 0
-0.824671433484 0.037271341337 0.007231463076 0
-0.830510027625 0.031213034819 -0.118798553983 0
-0.845535896975 0.901860995048 0.060891066500 0
-0.737245875513 0.837889753148 0.134393292538 0
-0.862989024816 0.858303026927 -0.105153217046 0
-0.792897469867 0.815337155592 0.006784710447 0
-0.724845330116 0.726035483263 -0.043592753162 0
-0.683867374698 0.559998740808 -0.035681712747 0
-0.720000245801 0.569403348801 -0.129118120500 0
-0.669137037037 0.626085185185 -0.086391111111 0
-0.709539599735 0.661585240304 0.121475029094 0
-0.842312198983 0.709999368926 -0.187286160260 0
-0.746516175858 0.561055520839 0.091401961802 0
-0.867029422972 0.609016582382 -0.158186035004 0
-0.791962453346 0.472407888257 0.072221235392 0
-0.900523510140 0.521551492068 -0.120571445202 0
-0.790638474324 0.313768924091 0.007682807952 0
-0.837696986432 0.322205491989 -0.098171685676 0
-0.784713934150 0.027614218350 -0.006960321915 0
-0.784895310159 0.037124878662 -0.120352282599 0
-0.823773460488 0.037307753882 0.007030688637 0
-0.830496274317 0.031593450069 -0.115939776502 0
-0.837040437942 0.921147091902 0.057822179178 0
-0.733308360665 0.851596650686 0.132499036568 0
-0.855748459136 0.874316363389 -0.108546205114 0
-0.788991587094 0.829725108967 0.004785749119 0
-0.725550784583 0.735733184083 -0.043017642642 0
-0.691013435841 0.565667058608 -0.031414170458 0
-0.725597106937 0.574956336135 -0.125446464570 0
-0.675133333333 0.631514814815 -0.082087037037 0
-0.705751181080 0.675052928960 0.122974506660 0
-0.825614578213 0.725869254746 -0.187430497721 0
-0.744227563350 0.573900030537 0.097176440813 0
-0.849408276987 0.622799308706 -0.165849771325 0
-0.791216932084 0.485402583411 0.081268739034 0
-0.885056949732 0.533135729615 -0.136954286580 0
-0.788037224699 0.314571369103 0.006625428893 0
-0.837220181711 0.324821038881 -0.095620180153 0
-0.783783809016 0.027637549704 -0.007082658549 0
-0.786778696189 0.038567859533 -0.118658653112 0
-0.822977249361 0.036850963943 0.006858174894 0
-0.832138263800 0.032636476585 -0.112588795874 0
-0.828293637474 0.938587941303 0.054292375913 0
-0.729438942611 0.863532223040 0.130027467600 0
-0.848347497806 0.887809164896 -0.112628579496 0
-0.785013548143 0.842064557831 0.002198392644 0
-0.726317345278 0.743735421635 -0.042859787693 0
-0.698007279742 0.570133298803 -0.027826996895 0
-0.730955509766 0.579263609583 -0.122460209262 0
-0.681159259259 0.635844444444 -0.078364444444 0
-0.701446281167 0.686899966856 0.124089666859 0
-0.809882598787 0.739532657267 -0.188139209827 0
-0.740652337697 0.584945022101 0.102972010149 0
-0.832931714201 0.635001394440 -0.174095171942 0
-0.788626517690 0.496410008510 0.091115757729 0
-0.869699591801 0.543368450870 -0.154474553268 0
-0.786173098697 0.315151150967 0.005647839385 0
-0.837282961309 0.326705838667 -0.093719464764 0
-0.783074358163 0.027508234959 -0.007163107559 0
-0.790086750678 0.039454015253 -0.117055277222 0
-0.822436999529 0.036018022709 0.006748239688 0
-0.835227114231 0.034309924234 -0.108968204179 0
-0.819596775299 0.953671153048 0.049925029226 0
-0.725016799355 0.873816274149 0.126753199320 0
-0.840174357324 0.899003113378 -0.117613188649 0
-0.780376037200 0.852520287828 -0.001197985066 0
-0.726670988382 0.750126360187 -0.043319797787 0
-0.705070155882 0.573260512756 -0.025007892299 0
-0.736313267466 0.582237396727 -0.120232242400 0
-0.687307407407 0.638885185185 -0.075344074074 0
-0.696253515940 0.697224877720 0.124313377270 0
-0.795894750964 0.751116197831 -0.190661824057 0
-0.735242072025 0.594275547632 0.108213408870 0
-0.817498217913 0.645646600174 -0.182615967006 0
-0.783348611000 0.505427425551 0.101473106096 0
-0.853548561153 0.552160862506 -0.171693488979 0
-0.785517437886 0.315277737475 0.004703965392 0
-0.837621970892 0.327487320400 -0.092738057234 0
-0.782521428404 0.027124053342 -0.007248115475 0
-0.794734604989 0.039348812329 -0.115389875328 0
-0.822096762799 0.034651180825 0.006626136375 0
-0.839622302471 0.036312416329 -0.105123923911 0
-0.810699213135 0.966597623590 0.044186450991 0
-0.721175874984 0.882279488933 0.123436200501 0
-0.832442664469 0.908117720640 -0.122658616463 0
-0.776364869560 0.861117897643 -0.004610789958 0
-0.727933022699 0.754980896950 -0.043744645656 0
-0.711906781943 0.575720319853 -0.022445160733 0
-0.741644565346 0.584408194194 -0.118176965256 0
-0.693403703704 0.641222222222 -0.072674444444 0
-0.691576132777 0.705811763987 0.124329403172 0
-0.785108313958 0.759497762507 -0.192220774067 0
-0.729886105578 0.601912349613 0.113599131495 0
-0.805882917599 0.653590496876 -0.189509951349 0
-0.777008210758 0.512366059922 0.112868656290 0
-0.840396365565 0.558662403488 -0.186809679165 0
-0.785344967155 0.315284924049 0.003820969103 0
-0.838894619467 0.327892351442 -0.092505300197 0
-0.781976708540 0.026633982565 -0.007280098990 0
-0.800394350044 0.039637957428 -0.113525538193 0
-0.821818099278 0.032649358317 0.006570476583 0
-0.844830728052 0.038810749469 -0.101106243490 0
-0.802928348907 0.977259977544 0.038327403301 0
-0.717994100625 0.889326538854 0.120071625151 0
-0.824453470906 0.915072852457 -0.128150254248 0
-0.772469441186 0.868033458794 -0.008258853872 0
-0.729170391728 0.758625162810 -0.044272909076 0
-0.718351346346 0.577395519737 -0.020327470346 0
-0.746991113638 0.585793262214 -0.116419275252 0
-0.699377777778 0.642803703704 -0.070503333333 0
-0.688093566737 0.712941457882 0.123544632606 0
-0.775882777992 0.765380002002 -0.194484745854 0
-0.725759528851 0.608402967648 0.117989417834 0
-0.795417543013 0.659221437376 -0.196493163598 0
-0.771167794796 0.518133817970 0.123390435838 0
-0.827684799143 0.563477879947 -0.201884870763 0
-0.785580878948 0.315019432576 0.003095826674 0
-0.840464926023 0.327718612746 -0.092396230134 0
-0.781615754765 0.026074518096 -0.007332839960 0
-0.805330397550 0.040057855441 -0.112194009213 0
-0.821626921917 0.030928309672 0.006484063296 0
-0.849152589532 0.040420071046 -0.097737206862 0
-0.795696644626 0.985832351294 0.032407311075 0
-0.713938080239 0.896030456137 0.115159649540 0
-0.818846124721 0.919914836490 -0.133907430129 0
-0.769013095348 0.873790845157 -0.012753650191 0
-0.730348755336 0.761748978971 -0.045804236678 0
-0.724166593962 0.578873754220 -0.018776272036 0
-0.752327552607 0.586911539913 -0.115040220266 0
-0.705074074074 0.644166666667 -0.069057037037 0
-0.684174274684 0.719658689124 0.120151260192 0
-0.770404471574 0.768994743195 -0.197498767154 0
-0.720304053079 0.614433155697 0.119823721094 0
-0.788217531633 0.662691980365 -0.203638729347 0
-0.763211746871 0.523533317519 0.131237943922 0
-0.817887056946 0.566820976436 -0.216177962419 0
-0.785703427471 0.314905333676 0.002284665456 0
-0.841975380364 0.327365019013 -0.092327768537 0
-0.781452674877 0.025758114919 -0.007332764135 0
-0.809200281729 0.040143729358 -0.111081282291 0
-0.821546851837 0.029970420848 0.006453934446 0
-0.852213756155 0.039203889442 -0.094393785080 0
-0.788797161544 0.992883367168 0.026231881624 0
-0.709348124508 0.901904596276 0.109156887298 0
-0.814599282190 0.922731911940 -0.140039798726 0
-0.765688790085 0.878161532287 -0.017932318178 0
-0.731054848322 0.764018984080 -0.048109344970 0
-0.728700755058 0.579831670732 -0.017960147788 0
-0.757284040294 0.587549851040 -0.114125727999 0
-0.709974074074 0.645037037037 -0.068491481481 0
-0.680412385204 0.725412104642 0.114717812136 0
-0.766204684652 0.770671769030 -0.200892098038 0
-0.714151666682 0.619518323939 0.119821648663 0
-0.782398762811 0.664404892326 -0.210911298501 0
-0.753602396349 0.528099894311 0.137445800119 0
-0.809427329154 0.568625503517 -0.228907624307 0
-0.785844431688 0.314766349357 0.001652287987 0
-0.842317024427 0.326439563649 -0.091591433587 0
-0.781466299840 0.025427500036 -0.007347887434 0
-0.810978109691 0.039140193402 -0.109905798509 0
-0.821593590651 0.029294020239 0.006443782470 0
-0.852607128454 0.035522334607 -0.090323900260 0
-0.782027700760 0.998335114383 0.019499087469 0
-0.704353404395 0.906489320014 0.102534498439 0
-0.811208104828 0.923944970457 -0.146238379624 0
-0.762426421677 0.881121220754 -0.023456191842 0
-0.731388871066 0.765300347449 -0.051012231143 0
-0.731746016483 0.580200351649 -0.017966824725 0
-0.761749584206 0.587537398639 -0.113728753407 0
-0.713944444444 0.645300000000 -0.068966666667 0
-0.676722855870 0.729814552525 0.108889010072 0
-0.763308759205 0.770679462502 -0.204399046954 0
-0.707549010738 0.623383164745 0.118888456304 0
-0.778418392832 0.664608266376 -0.217661096337 0
-0.743234469777 0.531688156442 0.141929233625 0
-0.803153304074 0.568894336196 -0.239429462769 0
-0.786198133984 0.314551303236 0.001403822862 0
-0.840860159216 0.324694314474 -0.089811917828 0
-0.781658706991 0.025076846237 -0.007348201650 0
-0.810415940631 0.037469202850 -0.108769530547 0
-0.821788520218 0.028839038626 0.006464966120 0
-0.850147237912 0.033007786870 -0.085725341946 0
-0.775548670708 1.002240594943 0.012120521283 0
-0.699088611505 0.910408823782 0.095353909808 0
-0.808985525288 0.924239480238 -0.152319166807 0
-0.759450796937 0.883311278175 -0.029192464791 0
-0.731738821310 0.766129478938 -0.054406508170 0
-0.734338791945 0.580388535529 -0.018754059880 0
-0.766586697625 0.587230225343 -0.113820653273 0
-0.717966666667 0.645344444444 -0.070411851852 0
-0.672929560883 0.733548711233 0.102702729912 0
-0.762802324474 0.769685346227 -0.208421377875 0
-0.700671185944 0.626737351156 0.116831305601 0
-0.776375451672 0.663670396945 -0.223649062415 0
-0.732814120577 0.534758518000 0.143778397995 0
-0.798791464772 0.567905435284 -0.247793251665 0
-0.786523815422 0.314354413398 0.001549663861 0
-0.837893469855 0.322406694082 -0.087347524996 0
-0.782066030944 0.024636214349 -0.007336257033 0
-0.807800730008 0.035932481208 -0.107307006431 0
-0.822189452259 0.028284436063 0.006525963040 0
-0.845204593835 0.033786872910 -0.080365176867 0
-0.769931755605 1.005198367696 0.004058195209 0
-0.693536280776 0.913497282983 0.087475706697 0
-0.808044392109 0.923742572910 -0.158275179507 0
-0.756821448753 0.884704101688 -0.035225597530 0
-0.732109581916 0.766444155217 -0.058395599044 0
-0.736157617632 0.580293507468 -0.020294043649 0
-0.771340449363 0.586539015335 -0.114355487941 0
-0.721696296296 0.645085185185 -0.072722592593 0
-0.668296031588 0.736544676576 0.095752505837 0
-0.763347931112 0.768118921304 -0.212596739677 0
-0.693259733775 0.629453833080 0.112671307985 0
-0.775485233233 0.662032748859 -0.228524437025 0
-0.721954172091 0.537110595920 0.142321459597 0
-0.795901936394 0.566141272787 -0.253920544452 0
-0.786952427043 0.314150728017 0.002012464233 0
-0.833566434691 0.319753290930 -0.084854826930 0
-0.782551261101 0.024163361367 -0.007282693551 0
-0.804684615700 0.034160257628 -0.107009097649 0
-0.822665152708 0.027599982784 0.006660940781 0
-0.839652834041 0.032362941661 -0.076950684421 0
-0.765200739538 1.007075231786 -0.004448521568 0
