0.024496983817 1.115741180478 2.129552056202 0
-0.166469240255 1.119728838640 2.129315603729 0
-0.070150230486 1.158367606970 2.139586715742 0
-0.074033226291 0.973499914706 2.157907035443 0
-0.002478916667 0.725609750000 2.159947000000 0
-0.148782916667 0.725609750000 2.159947000000 0
-0.075630916667 0.875977500000 2.161979000000 0
0.258927857982 1.096581017785 2.133909191855 0
-0.401505665041 1.110371849862 2.133091449657 0
0.447180992007 1.099105132343 2.193069035723 0
-0.589635193237 1.120755392979 2.191785260270 0
0.561014206684 1.088547279951 2.207064529634 0
-0.703844209005 1.114959400784 2.205498394567 0
-0.008846105517 0.420756813426 2.194695960279 0
-0.148782916667 0.725609750000 2.159947000000 0
-0.022933155914 0.044237345629 2.159931717421 0
-0.145426171810 0.041171271290 2.159959238327 0
-0.013943736637 0.013292614818 2.260787876957 0
-0.155136973469 0.010459100942 2.260819606480 0
-0.030944685360 1.283573820622 2.216826030845 0
-0.200173575938 1.102728898871 2.128436964301 0
-0.009199211581 1.105766578117 2.130339785133 0
-0.105235949542 1.144961893168 2.119547471069 0
-0.102100862979 0.960225629217 2.099812744648 0
-0.154985907182 0.710464470895 2.109482846102 0
-0.009404227688 0.717933577530 2.097031040705 0
-0.089175970845 0.864186112303 2.111607372002 0
-0.207973621970 0.873413238791 2.180373642584 0
0.161116697225 0.949922321858 2.085074011903 0
-0.246483869742 0.758612301402 2.024542944894 0
0.338320286209 1.034081323638 2.106560082316 0
-0.269454203287 0.673482327475 1.950444401206 0
0.451619532356 1.046335820419 2.123246933180 0
-0.141161754433 0.417235103538 2.019991085632 0
-0.009404227688 0.717933577530 2.097031040705 0
-0.130555598810 0.094985825329 2.218023455100 0
-0.032838502475 0.102159599998 2.230329532529 0
-0.146960678818 0.053887234209 2.121835461576 0
-0.002255469480 0.065403866537 2.135862368441 0
-0.138604736557 1.239628853854 2.010966169897 0
-0.199430025933 1.102693721900 2.126624781137 0
-0.008452022411 1.106050206912 2.127063236546 0
-0.104630053898 1.144938344034 2.116418949182 0
-0.101339457490 0.959940488134 2.099338530536 0
-0.154876332373 0.710179280322 2.109083302186 0
-0.009284241558 0.717399263276 2.096606309182 0
-0.088836362357 0.863807122017 2.110819097209 0
-0.225568941526 0.873854210174 2.174511795995 0
0.167566289450 0.955750141246 2.084975526015 0
-0.280419745185 0.755835916907 2.026158931029 0
0.342553074190 1.046678851446 2.092531687655 0
-0.312990914210 0.669636115409 1.957064386883 0
0.455799433986 1.065185425734 2.102436815709 0
-0.141229892049 0.416354143762 2.021539552755 0
-0.009284241558 0.717399263276 2.096606309182 0
-0.128975320501 0.088162435804 2.209459576977 0
-0.031423438318 0.094180840810 2.220339222951 0
-0.144729207122 0.048491046904 2.112566094744 0
-0.002449071205 0.058199640730 2.125070181644 0
-0.139942995357 1.241622124473 2.010139217834 0
-0.197415588469 1.101641013870 2.126621510498 0
-0.006428009421 1.104433171417 2.126553911524 0
-0.102519378378 1.143665794627 2.116402463791 0
-0.099822602262 0.958762465868 2.098229356577 0
-0.154035476807 0.709251641727 2.108676360707 0
-0.008408192441 0.715828881576 2.096254831816 0
-0.087382380658 0.862620814383 2.109708843339 0
-0.224162494350 0.873324629841 2.176623140845 0
0.168429101422 0.951608063576 2.088958586967 0
-0.277969884865 0.752421556757 2.030223986490 0
0.340371132160 1.048111198686 2.097240116468 0
-0.310137763135 0.664875253305 1.962650210362 0
0.452756501750 1.070708261466 2.108386609926 0
-0.142683691011 0.415242401150 2.021423580312 0
-0.008408192441 0.715828881576 2.096254831816 0
-0.130645693214 0.087481216391 2.210107441770 0
-0.032673358623 0.093986142372 2.220072539339 0
-0.146773083971 0.048117365187 2.113150000456 0
-0.004012324151 0.057953388750 2.124728233218 0
-0.137804485854 1.240143440614 2.009280195396 0
-0.194731333999 1.100944447908 2.118310790697 0
-0.003755627830 1.103320694777 2.120897133256 0
-0.099596072939 1.142529363302 2.108524130515 0
-0.097100225852 0.957266588421 2.094443988328 0
-0.152766181139 0.708639834068 2.106178996902 0
-0.006914277214 0.713671926871 2.095846495774 0
-0.084567842341 0.861326655690 2.107414090530 0
-0.220456042913 0.873499844423 2.172635029525 0
0.170841371169 0.948702060281 2.090028102910 0
-0.271459911706 0.751137882393 2.026444549781 0
0.338358888940 1.052610152426 2.099328123217 0
-0.302237418160 0.662887317339 1.959139826880 0
0.449274188750 1.080895672016 2.112097951334 0
-0.140341107778 0.414257392992 2.020342290240 0
-0.006914277214 0.713671926871 2.095846495774 0
-0.128436323162 0.087170897306 2.210201732047 0
-0.030420222746 0.093535932471 2.219371335407 0
-0.144291972487 0.047897145537 2.113162967902 0
-0.001141372829 0.057199515536 2.124330477393 0
-0.134532515114 1.238413328429 2.000970801661 0
-0.191343585819 1.100166814507 2.112866950957 0
-0.000376861471 1.102816670639 2.115824064143 0
-0.096235574351 1.141689372317 2.102564274092 0
-0.093493865111 0.956212955487 2.091712673124 0
-0.150505264580 0.708318777311 2.105764585529 0
-0.004711702063 0.712049942474 2.094138066227 0
-0.080992299549 0.860416610835 2.105731449454 0
-0.218524792314 0.873404514655 2.169293652140 0
0.171859165617 0.943896525509 2.095255406631 0
-0.267203298393 0.747876886856 2.025006721143 0
0.332194354469 1.058518611230 2.105250677112 0
-0.296872221185 0.658171969900 1.959142271287 0
0.440343028159 1.095357903021 2.119813431661 0
-0.139445759587 0.413778277875 2.020284027427 0
-0.004711702063 0.712049942474 2.094138066227 0
-0.127674369860 0.086981621568 2.210650219306 0
-0.029697986861 0.093251805498 2.220339411756 0
-0.143540944468 0.047871481510 2.113547182818 0
-0.000259177887 0.057055457904 2.125294517694 0
-0.130809127424 1.236638863776 1.993457478580 0
-0.185707431886 1.099863950032 2.106480128318 0
0.005230340521 1.100812527252 2.111571624504 0
-0.090117481645 1.140467758439 2.097009438863 0
-0.088935666082 0.954913666650 2.087259682673 0
-0.146756726255 0.707076163947 2.102637465130 0
-0.000923264426 0.710821084952 2.091527226900 0
-0.077286813669 0.859193590686 2.102482237486 0
-0.214752583661 0.874130560603 2.166017908615 0
0.172444376043 0.935399688053 2.106882255645 0
-0.262827019461 0.746308232284 2.023554573834 0
0.319896456447 1.066558121898 2.107804192198 0
-0.292403223162 0.655599898132 1.959036443431 0
0.422732234294 1.117208615817 2.118969904046 0
-0.137135439658 0.412486055402 2.017153881538 0
-0.000923264426 0.710821084952 2.091527226900 0
-0.128074425365 0.086908348129 2.209744020816 0
-0.029935671336 0.093052463730 2.220306862577 0
-0.144103312313 0.047801606539 2.112666276273 0
-0.000723536008 0.056895230226 2.125177179748 0
-0.123818418340 1.233447844839 1.985668422276 0
-0.179249559126 1.099044834445 2.095331080872 0
0.011478697592 1.098471651680 2.105649007733 0
-0.083078834259 1.138671021736 2.087797239742 0
-0.083283088899 0.952972452852 2.081256963919 0
-0.142221835335 0.705035204473 2.097817439944 0
0.003756503766 0.709306540065 2.089045859600 0
-0.073322262097 0.857410215138 2.098531092911 0
-0.209982368031 0.875233104951 2.160964421676 0
0.168720136908 0.923976564512 2.118707550650 0
-0.257292825488 0.745497570110 2.019982464087 0
0.296826059375 1.072690059011 2.098246125139 0
-0.286875570547 0.653989534333 1.956606731794 0
0.391133995811 1.138805157790 2.097859215427 0
-0.132856170707 0.410537792904 2.011986774226 0
0.003756503766 0.709306540065 2.089045859600 0
-0.126990814034 0.087534475504 2.208985154270 0
-0.028863235029 0.092764205428 2.220290696688 0
-0.142889025225 0.048161851541 2.111993431410 0
0.000923793887 0.056321054309 2.125448825211 0
-0.115277826530 1.229683564406 1.974930258513 0
-0.170388729886 1.097569104506 2.081842418778 0
0.019785816296 1.095071191781 2.099490605093 0
-0.073512008291 1.135871536380 2.076981726602 0
-0.075792914779 0.950079660951 2.075263616145 0
-0.136922564959 0.702179070628 2.091001469610 0
0.009278347082 0.706883452913 2.088169063986 0
-0.068551335295 0.854742123406 2.094963066429 0
-0.204660308654 0.875720049785 2.152215617055 0
0.160323315274 0.908284766672 2.126023113520 0
-0.251399780012 0.741723290631 2.015081408687 0
0.268071745122 1.066059347010 2.076596820763 0
-0.280996255137 0.648392708092 1.954428347069 0
0.352384777903 1.142055137613 2.057070039807 0
-0.126068071728 0.408657188314 2.002060877911 0
0.009278347082 0.706883452913 2.088169063986 0
-0.128158642472 0.091219190779 2.207979926169 0
-0.030607002303 0.092248472974 2.220012086108 0
-0.144045586364 0.049561031820 2.111945798141 0
-0.000227607857 0.054644255646 2.125813539556 0
-0.103075643923 1.223824565790 1.961767153345 0
-0.159693032982 1.095601344911 2.064607987049 0
0.029925469792 1.090915326495 2.087122886586 0
-0.062041472199 1.131912356620 2.059972805467 0
-0.067687171705 0.946399461568 2.068909653908 0
-0.130248139414 0.699118092369 2.086331782007 0
0.015929785524 0.704526733751 2.089092447770 0
-0.062820674962 0.851994241714 2.093276158657 0
-0.197137362778 0.875848358010 2.139777649423 0
0.147267895569 0.889540292484 2.119103849940 0
-0.240995103081 0.737244040779 2.006320380563 0
0.240396278706 1.043728744125 2.038490411942 0
-0.269474969328 0.641928841872 1.948275114291 0
0.315949909731 1.119122251696 1.995214428813 0
-0.119584185145 0.410311101273 1.983083797786 0
0.015929785524 0.704526733751 2.089092447770 0
-0.128545878492 0.102174961917 2.202505115974 0
-0.031334849799 0.091510247695 2.219684455065 0
-0.144933778262 0.052659075089 2.110364111893 0
-0.000747380055 0.053322207758 2.125788601905 0
-0.089573831191 1.217214081122 1.943247702459 0
-0.147003693619 1.093409965351 2.052344975756 0
0.041469933880 1.084603605673 2.082080406318 0
-0.048330439290 1.127107394240 2.050376735567 0
-0.059156732010 0.942126055811 2.064214048625 0
-0.122086613488 0.694893622526 2.085349677059 0
0.023923287173 0.702701562447 2.090350216957 0
-0.057283236100 0.848866725604 2.093005405354 0
-0.191381365254 0.876001311596 2.130498867279 0
0.127523145286 0.868020626852 2.114183199322 0
-0.229485077267 0.733391312039 1.999517968259 0
0.222810939517 1.000271104104 2.002937757670 0
-0.255913170306 0.636452865390 1.943216668805 0
0.295095611554 1.059810889295 1.935890885792 0
-0.119512277805 0.419840464579 1.949252368594 0
0.023923287173 0.702701562447 2.090350216957 0
-0.138256551498 0.122149857557 2.182067449494 0
-0.037327784914 0.091048170301 2.220020702412 0
-0.150512799729 0.057549723520 2.099079751599 0
-0.005874280049 0.052729348913 2.126464858664 0
-0.071549458614 1.208600182187 1.930309823367 0
-0.137758353105 1.089742999960 2.036538704258 0
0.050320641093 1.078179926664 2.067789997691 0
-0.038367216501 1.121196720979 2.033733851033 0
-0.053282891585 0.937259214479 2.055443106032 0
-0.114727303660 0.688994608167 2.078509085843 0
0.030813473903 0.700888635688 2.087524328042 0
-0.054424542687 0.844761797562 2.086630914171 0
-0.185532404344 0.874008535097 2.117286533492 0
0.106351902878 0.851083067460 2.092918576437 0
-0.216625520032 0.729971400366 1.986015734277 0
0.209030055869 0.938661308924 1.948929864131 0
-0.239789277909 0.632383817031 1.929399069236 0
0.277655974013 0.967565971117 1.861064360530 0
-0.112477044667 0.430465416522 1.913158132795 0
0.030813473903 0.700888635688 2.087524328042 0
-0.141860209892 0.137989537684 2.151419327913 0
-0.037070183007 0.090327545004 2.220791946251 0
-0.146468461980 0.065876687522 2.074031655803 0
-0.005697645624 0.051532991539 2.127405129944 0
-0.059030981591 1.198414136459 1.909788717928 0
-0.128173746622 1.089349925765 2.016647802517 0
0.059899867619 1.074502746242 2.046513049054 0
-0.028116402861 1.118341988670 2.011770297910 0
-0.047054633609 0.935700403441 2.040233786358 0
-0.110251728612 0.688476191532 2.065088889798 0
0.034815200306 0.701121981570 2.079249770587 0
-0.051048249279 0.844562148050 2.074984675817 0
-0.176774667939 0.873109304869 2.095526668819 0
0.095799044521 0.842383535692 2.059773984868 0
-0.202824348040 0.730869406481 1.961233235530 0
0.198089904669 0.865052576448 1.892537041364 0
-0.223602295653 0.634004417566 1.902489779077 0
0.258889443839 0.854035390196 1.795339405053 0
-0.104839899073 0.442767481523 1.881292028567 0
0.034815200306 0.701121981570 2.079249770587 0
-0.144229061876 0.131616286612 2.092969459955 0
-0.041048553360 0.089866534833 2.218680157037 0
-0.143338869728 0.067430064993 2.008769178172 0
-0.009054061232 0.051133809961 2.125478872509 0
-0.046537947694 1.191227737351 1.884730417156 0
-0.121613196158 1.089473231175 1.994358325417 0
0.067293657371 1.072618589315 2.017033814418 0
-0.021407429152 1.116486570595 1.984116960512 0
-0.041990861051 0.935560060340 2.021112847199 0
-0.107993272668 0.690405815881 2.052720897009 0
0.037231794649 0.701572626851 2.066499234050 0
-0.046897627570 0.845928987009 2.059478837554 0
-0.166643211374 0.872159172372 2.072402087522 0
0.100558045514 0.839734694940 2.015451585047 0
-0.188265112121 0.734486998116 1.932672467917 0
0.186004036630 0.800461373412 1.841952047383 0
-0.206567364320 0.639484645134 1.870183081993 0
0.233936317765 0.754556276045 1.747821492718 0
-0.095203309067 0.452134214503 1.859727619717 0
0.037231794649 0.701572626851 2.066499234050 0
-0.139198492336 0.112073101124 2.019717526324 0
-0.039195218099 0.090527409813 2.218490711260 0
-0.139163946719 0.065080297550 1.924838518324 0
-0.007239082718 0.051895935660 2.125234260778 0
-0.043435918578 1.185379894677 1.855356195360 0
-0.116934001456 1.085975982494 1.969609228265 0
0.072954767443 1.068248666317 1.980194773655 0
-0.017467041588 1.111754457862 1.951788007619 0
-0.036692345343 0.932363195358 1.996239532298 0
-0.103923283214 0.689882559341 2.036860564167 0
0.041657237965 0.699230492677 2.047986588233 0
-0.040492710656 0.844603302075 2.038824896384 0
-0.157415312200 0.867260321640 2.046216371568 0
0.106743339462 0.835653335581 1.970111334376 0
-0.170166187268 0.738128823266 1.897528873561 0
0.175256487244 0.746242708248 1.808070632538 0
-0.183757457395 0.646784511376 1.828704191053 0
0.212305702899 0.673912260963 1.726455653057 0
-0.088440776257 0.455630106754 1.839200692905 0
0.041657237965 0.699230492677 2.047986588233 0
-0.132809700354 0.095707791068 1.947187879394 0
-0.036445821054 0.090884000745 2.218516424629 0
-0.125067954336 0.063847990319 1.846513307604 0
-0.004153564068 0.050993530151 2.125908047930 0
-0.042876892334 1.177624825042 1.821998912792 0
-0.113349048079 1.081661005219 1.947463854056 0
0.076790912393 1.063529041371 1.946020461206 0
-0.015142317129 1.107334974009 1.923545511185 0
-0.031925372467 0.927776731884 1.968310923637 0
-0.099468017108 0.685956545755 2.013326719491 0
0.046537289557 0.694139959765 2.017836994045 0
-0.034743041662 0.840138422739 2.011221789283 0
-0.149712240396 0.861131294613 2.020868868952 0
0.104028992244 0.829871610248 1.943525844179 0
-0.153701152815 0.745431023948 1.861046978409 0
0.157200078497 0.707735304027 1.797920009678 0
-0.162639392985 0.660215130707 1.784081386990 0
0.182924260557 0.619120502752 1.728992320663 0
-0.088617993499 0.453519454015 1.813230193676 0
0.046537289557 0.694139959765 2.017836994045 0
-0.136609718526 0.090202238378 1.907417784954 0
-0.037275355446 0.092529055900 2.217779069860 0
-0.124366181439 0.060432199629 1.806550587448 0
-0.006072870270 0.053214513779 2.124552879137 0
-0.043983853930 1.169402784097 1.789828763441 0
-0.111221195093 1.068140080391 1.913895045410 0
0.078664998051 1.052508107438 1.900369841578 0
-0.015224004315 1.094304553108 1.882657863510 0
-0.026214341543 0.916142281927 1.934273685005 0
-0.093367374846 0.676332208267 1.984630727184 0
0.052826530978 0.681823204508 1.983198499478 0
-0.025961561004 0.829264118901 1.978791948350 0
-0.140550146329 0.844268624977 1.979965578156 0
0.102327646667 0.819238887169 1.919591734386 0
-0.136302418432 0.745823465198 1.808980175051 0
0.142548846142 0.684986905436 1.780652318579 0
-0.140556978225 0.668769872863 1.723481721907 0
0.160541127055 0.590577638332 1.717181766565 0
-0.091687519216 0.439288166955 1.789718837254 0
0.052826530978 0.681823204508 1.983198499478 0
-0.141827789601 0.082589785002 1.905589993275 0
-0.035810459877 0.096609248330 2.215615202557 0
-0.128538572986 0.047498033189 1.806583343920 0
-0.004545549467 0.054389923214 2.123689227425 0
-0.048468999560 1.155625103925 1.749450551678 0
-0.109051803366 1.055084941504 1.881098008248 0
0.080690414211 1.044581000451 1.861820711872 0
-0.014795281092 1.083774478873 1.846915845393 0
-0.019363338285 0.905495936093 1.899095050554 0
-0.088090065803 0.668696139814 1.953299144944 0
0.058120762634 0.669234584784 1.948106444229 0
-0.015753615441 0.819222271829 1.944631625255 0
-0.129162705778 0.829005776269 1.942966367512 0
0.107757051895 0.814956006062 1.905222213041 0
-0.117170861042 0.749649719815 1.762676842816 0
0.134479067834 0.675529476839 1.768139473194 0
-0.116598202078 0.681922228402 1.669521049496 0
0.147773292640 0.578915094247 1.706867395345 0
-0.099453455589 0.428443569918 1.762687182299 0
0.058120762634 0.669234584784 1.948106444229 0
-0.144446338227 0.079018930722 1.900716053317 0
-0.036381625245 0.115833601048 2.202153879060 0
-0.130776926438 0.042801656359 1.802167551759 0
-0.006370281926 0.058658242411 2.118245306332 0
-0.051671587787 1.145841761165 1.714622221852 0
-0.112656486401 1.042781836551 1.849638392861 0
0.077169706294 1.041261710828 1.828478008921 0
-0.020213232992 1.075847652491 1.814471668273 0
-0.015789321772 0.897655890042 1.866958811636 0
-0.082252433304 0.662170930191 1.921743385497 0
0.063887287358 0.661143013665 1.914888763072 0
-0.008370414283 0.811945558997 1.913093980909 0
-0.118116011033 0.814944946036 1.907986281752 0
0.116843370779 0.817626299761 1.889773477682 0
-0.098744607597 0.756297769609 1.720554272274 0
0.142703579341 0.673194227613 1.757803303402 0
-0.093195936717 0.698794366498 1.620915355465 0
0.158467028642 0.574674063968 1.700265195316 0
-0.089161830211 0.417099923807 1.737147052010 0
0.063887287358 0.661143013665 1.914888763072 0
-0.131479427109 0.076836777749 1.897159925327 0
-0.011115125800 0.150839535603 2.155640592605 0
-0.119137223701 0.039068135765 1.799019461511 0
0.008022095651 0.064366641948 2.097618559218 0
-0.058927119195 1.137366188253 1.680757544044 0
-0.108876977161 1.037101817809 1.811898365684 0
0.081528564991 1.042860852946 1.797876272548 0
-0.016509232275 1.073748130860 1.780259003373 0
-0.007262986911 0.895727330364 1.832698272541 0
-0.076266304466 0.662942990744 1.884977851427 0
0.069921287845 0.657684727897 1.882448238397 0
0.002156951417 0.810539909876 1.879432874631 0
-0.102077442931 0.809792804574 1.872133820889 0
0.133724436978 0.826123467222 1.873005679602 0
-0.089040739652 0.785040782908 1.676780595826 0
0.163564958172 0.680272651451 1.743458068335 0
-0.085677536834 0.745577045033 1.568629566611 0
0.183143389497 0.581467592545 1.687604794284 0
-0.075794353279 0.405771457883 1.717508677488 0
0.069921287845 0.657684727897 1.882448238397 0
-0.124074376899 0.076264581536 1.897142095758 0
0.023865431872 0.175834164070 2.082047030010 0
-0.113624653812 0.038203868234 1.798894773501 0
0.044266551593 0.079951700262 2.042038301107 0
-0.055189265424 1.135863314350 1.647226646203 0
-0.095890637307 1.040632808101 1.767351324407 0
0.094754628359 1.052349415235 1.768428292548 0
-0.002516652719 1.080446146187 1.743434825593 0
0.008149320852 0.902178854714 1.794755242700 0
-0.064054356515 0.670840709190 1.843521857946 0
0.081943876745 0.663523950946 1.849508622491 0
0.016643848155 0.817305525410 1.842232772741 0
-0.088395363954 0.815629888964 1.835626052413 0
0.151692164474 0.842098257262 1.857290538632 0
-0.085494382842 0.824213194716 1.638487999460 0
0.194910405969 0.698349899643 1.729173037738 0
-0.088980789248 0.802953894639 1.525345478756 0
0.221738003481 0.600757256057 1.674206695398 0
-0.060672105331 0.398001648968 1.703055663200 0
0.081943876745 0.663523950946 1.849508622491 0
-0.120558064125 0.079187014419 1.897849934002 0
0.062245079648 0.177611990045 1.998827840490 0
-0.110654576018 0.038201121335 1.800729243973 0
0.107196705483 0.093292478212 1.953221676441 0
-0.035254528743 1.145136663063 1.610929708985 0
-0.072049275327 1.053007894176 1.721414648165 0
0.117883860874 1.065295389939 1.737491876930 0
0.022753630602 1.093344473326 1.705253855704 0
0.030063375956 0.914604135447 1.755505568623 0
-0.046044684396 0.683933238223 1.801931641209 0
0.099388746919 0.675491570007 1.815448878716 0
0.035874288667 0.829717463037 1.803362031307 0
-0.078577003120 0.828976038562 1.792906239750 0
0.172659685300 0.861104083735 1.840688053004 0
-0.096771421770 0.871174040130 1.600984921119 0
0.232100333501 0.718813921844 1.717538469482 0
-0.115182684259 0.870240389356 1.487294567217 0
0.268032321403 0.622425430884 1.665736018607 0
-0.045385216525 0.398069563381 1.690285464470 0
0.099388746919 0.675491570007 1.815448878716 0
-0.122025812715 0.089482725956 1.895405648713 0
0.116309123186 0.150420031063 1.898700321925 0
-0.112224103713 0.041157944053 1.801709368664 0
0.178458189831 0.086810514129 1.841240128654 0
-0.004879875556 1.161446060966 1.572974644519 0
-0.041167532093 1.069365676663 1.676301370808 0
0.147273896574 1.080152072503 1.705585115285 0
0.054762398344 1.109254408494 1.667238296147 0
0.057525872662 0.929848963202 1.715537621430 0
-0.022399682430 0.699487995137 1.760656346321 0
0.122098470567 0.690619732269 1.781786848207 0
0.060169018744 0.844883769277 1.763534334651 0
-0.074464066069 0.848706472477 1.750764701785 0
0.195350259123 0.880923851140 1.821087108360 0
-0.099317234606 0.917911808101 1.567629663395 0
0.269879322633 0.739669764441 1.705163847387 0
-0.126876213542 0.934533424492 1.457042288848 0
0.314620012631 0.644492127223 1.658208220540 0
-0.028794919931 0.403780711582 1.678804970878 0
0.122098470567 0.690619732269 1.781786848207 0
-0.121234186472 0.103745431696 1.890010368595 0
0.188064842164 0.118143134130 1.786380091298 0
-0.111274117589 0.045595723379 1.802091318379 0
0.256817209843 0.080675189983 1.715108666167 0
0.033078614694 1.179983645194 1.534867083503 0
-0.006096437712 1.084930472069 1.631254125023 0
0.180802936869 1.092812377538 1.669861836840 0
0.090766865267 1.123338439796 1.626996149669 0
0.088371846588 0.943907880854 1.675221804842 0
0.004867556382 0.713456299567 1.719913026807 0
0.148432567060 0.705052686147 1.746807773627 0
0.087308045553 0.858915432986 1.723231251962 0
-0.076714034715 0.871712649023 1.701220160758 0
0.221093340199 0.897262383869 1.794283758553 0
-0.087667856791 0.961300037120 1.525721971517 0
0.306842911116 0.754567365100 1.688309028277 0
-0.110979673871 0.993317059325 1.417570169247 0
0.357200725706 0.659229259075 1.647811140555 0
-0.013765684024 0.410868963213 1.672194576469 0
0.148432567060 0.705052686147 1.746807773627 0
-0.118925901615 0.116658792196 1.885632181184 0
0.267499028842 0.099622606231 1.673688198776 0
-0.113004587447 0.050410833577 1.803251983578 0
0.333720653922 0.073928285456 1.595171645159 0
0.075465513816 1.196625096377 1.494971311638 0
0.030013683586 1.092771198216 1.592159173997 0
0.216419561387 1.096853735033 1.633634922070 0
0.127642961935 1.129347124218 1.589604286691 0
0.121104644779 0.949712201654 1.636671477147 0
0.035385214353 0.718674581998 1.679035907463 0
0.179061010752 0.709534560976 1.705085590011 0
0.118400422354 0.863792080508 1.682933500918 0
-0.076326906282 0.889352108922 1.643698326926 0
0.250243496137 0.904410513963 1.764652017632 0
-0.072060081497 0.996904976301 1.478290722276 0
0.342236007321 0.761280254823 1.664668981292 0
-0.090895155623 1.043357176130 1.374595129436 0
0.395259413401 0.665918576992 1.627790645246 0
-0.000436590043 0.414446930205 1.660443476561 0
0.179061010752 0.709534560976 1.705085590011 0
-0.112620256100 0.125552763515 1.877535375816 0
0.324183055150 0.093862832296 1.581010850387 0
-0.113135248449 0.053472322082 1.799982196088 0
0.391932092682 0.074815839917 1.501905661334 0
0.116571338836 1.205711931852 1.458545776139 0
0.065949664675 1.086365159151 1.559362314714 0
0.252362173305 1.087385458649 1.600996335408 0
0.163946189376 1.122005826374 1.557870406694 0
0.155558914207 0.941191715008 1.599854762823 0
0.072458002832 0.707932711713 1.637648474610 0
0.216610363894 0.700284658209 1.661448989180 0
0.153417965260 0.854123015569 1.643947991280 0
-0.066759138877 0.892927299646 1.577085158647 0
0.285445884165 0.895595943463 1.733156015975 0
-0.054532670951 1.006900591007 1.416442377640 0
0.381605724406 0.750161761973 1.640702326324 0
-0.070354778876 1.059412953725 1.315163280472 0
0.435986589773 0.653940350217 1.608306273136 0
0.023741460375 0.404938034095 1.635582536894 0
0.216610363894 0.700284658209 1.661448989180 0
-0.100334393398 0.133773825009 1.868496816020 0
0.336916815318 0.091514708016 1.550690543803 0
-0.106685821794 0.054877638964 1.798173262888 0
0.406698001756 0.065295508833 1.475500846677 0
0.154171628156 1.200284666279 1.427786221861 0
0.102092614962 1.076246488282 1.527201880640 0
0.287910751604 1.075977889060 1.571424092405 0
0.200138220951 1.111775445617 1.527946286455 0
0.190977349527 0.929992861560 1.565335402272 0
0.112088216138 0.693796821213 1.596123360073 0
0.256221504088 0.689471206109 1.620856834851 0
0.188848223777 0.841938471336 1.607426328443 0
-0.042541779229 0.892190486589 1.503787964160 0
0.320624017575 0.878476475355 1.694983653109 0
-0.031764189936 1.009390913719 1.345378986508 0
0.420872954986 0.728965518335 1.614100249186 0
-0.048669513782 1.064126696158 1.245461285337 0
0.475502540013 0.630902008442 1.588322364715 0
0.057276702266 0.391866223283 1.592005562999 0
0.256221504088 0.689471206109 1.620856834851 0
-0.081675129235 0.146398694093 1.844219733569 0
0.339407355471 0.092410587240 1.544911841383 0
-0.099057569023 0.057340497851 1.789659313763 0
0.405397605469 0.057917046475 1.469640110362 0
0.192178324934 1.192189991115 1.399116700818 0
0.135919441921 1.074941273819 1.497087600675 0
0.320927725184 1.068891582105 1.544198028587 0
0.234766015387 1.108022539088 1.500371897415 0
0.220623251995 0.925551119109 1.532480129192 0
0.145871658432 0.685058415555 1.562487748702 0
0.290387269963 0.686894729296 1.585219365268 0
0.216526471358 0.836336792583 1.571898084630 0
-0.004322264679 0.894751583764 1.440449534364 0
0.352063599573 0.861029470120 1.649875987283 0
-0.003713448564 1.006466705713 1.277769290873 0
0.456476483906 0.707045204690 1.584055805450 0
-0.023323883475 1.056097964588 1.175703077827 0
0.509883823489 0.606604677871 1.566036385047 0
0.094157124788 0.383964695472 1.533306881534 0
0.290387269963 0.686894729296 1.585219365268 0
-0.051863341923 0.164683537119 1.804908987736 0
0.332078564585 0.088477617799 1.539462520817 0
-0.087063604729 0.070058808269 1.773011446628 0
0.398977385460 0.053315869643 1.465310311326 0
0.229964650267 1.190029727604 1.372807208136 0
0.163523164671 1.078619149664 1.469305626336 0
0.347992165640 1.067199602998 1.517522197135 0
0.263130593708 1.109180443629 1.473796639024 0
0.244265480977 0.926605249729 1.502730728047 0
0.169568901399 0.684499993743 1.528017967528 0
0.313695599436 0.688354636070 1.552867455681 0
0.237633253258 0.836755561518 1.540317986046 0
0.041089791175 0.894426274792 1.389137146694 0
0.377029071645 0.850746162683 1.604979029303 0
0.032679888340 0.977859236339 1.210493044599 0
0.481171042191 0.694041803365 1.545450091024 0
0.012451119666 1.007508847053 1.101053379198 0
0.531524115933 0.591686405882 1.529535210206 0
0.141633239070 0.384200969287 1.471242629987 0
0.313695599436 0.688354636070 1.552867455681 0
-0.005414076627 0.181890869878 1.755182091534 0
0.329932836112 0.088376835457 1.533785041245 0
-0.034529839837 0.082757515762 1.732047671837 0
0.397898597263 0.051458457987 1.461479857085 0
0.260913309961 1.192189466393 1.347364834042 0
0.187544205883 1.085963934234 1.439362860874 0
0.371073683474 1.068722938481 1.489400196779 0
0.287909618099 1.113654646906 1.445347028774 0
0.263634392786 0.931307057674 1.471554767152 0
0.186752468433 0.688018052446 1.493797142387 0
0.330647063376 0.692932327502 1.519778979559 0
0.253591272558 0.840769815180 1.506653176486 0
0.088079638306 0.892231883495 1.350376212771 0
0.397607941444 0.845331884086 1.558220987225 0
0.087284600675 0.919551832214 1.154931875252 0
0.491652071777 0.684884974677 1.492205901357 0
0.075482496728 0.913980202798 1.040498444172 0
0.534770916610 0.580086681140 1.471628589758 0
0.188503641099 0.393070575974 1.409025308685 0
0.330647063376 0.692932327502 1.519778979559 0
0.052323973441 0.184982415242 1.694206518935 0
0.325514528471 0.088955731559 1.533026502980 0
0.048943052263 0.083729356582 1.663437404157 0
0.394078326571 0.051970204972 1.461322755844 0
0.286777986879 1.195909998893 1.319920443431 0
0.206048387257 1.094294833116 1.408011483326 0
0.388357868821 1.072894874023 1.460825787702 0
0.306781907803 1.120039690335 1.416120858645 0
0.278769663452 0.937775386077 1.438964084626 0
0.200431446959 0.693750689148 1.462744569339 0
0.344909220072 0.699823784360 1.484974076913 0
0.266513871851 0.847039074301 1.472823679686 0
0.123188081459 0.890022328673 1.325847958092 0
0.411460516642 0.844850151182 1.513795621338 0
0.153768061096 0.851179151006 1.134794109281 0
0.487695368660 0.685408217314 1.425977526315 0
0.159848289720 0.807943795217 1.028215135322 0
0.522446904350 0.580532603996 1.393438636367 0
0.229588076791 0.409533274045 1.350701291267 0
0.344909220072 0.699823784360 1.484974076913 0
0.115656175700 0.171837886490 1.622168290824 0
0.321356759677 0.090847990133 1.532516236986 0
0.135087355663 0.079463385105 1.574212773108 0
0.390273239736 0.054275076096 1.460939064121 0
0.306376564768 1.201466094009 1.292448948260 0
0.221914559364 1.097605254247 1.371011873618 0
0.402716844733 1.075514045035 1.428514640027 0
0.322483647246 1.123009281519 1.381795924983 0
0.293307687707 0.940791716313 1.403528336929 0
0.213512327846 0.697036517113 1.429246864989 0
0.357746132194 0.703376778178 1.452938027663 0
0.279563888535 0.850430029030 1.437815773924 0
0.157424811445 0.880826800289 1.306265402360 0
0.421276390242 0.844570606947 1.469314185390 0
0.225097696202 0.800934844532 1.138983733235 0
0.478487281664 0.694479381564 1.354662370242 0
0.252652613584 0.734721863257 1.048862090444 0
0.506417407664 0.593407390121 1.307020965266 0
0.265276856366 0.424863251861 1.297241215332 0
0.357746132194 0.703376778178 1.452938027663 0
0.184060579104 0.146506999949 1.540337123420 0
0.320955652381 0.094007989930 1.533621473563 0
0.211478446594 0.070882486713 1.471492773758 0
0.390512184784 0.057107380217 1.462835989577 0
0.325117101645 1.204648896291 1.257828615660 0
0.234614363523 1.098986383763 1.331736676906 0
0.414546420760 1.077689713995 1.392192964414 0
0.335002571325 1.124572444360 1.343710107510 0
0.305568930702 0.942616485359 1.367214685721 0
0.226735184251 0.698113430623 1.393527075547 0
0.369711518703 0.707504643891 1.423097894206 0
0.289667798151 0.852815832188 1.402039268328 0
0.182337971698 0.872663585267 1.294466032079 0
0.426745898821 0.844266554473 1.418814995908 0
0.269559054670 0.774855966198 1.146913827459 0
0.469018738279 0.707771902322 1.282698436556 0
0.308382844683 0.698827924520 1.069597638544 0
0.490432728880 0.612562668145 1.221526665332 0
0.293495104791 0.438559678919 1.244000130624 0
0.369711518703 0.707504643891 1.423097894206 0
0.248921916668 0.116151405101 1.436976924759 0
0.318420146773 0.097285954703 1.527317651886 0
0.274614041459 0.062654714376 1.349293575454 0
0.390072657106 0.058785055225 1.459538972034 0
0.339225999233 1.206188923802 1.219487959123 0
0.245607572871 1.099580767456 1.290559423199 0
0.425181972942 1.080721527569 1.352860466320 0
0.345668414062 1.126200503951 1.303010105594 0
0.317570236180 0.944365154031 1.328955689666 0
0.239739694174 0.699647959208 1.354471562417 0
0.380428867335 0.711071345618 1.392954327574 0
0.300391289356 0.855156512843 1.364683228113 0
0.200556423564 0.868733099379 1.285693283384 0
0.431547612083 0.845882132760 1.365264840999 0
0.284982757354 0.760621542243 1.143814510738 0
0.467001253953 0.722569637759 1.215322956903 0
0.323678902666 0.679027787292 1.072327376569 0
0.484201131582 0.633433736387 1.144440673102 0
0.319974537674 0.447962893787 1.198265474173 0
0.380428867335 0.711071345618 1.392954327574 0
0.306560119653 0.092764994563 1.327989847272 0
0.318482546772 0.099883931709 1.521937732945 0
0.334804627566 0.061450151566 1.230871469396 0
0.392507163037 0.058423573743 1.458599388757 0
0.350044488636 1.206777342671 1.178382548686 0
0.255120505837 1.102063856678 1.249778728242 0
0.434451349378 1.083945545272 1.312994481112 0
0.355049935523 1.129005271068 1.262587751482 0
0.327320157599 0.947201660607 1.289144898412 0
0.250998132420 0.701794935693 1.312608016645 0
0.389773018354 0.714698008266 1.357104108249 0
0.309804601249 0.857894630100 1.324460822127 0
0.213824503051 0.871579988526 1.272489032141 0
0.437248342086 0.848709913515 1.312441660198 0
0.283403279482 0.751978311741 1.131777506204 0
0.477604726086 0.738342857458 1.153898366556 0
0.314790187264 0.664696265437 1.063498305319 0
0.495714224570 0.655491105872 1.075969064079 0
0.345331090679 0.457825124688 1.152098301747 0
0.389773018354 0.714698008266 1.357104108249 0
0.353299466513 0.087809547960 1.230831300958 0
0.321046933166 0.105381173302 1.518890859434 0
0.379635203620 0.061459061792 1.131723118803 0
0.395226902667 0.059216173859 1.459087214967 0
0.359592544230 1.208372905559 1.136974362478 0
0.262072490369 1.098838763460 1.211741974366 0
0.442410018483 1.078887319726 1.271444335380 0
0.362415184260 1.124956228033 1.222923370961 0
0.333866033050 0.943124000794 1.248394187902 0
0.261909386541 0.696035593037 1.268521487484 0
0.400472871155 0.711482481549 1.312865763133 0
0.317098534879 0.853262561969 1.282650978433 0
0.222507178383 0.870682646883 1.253254668609 0
0.443042435801 0.843739224208 1.264451163742 0
0.274783947941 0.740887662726 1.114093243625 0
0.500928775460 0.750913984842 1.100200905390 0
0.296820183265 0.648776773466 1.048554466758 0
0.527335144417 0.676833635579 1.016057287734 0
0.360411832093 0.457883840682 1.101895092989 0
0.400472871155 0.711482481549 1.312865763133 0
0.381674986112 0.088672795600 1.181926272354 0
0.326065164832 0.119139161801 1.511251670393 0
0.403045455749 0.051005066470 1.085309523548 0
0.397621631159 0.064189608827 1.455838948974 0
0.367209055174 1.203746014147 1.096902004850 0
0.265622194186 1.090602643384 1.178021823632 0
0.447613241383 1.068774332791 1.231751142080 0
0.366218571177 1.116483269341 1.187315043710 0
0.338584786551 0.933759182107 1.206681439997 0
0.271000645885 0.684904958249 1.221840171005 0
0.410603657039 0.701551609491 1.262321632133 0
0.324023712912 0.842628079399 1.238506777917 0
0.224850538342 0.864849782516 1.230149063315 0
0.448327426315 0.833529380972 1.229952862173 0
0.265144936699 0.719487848077 1.102902176404 0
0.536936553156 0.764514891652 1.067684801065 0
0.280930052177 0.620333306103 1.046470360945 0
0.580446545376 0.702655527465 0.980819143294 0
0.367829154160 0.446708047041 1.054299681127 0
0.410603657039 0.701551609491 1.262321632133 0
0.394630997542 0.089817421248 1.177119262676 0
0.343080139502 0.145321743022 1.484613177402 0
0.411923604194 0.047515125928 1.081610977663 0
0.405907884644 0.070881561596 1.443119987963 0
0.369998385590 1.196369561486 1.062870515426 0
0.264013906875 1.081701956722 1.142903837671 0
0.448838658842 1.063842670451 1.187680092741 0
0.364222321428 1.110127136885 1.148011145029 0
0.342331763706 0.926399249029 1.165088677637 0
0.273059809179 0.678958157960 1.177237217315 0
0.415290689878 0.689632580357 1.209814720259 0
0.332445343545 0.834204075792 1.195618394445 0
0.220676193166 0.858338805584 1.202692436179 0
0.455716885686 0.829065164246 1.200952010577 0
0.251498340243 0.703479982772 1.084310676612 0
0.573653164559 0.791748916095 1.047185848822 0
0.261371275396 0.600303853777 1.034085638857 0
0.637666907914 0.746839409533 0.962623920374 0
0.368304258089 0.432901089675 1.020496162160 0
0.415290689878 0.689632580357 1.209814720259 0
0.401449956510 0.088647425992 1.174004093281 0
0.379982023231 0.172165411442 1.421521764083 0
0.417655731963 0.045925415313 1.078492033384 0
0.428728718874 0.078276598682 1.417162699661 0
0.362984407777 1.193713718252 1.025573379561 0
0.264242429250 1.077427780951 1.109241709038 0
0.451281506500 1.063460583075 1.145371434046 0
0.363936938752 1.108028646364 1.109869095775 0
0.346864136103 0.923798578990 1.127032344255 0
0.274540461685 0.679127972411 1.140574316939 0
0.419220126972 0.682871059527 1.161990296196 0
0.342075662297 0.831175849878 1.157493064053 0
0.218133788090 0.856076962440 1.174216624059 0
0.470641340049 0.830690225719 1.173426537119 0
0.233179636309 0.696342859962 1.059307356774 0
0.611055847109 0.825874314076 1.034840556756 0
0.234674020124 0.591299674944 1.012094657646 0
0.692324418586 0.799237449356 0.957696279013 0
0.364219789014 0.423492667170 0.996381552777 0
0.419220126972 0.682871059527 1.161990296196 0
0.408292123442 0.090455817367 1.170502181112 0
0.410128485583 0.196156995350 1.344527352695 0
0.424044221439 0.046991636900 1.075249425953 0
0.460258117306 0.103003728985 1.340073149175 0
0.357584490487 1.196685020159 0.988388353970 0
0.267458423472 1.080308674601 1.073356272674 0
0.455634773946 1.067446729725 1.103494082153 0
0.366957170728 1.111430672298 1.070668828366 0
0.351426506102 0.927177269233 1.089006149026 0
0.277768068487 0.683613970034 1.105941384909 0
0.423617387813 0.684909689495 1.117393789866 0
0.348754654851 0.834433979667 1.119359045614 0
0.219479995046 0.859751351681 1.139662146769 0
0.490070517104 0.838959691079 1.147673081590 0
0.208844321261 0.700437767527 1.023681264299 0
0.641759061052 0.857901597999 1.022864065295 0
0.197752900697 0.595872085734 0.976688270762 0
0.734433016304 0.845591247233 0.955593446578 0
0.360876776349 0.417768054255 0.977091720518 0
0.423617387813 0.684909689495 1.117393789866 0
0.406644744952 0.094300383325 1.168004962890 0
0.433440120845 0.200313094062 1.255406871556 0
0.422483317699 0.047673941471 1.074274148994 0
0.486109267517 0.109804018204 1.239772962369 0
0.356942738032 1.201804035688 0.948964680959 0
0.269700022108 1.087897121954 1.035933390413 0
0.458381918703 1.076642775836 1.063438620000 0
0.368898072850 1.119800483598 1.031723396605 0
0.355105952185 0.935496637992 1.050923535042 0
0.280196042211 0.693061739343 1.071866660421 0
0.426459335448 0.691826166349 1.075088899837 0
0.354430361491 0.842632357175 1.081015457638 0
0.222082977855 0.868104692388 1.104982910538 0
0.507597070400 0.853044485256 1.117527477638 0
0.188297970019 0.713497537202 0.987081674064 0
0.658901510880 0.886015422530 0.995194389974 0
0.165932552233 0.611194544783 0.939131400968 0
0.754159770903 0.882628174222 0.930543533004 0
0.358976353679 0.419461903284 0.957323496042 0
0.426459335448 0.691826166349 1.075088899837 0
0.409045403769 0.103377130699 1.159208151138 0
0.459981445039 0.181785978534 1.156810556740 0
0.426700168497 0.050090222315 1.069435295455 0
0.508792759019 0.101865728047 1.107408531176 0
0.356055734208 1.208536188034 0.909308716607 0
0.275433701629 1.097864708202 0.994044059968 0
0.464057132718 1.085729166494 1.021575604346 0
0.374865432846 1.128923617681 0.989096659418 0
0.359700932190 0.945149613793 1.011986151074 0
0.282729015621 0.704011316056 1.036739014144 0
0.428997761106 0.700855477700 1.036143032041 0
0.359131224944 0.852630681537 1.043125796028 0
0.224248838935 0.880529501776 1.068134876576 0
0.518463608421 0.865213044874 1.082865952155 0
0.180929473144 0.730309496472 0.947706959110 0
0.659916456034 0.908393842849 0.952206044993 0
0.152230872073 0.630304587463 0.898302998426 0
0.750882572377 0.911397336792 0.881626390969 0
0.354869299829 0.420789868447 0.943118849218 0
0.428997761106 0.700855477700 1.036143032041 0
0.402655409746 0.109943229279 1.153510773533 0
0.472962493021 0.146507307339 1.043295889032 0
0.422662682076 0.051883296784 1.067260531605 0
0.512317763689 0.090116811844 0.962787345207 0
0.361085176432 1.216669091132 0.866078913171 0
0.280596890998 1.108834243141 0.953848846114 0
0.468129873958 1.094170804208 0.987021424016 0
0.380517356379 1.138642130995 0.952062166870 0
0.362345128424 0.954978597095 0.973608671457 0
0.283431461005 0.714499275041 1.001411723537 0
0.429663997151 0.710141313211 1.000028265165 0
0.361066479704 0.862571281104 1.005057167269 0
0.224580821360 0.894312797787 1.032504301442 0
0.523646340567 0.873357566704 1.046210673933 0
0.181019973445 0.745643699606 0.910252706253 0
0.653112193712 0.927979529542 0.907644679561 0
0.150798492737 0.646614040484 0.859803409146 0
0.736986901764 0.937349019326 0.829270009730 0
0.353379691778 0.423155784948 0.935007205130 0
0.429663997151 0.710141313211 1.000028265165 0
0.396186783911 0.114708475384 1.149953052463 0
0.472235303796 0.114494408459 0.919145637131 0
0.418242756421 0.053468864903 1.066444998211 0
0.501978749801 0.082688193432 0.822636347186 0
0.367736006559 1.224369377658 0.827247730464 0
0.283799096036 1.114872680009 0.910849612257 0
0.470652969008 1.098111012820 0.946748536089 0
0.384180579610 1.143122405501 0.909703938594 0
0.362917612602 0.960270903451 0.935001959176 0
0.283555232698 0.720038052387 0.967913037722 0
0.429803986372 0.716228828099 0.966627629151 0
0.360602367519 0.868461462813 0.968099106032 0
0.224052109590 0.901161332334 0.988962919145 0
0.530047510657 0.876209018020 0.997500130677 0
0.188331416070 0.751174283235 0.865782490877 0
0.642744496838 0.935801448519 0.846856072433 0
0.161551379183 0.651544942947 0.814575391381 0
0.715175752402 0.946992088820 0.758008868494 0
0.352604314963 0.423523144236 0.929254561873 0
0.429803986372 0.716228828099 0.966627629151 0
0.395878415736 0.117791371576 1.147953767607 0
0.468310795688 0.101748925154 0.801403366824 0
0.419593273767 0.054694837530 1.066303391980 0
0.486713826811 0.083782895391 0.698695523110 0
0.373115256883 1.227205744631 0.784390317637 0
0.289257745060 1.111191635702 0.869767097446 0
0.475509532231 1.090218230242 0.906569870478 0
0.390354482444 1.136751471722 0.868372007498 0
0.364193620355 0.955065507764 0.897226733437 0
0.280368545921 0.716870587004 0.934020578755 0
0.426551820532 0.710930260504 0.934172766524 0
0.359567398823 0.864149107321 0.932476713364 0
0.224482032969 0.896878242329 0.942001492100 0
0.539380543895 0.866961703465 0.944265339009 0
0.198328781659 0.744540202633 0.819304182192 0
0.631610254701 0.917775439076 0.777360739105 0
0.176252456989 0.643793312852 0.768039740821 0
0.688955008793 0.922172049900 0.677573005130 0
0.346182569274 0.417554374044 0.917844569919 0
0.426551820532 0.710930260504 0.934172766524 0
0.389957670923 0.118224383590 1.145131183010 0
0.447132867663 0.098602158399 0.725476086116 0
0.412889483115 0.053139483018 1.064829012133 0
0.464493533352 0.087714550349 0.621599148261 0
0.381808570501 1.219618922938 0.741976985519 0
0.291610959604 1.096902738885 0.825517106866 0
0.477461209010 1.073147030405 0.862657478087 0
0.393217692271 1.120279600364 0.823194171844 0
0.363318813823 0.940141024959 0.857587865045 0
0.274469105347 0.704352099815 0.897213755450 0
0.420506145472 0.696514591036 0.901290124405 0
0.355646248181 0.850548667631 0.895589129824 0
0.225803952329 0.880505807433 0.890214379441 0
0.548232563120 0.849844815379 0.884370778830 0
0.213611941270 0.726219177850 0.767770549260 0
0.623537888237 0.864975065000 0.702586059157 0
0.198724572685 0.624340474403 0.716152346064 0
0.666817724020 0.846712001477 0.597425899467 0
0.346986613434 0.406154721554 0.895517025775 0
0.420506145472 0.696514591036 0.901290124405 0
0.392049319024 0.123257083634 1.142725816525 0
0.419204363845 0.091283567265 0.707219023253 0
0.415104463140 0.054024591620 1.066007674476 0
0.449214992299 0.065816374123 0.608927949429 0
0.386813360621 1.201260532338 0.696011327249 0
0.294886209753 1.089415310457 0.782051932681 0
0.479933053943 1.058443283882 0.817863314800 0
0.397330984547 1.108643749609 0.778714711053 0
0.360472295063 0.930129526138 0.814782486721 0
0.267405564368 0.695511762431 0.857396964814 0
0.413405164287 0.687763147679 0.862776203510 0
0.348579965156 0.841687314278 0.854359026877 0
0.228467484187 0.872305255702 0.843661252155 0
0.553128945100 0.834869016431 0.818779654505 0
0.226115973923 0.719175160262 0.719197823706 0
0.620317062192 0.795226783664 0.637507066798 0
0.216720935869 0.617530227905 0.665855684202 0
0.654886406092 0.745420586059 0.539580328861 0
0.342437002921 0.397970378667 0.862166917538 0
0.413405164287 0.687763147679 0.862776203510 0
0.386677525627 0.133580079192 1.129214577880 0
0.398379080329 0.087363242351 0.698445739612 0
0.413711793961 0.056116137790 1.062290463704 0
0.429338928350 0.056265523765 0.602088224859 0
0.394916061332 1.187127767110 0.649752640747 0
0.304016762485 1.083323469512 0.735450741337 0
0.486849631444 1.039694767485 0.769402684605 0
0.407518082047 1.095119976995 0.730539421436 0
0.358502238689 0.920230941119 0.769757371968 0
0.260596732744 0.687250800970 0.815537971705 0
0.406627572450 0.680941348520 0.821866089947 0
0.340380826646 0.834182115201 0.812148041504 0
0.230778990605 0.869223094149 0.799802814085 0
0.553074235931 0.814781348703 0.750110534919 0
0.236843965138 0.718339574971 0.672748178297 0
0.631711171066 0.723227284593 0.593970897003 0
0.230828257316 0.617718511958 0.617029637413 0
0.668660678688 0.647306494900 0.515637567956 0
0.326611826637 0.387771505465 0.803811795247 0
0.406627572450 0.680941348520 0.821866089947 0
0.364001293382 0.143575991118 1.090420388540 0
0.388765917392 0.080735919646 0.696460573262 0
0.394711294265 0.050505823796 1.050355556821 0
0.415209794373 0.052083970674 0.598022074033 0
0.410195648720 1.170759676316 0.600343603306 0
0.312244160651 1.077269880016 0.687940660080 0
0.492248012085 1.021390010635 0.718926297569 0
0.416160311070 1.081202421253 0.680081232334 0
0.355565044490 0.911832380280 0.726651376225 0
0.253702362123 0.681476838875 0.775424585744 0
0.399649465916 0.676915763956 0.784562414050 0
0.331798658909 0.829332962234 0.773113832236 0
0.228508774162 0.869808647486 0.760687847475 0
0.548946257475 0.793444293477 0.705888267559 0
0.238196931425 0.720536788430 0.631965073833 0
0.660342567674 0.668069295953 0.601881186929 0
0.232979790126 0.620826687018 0.574554099502 0
0.711205008212 0.577408167095 0.552293741771 0
0.306895144062 0.383936235684 0.722288330001 0
0.399649465916 0.676915763956 0.784562414050 0
0.332402406875 0.149616572040 1.018291002241 0
0.384476375445 0.081984012926 0.690785154788 0
0.364916007007 0.048871123892 1.020180823426 0
0.412954700266 0.049399667572 0.594153915567 0
0.423656031520 1.154134194821 0.547983273464 0
0.313590857163 1.072127984015 0.642100401335 0
0.491964113047 1.009683685967 0.669808654451 0
0.417299010965 1.071381356939 0.631152196638 0
0.351139983463 0.906345343249 0.685123232193 0
0.246355461617 0.679232155382 0.734563189667 0
0.392255646944 0.673073759781 0.743511401842 0
0.325890433906 0.826336788661 0.735031611448 0
0.221685522967 0.871838122204 0.724449123422 0
0.541903911523 0.780048218170 0.680648381616 0
0.220774589898 0.722751516988 0.595151578599 0
0.669823636099 0.648669128238 0.607699224360 0
0.208801319638 0.623703561242 0.537606065110 0
0.728820997289 0.555468131167 0.574559695423 0
0.283641036047 0.390397078817 0.637777711636 0
0.392255646944 0.673073759781 0.743511401842 0
0.304340392623 0.165415014740 0.941304505644 0
0.384193159641 0.084699477285 0.682019153788 0
0.337342098965 0.066292383072 0.924101534684 0
0.414543650542 0.049548721618 0.586868625579 0
0.427567969034 1.141571848116 0.496442833594 0
0.312784255311 1.067542197384 0.591674454328 0
0.489517874828 1.001254480782 0.620918640491 0
0.416369077936 1.063498156609 0.580288846794 0
0.345981907440 0.902525693863 0.640789159853 0
0.239256365060 0.677950027236 0.695656185226 0
0.385255979071 0.671378951345 0.702423318021 0
0.319272170401 0.824777618229 0.693434972246 0
0.213536314946 0.878140048262 0.689759129320 0
0.532417241143 0.773687325743 0.662352510022 0
0.188894953899 0.725087718654 0.567639153563 0
0.668646296586 0.650294846097 0.590509339359 0
0.163097998473 0.625574198589 0.515707282083 0
0.736360192179 0.561730996464 0.561585028776 0
0.245618338134 0.402463820075 0.560562812943 0
0.385255979071 0.671378951345 0.702423318021 0
0.276910749780 0.169117076117 0.856778932116 0
0.375202804315 0.084353167517 0.680006687202 0
0.283076400842 0.073561398362 0.811596544664 0
0.407768736040 0.046533867097 0.586628362379 0
0.427022623390 1.129776836626 0.443561266161 0
0.305787832035 1.065553519494 0.543999256232 0
0.482217086421 0.999953914854 0.576456399233 0
0.409493980992 1.061360744333 0.533837705763 0
0.338514503993 0.901528646333 0.596626157784 0
0.231763659703 0.677836835729 0.656369100772 0
0.377920089142 0.671468287027 0.657981594855 0
0.311455481996 0.824739594015 0.650487142298 0
0.202051813591 0.886898235437 0.656538401347 0
0.512789702718 0.777141963326 0.645478718932 0
0.153710386578 0.727964138799 0.550008780530 0
0.660029256384 0.677555087917 0.559755508344 0
0.114755650582 0.627642475391 0.508979093043 0
0.739410150266 0.601586064454 0.525219671573 0
0.211681814407 0.421249473325 0.489207534566 0
0.377920089142 0.671468287027 0.657981594855 0
0.246950504606 0.153469314569 0.754205295440 0
0.370135220752 0.085106062375 0.675465801565 0
0.232654482363 0.070254852997 0.690320022696 0
0.405254961087 0.047215895746 0.583046701527 0
0.417395858819 1.125686111408 0.396808845814 0
0.292492058850 1.064724487882 0.494624288802 0
0.470139221479 1.003013539208 0.528050333852 0
0.396214010415 1.062017361683 0.484125239594 0
0.328214700389 0.902744993503 0.551468999394 0
0.223226883499 0.679554479251 0.615641547828 0
0.369365700930 0.673084476991 0.613102743625 0
0.302805854002 0.826363793843 0.606696327265 0
0.189069535069 0.895943612623 0.621749144549 0
0.483539255039 0.790874430136 0.628853948519 0
0.123462975288 0.731132908782 0.535269598041 0
0.642356044935 0.722098612614 0.534024549476 0
0.076241811963 0.629846335062 0.507403228005 0
0.732739010760 0.662806332264 0.494266684341 0
0.184353000778 0.437682712455 0.430789677561 0
0.369365700930 0.673084476991 0.613102743625 0
0.211680159189 0.126518082943 0.644339922127 0
0.368731301693 0.086545259129 0.674308707237 0
0.187928408109 0.061821805556 0.563962083433 0
0.405831359029 0.048428679210 0.582760561318 0
0.400138237099 1.125123219183 0.346471233410 0
0.276187546637 1.067122407353 0.447303658632 0
0.455529688650 1.011123870525 0.481721910116 0
0.379934719944 1.067112307624 0.436705275185 0
0.316500383729 0.907414366847 0.507411909343 0
0.214784671319 0.683696800264 0.572895770855 0
0.360957750340 0.678699602268 0.569246195843 0
0.292821799616 0.831321940338 0.563794727314 0
0.178478962405 0.906669614414 0.588908266723 0
0.451817283364 0.811190306494 0.605644140761 0
0.101338095739 0.738225888312 0.520926662018 0
0.617792559973 0.773736906432 0.505669388300 0
0.049473851238 0.636655701659 0.504835043506 0
0.716084965085 0.732075021684 0.462446323656 0
0.164419445392 0.450794453357 0.379496740107 0
0.360957750340 0.678699602268 0.569246195843 0
0.170586961728 0.101317168394 0.524415669986 0
0.368784283229 0.087771591524 0.673747515269 0
0.142927224025 0.058490815693 0.431619154077 0
0.408068733807 0.050846328032 0.582623381259 0
0.379064243507 1.129786192718 0.298540209007 0
0.257156417951 1.066399609954 0.399000480056 0
0.437714821518 1.016413993203 0.436204741681 0
0.360949375709 1.069101173139 0.389226776602 0
0.301473598598 0.909424077309 0.463339072597 0
0.203249136906 0.685146544332 0.530037675874 0
0.349513890959 0.682121043110 0.528511740003 0
0.279399659823 0.833753078622 0.520927231664 0
0.167249248711 0.915761093626 0.555744441806 0
0.429254354244 0.825519735899 0.573433507796 0
0.085504178342 0.744057022182 0.503009670818 0
0.580060099636 0.805366007060 0.447747569356 0
0.032221595635 0.642164370321 0.496361608139 0
0.671898031722 0.772777016031 0.386354615732 0
0.154230024434 0.455533448702 0.332405954735 0
0.349513890959 0.682121043110 0.528511740003 0
0.125730606219 0.084429414713 0.400549085856 0
0.364353601180 0.087852153449 0.671845094910 0
0.095285358879 0.060070344578 0.302110914617 0
0.408019519261 0.050942717277 0.582730943060 0
0.355303784135 1.130579037167 0.250430910142 0
0.233619727640 1.061056267230 0.349358846587 0
0.415564950378 1.018565801749 0.389039475743 0
0.337306943755 1.066756394160 0.339753037390 0
0.282780759863 0.908362707934 0.420158950402 0
0.190366730379 0.682389246657 0.484337342504 0
0.336452869610 0.684870327817 0.491923156702 0
0.261317759254 0.833738535987 0.479322515593 0
0.150916662543 0.915840019207 0.514937756961 0
0.408144081886 0.825131726098 0.522726125469 0
0.070992253824 0.740326403170 0.473074166241 0
0.538729338365 0.817807052372 0.374944730509 0
0.019685264377 0.637210359474 0.472942914697 0
0.617514763326 0.790327866661 0.295552703032 0
0.161258954791 0.447303020485 0.289220587875 0
0.336452869610 0.684870327817 0.491923156702 0
0.089404601334 0.075810547582 0.287170791265 0
0.365664963389 0.088278461227 0.668824594365 0
0.067070176967 0.074874391985 0.183678530486 0
0.413071247095 0.051157683478 0.581732441649 0
0.327945043711 1.125119880327 0.199995757520 0
0.211990892474 1.052283990773 0.301314754985 0
0.394572620501 1.011104239339 0.339422454029 0
0.315509384403 1.057716493423 0.289903727572 0
0.262384133079 0.901877626927 0.376035781851 0
0.170210168108 0.676849425721 0.438796456154 0
0.315641553604 0.680655140580 0.454291263768 0
0.240041174095 0.828787972213 0.436768387902 0
0.132509387915 0.905826734199 0.467377675762 0
0.390829143871 0.808006634623 0.458087025696 0
0.054441279491 0.727847156283 0.433111934222 0
0.491326224634 0.793295641410 0.288884708371 0
0.005109437194 0.623861682022 0.437440136957 0
0.547301405714 0.759249157698 0.194159004835 0
0.156773598730 0.437095678097 0.247691920950 0
0.315641553604 0.680655140580 0.454291263768 0
0.064507805850 0.072884377390 0.202847087335 0
0.359698985117 0.089418161967 0.669288461006 0
0.055333891922 0.082387890650 0.097795321623 0
0.408780349592 0.051038737362 0.583682442710 0
0.302204660050 1.111615341083 0.149415649887 0
0.189445832055 1.042183729878 0.255029562125 0
0.371472787463 0.996100893638 0.290052636995 0
0.292863413945 1.044813450889 0.241850407126 0
0.237027121554 0.890498905724 0.329006043869 0
0.142738934142 0.667062379866 0.392114845466 0
0.287838180963 0.670793514907 0.410476425446 0
0.212760791216 0.818920845177 0.390791813592 0
0.110070034080 0.889029033358 0.414989097186 0
0.382739176773 0.778349607420 0.378378041322 0
0.037719828863 0.709023181203 0.378811179248 0
0.450729648322 0.723334477546 0.201470913103 0
-0.008226032215 0.603453948220 0.381886525996 0
0.481579534659 0.665656651659 0.106671673788 0
0.134658632999 0.438357233208 0.187634995854 0
0.287838180963 0.670793514907 0.410476425446 0
0.060194358136 0.068847029411 0.154601857052 0
0.351296098056 0.095823210978 0.665396429017 0
0.056905257279 0.052662963577 0.050018833722 0
0.403620789578 0.054342198819 0.583227072030 0
0.277494479552 1.096144167891 0.100674179902 0
0.163984214600 1.032226043778 0.208623417056 0
0.345144315585 0.977931699184 0.235403970078 0
0.266707774805 1.030176359244 0.190749671643 0
0.207969604717 0.878507681806 0.280600743270 0
0.110013948171 0.658416026536 0.342975758001 0
0.254974387817 0.659640593551 0.362719916359 0
0.182379673697 0.809170941897 0.344376340556 0
0.082704044560 0.871964674684 0.360458059880 0
0.370624438928 0.748196952290 0.279183424292 0
0.023200412833 0.690507758130 0.310676476966 0
0.429401687518 0.636341657546 0.127594741215 0
-0.017061088773 0.582727166441 0.305413549648 0
0.450002375506 0.549202395892 0.055153705928 0
0.110919668547 0.446332274148 0.121158252118 0
0.254974387817 0.659640593551 0.362719916359 0
0.056182189139 0.072514613803 0.142088430376 0
0.343832687753 0.114753165123 0.649747907561 0
0.053461248604 0.037924332302 0.042056136348 0
0.397461061531 0.061046031712 0.575924521788 0
0.251176880973 1.080652565067 0.048710591937 0
0.140676184703 1.026386576324 0.165088702602 0
0.319731615238 0.961318267457 0.178848209909 0
0.241597626863 1.018452892186 0.140034342274 0
0.180405133394 0.869753766480 0.233151602601 0
0.076325112196 0.654087485869 0.296933443783 0
0.221396383314 0.649771734230 0.315387738670 0
0.154310254432 0.802012844565 0.298420122349 0
0.055600673057 0.861366264954 0.309568408376 0
0.348629385817 0.727903044465 0.183965216683 0
0.005719685649 0.684051365877 0.238738934201 0
0.434301542772 0.588064542624 0.074188280687 0
-0.030948671936 0.576412530996 0.220445338653 0
0.466125626574 0.489794210568 0.023242109206 0
0.083972800868 0.445134912894 0.072292220101 0
0.221396383314 0.649771734230 0.315387738670 0
0.049438443626 0.074119337465 0.138085290853 0
0.332148288641 0.147546082470 0.603040210561 0
0.049126543004 0.036641668226 0.039061667577 0
0.389753721326 0.070490719998 0.558831204921 0
0.223615437749 1.066912271045 -0.002600577861 0
0.114511037878 1.024625818474 0.123047094032 0
0.293725714929 0.958677213305 0.127162561138 0
0.213924332391 1.016274737314 0.092665222456 0
0.157027386669 0.867642822101 0.188571774688 0
0.052707376322 0.655205705344 0.259793113414 0
0.198532154202 0.644919124826 0.265639551094 0
0.136466958604 0.799891651892 0.255778936607 0
0.031607324473 0.860453730710 0.269738713186 0
0.329088277679 0.726332629060 0.137622702369 0
-0.020070094124 0.693589531072 0.177916689481 0
0.429721203222 0.585794453902 0.042399089901 0
-0.058072473256 0.589435921427 0.146720733989 0
0.473094024021 0.488166577645 -0.000646688685 0
0.056500770114 0.442536761520 0.038567267798 0
0.198532154202 0.644919124826 0.265639551094 0
0.055590262472 0.075823700288 0.131812154507 0
0.319588218349 0.182375093134 0.522585295344 0
0.057382386770 0.037852878161 0.032992339197 0
0.370091539404 0.092358017661 0.498990981921 0
0.193198784423 1.065397494945 -0.050045803674 0
0.090359345452 1.025748361155 0.080973085012 0
0.271400813396 0.964951728137 0.077536173249 0
0.188501742142 1.019915160887 0.046190250889 0
0.140284618639 0.870698158116 0.145870592475 0
0.039332811262 0.658746149939 0.222964533636 0
0.184962325019 0.645761871788 0.217643475492 0
0.125241549674 0.801909009123 0.213483564137 0
0.009265465599 0.862609836396 0.229813723337 0
0.299989193593 0.736418644417 0.125486829036 0
-0.056597273014 0.703713173840 0.133069467475 0
0.406378476591 0.617543291361 0.009316817199 0
-0.101609690630 0.603318287051 0.099009346694 0
0.460091510106 0.530676358833 -0.043922162171 0
0.039661445053 0.437108757952 0.010690883022 0
0.184962325019 0.645761871788 0.217643475492 0
0.058143389883 0.077076635463 0.125622148093 0
0.288001420823 0.200061651742 0.432871987425 0
0.060591993836 0.038224022989 0.027159821374 0
0.325522898622 0.105208286035 0.404493674261 0
0.163412357191 1.069512968637 -0.096055337065 0
0.071918551609 1.034204174053 0.039133575310 0
0.254605543964 0.978661593804 0.034179721500 0
0.169972370656 1.031441024480 0.003727144003 0
0.126670339631 0.880195986089 0.102604077030 0
0.028415855700 0.668050300929 0.183282258066 0
0.173675306483 0.653630851870 0.173452107348 0
0.115301946410 0.810299290331 0.169797576995 0
-0.004457220202 0.875054275181 0.194639145617 0
0.272728847472 0.762573338787 0.125401117791 0
-0.085845634508 0.721832645355 0.100593630458 0
0.390015557727 0.678929831188 -0.009480652605 0
-0.139153918079 0.624881512001 0.068592888206 0
0.456246411407 0.610500011064 -0.074258554696 0
0.035890333259 0.431776163023 -0.012426730523 0
0.173675306483 0.653630851870 0.173452107348 0
0.059561831631 0.079881580200 0.124627163783 0
0.247988638712 0.196971205596 0.337747872022 0
0.063565811632 0.038219651471 0.027371815452 0
0.282223532361 0.105150683906 0.297656541366 0
0.140982842973 1.082593792842 -0.137748267556 0
0.054397104684 1.046385252361 -0.003482872463 0
0.239389707651 0.998873049492 -0.005576551060 0
0.153013935543 1.047906986132 -0.037368072781 0
0.114832703732 0.894913763315 0.060927617474 0
0.020786980800 0.681905142125 0.143263378704 0
0.166014116527 0.667844609809 0.132481871607 0
0.107125654449 0.824295334394 0.127885766852 0
-0.013310601510 0.894496166331 0.162918159066 0
0.250877934843 0.795351840114 0.111858832009 0
-0.099740019596 0.739998853876 0.075705563158 0
0.380084995604 0.745633834452 -0.028779555759 0
-0.155550454903 0.643047194191 0.048302755716 0
0.456628079964 0.695672715889 -0.098853700272 0
0.034667945661 0.432747804406 -0.035373919046 0
0.166014116527 0.667844609809 0.132481871607 0
0.061484376716 0.088624282409 0.119654426214 0
0.210599751620 0.172899669092 0.232258486139 0
0.067584589914 0.040228468968 0.025681113084 0
0.243713515015 0.094100708556 0.169772060153 0
0.121151146458 1.101275699778 -0.177853265061 0
0.041123483624 1.060398054605 -0.046274887682 0
0.227384286564 1.018078478015 -0.046425849353 0
0.139870889983 1.064078985260 -0.079609588670 0
0.105371834322 0.911878808863 0.021245242036 0
0.015622644703 0.697984222838 0.105367154846 0
0.160797370200 0.686086950482 0.091669914129 0
0.099558790285 0.841674742405 0.088827432381 0
-0.020049738409 0.916470257242 0.129470829988 0
0.243493990849 0.822765279433 0.083717007210 0
-0.107725470728 0.758507530504 0.050058968942 0
0.380518558731 0.795635441989 -0.055687944166 0
-0.164047038732 0.660549461734 0.027755592492 0
0.464846366990 0.759110003426 -0.125114566961 0
0.014642996696 0.447185854887 -0.071501619095 0
0.160797370200 0.686086950482 0.091669914129 0
0.045974623415 0.112613612627 0.102434148005 0
0.181909177897 0.138908517514 0.126533182794 0
0.056206614072 0.045293897525 0.021355709034 0
0.206606327170 0.073844995696 0.046738822801 0
0.106389970398 1.117849556071 -0.220038507776 0
0.026039624992 1.070387079085 -0.079892415217 0
0.213023771468 1.031762424605 -0.085288811868 0
0.123697910686 1.075919675051 -0.116059408735 0
0.095136646457 0.923376443815 -0.013875299387 0
0.018457696753 0.703708974386 0.070610726914 0
0.163201198583 0.700785704995 0.049500691621 0
0.092858856795 0.852457378552 0.053169855072 0
-0.027455237311 0.926624047128 0.098473561294 0
0.246679795711 0.839308433786 0.045755702238 0
-0.114263834740 0.767487159288 0.020465746992 0
0.382771863644 0.825893051575 -0.096527386417 0
-0.169328585293 0.668626575181 -0.000977224286 0
0.468971896875 0.797947892245 -0.167618632022 0
-0.007519933788 0.468419274183 -0.124702518827 0
0.163201198583 0.700785704995 0.049500691621 0
0.022236472295 0.135063761987 0.051826702508 0
0.182269782699 0.123638623012 0.069558435071 0
0.018172919622 0.055563951181 -0.017984604324 0
0.203485652583 0.059130517177 -0.011675437709 0
0.088147133871 1.129426253837 -0.257366432793 0
0.007063586298 1.069726957726 -0.103305767275 0
0.194580253442 1.037749319431 -0.120596986331 0
0.102191077851 1.079579314753 -0.144892943361 0
0.084737386507 0.923518483728 -0.045559358449 0
0.019400173036 0.699752224555 0.036498526052 0
0.163269452882 0.701861609492 0.010002465440 0
0.088499080953 0.851122511243 0.019819749092 0
-0.032925044218 0.922354750186 0.075653091409 0
0.243117787014 0.843064695419 0.002227832966 0
-0.122794617762 0.766751628546 -0.005935075859 0
0.371227964385 0.838115932745 -0.147801474016 0
-0.178205804623 0.668626561879 -0.029734540618 0
0.453435373911 0.814679363394 -0.224989633060 0
-0.025102329574 0.474506508113 -0.167136536641 0
0.163269452882 0.701861609492 0.010002465440 0
-0.022424221255 0.119145078483 -0.037194283055 0
0.187744275900 0.118751991713 0.076056184830 0
-0.058794265044 0.068432412793 -0.122726711956 0
0.202994751515 0.055954414369 -0.007814180697 0
0.059014007709 1.132804421770 -0.284471735789 0
-0.011015926133 1.058195442774 -0.124404686922 0
0.176267989395 1.035516453516 -0.154312119023 0
0.080942582350 1.074453584563 -0.170827820662 0
0.075934245978 0.912694540382 -0.079527746150 0
0.020416789927 0.686648804639 0.002614677284 0
0.163360640018 0.692682414368 -0.027971458316 0
0.085018585333 0.839869649725 -0.015155664008 0
-0.037767683229 0.905046212938 0.052155750662 0
0.228407508568 0.835631550960 -0.041744683689 0
-0.132894998152 0.754994321030 -0.033755392047 0
0.333235212276 0.830284641661 -0.208861600390 0
-0.190291728775 0.658733801611 -0.060304790834 0
0.401225628128 0.805429176499 -0.298443139027 0
-0.035291830354 0.468426934895 -0.205853808258 0
0.163360640018 0.692682414368 -0.027971458316 0
-0.072838247913 0.095207694613 -0.156138896891 0
0.171316912000 0.102881382702 0.084417807276 0
-0.110059670006 0.077967255405 -0.253748752611 0
0.197578074170 0.052696228613 -0.005036944474 0
0.027084900211 1.127353199904 -0.305929548771 0
-0.028351533750 1.039292282488 -0.155846586595 0
0.157962163059 1.021142366943 -0.193818194554 0
0.060812355830 1.056669206531 -0.207068116334 0
0.065055255141 0.898025229418 -0.110419982651 0
0.016998062280 0.670343023012 -0.031642716074 0
0.160067622032 0.680477910257 -0.060508709024 0
0.077833699313 0.825410418528 -0.046439083282 0
-0.042317120262 0.873887946948 0.010857640722 0
0.207317109596 0.808713105974 -0.105603515709 0
-0.144817948299 0.730357597734 -0.077675516103 0
0.275663041318 0.772615311649 -0.287183480499 0
-0.204860289231 0.636310841946 -0.106231914366 0
0.318242351778 0.728908403327 -0.384866904611 0
-0.042722471808 0.460180071817 -0.247161476337 0
0.160067622032 0.680477910257 -0.060508709024 0
-0.103584734497 0.086736799642 -0.244028642489 0
0.161130585557 0.090652760600 0.087728486169 0
-0.145100325454 0.089432040264 -0.341391583723 0
0.195234626580 0.049552515001 -0.003693803990 0
-0.006458995478 1.103933426551 -0.335658998411 0
-0.050493869731 1.020701847015 -0.181851042936 0
0.133864337085 1.007748229109 -0.230103622415 0
0.035230476700 1.040741881422 -0.237757529616 0
0.048959736875 0.881726288227 -0.142613828042 0
0.009645527271 0.651644219731 -0.070762775739 0
0.152591380152 0.667132720893 -0.097808106055 0
0.065766133076 0.808916861849 -0.079795937619 0
-0.050175071281 0.840935945790 -0.030101082963 0
0.187993578969 0.782934893062 -0.186826372780 0
-0.152453557443 0.701173485863 -0.124711160727 0
0.221835793310 0.693217020205 -0.359310889679 0
-0.210856463655 0.607518163809 -0.157622010877 0
0.240791165667 0.620109072190 -0.446266422317 0
-0.051549903177 0.446196013337 -0.290374929442 0
0.152591380152 0.667132720893 -0.097808106055 0
-0.115616273651 0.073422895950 -0.300844424571 0
0.165386435295 0.085975410709 0.082499197035 0
-0.154110028223 0.083670691682 -0.398944192572 0
0.202656939582 0.047502362780 -0.008830343824 0
-0.044957068830 1.080881772880 -0.358642015882 0
-0.071205317792 1.005749765307 -0.215946013459 0
0.111184424766 0.993903983681 -0.271423173909 0
0.012087693305 1.026164047766 -0.275286835641 0
0.030732097956 0.867649322998 -0.180143556212 0
-0.003903455681 0.637300709289 -0.108499630159 0
0.138609765286 0.654465949445 -0.136787380086 0
0.050346828388 0.795218418476 -0.117703334399 0
-0.062798224277 0.815428487059 -0.077920425063 0
0.168830055394 0.766041319302 -0.261447268994 0
-0.156137079800 0.679895265409 -0.186842895794 0
0.179833740381 0.644574354172 -0.416592994200 0
-0.209317942536 0.586866413698 -0.229065774056 0
0.188805949637 0.556394241237 -0.490139646091 0
-0.066176477063 0.434236884571 -0.330018248273 0
0.138609765286 0.654465949445 -0.136787380086 0
-0.133110939841 0.061826774974 -0.332114712618 0
0.153775137841 0.095860687805 0.080072187556 0
-0.166103226399 0.044555190060 -0.431228547790 0
0.195726748481 0.049422041201 -0.005331942360 0
-0.073606644852 1.060243909544 -0.391211074978 0
-0.097652594951 0.992549393995 -0.238185278665 0
0.078757678824 0.986995677095 -0.311210121007 0
-0.021168849102 1.016188258206 -0.305022712209 0
0.011378746148 0.857319665108 -0.214313288310 0
-0.012818257534 0.627459836266 -0.140359717919 0
0.126942118664 0.646962597596 -0.178980178316 0
0.038116858337 0.786244016373 -0.152969336746 0
-0.077772883177 0.790864263145 -0.118720487697 0
0.143303641532 0.761066134291 -0.299651937159 0
-0.160787102658 0.664173087001 -0.245225372989 0
0.147984056988 0.626691583229 -0.444106339962 0
-0.206805187091 0.573985106972 -0.300123524360 0
0.155304419018 0.532701056454 -0.510269290598 0
-0.090370447141 0.434591659917 -0.366127006762 0
0.126942118664 0.646962597596 -0.178980178316 0
-0.134883768556 0.059471981376 -0.344270699032 0
0.160556838501 0.128780291786 0.050195242694 0
-0.169999924814 0.029568209674 -0.439575320893 0
0.199407374542 0.059379446907 -0.019694023432 0
-0.114425659842 1.048101312960 -0.418050964776 0
-0.117036267901 0.995134360543 -0.272842505886 0
0.054929532547 0.993846111328 -0.355969877758 0
-0.045269089230 1.020262585192 -0.344213691911 0
-0.002956018149 0.863283241104 -0.254247781929 0
-0.026489664019 0.635587742305 -0.175634769289 0
0.110448239909 0.649400807101 -0.225254020841 0
0.028736471432 0.792203691108 -0.195315290411 0
-0.092213497162 0.777009037048 -0.188290128451 0
0.126267493406 0.771105082266 -0.330646755117 0
-0.174836895858 0.658720852937 -0.322925860108 0
0.119333688439 0.631795322747 -0.470254111665 0
-0.217921384828 0.572016818002 -0.385307588176 0
0.120057828135 0.535062351412 -0.532764516712 0
-0.118451894528 0.437652015388 -0.391384022919 0
0.110448239909 0.649400807101 -0.225254020841 0
-0.141708599225 0.062671335944 -0.346411554335 0
0.158091466520 0.156594810042 -0.010588349824 0
-0.174693523083 0.029730938120 -0.441476142535 0
0.194192257178 0.064518775622 -0.048391626659 0
-0.143252141045 1.046649970014 -0.454327383439 0
-0.132962776069 0.998960553260 -0.305931488499 0
0.037289728930 1.005258495502 -0.392293960263 0
-0.063754567738 1.027170110785 -0.378665569692 0
-0.012746776251 0.872392306586 -0.289397367354 0
-0.029137488675 0.644518673597 -0.209929683202 0
0.104209373190 0.658571643472 -0.268461630755 0
0.024174950421 0.801230933149 -0.233696380737 0
-0.099510645583 0.778155413610 -0.231972199039 0
0.122011366676 0.789040818447 -0.354662969657 0
-0.172436887292 0.685296992271 -0.390100557052 0
0.109217343264 0.649844054610 -0.493968657457 0
-0.211625120003 0.610710385582 -0.468627389283 0
0.109605690349 0.553791875110 -0.557523129058 0
-0.126600964062 0.435381544233 -0.412280557574 0
0.104209373190 0.658571643472 -0.268461630755 0
-0.134306940451 0.061749546677 -0.353004461799 0
0.164349417199 0.173338092426 -0.072597379694 0
-0.166813548077 0.027783586992 -0.447872712460 0
0.204613052211 0.087367734353 -0.119483285558 0
-0.163733280782 1.049025439659 -0.488765570611 0
-0.143584719592 1.009377190118 -0.337911727166 0
0.024786664618 1.020967589933 -0.427358894115 0
-0.076612287875 1.039769557175 -0.411849533581 0
-0.019282677875 0.886517733216 -0.323792905870 0
-0.033513016239 0.658781484786 -0.242901973607 0
0.098466058802 0.670715881472 -0.304901605405 0
0.020307504468 0.814608106316 -0.270959413640 0
-0.110229167507 0.782055783125 -0.287351700514 0
0.118828219589 0.809822116437 -0.383567271767 0
-0.177860898257 0.718424924254 -0.461485452401 0
0.099893213219 0.670193199370 -0.521736486152 0
-0.215361181097 0.658606626605 -0.552484589287 0
0.099630716352 0.574620849416 -0.586010896927 0
-0.127850969848 0.432669337103 -0.427718075317 0
0.098466058802 0.670715881472 -0.304901605405 0
-0.135649769815 0.062219518904 -0.351036799145 0
0.177402877154 0.168177157863 -0.147364554155 0
-0.169576210042 0.026809459897 -0.444874293330 0
0.217004788992 0.089327036740 -0.205885472791 0
-0.179599308696 1.060468087909 -0.518766423820 0
-0.144801185046 1.022744969727 -0.363087583497 0
0.021476027022 1.039741759794 -0.455537861693 0
-0.079289231535 1.058246365213 -0.436050839104 0
-0.021644490359 0.897942448667 -0.361844952758 0
-0.034015486629 0.669868732681 -0.280040594385 0
0.097882664789 0.682378587401 -0.342098966934 0
0.018432147039 0.825890368223 -0.309575308426 0
-0.114736933973 0.793050658080 -0.322092519989 0
0.124271211944 0.834748373523 -0.403051741915 0
-0.179441876241 0.761384056715 -0.505820573251 0
0.106736160282 0.693878600808 -0.540141967131 0
-0.216454408550 0.718854308747 -0.606252818325 0
0.107952440338 0.597974253163 -0.603908883524 0
-0.126222325711 0.427828167980 -0.444654105792 0
0.097882664789 0.682378587401 -0.342098966934 0
-0.136527498069 0.062216558227 -0.347721854005 0
0.196155618877 0.151709694202 -0.230887022248 0
-0.170494852537 0.026355192603 -0.441372973733 0
0.233146363993 0.086199687335 -0.305388530395 0
-0.182888415183 1.079951560920 -0.541841236007 0
-0.145324244435 1.033310466333 -0.400576552005 0
0.024565443006 1.055664507413 -0.484967588335 0
-0.077124483447 1.072465173240 -0.469071101651 0
-0.021058985126 0.909611614511 -0.399341956234 0
-0.035188853496 0.680144818311 -0.317367603074 0
0.097574145485 0.692066007657 -0.377672924249 0
0.017410553642 0.835852187309 -0.348259705248 0
-0.119712262891 0.803112163382 -0.359385546348 0
0.131960347657 0.855043458367 -0.425289616167 0
-0.185132376379 0.804657523335 -0.545566429806 0
0.119475486637 0.718992860301 -0.567697002781 0
-0.224359944426 0.780754047965 -0.651184442621 0
0.123109052577 0.625345825097 -0.634647528221 0
-0.121303520601 0.423703865985 -0.462300850990 0
0.097574145485 0.692066007657 -0.377672924249 0
-0.133803523331 0.062656886200 -0.349772030150 0
0.220072206755 0.130573721134 -0.325719690558 0
-0.168492895697 0.027730292448 -0.443511730566 0
0.255701028582 0.081914933930 -0.412744172304 0
-0.178576875785 1.096809700813 -0.575421697349 0
-0.143103897272 1.039715141641 -0.439992606890 0
0.030387917151 1.066752905089 -0.515183069982 0
-0.072181663748 1.081797447909 -0.503827692024 0
-0.017344344818 0.917583926517 -0.436347596752 0
-0.035151754338 0.687945276520 -0.355256117374 0
0.099321688351 0.697608043678 -0.412074992391 0
0.020209610386 0.842665710187 -0.386280479893 0
-0.128011372822 0.808445637919 -0.399612369381 0
0.142168651586 0.871470744644 -0.446525394165 0
-0.204194118715 0.842050612741 -0.578532451112 0
0.138052386110 0.743579947230 -0.596766869952 0
-0.253412218767 0.836478544100 -0.682512610464 0
0.146413579702 0.654077276018 -0.668771766649 0
-0.109590261229 0.417324565547 -0.479379780536 0
0.099321688351 0.697608043678 -0.412074992391 0
-0.123184803092 0.060705240581 -0.353634988627 0
0.251055588967 0.113576691848 -0.428373472448 0
-0.157227221854 0.026780370508 -0.447977809528 0
0.283746664840 0.080961066366 -0.523651305509 0
-0.170833488235 1.111599663734 -0.612279507144 0
-0.127862418685 1.047236713505 -0.483108512838 0
0.047943016396 1.068145368093 -0.554797655833 0
-0.054330160087 1.086452330829 -0.545805754455 0
-0.006048682351 0.921343098280 -0.475558934969 0
-0.030714165099 0.691997577090 -0.394495107925 0
0.105431214425 0.699003993986 -0.447600721306 0
0.028295180460 0.845569558903 -0.424484237734 0
-0.151218579474 0.815503606837 -0.449969589282 0
0.157068187987 0.874777795665 -0.477050565302 0
-0.230013556524 0.877225367768 -0.620049795568 0
0.157486848359 0.751827196988 -0.631415314386 0
-0.285825495521 0.889416683487 -0.720058505924 0
0.168501026801 0.664888762766 -0.706153118669 0
-0.108317148183 0.411301736337 -0.491298859261 0
0.105431214425 0.699003993986 -0.447600721306 0
-0.133998610101 0.062582990832 -0.346697316229 0
0.257469667103 0.095290344913 -0.524191981611 0
-0.170005482490 0.029636008495 -0.440656628891 0
0.281616297321 0.075719760348 -0.625406029101 0
-0.148501122797 1.123189807473 -0.657533709653 0
-0.112977269541 1.043370297596 -0.520532820823 0
0.063707779689 1.064499320856 -0.589959140176 0
-0.038663811105 1.082804431957 -0.582162852022 0
0.008699000024 0.917409020600 -0.511963867432 0
-0.022593601877 0.690545817313 -0.428782215904 0
0.114110049823 0.692013219894 -0.480886138575 0
0.042023995429 0.841511538743 -0.460400587775 0
-0.198812643331 0.824336456770 -0.519903212559 0
0.172707867900 0.875381124768 -0.502225338792 0
-0.271730093782 0.917289796756 -0.677979848266 0
0.177956558857 0.757949241177 -0.660742545148 0
-0.330491052866 0.950622339544 -0.771261326275 0
0.191649870023 0.673822984893 -0.738206143655 0
-0.105634099486 0.405149478219 -0.505179530390 0
0.114110049823 0.692013219894 -0.480886138575 0
-0.136589437269 0.063774584238 -0.344933294794 0
0.263908854969 0.082898159893 -0.616874415675 0
-0.175603361004 0.030724969410 -0.437647844110 0
0.283203121854 0.077683225677 -0.720849829436 0
-0.128252071367 1.127670144615 -0.696634064669 0
-0.095888349708 1.033077994746 -0.561473609515 0
0.083369969589 1.057803539790 -0.622622268120 0
-0.019487948686 1.074629572737 -0.619025732788 0
0.027018096248 0.908565062175 -0.549840896806 0
-0.004926508600 0.682146589064 -0.467986625217 0
0.131527836169 0.682170404840 -0.520760403199 0
0.061373546061 0.832447279064 -0.499288537391 0
-0.238572094446 0.853015937207 -0.612099054201 0
0.196448290655 0.873585494853 -0.529773270001 0
-0.305042314341 0.969946018545 -0.756510157294 0
0.205773012457 0.759744514095 -0.690704253390 0
-0.362111152682 1.020214818400 -0.843006043394 0
0.221373972936 0.677345368874 -0.769649384712 0
-0.095793236214 0.395034205095 -0.527088749177 0
0.131527836169 0.682170404840 -0.520760403199 0
-0.131436851199 0.062021615344 -0.351003386418 0
0.273406467214 0.075339965210 -0.701286910135 0
-0.172172472822 0.028099895785 -0.442656411537 0
0.289465145496 0.083528572884 -0.805620109532 0
-0.104050712809 1.126577712293 -0.735842846514 0
-0.075544336416 1.018353887742 -0.602645615899 0
0.105782347841 1.049172520583 -0.654171352282 0
0.002541593534 1.063900887805 -0.654644270996 0
0.049248967792 0.895747680725 -0.590850105496 0
0.017216519781 0.671103749090 -0.507667002638 0
0.153935491746 0.668846202330 -0.559702438673 0
0.085387174157 0.820192708186 -0.540698026322 0
-0.250370862632 0.886114631613 -0.688041143284 0
0.223357736335 0.867384669797 -0.562121710489 0
-0.323793233778 1.002656920587 -0.829365419498 0
0.239848267089 0.756624824164 -0.724620386612 0
-0.385080340214 1.053193536701 -0.912763764068 0
0.258611629628 0.675472090138 -0.804166051780 0
-0.071969622825 0.380998791542 -0.553145457379 0
0.153935491746 0.668846202330 -0.559702438673 0
-0.115227544368 0.057361665696 -0.361934395467 0
0.292366578491 0.075128938266 -0.783858340578 0
-0.160679305373 0.022765859416 -0.451083812457 0
0.307182009816 0.077809845891 -0.888661330370 0
-0.078699193473 1.122409635145 -0.771472002850 0
-0.047015117607 1.005901020476 -0.654082270538 0
0.136536445997 1.036298580644 -0.697312675332 0
0.033534165232 1.052043435390 -0.701605868709 0
0.076118248661 0.881810610268 -0.640498123676 0
0.038024114417 0.659129878929 -0.555713875209 0
0.176094008037 0.652285341108 -0.603617081717 0
0.110830092348 0.805670597057 -0.590223466282 0
-0.237047482253 0.903432428112 -0.747526474174 0
0.249128304720 0.851129966252 -0.605772581271 0
-0.303331400523 0.993252344283 -0.910266529443 0
0.270786289560 0.740893859051 -0.768020641700 0
-0.359997536983 1.029015356817 -1.003943094142 0
0.290791614146 0.659301662405 -0.846810509674 0
-0.055586904457 0.367533733214 -0.575513097965 0
0.176094008037 0.652285341108 -0.603617081717 0
-0.115560194979 0.063989677026 -0.357710165072 0
0.288988852220 0.067585950498 -0.807757234635 0
-0.166087136588 0.028280339294 -0.443630024887 0
0.301134770021 0.041884212250 -0.909748647372 0
-0.046376220109 1.115836091880 -0.816951886248 0
-0.016515861353 0.997626478624 -0.712235275362 0
0.167964161351 1.027790294109 -0.751494943245 0
0.065058774555 1.043149267338 -0.758593190404 0
0.106560889600 0.874166186706 -0.693408312401 0
0.067887935445 0.651663192949 -0.608386457632 0
0.207121185697 0.645418568950 -0.652883278993 0
0.140588330874 0.798458686636 -0.642024827178 0
-0.201999049340 0.882357733416 -0.799716899602 0
0.274636713666 0.838914446988 -0.660441046105 0
-0.257102757913 0.945778488048 -0.978285905688 0
0.301091366194 0.733072621898 -0.824889093136 0
-0.306464288627 0.965862303367 -1.080390863983 0
0.322808718402 0.653341582254 -0.905117895888 0
-0.026737188933 0.359745569984 -0.612064977830 0
0.207121185697 0.645418568950 -0.652883278993 0
-0.092405078749 0.074731600136 -0.372005251015 0
0.297803421882 0.074308503782 -0.816090614816 0
-0.148773629962 0.028267704510 -0.448647561639 0
0.315631860214 0.041706943786 -0.915235135657 0
-0.016177184506 1.110510478751 -0.871714702751 0
0.018367862266 1.004172901010 -0.758077224952 0
0.202468989119 1.029244834469 -0.802374282507 0
0.099894018849 1.047612329210 -0.806474576879 0
0.138288973318 0.877095264460 -0.743414815433 0
0.098095910780 0.654369080455 -0.656110515333 0
0.234932889941 0.645990183476 -0.707201567736 0
0.171299837440 0.800024376108 -0.693413656459 0
-0.142365814649 0.854178514867 -0.841804761988 0
0.293381457252 0.830509386432 -0.715293423194 0
-0.202019913971 0.891591746715 -1.026160774279 0
0.312652923474 0.718627807689 -0.876714065241 0
-0.250427875392 0.893706417611 -1.130647808396 0
0.328279181636 0.635188332138 -0.954553752010 0
-0.013723306245 0.369225778901 -0.675426429880 0
0.234932889941 0.645990183476 -0.707201567736 0
-0.071028983859 0.105470805988 -0.410241059287 0
0.283272135097 0.072518143167 -0.816675266647 0
-0.143450221591 0.043271294197 -0.456031189213 0
0.299187203650 0.037469045356 -0.915309045221 0
0.016149280366 1.115728904384 -0.915936315748 0
0.050401771891 1.013003290030 -0.799624035157 0
0.234273950513 1.028416490115 -0.848995193294 0
0.132740472937 1.052191325278 -0.850224805966 0
0.163790435490 0.879727511223 -0.788427491455 0
0.124630057883 0.651985534110 -0.703305935430 0
0.258948961963 0.648548029689 -0.761197869119 0
0.192620025305 0.800483301751 -0.739244517814 0
-0.081194993394 0.831875903174 -0.871867320828 0
0.309691756681 0.819126421242 -0.772485371630 0
-0.137011151445 0.821726980997 -1.060883342980 0
0.303600962773 0.701854012215 -0.931090494692 0
-0.180327796290 0.795268105454 -1.164270668340 0
0.304503735346 0.615562979532 -1.007368837235 0
-0.007940172799 0.380542132544 -0.757407302843 0
0.258948961963 0.648548029689 -0.761197869119 0
-0.023229124834 0.126525027596 -0.477379687170 0
0.261585005327 0.072864226974 -0.817122775223 0
-0.094966009270 0.059126562592 -0.516387600044 0
0.276345989865 0.034964206489 -0.914877840171 0
0.047995938359 1.121792385409 -0.956805863400 0
0.071893690756 1.023881231101 -0.832843671978 0
0.254559727502 1.037375856855 -0.887019959772 0
0.153566778695 1.063245615993 -0.884377677368 0
0.182669318695 0.887995577029 -0.829905285994 0
0.144489136596 0.655669912456 -0.752518975253 0
0.277200736327 0.656112318679 -0.814100595802 0
0.210003129951 0.806268448098 -0.784043602216 0
-0.017504075956 0.811290803497 -0.879290207106 0
0.326706558377 0.822730161024 -0.823254833853 0
-0.049805627429 0.761256714870 -1.067435630911 0
0.289519650335 0.710239406255 -0.981078991425 0
-0.074773484496 0.710675175322 -1.167852048050 0
0.274082663070 0.626277833620 -1.058393263104 0
0.016870202329 0.391325092239 -0.842065431985 0
0.277200736327 0.656112318679 -0.814100595802 0
0.067801449652 0.116608369181 -0.586897570924 0
0.274862176059 0.079085733014 -0.821438931039 0
0.015648937808 0.044204052383 -0.643889512089 0
0.290455744866 0.037869603602 -0.917711576315 0
0.066624517498 1.134068815830 -0.985530203969 0
0.090648603223 1.040093639154 -0.863923959194 0
0.271373828779 1.050067519584 -0.924940109688 0
0.171328647553 1.078587398548 -0.917633946511 0
0.197585591320 0.901223386051 -0.868855309916 0
0.162099187225 0.665625331155 -0.792803275741 0
0.292739288565 0.669123840371 -0.858573974164 0
0.223505298103 0.817704958487 -0.825466418046 0
0.049430237998 0.808963592319 -0.878886547390 0
0.337545011993 0.828904003808 -0.879641047568 0
0.020753165967 0.733709430499 -1.059052963295 0
0.273863114535 0.726254212683 -1.035695964406 0
0.006769150637 0.667874352524 -1.152517034915 0
0.244165490461 0.647158335225 -1.113972628579 0
0.050913974380 0.409364988303 -0.919893123481 0
0.292739288565 0.669123840371 -0.858573974164 0
0.146687539679 0.097688358722 -0.727906118808 0
0.288540016679 0.104415692437 -0.844930583659 0
0.105298640065 0.036450546378 -0.803716673933 0
0.299972992563 0.046173052025 -0.932608590254 0
0.082723050536 1.151399904115 -1.014966497735 0
0.107350268401 1.055705533933 -0.892899163318 0
0.284437779164 1.062472188266 -0.964161228859 0
0.185718032944 1.093223888238 -0.950576441113 0
0.210356793461 0.914446187671 -0.906324427897 0
0.173264422212 0.677618103512 -0.833651162807 0
0.303042205566 0.680456663210 -0.901138420437 0
0.235747252105 0.829390035593 -0.865697706598 0
0.107116692340 0.820899862609 -0.878401805504 0
0.341736535768 0.836529535998 -0.932369695315 0
0.056407742812 0.717035136263 -1.038358742865 0
0.261457817404 0.737613392417 -1.083089384368 0
0.034780149886 0.637273388244 -1.118581268616 0
0.222839613216 0.660413244386 -1.159339724104 0
0.085583914947 0.424525061393 -0.983448976373 0
0.303042205566 0.680456663210 -0.901138420437 0
0.206986879574 0.085425631802 -0.867488620083 0
0.312581415233 0.136661007682 -0.882683480028 0
0.169659361870 0.039818023314 -0.955448573529 0
0.315858546892 0.051933167047 -0.946093292910 0
0.093198070159 1.165275091339 -1.044461451230 0
0.124230923402 1.063110142647 -0.921065755887 0
0.299729386937 1.068054076403 -0.996298081917 0
0.202158638466 1.100708290336 -0.979284758955 0
0.223303341000 0.919939179460 -0.941838724171 0
0.183815968481 0.680381987888 -0.879130827127 0
0.314149218407 0.684678260303 -0.945460657694 0
0.247598535462 0.832741760879 -0.905285904867 0
0.152328535441 0.831937209238 -0.887696154688 0
0.349765038596 0.838681063582 -0.981185644002 0
0.081812336872 0.707529998576 -1.023695465075 0
0.261051410423 0.748529152293 -1.132671702167 0
0.050348904651 0.617957039709 -1.088903442603 0
0.218100595876 0.675844534342 -1.211014006855 0
0.129651224483 0.431449134234 -1.050250548817 0
0.314149218407 0.684678260303 -0.945460657694 0
0.261417924934 0.083721258311 -0.980273637208 0
0.369151134493 0.153460973729 -0.960507582938 0
0.227010238900 0.036056879380 -1.068333668227 0
0.380958811182 0.073594183475 -1.029007404295 0
0.108267416798 1.173560865189 -1.070626393672 0
0.152098458624 1.062935606041 -0.954022956603 0
0.325233357103 1.056960847357 -1.034475832570 0
0.230510452644 1.095724406733 -1.014456850621 0
0.241112063746 0.913804402253 -0.978132021291 0
0.200752791010 0.670351448573 -0.923010109434 0
0.330287869689 0.680759940962 -0.990220131707 0
0.260923084718 0.825183985190 -0.942303261787 0
0.182058476276 0.839848016403 -0.885625179452 0
0.355274012864 0.823765144301 -1.026649319612 0
0.102598132829 0.702685230598 -1.003174848786 0
0.259916082069 0.746563367959 -1.181220505528 0
0.063492659604 0.606983766510 -1.053942304857 0
0.211247458997 0.680432874783 -1.261988480996 0
0.145904091811 0.421332061588 -1.093785720615 0
0.330287869689 0.680759940962 -0.990220131707 0
0.270281199235 0.080768479001 -0.985523591668 0
0.414737508242 0.124094668764 -1.045703696995 0
0.221286046005 0.029855222425 -1.064375771124 0
0.435791742919 0.078478171258 -1.138903510824 0
0.137478861980 1.172114032074 -1.102612926764 0
0.179994064587 1.058823668764 -0.990992161997 0
0.349045447500 1.045329199330 -1.078876092802 0
0.256926917546 1.088022582286 -1.055059012924 0
0.261802331700 0.906060094465 -1.017740669228 0
0.219798199605 0.662194916110 -0.960989829424 0
0.346431880626 0.671972196402 -1.033606466893 0
0.279887537264 0.816727597411 -0.982778043612 0
0.198223611295 0.845708487296 -0.893045573072 0
0.361829251989 0.810610055114 -1.069525750097 0
0.123792462146 0.689756057119 -0.988357399775 0
0.275217826635 0.741951365497 -1.233018704347 0
0.086145326170 0.586523506096 -1.022869374838 0
0.229060535084 0.680276498914 -1.318640302845 0
0.150362736377 0.406059892061 -1.115122597434 0
0.346431880626 0.671972196402 -1.033606466893 0
0.248396002422 0.071410421286 -0.968244696923 0
0.453060711401 0.082842571642 -1.156787778340 0
0.200593163184 0.024289971486 -1.050128167243 0
0.442036518807 0.047187439025 -1.255871226181 0
0.163813598562 1.167247152705 -1.139444830088 0
0.205567486341 1.049251242796 -1.010357176893 0
0.366030679094 1.035659607497 -1.113074688961 0
0.277140278987 1.079091444175 -1.080090236037 0
0.281913216605 0.896059521578 -1.048415170281 0
0.246775429227 0.650366254852 -0.994167233422 0
0.365472134217 0.663680223543 -1.078658007346 0
0.303215146022 0.806118692330 -1.017004504619 0
0.216410845032 0.840899375275 -0.901656431266 0
0.388091886168 0.802275768095 -1.093346083450 0
0.141472119416 0.671693451035 -0.970205999873 0
0.313251697155 0.752066474692 -1.268912235415 0
0.106757932754 0.563630956207 -0.989770388864 0
0.275201876723 0.700101602691 -1.364396297454 0
0.155138120822 0.396224851092 -1.139762888835 0
0.365472134217 0.663680223543 -1.078658007346 0
0.268381883705 0.069079361911 -0.987035725970 0
0.495926732417 0.074981086812 -1.240130603396 0
0.210462540331 0.025157974564 -1.064020220103 0
0.457383765297 0.035567698186 -1.330526263817 0
0.178313032716 1.159864001064 -1.156088710440 0
0.230382967743 1.037765710058 -1.036865301607 0
0.379860144329 1.020513668421 -1.154521567071 0
0.294973107836 1.065469047159 -1.113913602816 0
0.301463291123 0.883094311248 -1.078926338904 0
0.281222342901 0.633827911730 -1.026155875562 0
0.388506706878 0.658558988553 -1.122505756211 0
0.325094814083 0.793806316704 -1.047320009903 0
0.246232613390 0.839555683950 -0.911145352870 0
0.424127969645 0.792627530117 -1.116413840321 0
0.148397478904 0.673008749183 -0.951591684363 0
0.351732443281 0.766019973351 -1.298063025392 0
0.104310350002 0.566742689869 -0.956994698685 0
0.319773678976 0.726312967562 -1.401345811643 0
0.157238009799 0.383602646544 -1.153429384510 0
0.388506706878 0.658558988553 -1.122505756211 0
0.269625836595 0.066886824342 -0.979550197846 0
0.503163511155 0.057263899651 -1.227552261211 0
0.206586450321 0.023141390781 -1.052507197244 0
0.455417539952 0.019044299234 -1.313981048765 0
0.190931888167 1.144356503820 -1.184685396011 0
0.245626688188 1.039572738598 -1.052956711825 0
0.387113090522 1.025451102118 -1.180495856410 0
0.304325671587 1.068680216139 -1.134092313765 0
0.316626207308 0.886386480894 -1.100262351821 0
0.305932964515 0.636069369133 -1.045712569806 0
0.403110136344 0.662202464201 -1.151912941903 0
0.343618915098 0.796787659073 -1.072455882531 0
0.278062067320 0.845681405582 -0.923735860609 0
0.451118677369 0.803212909564 -1.137398271208 0
0.162200538027 0.689817658628 -0.958780106446 0
0.398349317841 0.801273084884 -1.327548560523 0
0.106882111356 0.588815490030 -0.960723420609 0
0.382966611817 0.774981919875 -1.438622814329 0
0.173361935368 0.388803675389 -1.170082755947 0
0.403110136344 0.662202464201 -1.151912941903 0
0.273245196291 0.068527952819 -0.995095033750 0
0.511830999254 0.058993071096 -1.244465286928 0
0.210899724712 0.023984161382 -1.068165162791 0
0.462063756864 0.021992283468 -1.330282034944 0
0.193840497183 1.144224461714 -1.198213083450 0
0.258131465086 1.051470432622 -1.072615828121 0
0.391916921610 1.035925279925 -1.208055319830 0
0.311296731017 1.079132829795 -1.157962462994 0
0.328943992718 0.898147284703 -1.119757986351 0
0.320515508965 0.649864258582 -1.058795279441 0
0.412585952771 0.671078085107 -1.170499654277 0
0.358588007086 0.809071744198 -1.092989807932 0
0.309032908659 0.860435033601 -0.945107198647 0
0.473089358350 0.820793144188 -1.158324736544 0
0.176416901020 0.715139964742 -0.960850077487 0
0.429754551464 0.836814590197 -1.350186427694 0
0.112437045167 0.619859973208 -0.951173088332 0
0.422252251834 0.821924216770 -1.464148417586 0
0.177728701505 0.399062193536 -1.163167670695 0
0.412585952771 0.671078085107 -1.170499654277 0
0.270131650320 0.077546637863 -0.986353220746 0
0.511563151511 0.056082402932 -1.232183086989 0
0.208601233303 0.025884485227 -1.055312489209 0
0.458981466015 0.017921122658 -1.315784725600 0
0.195215063315 1.148795123439 -1.217791472741 0
0.269274578871 1.062380638248 -1.075411068414 0
0.393767487826 1.048776748160 -1.219634873170 0
0.316990354806 1.091493435255 -1.163453396759 0
0.335464287795 0.909588063900 -1.130348637500 0
0.331417438307 0.660811005484 -1.069768735632 0
0.419515326021 0.683334025224 -1.184382592464 0
0.366328143522 0.820532788511 -1.104925513872 0
0.338356201416 0.872846696988 -0.954379891587 0
0.487956445417 0.835637607532 -1.187322673805 0
0.202691889040 0.730177370738 -0.968023880962 0
0.446775134992 0.889819697193 -1.372562792524 0
0.138070890148 0.635214457889 -0.959567253624 0
0.441701821816 0.899199451937 -1.487243325113 0
0.175645124242 0.413758956859 -1.164021670405 0
0.419515326021 0.683334025224 -1.184382592464 0
0.267298721701 0.084727894107 -1.001196349841 0
0.518993202939 0.058555919584 -1.241837537426 0
0.207901425967 0.026464773427 -1.066677041411 0
0.464351212647 0.023936908526 -1.325659538778 0
0.195232630421 1.159439797273 -1.212853103379 0
0.275706808014 1.065986213426 -1.079747872402 0
0.395753006481 1.052926702805 -1.227742519197 0
0.320623017161 1.095355440084 -1.169167022948 0
0.340582161114 0.913451936409 -1.136925383147 0
0.337800614051 0.664945569872 -1.073618106249 0
0.421640038088 0.687708525085 -1.191336665802 0
0.371118172334 0.824755388732 -1.109902627384 0
0.355969610008 0.879605459191 -0.960735149158 0
0.497536417791 0.840845034698 -1.225411325918 0
0.224992536768 0.733602290835 -0.982497085354 0
0.447493880824 0.941333562302 -1.387717521317 0
0.163501786490 0.636241964729 -0.980217306579 0
0.435201307821 0.981443856473 -1.494980748059 0
0.170138309675 0.424685648359 -1.164984763613 0
0.421640038088 0.687708525085 -1.191336665802 0
0.259250171163 0.089447764447 -1.013827413371 0
0.524604432928 0.060201578252 -1.250801039408 0
0.203817914588 0.024630443537 -1.076567598111 0
0.466654627286 0.028962708946 -1.333724522274 0
0.195610950864 1.160390734391 -1.209920659720 0
0.280424094139 1.067903543293 -1.088212572118 0
0.396901193076 1.050919335587 -1.238640887856 0
0.323094436545 1.094833095774 -1.179480545061 0
0.344301110954 0.913947452518 -1.142637140797 0
0.341009991222 0.667559775546 -1.072161364470 0
0.421199659437 0.687204314594 -1.192944515668 0
0.374879670868 0.826286107618 -1.112467699899 0
0.369002358573 0.884843715485 -0.969946255104 0
0.497480079825 0.840311767798 -1.268175124897 0
0.243319877859 0.733921833572 -0.989233565767 0
0.424576023126 0.972520471092 -1.395263118198 0
0.186160664362 0.633954458832 -0.987067657015 0
0.393388331429 1.034461797155 -1.487219319039 0
0.159443543356 0.434101422393 -1.154101382924 0
0.421199659437 0.687204314594 -1.192944515668 0
0.243717727716 0.097621440340 -1.002929326218 0
0.522167610737 0.058907175380 -1.240161914398 0
0.192230458256 0.024390171559 -1.059467749406 0
0.461514923233 0.027348036828 -1.321005115798 0
0.196117419926 1.156466997907 -1.216157548831 0
0.279019670672 1.065619970190 -1.092450015604 0
0.395505604483 1.050536955886 -1.243074004290 0
0.320973539645 1.093149091382 -1.183871140994 0
0.345782630876 0.912804790128 -1.146625773350 0
0.338108263517 0.670137816138 -1.069096819209 0
0.414399376320 0.681177749545 -1.193445709006 0
0.377634218359 0.825366802133 -1.117132901156 0
0.371280871749 0.881282387929 -0.979085745355 0
0.488360710225 0.841436386731 -1.297835419028 0
0.253074487321 0.724063182872 -0.995050487540 0
0.384040686612 0.980747704438 -1.390868693630 0
0.201105178888 0.621354191237 -0.991126601850 0
0.325860103170 1.047414665490 -1.464597106573 0
0.152765789504 0.439941910542 -1.151809313100 0
0.414399376320 0.681177749545 -1.193445709006 0
0.237829002125 0.102232857811 -1.003854074052 0
0.525338700751 0.058729467669 -1.243106013000 0
0.177166712627 0.036324648810 -1.060303569704 0
0.465676654251 0.025855983042 -1.324162321554 0
0.192673151563 1.151233223230 -1.217650299990 0
0.278939091665 1.064632394553 -1.097148868333 0
0.392706551992 1.044477185545 -1.249250112853 0
0.319427875048 1.089222368934 -1.190056313584 0
0.343996282724 0.909924398864 -1.147920738513 0
0.335836689894 0.665593990270 -1.074720720406 0
0.415416478245 0.682820104589 -1.196273913237 0
0.374515669284 0.823196068881 -1.115110394071 0
0.366900312491 0.873659824534 -0.991620519732 0
0.469735901354 0.830378965678 -1.309019359239 0
0.253673985619 0.712580221538 -1.004986938575 0
0.337291879470 0.955916171620 -1.384149191814 0
0.205506432878 0.608058376729 -1.000468788378 0
0.254232129274 1.010394834610 -1.442445812957 0
0.141675755738 0.441685691843 -1.154407292772 0
0.415416478245 0.682820104589 -1.196273913237 0
0.216300774853 0.102276342189 -1.004719928276 0
0.522738976782 0.058704844620 -1.242853724569 0
0.141238990676 0.044596993456 -1.052145366873 0
0.462922883546 0.025396618962 -1.323618494325 0
0.190175067626 1.144770570239 -1.219358400079 0
0.273107273711 1.066093418031 -1.102342732896 0
0.385748325781 1.041977216815 -1.254705649288 0
0.312680561028 1.088073384775 -1.196292920739 0
0.338705311395 0.910296162968 -1.148914157687 0
0.327889764240 0.667646381316 -1.073904127168 0
0.409556017858 0.681780483862 -1.194468261889 0
0.370018210321 0.823962536971 -1.115811857720 0
0.357420615491 0.869260795866 -1.004915270252 0
0.447811787492 0.820405717141 -1.303676339297 0
0.248247814910 0.705401391407 -1.018215493359 0
0.284264549313 0.903807594808 -1.376077502526 0
0.203466362572 0.599329733038 -1.015254466833 0
0.182029974425 0.927821494135 -1.423371975745 0
0.135494748853 0.443078244756 -1.155981251682 0
0.409556017858 0.681780483862 -1.194468261889 0
0.184704052348 0.095172011683 -1.015576107053 0
0.524333411263 0.060597589739 -1.248267853085 0
0.104042299244 0.042825326571 -1.059891534212 0
0.465442194191 0.026395032999 -1.329337949943 0
0.182047383723 1.140601149560 -1.227325903292 0
