0.079323956022 1.115741192677 -0.078411944518 0
-0.111642268540 1.119728827508 -0.078648395657 0
-0.015323263419 1.158367607608 -0.068377284325 0
-0.019206236510 0.973499914874 -0.050056964557 0
0.052348083333 0.725609750000 -0.048017000000 0
-0.093955916667 0.725609750000 -0.048017000000 0
-0.020803916667 0.875977500000 -0.045985000000 0
0.313754832558 1.096581058625 -0.074054810499 0
-0.346678692155 1.110371810016 -0.074872548084 0
0.502007966688 1.099105196196 -0.014894967947 0
-0.534808221210 1.120755330162 -0.016178736158 0
0.615841182753 1.088547357714 -0.000899474829 0
-0.649017236175 1.114959324017 -0.002465601062 0
0.045980469021 0.420756816246 -0.013268092941 0
-0.093955916667 0.725609750000 -0.048017000000 0
0.031892889216 0.044237362109 -0.048032269207 0
-0.090600068235 0.041171269803 -0.048004828306 0
0.040882307690 0.013292630981 0.052823890303 0
-0.100310868398 0.010459081570 0.052855534545 0
0.023882266950 1.283573826067 0.008862030476 0
-0.086745708566 1.111959085355 -0.164035904997 0
0.099555025257 1.076163373145 -0.141792712147 0
0.015642878423 1.128068777961 -0.175562260079 0
-0.023365149483 0.951422864823 -0.133119704264 0
-0.110938666844 0.717063333340 -0.089367074827 0
0.035300099042 0.712707740468 -0.089702602660 0
-0.033339921959 0.865196384322 -0.088451450946 0
-0.137941465899 0.919255615248 -0.039182798239 0
0.206512615630 0.870142141940 -0.103592484638 0
-0.156849186806 0.788612965199 -0.185881458184 0
0.356590708597 0.973008004198 -0.180016833798 0
-0.175415678110 0.697105464029 -0.253312945568 0
0.459067145291 1.012655667381 -0.214541978075 0
-0.123036981945 0.427836258602 -0.191272296883 0
0.035300099042 0.712707740468 -0.089702602660 0
-0.149675731282 0.094421708865 -0.014357000039 0
0.040695821408 0.075888936334 -0.078177821299 0
-0.158265425373 0.048764067003 -0.109498725035 0
0.071448666522 0.036032095421 -0.171323114740 0
-0.004426532298 1.188876971010 -0.307006508849 0
-0.087775594364 1.108843206645 -0.156069325698 0
0.097191882843 1.073482733402 -0.124120532739 0
0.015062725390 1.124798530491 -0.162815393743 0
-0.026061810774 0.948857137149 -0.119454419957 0
-0.119564509311 0.716610049712 -0.079538598737 0
0.026215467215 0.709556730227 -0.069374468456 0
-0.039410851813 0.863289333305 -0.074402128909 0
-0.166616812220 0.920422185664 -0.039340955338 0
0.201578555259 0.864557335231 -0.095879926368 0
-0.188907991197 0.787526666910 -0.183519265726 0
0.316914868651 0.973853923956 -0.212915353728 0
-0.211919719942 0.696082130044 -0.249653219776 0
0.399462641054 1.018444547175 -0.279720177304 0
-0.127931078163 0.424250877505 -0.172487290090 0
0.026215467215 0.709556730227 -0.069374468456 0
-0.168423390735 0.100148555524 0.018541411181 0
0.039212352253 0.070112071217 -0.081742244292 0
-0.176327632705 0.044879371247 -0.071420754024 0
0.068767626688 0.030912960452 -0.175551979439 0
-0.003367170264 1.185153523562 -0.293683595438 0
-0.086496023018 1.104264046580 -0.151521448916 0
0.096202349185 1.066257760211 -0.110767515919 0
0.016862614790 1.117793618537 -0.154643063273 0
-0.029909927507 0.944508752461 -0.106565418888 0
-0.128351801829 0.715462314952 -0.065345683102 0
0.016698350906 0.707065755083 -0.048175610587 0
-0.046953227215 0.861375444571 -0.058314678641 0
-0.175753980238 0.917467587258 -0.039789488022 0
0.181192083625 0.847831824394 -0.090499639124 0
-0.181607854411 0.779047240020 -0.180327882700 0
0.265601578621 0.928535132655 -0.249582994449 0
-0.196408110173 0.684880661357 -0.244972687231 0
0.323936626585 0.953358193216 -0.345740057134 0
-0.138627608746 0.421391206719 -0.152523291277 0
0.016698350906 0.707065755083 -0.048175610587 0
-0.196179767991 0.110963544785 0.056034429443 0
0.034516660098 0.069105455812 -0.081138196484 0
-0.196310565985 0.048000374980 -0.029088852215 0
0.063597440018 0.029644338410 -0.174986368512 0
0.001826514932 1.175805461221 -0.286216923258 0
-0.093934699752 1.097084890951 -0.147569940106 0
0.088370632539 1.061900271792 -0.102727276746 0
0.009434148952 1.110599383800 -0.150405677008 0
-0.037626785613 0.940377750554 -0.092642025581 0
-0.135861757622 0.713012143429 -0.047713446513 0
0.008553197353 0.705334992161 -0.025572025060 0
-0.054975725699 0.859234729172 -0.041216552914 0
-0.184472465920 0.906540681976 -0.043455826988 0
0.156825843122 0.836830943932 -0.101457226427 0
-0.169760086185 0.767972047863 -0.183197661361 0
0.218045005560 0.855133907431 -0.288172829494 0
-0.173305608924 0.673146718489 -0.248473453491 0
0.254981755059 0.840666267033 -0.396301025532 0
-0.145423998750 0.416727269285 -0.127131210080 0
0.008553197353 0.705334992161 -0.025572025060 0
-0.212806974015 0.112398748177 0.087385905986 0
0.040900056327 0.068349701441 -0.080462084959 0
-0.208405191611 0.044969159801 0.005873785026 0
0.070222877510 0.029673736275 -0.174561462303 0
-0.003505173560 1.165797386022 -0.283669005688 0
-0.106410008089 1.092055839019 -0.134745482463 0
0.076734161126 1.059934039003 -0.091036681175 0
-0.003266101533 1.106959029522 -0.138622498854 0
-0.047474616073 0.936816800954 -0.078422791932 0
-0.143946613934 0.710575138693 -0.029097027004 0
-0.000439573339 0.704899103271 -0.001197701966 0
-0.064562736784 0.857670067230 -0.023892565897 0
-0.190867701955 0.892407876637 -0.043358829767 0
0.134538159278 0.833525556741 -0.118273204171 0
-0.155997074015 0.758635983805 -0.184194268299 0
0.176072649707 0.781006942045 -0.303913129743 0
-0.148201711507 0.665443290862 -0.251422961326 0
0.196691171206 0.726103068394 -0.403038222883 0
-0.151213034229 0.410013569033 -0.090686687272 0
-0.000439573339 0.704899103271 -0.001197701966 0
-0.226143659141 0.098200120089 0.110140805140 0
0.047416575518 0.068287547895 -0.078040848791 0
-0.214948020075 0.033795479530 0.026851845004 0
0.076260950081 0.029442185588 -0.172218292075 0
-0.017149266864 1.159848892049 -0.272973765823 0
-0.120960827954 1.081918325870 -0.124127655735 0
0.064481995557 1.053117233874 -0.088553615034 0
-0.018302713733 1.097467399354 -0.133891860838 0
-0.057676385072 0.929650972620 -0.064507883316 0
-0.153540536120 0.707100066625 -0.006099945993 0
-0.010984250093 0.702042174317 0.026411335977 0
-0.073515748097 0.853935135995 -0.004959738566 0
-0.194339077068 0.871274488893 -0.049369795093 0
0.107097010529 0.825256002797 -0.128642904105 0
-0.146907173643 0.744671376207 -0.193131289057 0
0.141582241854 0.731669373599 -0.298930344649 0
-0.131266436418 0.654462249293 -0.263009923997 0
0.156069494689 0.655907723018 -0.384461828134 0
-0.157052806426 0.405530129505 -0.062902949916 0
-0.010984250093 0.702042174317 0.026411335977 0
-0.223293918850 0.084017645834 0.125287764703 0
0.045352946011 0.067895206208 -0.076241919515 0
-0.216908026659 0.030732002570 0.034017772137 0
0.076356124102 0.030800051996 -0.170439071396 0
-0.034349175366 1.150983805354 -0.269262295119 0
-0.137943540210 1.072946833404 -0.112042942219 0
0.049435841282 1.050086645179 -0.082880719224 0
-0.036208326059 1.091257470887 -0.125843976947 0
-0.068101484575 0.923607971387 -0.052337193785 0
-0.158366176314 0.703551430593 0.019464694003 0
-0.015060123804 0.701487828950 0.048858184408 0
-0.080013474831 0.851097582962 0.011928683152 0
-0.192747320154 0.853672933531 -0.046778604595 0
0.083200199243 0.818634650044 -0.108057559903 0
-0.139551165099 0.738016826477 -0.197574276746 0
0.110523298801 0.708693511807 -0.269649314349 0
-0.119026656551 0.652664518306 -0.272133453910 0
0.122076700693 0.625452046022 -0.348406664098 0
-0.158371921462 0.402636796646 -0.040815711735 0
-0.015060123804 0.701487828950 0.048858184408 0
-0.213200927396 0.073032315235 0.136747159221 0
0.044572143358 0.067131580663 -0.064146880007 0
-0.214138544646 0.028712190243 0.040595204821 0
0.081253002190 0.038868377469 -0.159362723651 0
-0.053742656312 1.143870114126 -0.262791381701 0
-0.155689602028 1.063122753091 -0.103782758074 0
0.033498187247 1.051875944157 -0.080001552428 0
-0.055629842151 1.086424795510 -0.121695353513 0
-0.075699198462 0.920494358813 -0.040509846627 0
-0.155203666612 0.699204138371 0.038012520855 0
-0.010911274467 0.701526282712 0.062078547337 0
-0.081334107297 0.848703321468 0.025399558160 0
-0.187769533225 0.835591404054 -0.053341758414 0
0.067609255661 0.819153357858 -0.075466790527 0
-0.133716730825 0.734713317258 -0.214113045989 0
0.083312881151 0.709977539838 -0.239111337204 0
-0.110822912390 0.656281976802 -0.295290264297 0
0.090518148354 0.627278900127 -0.318950938750 0
-0.157108281498 0.400022910901 -0.030327144374 0
-0.010911274467 0.701526282712 0.062078547337 0
-0.209907452309 0.064440416410 0.136317820006 0
0.043735934723 0.071270555390 -0.049892026285 0
-0.212415273917 0.025484428834 0.037897838280 0
0.100918081212 0.055675684535 -0.137626586557 0
-0.075865465877 1.137164560697 -0.260386846224 0
-0.164506116135 1.055413875054 -0.093667607456 0
0.025338607208 1.053673797839 -0.072691210867 0
-0.065982013593 1.083340896422 -0.113387762087 0
-0.076710705383 0.917617642561 -0.030036255108 0
-0.150412954284 0.696596342143 0.051699833744 0
-0.005537027461 0.699975113261 0.071809785233 0
-0.077989076638 0.846605102037 0.036936423913 0
-0.181410610661 0.824310237283 -0.053056304827 0
0.062687538475 0.824392129972 -0.035557596165 0
-0.128033912376 0.742286552545 -0.224428834637 0
0.073709959379 0.714677549195 -0.199224079457 0
-0.103573279141 0.673237100557 -0.313306241566 0
0.079199044618 0.631740497897 -0.278952733816 0
-0.157383323307 0.400805020766 -0.029800181141 0
-0.005537027461 0.699975113261 0.071809785233 0
-0.212785566449 0.064285625277 0.134087570429 0
0.050913562315 0.078525010624 -0.024634750424 0
-0.215307661458 0.025190738225 0.035723045404 0
0.119268667073 0.059269057801 -0.103165883579 0
-0.089148191925 1.134265041667 -0.253021686725 0
-0.172092348964 1.053674235718 -0.084087500079 0
0.017655564896 1.062748073068 -0.064151333810 0
-0.075447795733 1.087299738028 -0.104211061597 0
-0.076170469823 0.920869911301 -0.021583185361 0
-0.142775736471 0.696514246006 0.057812870668 0
0.002304838695 0.703244414610 0.075453504331 0
-0.074361513548 0.848471738786 0.043876628064 0
-0.178159346417 0.821912693836 -0.044166196570 0
0.062717487131 0.840843071366 -0.000342834287 0
-0.127080039641 0.771001964539 -0.227862965221 0
0.077215889553 0.726123933103 -0.160264116156 0
-0.101313773187 0.718324788362 -0.326991959383 0
0.086159821719 0.640968300381 -0.237295714567 0
-0.149108907937 0.401584432131 -0.026801785858 0
0.002304838695 0.703244414610 0.075453504331 0
-0.205131296652 0.064391203831 0.135482304402 0
0.078963513880 0.089959742264 0.011113035306 0
-0.208825769131 0.024997320193 0.037274240857 0
0.143610747352 0.053612320809 -0.064451183066 0
-0.103492522205 1.139478508457 -0.242732621771 0
-0.169894325848 1.057051269237 -0.074479202200 0
0.019326874217 1.072688493920 -0.053625648206 0
-0.074582221922 1.095075793848 -0.093067913192 0
-0.069035484411 0.925857999767 -0.016508476918 0
-0.133288893301 0.699150783317 0.057030481232 0
0.011389074389 0.706165970140 0.077620120250 0
-0.065233604906 0.851556294774 0.046694032742 0
-0.170392853356 0.826078310162 -0.029811821778 0
0.069039076333 0.859178606756 0.031733336506 0
-0.129043626120 0.806615707947 -0.221793459632 0
0.096317603428 0.740055559530 -0.123221761281 0
-0.105540738909 0.771534854438 -0.328948911525 0
0.113849429157 0.653217452035 -0.196822855253 0
-0.139782734009 0.402455921946 -0.021157328180 0
0.011389074389 0.706165970140 0.077620120250 0
-0.199942098283 0.064314564842 0.137635558014 0
0.113650637533 0.098491430098 0.047752259292 0
-0.203491702950 0.024942232313 0.039413510193 0
0.177527856923 0.057496169242 -0.026068065623 0
-0.105217442991 1.150555319836 -0.229545244940 0
-0.157533349164 1.060843875277 -0.067178753618 0
0.031173762116 1.078076949089 -0.043164104270 0
-0.062452316941 1.100571528885 -0.083213486329 0
-0.055866102189 0.929104524902 -0.011922086190 0
-0.120622623853 0.700757884614 0.057706765583 0
0.023663713408 0.707534493208 0.080953074362 0
-0.052246688791 0.853137409270 0.049279646377 0
-0.163613783500 0.832670758017 -0.010222734576 0
0.082105285001 0.873055380080 0.060354335851 0
-0.132242126520 0.842495245107 -0.204811530098 0
0.121987976055 0.750999881918 -0.089503353555 0
-0.111216928037 0.824192752798 -0.316562604655 0
0.146006037616 0.662804477008 -0.159575074899 0
-0.131895511805 0.402610534323 -0.014157159888 0
0.023663713408 0.707534493208 0.080953074362 0
-0.202285126551 0.064219773812 0.139826289017 0
0.142906803038 0.100068270105 0.080648631332 0
-0.206369703499 0.025387106349 0.041410380196 0
0.205048245689 0.056170068160 0.007016166267 0
-0.093275254214 1.162862058669 -0.217428890885 0
-0.142289911219 1.064649916226 -0.061238680241 0
0.046128999114 1.082532828340 -0.035498211181 0
-0.047320943008 1.105178220351 -0.075872662770 0
-0.040285425166 0.932563986137 -0.007450421876 0
-0.104433850706 0.702345653358 0.058425418247 0
0.039215141890 0.710296401884 0.085007610410 0
-0.037250074704 0.855360682466 0.052216917849 0
-0.157625917051 0.839829519388 0.006322605404 0
0.097924216319 0.886456689945 0.083729867115 0
-0.133098901236 0.881475813319 -0.185013518860 0
0.148419572610 0.764963216979 -0.063358731257 0
-0.118587460967 0.881789872835 -0.299270520085 0
0.178962151090 0.677382480713 -0.131638365085 0
-0.118015763680 0.402563112378 -0.005834242787 0
0.039215141890 0.710296401884 0.085007610410 0
-0.198338247122 0.063250694125 0.141098696586 0
0.170951941777 0.099357559084 0.112811643436 0
-0.202288040576 0.025784377384 0.042149087280 0
0.225028724233 0.052182165231 0.034962206995 0
-0.078362345809 1.171234651912 -0.209025117658 0
-0.119768287913 1.064702706259 -0.055910189067 0
0.068893309590 1.079593890327 -0.030043022065 0
-0.024169639056 1.103766750067 -0.070425719405 0
-0.019869587885 0.930946017413 -0.002298783922 0
-0.085607223122 0.700582832512 0.062173001239 0
0.057766333087 0.708116796055 0.090317684383 0
-0.017982150303 0.853442778807 0.057026088308 0
-0.144774193815 0.840386936911 0.010430383129 0
0.117266362239 0.888353127715 0.098140244082 0
-0.108162031516 0.888974084789 -0.177304374932 0
0.173192389878 0.769785543910 -0.049370800435 0
-0.085718902696 0.893435828897 -0.290183698416 0
0.207285734739 0.683863843690 -0.118076317886 0
-0.107951072483 0.400501887793 0.001877700555 0
0.057766333087 0.708116796055 0.090317684383 0
-0.202038474719 0.061933471538 0.142209077857 0
0.180534426468 0.088336224675 0.131808632735 0
-0.206637006820 0.026056954312 0.042699882531 0
0.222007415470 0.043530520483 0.045305505650 0
-0.053171371386 1.172714611295 -0.203217556781 0
-0.093525566998 1.063947797827 -0.052002329326 0
0.094675767633 1.075468896353 -0.021480566669 0
0.003110731582 1.101189968161 -0.064259912632 0
0.002517073812 0.928588588512 0.004552780435 0
-0.063603971333 0.696492060719 0.067252591831 0
0.079433062346 0.705914840900 0.096518247911 0
0.002000529668 0.850251726360 0.062800733964 0
-0.119465219526 0.838358902085 0.009485196011 0
0.137338931606 0.882697702967 0.106437581643 0
-0.066182129365 0.868758959556 -0.178084123335 0
0.192682154165 0.766913080208 -0.043484229980 0
-0.032754007733 0.862307713979 -0.288112687697 0
0.226240367578 0.682239508962 -0.113979446171 0
-0.095150230474 0.397373238459 0.006292703572 0
0.079433062346 0.705914840900 0.096518247911 0
-0.204731976663 0.061241281896 0.141129849340 0
0.177222821455 0.073579922709 0.134725997837 0
-0.209884957939 0.026736972758 0.041163603161 0
0.219464200366 0.038028523560 0.044381574288 0
-0.021699988910 1.170361137423 -0.198030371710 0
-0.068951397263 1.060176271102 -0.049116158006 0
0.118010349516 1.071354033507 -0.011640580187 0
0.028273154231 1.096766064717 -0.058301765932 0
0.024167120256 0.925354927125 0.013309251432 0
-0.043025119691 0.692651928452 0.072822460892 0
0.098749341383 0.704141019393 0.107069554089 0
0.020095306198 0.847510111404 0.072074546256 0
-0.091016017065 0.830419915650 -0.003628787124 0
0.157182633440 0.870383536228 0.104205535946 0
-0.019079821076 0.816609518942 -0.186877136095 0
0.204868298104 0.759589916285 -0.051987779904 0
0.025726475837 0.784400772558 -0.287972809958 0
0.233949070092 0.677103185489 -0.126925025675 0
-0.074715587767 0.394559387329 0.007096549472 0
0.098749341383 0.704141019393 0.107069554089 0
-0.197068327244 0.064080236876 0.144890763640 0
0.182513445341 0.069628919400 0.136572501945 0
-0.204946927561 0.030961762316 0.044633867417 0
0.221591275154 0.037389852287 0.043599835483 0
0.006871046995 1.164533280797 -0.192699678663 0
-0.042477385256 1.056640152929 -0.048001710025 0
0.140168732362 1.065420020759 0.007201240114 0
0.055606857750 1.092068902485 -0.047707122345 0
0.042647362733 0.920500785616 0.022458454518 0
-0.027530466283 0.687856634069 0.080058237175 0
0.113904592771 0.699949570054 0.115480622550 0
0.034514752249 0.843144327873 0.081446537824 0
-0.061658690368 0.823446850856 -0.023570323868 0
0.175302560738 0.851023224484 0.097442910519 0
0.030810063172 0.756856893432 -0.184693903583 0
0.212618639389 0.742736408492 -0.063264825784 0
0.086509749960 0.694708571782 -0.264069427949 0
0.235491569752 0.661241537001 -0.141372173953 0
-0.056703231716 0.393754802996 -0.002624330448 0
0.113904592771 0.699949570054 0.115480622550 0
-0.182396066626 0.071707265052 0.151195699966 0
0.179616156091 0.067209058867 0.141063042335 0
-0.200744985669 0.037567187275 0.052665891280 0
0.218484158710 0.035272578718 0.047898185503 0
0.042180349453 1.156956185080 -0.182867300353 0
-0.019454060178 1.056340149476 -0.046015999278 0
0.159243242269 1.059751864505 0.021361225086 0
0.079353690705 1.088948708807 -0.038979520989 0
0.056846334193 0.917641979384 0.029388591245 0
-0.016381372955 0.684220109584 0.083335864634 0
0.124834844628 0.697004697291 0.119382981365 0
0.044312350084 0.839998825856 0.087217605007 0
-0.039440756340 0.822401188889 -0.031284199543 0
0.187822542659 0.832988974404 0.077090449818 0
0.067191183034 0.724063499798 -0.165093127350 0
0.216612664781 0.726110112827 -0.086291123707 0
0.127134693698 0.645161816035 -0.223801241691 0
0.233616240768 0.645075788866 -0.166351473472 0
-0.037156229375 0.399348973962 -0.028914684151 0
0.124834844628 0.697004697291 0.119382981365 0
-0.150296020096 0.084447794097 0.147750371464 0
0.179050614031 0.066285094830 0.136961717361 0
-0.172057737940 0.042805623583 0.052867769204 0
0.218656458070 0.035847468985 0.043606058769 0
0.074075513253 1.152074271372 -0.173653677501 0
0.001772333119 1.064226629241 -0.046413390648 0
0.177549936030 1.059040260008 0.028147939496 0
0.101423347800 1.092658420493 -0.034703978956 0
0.069356249913 0.921061076163 0.028957846855 0
-0.009507601237 0.687202724530 0.076864467723 0
0.130409369798 0.699001066927 0.117960705374 0
0.051671551659 0.842658943655 0.084366437758 0
-0.026329803745 0.832530809823 -0.016896473544 0
0.194774931662 0.826918561735 0.062305631798 0
0.081074225347 0.728436757305 -0.145637700494 0
0.220228202848 0.723521444786 -0.103846912401 0
0.139153942344 0.648091141363 -0.204260830170 0
0.233436116083 0.644054281960 -0.186162548345 0
-0.017971929471 0.409935400346 -0.054415882520 0
0.130409369798 0.699001066927 0.117960705374 0
-0.116495166029 0.093477931590 0.128126576997 0
0.176828849402 0.065811436888 0.135575454851 0
-0.126160576866 0.046451594543 0.033757861855 0
0.217275047155 0.036387264514 0.042255177807 0
0.102863086276 1.154173718626 -0.168497180845 0
0.015869512167 1.074005923124 -0.045651314226 0
0.193003648686 1.059087309756 0.024241380090 0
0.116954580240 1.097676142094 -0.035785638913 0
0.078765564831 0.926066902989 0.024369523536 0
-0.004537536263 0.692605633199 0.068836230002 0
0.134990586415 0.702394203226 0.111742491720 0
0.058423927610 0.847244139160 0.078248504387 0
-0.025730549038 0.848478015492 0.006794171896 0
0.199617183768 0.825633400077 0.052516182240 0
0.075582938533 0.738125641457 -0.121671510417 0
0.222043295410 0.726865406566 -0.116857528015 0
0.128595729424 0.655172106111 -0.181451923899 0
0.232395821141 0.649704802776 -0.201736319797 0
-0.002791081550 0.419181859780 -0.070518476762 0
0.134990586415 0.702394203226 0.111742491720 0
-0.083914305704 0.092506720401 0.102329094858 0
0.177250632756 0.065851400086 0.139709782699 0
-0.086650620068 0.048335808556 0.006142848072 0
0.218573638898 0.036355995282 0.046797021471 0
0.120806348537 1.158114150595 -0.169880260452 0
0.027591355817 1.082367791495 -0.044170770901 0
0.205785294316 1.057949382392 0.020130999240 0
0.129802483756 1.101572234260 -0.036432779783 0
0.086168841217 0.929746860982 0.019235180032 0
0.000014638582 0.696233630929 0.063311472566 0
0.140599661751 0.704970107211 0.102863788031 0
0.064192375146 0.850428932403 0.071727617822 0
-0.028313586921 0.865980045451 0.029279293543 0
0.203038100706 0.824188886439 0.046444772942 0
0.065019971940 0.755959820426 -0.105368014737 0
0.227736966225 0.734317757054 -0.127505354670 0
0.110834570089 0.673241808081 -0.171125872753 0
0.239737886980 0.661650440275 -0.216053544001 0
0.006811085725 0.429942218822 -0.089089434310 0
0.140599661751 0.704970107211 0.102863788031 0
-0.058688907508 0.085464074695 0.053102219120 0
0.175212416999 0.065514413416 0.137089736560 0
-0.061290776344 0.049947415343 -0.046608101946 0
0.213445281466 0.034747982122 0.043270624859 0
0.136164420179 1.162691301154 -0.169964822273 0
0.030369865910 1.088550306769 -0.047115797067 0
0.211375551110 1.060778098474 0.007195366019 0
0.133136906496 1.106131710085 -0.044742733733 0
0.089900241486 0.934407067301 0.011542373293 0
0.003786386601 0.700981319889 0.057500234017 0
0.146125665347 0.708460934437 0.090491831557 0
0.069395984280 0.854666289359 0.063989857978 0
-0.035205950940 0.881352440053 0.042955216583 0
0.204374846701 0.827715870588 0.038451074267 0
0.045558021646 0.770202336798 -0.098707537978 0
0.237954076367 0.750012543314 -0.139818746557 0
0.082666346802 0.686849268809 -0.168996805449 0
0.256191144384 0.683434917139 -0.232015123404 0
0.013027528099 0.439843849729 -0.103450588455 0
0.146125665347 0.708460934437 0.090491831557 0
-0.034880863182 0.077910229504 -0.004038578135 0
0.178492891794 0.067478118308 0.140105535550 0
-0.039147786103 0.053107033132 -0.106882857309 0
0.216654385781 0.035675558713 0.046603404451 0
0.139988559454 1.167715401233 -0.178463513481 0
0.031445798256 1.094483833014 -0.050321977568 0
0.214045867616 1.063065420584 -0.003909111957 0
0.134471631009 1.110594671988 -0.051707782781 0
0.091007317084 0.938313559512 0.002669115922 0
0.006527663830 0.703971519494 0.050092429143 0
0.150473672655 0.711928627333 0.075014134422 0
0.071586396840 0.857961478150 0.054593346853 0
-0.039601897462 0.894123402454 0.050434431789 0
0.205549197031 0.831839760865 0.038593030383 0
0.028097068626 0.786529054657 -0.100515252093 0
0.252396266624 0.768091324131 -0.142202405499 0
0.055728984747 0.704846604098 -0.176868361674 0
0.279622633559 0.708614247906 -0.236999795800 0
0.013703380498 0.445945790078 -0.115903282616 0
0.150473672655 0.711928627333 0.075014134422 0
-0.021271762672 0.072393386655 -0.066819186850 0
0.178283159051 0.068548303248 0.139968972472 0
-0.028204537415 0.060804163513 -0.171833364377 0
0.216652802931 0.036421769556 0.046662985516 0
0.141580303707 1.172114677209 -0.185746359928 0
0.028385041046 1.095106510850 -0.057138291951 0
0.212490146393 1.063000534907 -0.017659531103 0
0.131341429305 1.110865322199 -0.062376973511 0
0.089352368307 0.938663343102 -0.006608052375 0
0.007870636075 0.703676086718 0.042018609645 0
0.153142549861 0.710890358806 0.057794723211 0
0.073563962754 0.857429855008 0.045176129981 0
-0.042549329198 0.898181108800 0.050251802437 0
0.204648304125 0.834611666315 0.038206034682 0
0.016357671027 0.799120001692 -0.109942963815 0
0.265536746230 0.791550211891 -0.144506333570 0
0.037954216292 0.721565487406 -0.192309397555 0
0.302240315770 0.743162869508 -0.242367745479 0
0.012889283534 0.448398643477 -0.128250543234 0
0.153142549861 0.710890358806 0.057794723211 0
-0.014471633857 0.071022648951 -0.124694399969 0
0.178563002420 0.069528534465 0.137089791759 0
-0.025253390586 0.072846576382 -0.230007162495 0
0.218388137666 0.035404417553 0.045112326106 0
0.138037929402 1.172504115141 -0.197921568724 0
0.021484534900 1.090371694177 -0.065787262870 0
0.207353727451 1.060037611336 -0.033903995429 0
0.123991712809 1.106944132147 -0.075453419291 0
0.085851290136 0.934763796339 -0.016921244098 0
0.007959855443 0.698402915320 0.032763428328 0
0.153863661552 0.706769687256 0.039614479795 0
0.072394777637 0.852713622793 0.034229964807 0
-0.044912079458 0.893471575946 0.044511260553 0
0.205306308295 0.833441137232 0.029292343277 0
0.009594351362 0.809457682406 -0.125536425237 0
0.278878899942 0.809984856768 -0.152318166926 0
0.028309839100 0.739187239583 -0.214851251806 0
0.327005828054 0.771823358143 -0.249749382016 0
0.009034687452 0.446497868160 -0.142525008893 0
0.153863661552 0.706769687256 0.039614479795 0
-0.017805542010 0.069915017939 -0.167800811586 0
0.174382567767 0.070234303232 0.136917105522 0
-0.033998657181 0.080065559847 -0.271940623667 0
0.214607359591 0.036084927599 0.045123112217 0
0.129159312966 1.168090930492 -0.211717857886 0
0.009932837951 1.082218624639 -0.079754030021 0
0.197337126228 1.055733348650 -0.054020414744 0
0.111717843197 1.100223464598 -0.093590223428 0
0.078717452151 0.928945313351 -0.029546921595 0
0.006985716424 0.690356954037 0.018733080232 0
0.152841686211 0.701541548951 0.021141675243 0
0.068403455037 0.845887642824 0.020700463513 0
-0.044494292196 0.877004661940 0.021581295728 0
0.211170009131 0.828434310747 0.005036591157 0
0.014050078652 0.814588174023 -0.156245134898 0
0.275736605316 0.815650496686 -0.181009718955 0
0.035609086399 0.754703685709 -0.252236801750 0
0.322465544875 0.782968801909 -0.281077975135 0
0.006159557588 0.443037723962 -0.162969589449 0
0.152841686211 0.701541548951 0.021141675243 0
-0.018121119900 0.067168651327 -0.199119224817 0
0.175101372493 0.070658977202 0.134543101314 0
-0.039526793376 0.077760960999 -0.302269363252 0
0.217330290880 0.035748139578 0.043943416941 0
0.113528566534 1.162418552837 -0.230350578383 0
-0.002450058390 1.073867725385 -0.087536155588 0
0.186236170277 1.050586130903 -0.069109801256 0
0.098404495323 1.094493617438 -0.104231465569 0
0.071141841362 0.920552158380 -0.044835405656 0
0.004351914418 0.681037495337 0.002860500164 0
0.150004948012 0.694777547977 0.003985299891 0
0.063037441661 0.837600663336 0.005989027990 0
-0.036362623975 0.853114461623 -0.013631719585 0
0.207246419954 0.820518211936 -0.024711002874 0
0.030589359673 0.819225224136 -0.196154190035 0
0.260978472098 0.813513480945 -0.214472171366 0
0.058278801577 0.773370207282 -0.298114746611 0
0.302795171103 0.783610346571 -0.317537728657 0
0.002422237082 0.438455844423 -0.185112272485 0
0.150004948012 0.694777547977 0.003985299891 0
-0.017135762374 0.061793995679 -0.215398301571 0
0.175233783144 0.070955551510 0.133116027151 0
-0.040353748452 0.068876035043 -0.318457123519 0
0.220715272049 0.034620843115 0.044676363690 0
0.094026942520 1.161767221634 -0.239414381878 0
-0.014592811700 1.065875975858 -0.100668524240 0
0.174938346101 1.043847290545 -0.091908769090 0
0.085150778288 1.087377956098 -0.122225029179 0
0.062118839544 0.912778747927 -0.062967778844 0
-0.003666262328 0.673992984328 -0.010936904651 0
0.141959782188 0.687379264273 -0.015263922522 0
0.055445432835 0.830427029634 -0.010973403984 0
-0.016312676034 0.832315011995 -0.072557148370 0
0.191846335980 0.810486835207 -0.067394508136 0
0.050141814196 0.829583249639 -0.258357683767 0
0.227515214094 0.809067750493 -0.261485255169 0
0.080480388523 0.800367855055 -0.365555512513 0
0.257914798344 0.782017907779 -0.369232710579 0
-0.009563708092 0.439234053493 -0.208514253552 0
0.141959782188 0.687379264273 -0.015263922522 0
-0.021874774190 0.061298921831 -0.222202975460 0
0.168529852601 0.071160910060 0.132078780537 0
-0.048082279723 0.055496321670 -0.324622931647 0
0.215891919975 0.033449906369 0.045216442812 0
0.073097589479 1.163393462854 -0.253830799087 0
-0.031997949960 1.058421024243 -0.118743905665 0
0.158241433469 1.041303328753 -0.118611400301 0
0.066061620889 1.082331229368 -0.144981749687 0
0.050294650243 0.907576606431 -0.083834388238 0
-0.011562592812 0.668893695090 -0.026082663408 0
0.133658590267 0.682603238125 -0.037383850551 0
0.046960026673 0.825467423799 -0.031139822169 0
0.004988302888 0.827960964855 -0.148139642675 0
0.167550962754 0.806266476894 -0.114745891301 0
0.062590987625 0.846328565678 -0.335996137645 0
0.172479543873 0.813349303770 -0.311903298980 0
0.094782360164 0.831456124401 -0.445576559642 0
0.183536260633 0.791171510928 -0.424381018462 0
-0.025676773986 0.439582096995 -0.229553361891 0
0.133658590267 0.682603238125 -0.037383850551 0
-0.025027555203 0.061206588878 -0.231890148726 0
0.169645568694 0.073380226446 0.130364904393 0
-0.050950803638 0.043266413912 -0.332966784271 0
0.216517748148 0.037674229183 0.042396549328 0
0.045057107464 1.169060469226 -0.272313520603 0
-0.042998060203 1.055396227331 -0.137355477518 0
0.147208124964 1.038717833385 -0.142598984343 0
0.054267050539 1.079871399180 -0.165925846757 0
0.040505993707 0.904302029181 -0.106656925335 0
-0.020596373245 0.665735691687 -0.047444983007 0
0.124449576921 0.679165664922 -0.061089343582 0
0.038095287762 0.822194313421 -0.053909732144 0
0.006317262464 0.834782596675 -0.202482707971 0
0.140799900145 0.804261991416 -0.160856148659 0
0.043851592123 0.877148979443 -0.391537632423 0
0.129856968040 0.827068630469 -0.356574339441 0
0.066702317037 0.876881885616 -0.504423042873 0
0.128973525683 0.814176586496 -0.471022395748 0
-0.046823678846 0.437021609191 -0.250386701687 0
0.124449576921 0.679165664922 -0.061089343582 0
-0.034715672925 0.059059701134 -0.237268033656 0
0.164980882800 0.083681916690 0.127448704145 0
-0.063757090945 0.031529692179 -0.335293773064 0
0.209636051394 0.043353998027 0.040328523736 0
0.026643999656 1.178235137331 -0.285629415020 0
-0.054980207221 1.056820979070 -0.152872226809 0
0.135042095553 1.039838350876 -0.162208760007 0
0.041806237658 1.081919784350 -0.182507271338 0
0.028621730804 0.904648226561 -0.128398686148 0
-0.033159941602 0.666711562519 -0.069812838184 0
0.111653006188 0.678123847513 -0.087243567359 0
0.027745487655 0.822336109215 -0.075922954462 0
-0.024696434304 0.845602259858 -0.251935221815 0
0.122432645072 0.806839657388 -0.192151068186 0
0.031411759060 0.926164644414 -0.423128310411 0
0.111348304939 0.866494045541 -0.379938160738 0
0.061537050672 0.948853577744 -0.531953959825 0
0.107719056649 0.876387081980 -0.494630354229 0
-0.062459189492 0.434388803202 -0.268183788297 0
0.111653006188 0.678123847513 -0.087243567359 0
-0.030294256997 0.058404237449 -0.240346212376 0
0.173470742135 0.116261574230 0.105545346864 0
-0.056148347913 0.026156808963 -0.337824519087 0
0.217785292081 0.053423375830 0.032758449519 0
0.005351869721 1.190148155291 -0.292555815940 0
-0.064359515465 1.061639468325 -0.167645744668 0
0.125175957962 1.043949858455 -0.183375909309 0
0.031587595634 1.086959747220 -0.199721236114 0
0.019107822828 0.908518799009 -0.149423535513 0
-0.048078364306 0.671550891462 -0.094443034399 0
0.096447106572 0.676643292001 -0.116608686666 0
0.019732744949 0.824312551762 -0.100040620683 0
-0.051192481130 0.868227793595 -0.300921715916 0
0.116089029507 0.814720359897 -0.235483451463 0
0.006985681897 0.982910962961 -0.450616648236 0
0.093664373194 0.916160188307 -0.403270807222 0
0.035644024138 1.027868018752 -0.552709279778 0
0.081076459132 0.953058696284 -0.511646945690 0
-0.075935125166 0.433464309950 -0.286073211695 0
0.096447106572 0.676643292001 -0.116608686666 0
-0.029521679279 0.060113613676 -0.245712874325 0
0.172234213833 0.153921847452 0.062044176953 0
-0.054199706664 0.023903875949 -0.342098562050 0
0.213923478083 0.072488292801 0.008743779549 0
-0.005800742421 1.202181136644 -0.302436758656 0
-0.062808637770 1.065705443724 -0.180126173379 0
0.124062120443 1.037740037781 -0.208078129647 0
0.032278362335 1.086315229783 -0.217669494124 0
0.012661059755 0.907749911147 -0.170168295893 0
-0.063381576448 0.673209170228 -0.114562659857 0
0.079281959119 0.671874518941 -0.146969368134 0
0.011264942621 0.822651366177 -0.122355709883 0
-0.074868331585 0.895215118058 -0.341778713931 0
0.106764081972 0.814559124074 -0.280431352446 0
-0.016865784667 1.026685231865 -0.477044431975 0
0.080132135375 0.953976140940 -0.417541292201 0
0.007398557188 1.083936044691 -0.573992505734 0
0.060908658038 1.016576946606 -0.512288006708 0
-0.105795150164 0.426843721939 -0.292575296842 0
0.079281959119 0.671874518941 -0.146969368134 0
-0.065950981285 0.056329223058 -0.226960088810 0
0.140358452079 0.175435594151 0.027911901120 0
-0.095148410887 0.015077831964 -0.319998703255 0
0.164855148597 0.084495634766 -0.020463573937 0
-0.002537358092 1.204180382272 -0.318850453945 0
-0.079720149772 1.065325837002 -0.179382977248 0
0.108072753489 1.048158452586 -0.209766565926 0
0.014348197057 1.093659075636 -0.214371196928 0
0.002197597996 0.910434892674 -0.185945202943 0
-0.069391339053 0.671846454655 -0.141887268382 0
0.071930775585 0.671219950355 -0.179736017669 0
0.005744175615 0.821173016819 -0.146581587942 0
-0.090458819792 0.933583083708 -0.373991453805 0
0.104679784468 0.846266353186 -0.330481101870 0
-0.035087467035 1.087445655383 -0.484471420689 0
0.076101389322 1.016988069602 -0.425259114225 0
-0.014044014704 1.160622281789 -0.570887260224 0
0.053322677130 1.102091479529 -0.499447271975 0
-0.090117256293 0.427271584993 -0.326107011506 0
0.071930775585 0.671219950355 -0.179736017669 0
-0.024433481743 0.061154528008 -0.256696280739 0
0.160023899997 0.178433304635 -0.048896955091 0
-0.049427502090 0.022005075877 -0.351843378882 0
0.175645579605 0.089582366787 -0.104321001407 0
-0.024931830722 1.216446171717 -0.307327150345 0
-0.082429280079 1.064522227350 -0.190088053725 0
0.104108780884 1.045533792081 -0.226516712804 0
0.011092487989 1.092690508610 -0.226639779147 0
-0.003419191507 0.908706928587 -0.205047445933 0
-0.075769305475 0.668753505690 -0.166704385412 0
0.064484957520 0.667984857809 -0.208333837824 0
0.000337077456 0.817622195838 -0.170130161051 0
-0.101216169126 0.966633760607 -0.403181535807 0
0.105237385119 0.873918206793 -0.387422736202 0
-0.039127821361 1.128277893642 -0.497847855470 0
0.072024711803 1.059063454082 -0.447119105343 0
-0.016489962958 1.208874512326 -0.576949405924 0
0.041845191057 1.154604053266 -0.503921687114 0
-0.097910161107 0.420122328668 -0.345241957359 0
0.064484957520 0.667984857809 -0.208333837824 0
-0.023688374939 0.060802441506 -0.252752756107 0
0.147224658003 0.164125527268 -0.108397412140 0
-0.048555313860 0.021104678994 -0.347705765224 0
0.154041122651 0.082984103188 -0.176072784678 0
-0.029926423307 1.218380767020 -0.314593525880 0
-0.084081080342 1.060943777124 -0.196840862520 0
0.101267320996 1.040416498545 -0.238176767246 0
0.009328023362 1.089412468882 -0.233447893783 0
-0.008824723441 0.904774244566 -0.223153268083 0
-0.083744644689 0.663732097494 -0.190165815827 0
0.055214138948 0.662060993303 -0.235909933230 0
-0.006064769012 0.811786409481 -0.193566107731 0
-0.107858528866 0.997657808806 -0.422170510776 0
0.112589014033 0.914040738851 -0.436280068217 0
-0.034775058743 1.166494096363 -0.493575098513 0
0.063914554560 1.102752133244 -0.467333367117 0
-0.007318575561 1.255531900853 -0.561278523563 0
0.025904629291 1.203023588039 -0.509359832529 0
-0.109953493157 0.414234685141 -0.366935388330 0
0.055214138948 0.662060993303 -0.235909933230 0
-0.027243375485 0.061357265930 -0.258259399052 0
0.128525469936 0.137404895538 -0.178004467588 0
-0.052330518024 0.022479914244 -0.353493519751 0
0.129782060496 0.069081365141 -0.258878858556 0
-0.031518090472 1.218345469527 -0.316606357545 0
-0.085610531512 1.054712877324 -0.209048785929 0
0.098278882987 1.033092188660 -0.255966640963 0
0.007145916388 1.083059047506 -0.247370291798 0
-0.013128916990 0.898439923351 -0.241759093978 0
-0.089950402640 0.657140577993 -0.211472954734 0
0.047374621206 0.654839459795 -0.261885285534 0
-0.010962473990 0.804489921700 -0.215330726746 0
-0.113303894994 1.021807106902 -0.440336959252 0
0.119758005787 0.947430254860 -0.474013910170 0
-0.033768126723 1.193357240983 -0.496818051784 0
0.060715486264 1.135390786350 -0.485429699308 0
-0.003482866298 1.287238373018 -0.556269535445 0
0.017989799604 1.237422004758 -0.517515350777 0
-0.119870662972 0.405904653764 -0.385164153908 0
0.047374621206 0.654839459795 -0.261885285534 0
-0.030206336242 0.060984174719 -0.258026123218 0
0.111790545950 0.111483502428 -0.241744042895 0
-0.055013088955 0.021486515236 -0.353078271302 0
0.105098478112 0.057397639649 -0.332520067350 0
-0.032203141996 1.214761136543 -0.326089628563 0
-0.086686233466 1.048237253711 -0.221608533843 0
0.096856198229 1.025797539029 -0.269490587228 0
0.006519074069 1.076769934565 -0.258682224968 0
-0.016665158133 0.892424802522 -0.261159942207 0
-0.096077421984 0.651552932741 -0.233246687909 0
0.039880101154 0.647472682273 -0.287133271344 0
-0.014813988401 0.797636865095 -0.237888178865 0
-0.118315312986 1.040159974523 -0.454585550127 0
0.128283792389 0.974147573349 -0.496841678270 0
-0.033826121256 1.213775525181 -0.495386503566 0
0.058764109349 1.158576268588 -0.486913395736 0
-0.001268905281 1.312023428132 -0.545910954225 0
0.011096473227 1.261355317022 -0.507640347515 0
-0.125979839507 0.397846408274 -0.403311937567 0
0.039880101154 0.647472682273 -0.287133271344 0
-0.030785501530 0.061063817096 -0.259473724646 0
0.101493321628 0.093255208923 -0.305884984787 0
-0.055629648656 0.020797828410 -0.354193149522 0
0.083376611340 0.049259370170 -0.400470934700 0
-0.030675536497 1.210795877181 -0.333733906317 0
-0.087970242372 1.037493195053 -0.232656498702 0
0.094946632754 1.018114037098 -0.284133883010 0
0.004569151669 1.068116553609 -0.269730374467 0
-0.017896984995 0.883965240647 -0.280234756934 0
-0.094751493249 0.641262597509 -0.260712098971 0
0.041190691241 0.640519954205 -0.314786412400 0
-0.015205664387 0.788362101802 -0.260675832718 0
-0.126011965508 1.050083840260 -0.464471584883 0
0.131717178319 0.991644805285 -0.514982833567 0
-0.036994811731 1.224901486202 -0.485924737375 0
0.052656329274 1.169917395887 -0.484754265294 0
-0.002311651576 1.327457509212 -0.525227197942 0
-0.000322445287 1.271743679606 -0.494241111483 0
-0.128497046918 0.386825139762 -0.428956450957 0
0.041190691241 0.640519954205 -0.314786412400 0
-0.026839591439 0.060849308493 -0.265924471351 0
0.099778256086 0.084968143196 -0.352927326608 0
-0.053124299243 0.020050238819 -0.360024954822 0
0.073618693640 0.044638884102 -0.447264907104 0
-0.029309889746 1.203906527617 -0.342415033821 0
-0.085294416457 1.024570151447 -0.247047140681 0
0.097379224358 1.005109000332 -0.299350683704 0
0.007456733206 1.055451546061 -0.283370211942 0
-0.016614699786 0.871879406394 -0.299137617094 0
-0.095826248030 0.629857861038 -0.283231160418 0
0.038165491135 0.627409077384 -0.341925944769 0
-0.013623887604 0.775487523869 -0.283991168473 0
-0.129880171832 1.053520602444 -0.476215011535 0
0.135712061125 0.995449110457 -0.531258448516 0
-0.035475119175 1.226756677973 -0.480953040608 0
0.051049084017 1.166033256264 -0.479501997153 0
0.002188870998 1.331646857256 -0.510018776360 0
-0.005808027452 1.266152573891 -0.476546667424 0
-0.137940673159 0.374571268369 -0.448271988918 0
0.038165491135 0.627409077384 -0.341925944769 0
-0.031645469431 0.060925858693 -0.265237036373 0
0.093313927431 0.077970826199 -0.374040467965 0
-0.059639570780 0.018956725439 -0.358324484956 0
0.062987548984 0.031589473588 -0.464259267782 0
-0.023524182592 1.192173148382 -0.354166675861 0
-0.079007934537 1.011352553615 -0.259070039641 0
0.100997949063 0.992711980649 -0.320180324970 0
0.012211549532 1.042948586452 -0.298522520401 0
-0.013726030362 0.860114320155 -0.319153769281 0
-0.094562341024 0.618651153587 -0.302991796168 0
0.037307400247 0.615154262855 -0.366261089735 0
-0.010939575473 0.763443465013 -0.305859548156 0
-0.131065167259 1.053871797573 -0.484516462637 0
0.138339792526 0.993971831536 -0.552447263491 0
-0.029527929790 1.223012659239 -0.479314629023 0
0.051034863764 1.158013188481 -0.486010952811 0
0.011756853570 1.328161704905 -0.501777659076 0
-0.008423733580 1.256000241061 -0.474672717094 0
-0.153805271761 0.362857747137 -0.461873364157 0
0.037307400247 0.615154262855 -0.366261089735 0
-0.041759374486 0.062962182242 -0.260174890538 0
0.079272261637 0.077868271538 -0.367652707656 0
-0.073085356894 0.018764196554 -0.351145060525 0
0.050280031033 0.027548391745 -0.456183556530 0
-0.020524445679 1.184728612250 -0.362986190454 0
-0.080810049651 1.003482081100 -0.268610274175 0
0.098799816274 0.990981093175 -0.332391756028 0
0.009277673042 1.038481850635 -0.307789607446 0
-0.013197023188 0.856100239148 -0.335332505518 0
-0.086116999118 0.611332519226 -0.328069053019 0
0.045446203086 0.614550152215 -0.391987994498 0
-0.007687818024 0.759023524570 -0.326642567352 0
-0.136492482209 1.057390700882 -0.490730193689 0
0.139130440049 1.004822068889 -0.563748189707 0
-0.033621237245 1.224950929559 -0.473801594329 0
0.044744074320 1.158941486828 -0.484477011275 0
0.008731700818 1.331028133492 -0.488606941466 0
-0.019342386797 1.252782060541 -0.465709617018 0
-0.150192408433 0.354162355312 -0.482798471637 0
0.045446203086 0.614550152215 -0.391987994498 0
-0.032735408111 0.062153349556 -0.272778232533 0
0.080874812408 0.080117976562 -0.372731493572 0
-0.062409062151 0.017120670276 -0.363892902005 0
0.059640470541 0.029473731831 -0.463255601639 0
-0.026014558573 1.184074858888 -0.365830628082 0
-0.084040831176 1.012479366197 -0.274123218110 0
0.093051084984 1.010803383363 -0.345675299675 0
0.002821685876 1.053180983961 -0.315038780501 0
-0.013465013018 0.871628232648 -0.351095920475 0
-0.083542808648 0.627658277438 -0.340042770073 0
0.043290524728 0.628114293212 -0.412967100789 0
-0.003942459097 0.774542119245 -0.347440454528 0
-0.144934941643 1.070859208375 -0.493731124536 0
0.134751448366 1.030157759190 -0.576392483814 0
-0.042116679662 1.237823054583 -0.471438080464 0
0.034890236123 1.180141747830 -0.495906198073 0
0.000336483777 1.344335114383 -0.482312495018 0
-0.032393987833 1.271617815797 -0.476662886080 0
-0.137732421623 0.360158342787 -0.480366022171 0
0.043290524728 0.628114293212 -0.412967100789 0
-0.019169249913 0.062925625368 -0.278451700714 0
0.097057918706 0.078164600331 -0.376718512541 0
-0.045820254280 0.016377774153 -0.369739007903 0
0.075760900172 0.028974906794 -0.468026573474 0
-0.035100264633 1.199938427479 -0.369758870777 0
-0.075799347124 1.047429387855 -0.283242712018 0
0.097376328443 1.043104543684 -0.363713434513 0
0.009681309009 1.086886935617 -0.328097601994 0
-0.012049668395 0.906105712573 -0.365147425599 0
-0.075951319119 0.658227806138 -0.348494396444 0
0.046204608154 0.664223599115 -0.428786614714 0
-0.004497883292 0.808834245940 -0.361832730926 0
-0.142142080169 1.104125196566 -0.501710463126 0
0.135777413144 1.061956515278 -0.595044130894 0
-0.034679545677 1.268887134178 -0.485873533302 0
0.040606519861 1.222498508106 -0.530901552510 0
0.010094157506 1.374058955391 -0.499999622175 0
-0.022869681628 1.318157550318 -0.521656967708 0
-0.136954643388 0.382089456026 -0.467698214746 0
0.046204608154 0.664223599115 -0.428786614714 0
-0.035439408710 0.071397670691 -0.277069835815 0
0.083827423211 0.079106171132 -0.372529193211 0
-0.062135539645 0.019306612969 -0.365297888263 0
0.059258575264 0.027225869906 -0.461496361287 0
-0.027235046299 1.234130477155 -0.381205549277 0
-0.073197471717 1.089691175105 -0.289580870732 0
0.096726291911 1.087801423764 -0.376795545290 0
0.010063793390 1.130389110038 -0.337403894767 0
-0.011305941003 0.949703529110 -0.375124323050 0
-0.070192485802 0.700833749097 -0.352384774507 0
0.048357944986 0.707094434814 -0.437891847842 0
-0.002774634168 0.852480323228 -0.372974922720 0
-0.142412975034 1.145553859709 -0.507370920543 0
0.121416934149 1.123066763473 -0.608076022694 0
-0.035870042879 1.311571938448 -0.501705067502 0
0.041694822306 1.303552449234 -0.604228572929 0
0.007909269137 1.416290304015 -0.521269796304 0
-0.010030249634 1.402988681008 -0.630729433372 0
-0.120426427492 0.416975682194 -0.457667694437 0
0.048357944986 0.707094434814 -0.437891847842 0
-0.034722985313 0.089893602243 -0.287826179568 0
0.093265625490 0.097556551054 -0.378252522616 0
-0.057835732597 0.025717662965 -0.368805193337 0
0.067839266619 0.036773078380 -0.461133284343 0
-0.026840187438 1.276952092603 -0.390176193962 0
-0.069358315078 1.126761974645 -0.295582939260 0
0.097006005919 1.125039732042 -0.389412586194 0
0.011631062888 1.167474256284 -0.347148747540 0
-0.009787349315 0.986180213146 -0.381796935872 0
-0.069705959584 0.738407260775 -0.352107402557 0
0.048379500166 0.741070498450 -0.438441589161 0
-0.001849969057 0.888934933146 -0.378617566047 0
-0.143114315677 1.185296611117 -0.511169766168 0
0.093377338273 1.197495924097 -0.613200128813 0
-0.040090627171 1.353596861728 -0.513747750309 0
0.039327404517 1.372502726601 -0.686662530689 0
0.000371405267 1.458770845620 -0.537551109398 0
0.003049580332 1.458687128279 -0.753904714178 0
-0.113109496265 0.448553156597 -0.443124299706 0
0.048379500166 0.741070498450 -0.438441589161 0
-0.038195342496 0.108452650606 -0.295160038516 0
0.090220081834 0.114357393326 -0.384818069780 0
-0.063348759284 0.032283516373 -0.364268066662 0
0.068836397855 0.047484855895 -0.464071793588 0
-0.025294083913 1.314786072015 -0.399025591220 0
-0.065271457841 1.152388965226 -0.299822881943 0
0.094677076482 1.153910915077 -0.404217355457 0
0.011286299166 1.194643085423 -0.356649820726 0
-0.008273622428 1.012763749597 -0.389270245006 0
-0.063960171685 0.764771290909 -0.355098178395 0
0.051880693916 0.767387950850 -0.444422908250 0
0.001182922237 0.915657038271 -0.386012138435 0
-0.145275738439 1.216261026442 -0.511633188844 0
0.074604956118 1.242580740466 -0.621193628992 0
-0.043769326800 1.385450489736 -0.515741066364 0
0.049373355942 1.409490038261 -0.723419620859 0
-0.004902348201 1.491219030617 -0.539567870497 0
0.021548660662 1.486934072318 -0.804002192066 0
-0.105501184011 0.471429498192 -0.435149919246 0
0.051880693916 0.767387950850 -0.444422908250 0
-0.033619564816 0.121909952589 -0.309280831446 0
0.090525816811 0.126475232596 -0.403995069041 0
-0.063874362772 0.038029108922 -0.366368502676 0
0.073490903880 0.047659322822 -0.472611503284 0
-0.025628896520 1.343561785529 -0.406762926706 0
-0.062963483856 1.164303090836 -0.309674354724 0
0.095339845949 1.163837025251 -0.416556975479 0
0.012438718327 1.205396273894 -0.368849180579 0
-0.006474674310 1.022561956466 -0.396064458692 0
-0.057394156449 0.774132546658 -0.356217699282 0
0.053677413652 0.777366986213 -0.451388625157 0
0.003816214041 0.925566867731 -0.392088875923 0
-0.152186261699 1.234573571896 -0.515696893861 0
0.074622685643 1.232552438958 -0.640594745542 0
-0.047276358870 1.401610718514 -0.521861688204 0
0.013870924875 1.394180954115 -0.736150736475 0
-0.007222501325 1.506952026076 -0.545615430594 0
-0.025979381564 1.469825361939 -0.813320805168 0
-0.101522176893 0.479522045204 -0.429978898545 0
0.053677413652 0.777366986213 -0.451388625157 0
-0.031077767129 0.125739827719 -0.315743899859 0
0.087736567928 0.129996127743 -0.413329226079 0
-0.065308758605 0.039091224846 -0.366049066422 0
0.073764458236 0.048750498977 -0.479769265946 0
-0.023092100358 1.355144114805 -0.418628198308 0
-0.060888055878 1.158641257305 -0.313398605750 0
0.095366745302 1.159595670014 -0.423251153598 0
0.012702571426 1.200313776343 -0.374420098137 0
-0.003703805915 1.016912290626 -0.399350024588 0
-0.053972761898 0.769046323013 -0.358274247636 0
0.056991720177 0.771576085563 -0.453591320793 0
0.007958164083 0.920114877142 -0.394449608431 0
-0.162010487972 1.235978870407 -0.511229540020 0
0.068313820644 1.223924040879 -0.647915194327 0
-0.054206225918 1.401136013181 -0.518074978268 0
-0.003094772807 1.383779091364 -0.738979327590 0
-0.013371448258 1.506444010616 -0.540615818321 0
-0.048327748079 1.458992882144 -0.813559529288 0
-0.090983087994 0.474236314119 -0.435089862523 0
0.056991720177 0.771576085563 -0.453591320793 0
-0.016030935195 0.119600382671 -0.326510683503 0
0.100376181546 0.127109576189 -0.425140354530 0
-0.050733679714 0.035184687154 -0.380176881556 0
0.083588904238 0.046141067100 -0.491266285879 0
-0.027395922710 1.350394304303 -0.420271037021 0
-0.052907118769 1.150955022842 -0.318615058310 0
0.098432202559 1.148469969756 -0.435123815042 0
0.017879441136 1.190686390876 -0.384086297293 0
0.000790555260 1.006564322418 -0.402356746107 0
-0.048932683965 0.758904674719 -0.356874441175 0
0.060062424036 0.761288666130 -0.454441051410 0
0.012194389623 0.909923770046 -0.394590725316 0
-0.164732352746 1.226893305539 -0.511157067997 0
0.062316669575 1.211354917544 -0.658920782953 0
-0.052995682299 1.389218014492 -0.521697755457 0
-0.009155228894 1.371587870047 -0.749268275517 0
-0.010433723753 1.493599836868 -0.545325233165 0
-0.056471536487 1.446108788737 -0.823248966065 0
-0.092139318181 0.464087827921 -0.430356125123 0
0.060062424036 0.761288666130 -0.454441051410 0
-0.018148856533 0.113079200872 -0.309972311748 0
0.096048607149 0.122699242544 -0.404942844311 0
-0.054947047800 0.032430043956 -0.367868404436 0
0.068248747948 0.041827446516 -0.467370973996 0
-0.023154506512 1.339931274066 -0.432340941200 0
-0.044818709074 1.143476109675 -0.318922423810 0
0.101538990875 1.141095213688 -0.441632696663 0
0.023191154458 1.183268876320 -0.387237839260 0
0.005310300712 0.999171562070 -0.404992539172 0
-0.043370258442 0.751604289840 -0.357637762673 0
0.063805934955 0.754279771153 -0.457191596274 0
0.017226163687 0.902713883114 -0.395844683693 0
-0.165974964498 1.213165228892 -0.508153815660 0
0.059132886685 1.202078454399 -0.664851642784 0
-0.051655360098 1.373015169991 -0.526168396736 0
-0.013561129058 1.360268585299 -0.757786906878 0
-0.007708328631 1.475924769020 -0.553437714908 0
-0.061830228800 1.433502515379 -0.832434266884 0
-0.098411029223 0.458567982072 -0.430326002118 0
0.063805934955 0.754279771153 -0.457191596274 0
-0.021826947692 0.111076206118 -0.301647133221 0
0.090885337906 0.118987977074 -0.390784432223 0
-0.059267664920 0.031651912728 -0.360810679879 0
0.064358403164 0.041912890471 -0.458357383162 0
-0.019743978631 1.331456248823 -0.437339080720 0
-0.042046660771 1.143601511579 -0.320717530711 0
0.104015313723 1.140601528729 -0.443766121819 0
0.025383782979 1.182906040359 -0.389884654953 0
0.009319148434 0.998362220761 -0.404454540972 0
-0.037701635454 0.750871288184 -0.355945538897 0
0.066818140962 0.753341734152 -0.458289926388 0
0.021817150729 0.901907229520 -0.396088569229 0
-0.170516280163 1.205291397628 -0.507890835645 0
0.055921171186 1.200419975404 -0.666145613045 0
-0.057597924913 1.365399230206 -0.531564190837 0
-0.018067010329 1.356874141762 -0.760978853929 0
-0.014707162117 1.467932220483 -0.561775301910 0
-0.067745169454 1.428552953145 -0.836208976655 0
-0.099389905345 0.460732857109 -0.434670328153 0
0.066818140962 0.753341734152 -0.458289926388 0
-0.022163714176 0.111957473444 -0.309907535835 0
0.094879096522 0.116912549425 -0.397199876767 0
-0.058883742522 0.031537366729 -0.368170705115 0
0.065853300539 0.040802813195 -0.464839821761 0
-0.019870245205 1.330314443520 -0.440091848329 0
-0.040100047762 1.143554025756 -0.311706485420 0
0.103572026129 1.145753569863 -0.437553826487 0
0.025685058920 1.185639622274 -0.380821781176 0
0.010715540455 1.001546435316 -0.401129106113 0
-0.030593544338 0.750205413709 -0.362874798010 0
0.072173819689 0.761783476799 -0.466362370994 0
0.023943043788 0.905032706132 -0.394813402311 0
-0.174739605283 1.202887621658 -0.495270221421 0
0.052816323403 1.210597179286 -0.657924187890 0
-0.066464366683 1.365563346004 -0.522812591800 0
-0.022123317626 1.367218920711 -0.751728138057 0
-0.027241930561 1.469082197888 -0.554605526076 0
-0.072553283569 1.438907806038 -0.826446710823 0
-0.095708583195 0.464023562818 -0.452559379781 0
0.072173819689 0.761783476799 -0.466362370994 0
-0.017423176012 0.111430003398 -0.339762730550 0
0.103970809052 0.119877970326 -0.424874667261 0
-0.052732237935 0.029824943431 -0.397245208524 0
0.076097225758 0.043568989964 -0.492774253496 0
-0.022550022749 1.332896445097 -0.428679218744 0
-0.030793564762 1.152872852595 -0.317496517234 0
0.107922376854 1.148305373879 -0.448725636502 0
0.032960355206 1.191447657412 -0.390456944351 0
0.014160655455 1.007077636165 -0.403912128040 0
-0.027706148314 0.755209552161 -0.363889432796 0
0.074692367177 0.768287143057 -0.467563832034 0
0.025894743119 0.910615684868 -0.394576282136 0
-0.170662193748 1.202018426025 -0.500158528788 0
0.054667279146 1.204106280008 -0.670973436650 0
-0.065027230566 1.363434237774 -0.541772120585 0
-0.017124301318 1.357294887428 -0.772584067405 0
-0.028001381683 1.465032305061 -0.581423880933 0
-0.066730646616 1.426013583349 -0.850573132009 0
-0.100601616477 0.466678084113 -0.438850669044 0
0.074692367177 0.768287143057 -0.467563832034 0
-0.029571927436 0.115130189009 -0.318257269876 0
0.094211916982 0.124215431846 -0.404273230119 0
-0.067594593808 0.029799301102 -0.368089662465 0
0.069393255244 0.045441068275 -0.470522642297 0
-0.014534570012 1.336756189499 -0.444740171237 0
-0.032977944315 1.157228556402 -0.313374295517 0
0.107529568083 1.155008088369 -0.442744943445 0
0.031513194401 1.197022209452 -0.385020370126 0
0.014065411575 1.012704153193 -0.400806580079 0
-0.026966111689 0.761240498118 -0.360207831748 0
0.074263588263 0.772707950529 -0.465212144987 0
0.026430965140 0.916128308329 -0.393738754822 0
-0.176710485657 1.201815718305 -0.494197061727 0
0.055313903151 1.207393884750 -0.666067991742 0
-0.077766844824 1.367533259270 -0.535347436045 0
-0.019668906380 1.359581483817 -0.766874805579 0
-0.045043366885 1.470809814048 -0.574443089067 0
-0.070419757622 1.427778877056 -0.844584583049 0
-0.094341748311 0.472632411201 -0.439889950369 0
0.074263588263 0.772707950529 -0.465212144987 0
-0.024206582521 0.115698132433 -0.335712763039 0
0.103639825459 0.125413564837 -0.428452024064 0
-0.062036812936 0.029375229317 -0.383957773192 0
0.081787530479 0.045983383472 -0.494962733223 0
-0.016997522236 1.342505408904 -0.437841063327 0
-0.029276017082 1.160215333550 -0.313438629185 0
0.112040333337 1.154743521410 -0.441827898363 0
0.036392153694 1.198436712492 -0.384871250176 0
0.015789020678 1.014365318008 -0.399703918719 0
-0.025987578782 0.762290201927 -0.359090188388 0
0.074977954599 0.774957399571 -0.464210897998 0
0.026535254081 0.917666246295 -0.391731285684 0
-0.181180537772 1.185098395460 -0.491342482575 0
0.064401242115 1.183062090166 -0.670459713468 0
-0.086744925526 1.351907359531 -0.538269930795 0
-0.025127772678 1.326167480957 -0.772689373490 0
-0.056400244745 1.454580481092 -0.580729008947 0
-0.081103937256 1.389424206845 -0.850987511971 0
-0.098372548876 0.472707101204 -0.430402095893 0
0.074977954599 0.774957399571 -0.464210897998 0
-0.032543745581 0.117310594801 -0.318447644915 0
0.097313158969 0.126432038286 -0.414066998581 0
-0.071610729181 0.030903479041 -0.365542571167 0
0.074985278652 0.045986174125 -0.479184428201 0
-0.010503101351 1.341765906015 -0.444644916964 0
-0.028333993805 1.155041358118 -0.309725245137 0
0.113930464904 1.149286942547 -0.437050680749 0
0.038145926939 1.193193488199 -0.380440426755 0
0.016393826096 1.009351812780 -0.396436048074 0
-0.027144852452 0.756781681730 -0.359515407802 0
0.075667799534 0.770282540764 -0.462724640979 0
0.025925400384 0.912412041822 -0.389987422005 0
-0.189070675588 1.153756163380 -0.481498347313 0
0.076802196462 1.143654523721 -0.669286980168 0
-0.098471024477 1.322799281808 -0.527991659542 0
-0.028473328728 1.278921565592 -0.767089801859 0
-0.069716926953 1.425920384974 -0.570472041110 0
-0.091499513264 1.338411595553 -0.842944790217 0
-0.094553922981 0.466108052681 -0.431266385902 0
0.075667799534 0.770282540764 -0.462724640979 0
-0.024233907993 0.113623900278 -0.313012739036 0
0.103409862549 0.122689497979 -0.408526243748 0
-0.063852172961 0.032496891103 -0.368322344020 0
0.075558430759 0.044179967812 -0.473878384955 0
-0.009485024956 1.335206404838 -0.442644795297 0
-0.026123059995 1.139344612634 -0.303030866560 0
0.115003202278 1.135247483990 -0.431680187186 0
0.039806217922 1.178435313771 -0.373748963260 0
0.017554061258 0.994895244038 -0.392313977119 0
-0.030425548482 0.743564300982 -0.353910414107 0
0.073823196841 0.753400351665 -0.456088257212 0
0.025314498072 0.897732066337 -0.386942999591 0
-0.193729278561 1.096587516276 -0.462479659081 0
0.090865649025 1.086905367936 -0.660643829640 0
-0.108609464590 1.265465697837 -0.518873611002 0
-0.028906615213 1.212742801839 -0.754265652412 0
-0.082162868046 1.366415196232 -0.567608805325 0
-0.099096470354 1.267678805389 -0.827209210110 0
-0.090716867137 0.451121111588 -0.424799638565 0
0.073823196841 0.753400351665 -0.456088257212 0
-0.016023192930 0.102370188510 -0.298436843860 0
0.108720219426 0.113747733264 -0.389683051320 0
-0.057255810528 0.031205406112 -0.365113645916 0
0.074192069537 0.043349830753 -0.460832844907 0
-0.008546278655 1.319554815163 -0.437286289088 0
-0.024715064428 1.116275574490 -0.298080178621 0
0.116572038219 1.112153075123 -0.426552026466 0
0.041861616364 1.155501592437 -0.368113505644 0
0.017167776060 0.972570318399 -0.389400559065 0
-0.034963766087 0.722424478937 -0.350545886291 0
0.070411562239 0.729563904736 -0.451787820268 0
0.023787004753 0.875306764947 -0.384326915258 0
-0.192577777533 1.027676680071 -0.437063187236 0
0.103986704946 1.015861263513 -0.640826214437 0
-0.117880118082 1.194659014869 -0.511108175514 0
-0.026863464614 1.131230998398 -0.733095159103 0
-0.096371349694 1.291056325532 -0.570355742891 0
-0.103169223453 1.180212120018 -0.804113633837 0
-0.090156590325 0.429065856154 -0.421804674267 0
0.070411562239 0.729563904736 -0.451787820268 0
-0.006838109214 0.086969132729 -0.283234223854 0
0.108443077685 0.095538579814 -0.375557074878 0
-0.053189717636 0.026442721363 -0.356708252354 0
0.069655681771 0.035244247021 -0.453470374715 0
-0.006682224470 1.297107800166 -0.430128504863 0
-0.026372728820 1.098307815872 -0.297928487562 0
0.115755173518 1.092279583615 -0.425393682250 0
0.040290461508 1.136384989084 -0.368511415657 0
0.017375566890 0.952762564580 -0.385378194759 0
-0.035560551537 0.702464443302 -0.349263461706 0
0.071706651825 0.710320949726 -0.448444522426 0
0.024220633386 0.855510066956 -0.380393051768 0
-0.178304223349 0.956494172702 -0.408153905720 0
0.115504237363 0.947077073719 -0.610488521125 0
-0.128149989342 1.115854899973 -0.513197764019 0
-0.020807560411 1.041427696920 -0.717551840897 0
-0.118970172058 1.201380870888 -0.589790075084 0
-0.100110299320 1.075531914035 -0.793796977379 0
-0.092730875460 0.409308426045 -0.419793227627 0
0.071706651825 0.710320949726 -0.448444522426 0
0.002021525903 0.071548920484 -0.277967961755 0
0.108995396795 0.082240442149 -0.366832177661 0
-0.047276496689 0.021143506151 -0.356957518752 0
0.071567965295 0.030390393779 -0.451218851938 0
-0.008438026372 1.278435690127 -0.429314249392 0
-0.032509388814 1.086016363148 -0.296098623851 0
0.113386533328 1.080191777192 -0.419242889509 0
0.035751287178 1.124051792697 -0.365160827806 0
0.015542021431 0.939969691454 -0.380397001656 0
-0.036073467834 0.689680965951 -0.344342878253 0
0.070486626006 0.697852256338 -0.444258026404 0
0.023563901981 0.842811361741 -0.375331107870 0
-0.143532376241 0.889263285837 -0.361719154622 0
0.126501907204 0.885418632697 -0.550526324790 0
-0.143351583772 1.021830695443 -0.507908586440 0
-0.000913099282 0.938013925543 -0.691751860879 0
-0.158176750799 1.082730835304 -0.604535343854 0
-0.073398218357 0.944962081642 -0.780987355501 0
-0.097091987413 0.399323971996 -0.422783305341 0
0.070486626006 0.697852256338 -0.444258026404 0
0.005358840956 0.063213406026 -0.282400178115 0
0.107111719255 0.070424766329 -0.366790933124 0
-0.046156965887 0.018708716624 -0.363491516783 0
0.069160928872 0.028304147131 -0.456210963810 0
-0.011241967265 1.266888895157 -0.425232774613 0
-0.037076185990 1.083629564236 -0.295232657167 0
0.108365014300 1.076607920683 -0.418851465785 0
0.030753125910 1.120931615287 -0.365115010002 0
0.011272128846 0.936561544014 -0.377562619639 0
-0.038809698751 0.686410904199 -0.337990950403 0
0.061153892311 0.694878879870 -0.444482425489 0
0.019597266702 0.839486317087 -0.371492423860 0
-0.094163276847 0.855739160458 -0.307519200644 0
0.128351221354 0.850307354410 -0.479945953748 0
-0.159312288110 0.913206187882 -0.484715836734 0
0.028408353748 0.830958719016 -0.649009711764 0
-0.203867249376 0.923551867200 -0.590419030663 0
-0.025526102919 0.795966151238 -0.744570882985 0
-0.100738960285 0.395918172719 -0.415205481390 0
0.061153892311 0.694878879870 -0.444482425489 0
0.004857763165 0.059594405133 -0.277693436268 0
0.105273348875 0.066096155167 -0.357083890284 0
-0.049389546674 0.018072132736 -0.358585223308 0
0.067649568587 0.025822867123 -0.447487786036 0
-0.013681657699 1.264331188898 -0.425928358050 0
-0.042382868776 1.087888503747 -0.294741703854 0
0.104477653899 1.078252098136 -0.416492197203 0
0.026641995873 1.123843207143 -0.364158050394 0
0.005565789205 0.939546852110 -0.374994214266 0
-0.047598076656 0.690686823418 -0.333582516670 0
0.058451618249 0.695827136196 -0.434239855256 0
0.013608753263 0.842534547706 -0.367667659589 0
-0.049133521089 0.853466647314 -0.276174174481 0
0.127782998038 0.844190361299 -0.420479114669 0
-0.162148767449 0.809314444385 -0.431813622622 0
0.080554931585 0.729682763947 -0.574111860654 0
-0.223123033807 0.760681480315 -0.516562171333 0
0.057647983019 0.644697765306 -0.648396210110 0
-0.098852945972 0.399153415256 -0.414604455485 0
0.058451618249 0.695827136196 -0.434239855256 0
0.004363200766 0.060740355236 -0.280451799678 0
0.101866054660 0.066121880235 -0.365856109131 0
-0.051527657087 0.020149781954 -0.360694982001 0
0.061626380095 0.027054348113 -0.455660604927 0
-0.016276050613 1.267380767194 -0.425385808013 0
-0.050589747630 1.092422855425 -0.292049964908 0
0.098939394830 1.083160285629 -0.410537501890 0
0.019727401604 1.128505822028 -0.360089070192 0
-0.000071665014 0.944052258731 -0.370655780249 0
-0.054742599279 0.696064015598 -0.329609304539 0
0.053503362037 0.699373119845 -0.427979635961 0
0.008531198758 0.847060610668 -0.363701226269 0
-0.023637756235 0.864201738923 -0.241724589903 0
0.131344239844 0.852366298120 -0.378475178568 0
-0.138535455527 0.735273112357 -0.337230760910 0
0.166174774408 0.677240855751 -0.462519298220 0
-0.191991903567 0.643466424408 -0.381719895218 0
0.178946217611 0.565988904010 -0.489449510489 0
-0.093047496581 0.401751814476 -0.407688798554 0
0.053503362037 0.699373119845 -0.427979635961 0
0.008413553806 0.060950039499 -0.278329946413 0
0.105653327118 0.066882324348 -0.363949781775 0
-0.046564921871 0.020462042191 -0.359252379809 0
0.066506006273 0.028212074040 -0.454406677323 0
-0.022379814058 1.271822383055 -0.422073055483 0
-0.056512203357 1.097003810307 -0.288561386861 0
0.095871800952 1.086394126761 -0.403237478134 0
0.015576353768 1.132356630706 -0.355113770924 0
-0.004522142959 0.947884702333 -0.364753972437 0
-0.062495646671 0.700637963525 -0.322164935782 0
0.049070524431 0.702248407300 -0.416797152033 0
0.002608857353 0.850924121900 -0.355947749827 0
-0.016442029432 0.878978450634 -0.209800642020 0
0.144317677821 0.870200312967 -0.324135246062 0
-0.106268122427 0.704691776301 -0.232182083399 0
0.210198219102 0.687653972983 -0.359941513530 0
-0.139222437479 0.594341622309 -0.233665152561 0
0.236043839892 0.575419774523 -0.359029678644 0
-0.094031341108 0.405267118708 -0.399268167103 0
0.049070524431 0.702248407300 -0.416797152033 0
0.002951879398 0.061038379847 -0.275677158197 0
0.098902810272 0.066852143598 -0.362256033948 0
-0.052237922211 0.020949072076 -0.356654217548 0
0.059653357466 0.028415198932 -0.452768092147 0
-0.024304875517 1.276000235254 -0.417663783481 0
-0.068267932825 1.098266808490 -0.281434417282 0
0.089254239549 1.090187693894 -0.389163471774 0
0.006131499067 1.134810562832 -0.344720121478 0
-0.010447146866 0.950029338503 -0.355103909224 0
-0.068834775381 0.703489643263 -0.312158654767 0
0.045854913367 0.703673800988 -0.402994230379 0
-0.002296816722 0.853208632908 -0.345665796769 0
-0.009473721414 0.897029645829 -0.174706837453 0
0.154803109475 0.895435594726 -0.274625719270 0
-0.073642569765 0.712214191055 -0.148801098141 0
0.223167138793 0.710887811526 -0.289253636502 0
-0.088442579566 0.600536816494 -0.124833065645 0
0.254976238060 0.601253411573 -0.273962383733 0
-0.089901921435 0.407569954958 -0.390714734754 0
0.045854913367 0.703673800988 -0.402994230379 0
0.010158408571 0.061581122644 -0.274725228880 0
0.104658056112 0.068577431255 -0.363439832450 0
-0.043382572375 0.021560337522 -0.356835222535 0
0.067632101044 0.029174219062 -0.454471785414 0
-0.033695031553 1.278493208196 -0.407344429459 0
-0.071248125718 1.101212762083 -0.279207980982 0
0.090106794855 1.088866079547 -0.380678198785 0
0.005589322283 1.135276143376 -0.340945282855 0
-0.011373132079 0.950292044379 -0.345409997149 0
-0.072523920761 0.705334567625 -0.298186208550 0
0.045059739728 0.703021415076 -0.385212598383 0
-0.003619377430 0.853906233337 -0.332015610319 0
0.001001429582 0.920854476020 -0.146562507502 0
0.165062153982 0.912756066695 -0.243890448097 0
-0.049799135065 0.738567513008 -0.090560128102 0
0.237111200816 0.729033136128 -0.244456474277 0
-0.056395549255 0.631207734796 -0.049381150421 0
0.275233490756 0.622953453302 -0.220810443700 0
-0.097736512877 0.407991515268 -0.369843578628 0
0.045059739728 0.703021415076 -0.385212598383 0
-0.004732306337 0.060841415800 -0.251475790758 0
0.087757767958 0.071583653571 -0.344291664578 0
-0.059104568103 0.019776986757 -0.332517266300 0
0.050516528002 0.029567989450 -0.434058723989 0
-0.032267165935 1.276962995437 -0.408739101270 0
-0.084539345014 1.097262910172 -0.265636679902 0
0.082636807114 1.093834995461 -0.357964571811 0
-0.006190729943 1.135634850377 -0.322775900446 0
-0.013553585404 0.950078773063 -0.329218411210 0
-0.072742896459 0.705885860450 -0.286767461024 0
0.047953810145 0.702885508441 -0.369400162292 0
-0.001290743531 0.853968193232 -0.317296413314 0
-0.005266028593 0.928105695028 -0.122648886383 0
0.164924407263 0.921263265932 -0.220881822143 0
-0.043449131111 0.741424679677 -0.071289856595 0
0.258963152282 0.747787685806 -0.223786695048 0
-0.045017099411 0.634319895376 -0.028964338099 0
0.308510678876 0.646143552801 -0.201903923408 0
-0.089304287088 0.412095668584 -0.373924719904 0
0.047953810145 0.702885508441 -0.369400162292 0
0.012080328605 0.061723634716 -0.273254442343 0
0.102285637133 0.077436795088 -0.357318467264 0
-0.040227955795 0.022215403857 -0.356400663050 0
0.072272094060 0.039266558172 -0.451406570583 0
-0.046672590435 1.277346955788 -0.388843287846 0
-0.098248239400 1.090422937046 -0.246052795013 0
0.072247818435 1.098660664534 -0.331769130519 0
-0.020046858747 1.134563071910 -0.299081036179 0
-0.016795803723 0.949125013685 -0.310435886085 0
-0.070259206382 0.704684799469 -0.269704515816 0
0.052320105589 0.703172157995 -0.349559913934 0
-0.000066338893 0.853654976785 -0.298801800776 0
-0.020030023439 0.920740690388 -0.103106031888 0
0.161366122383 0.920968697475 -0.205962040213 0
-0.052223283891 0.730896859048 -0.059880872144 0
0.275509794286 0.760137687929 -0.213040831367 0
-0.051380724254 0.622567568116 -0.020773357777 0
0.333321322292 0.662199844038 -0.194837841933 0
-0.072403461150 0.416590098539 -0.375440932155 0
0.052320105589 0.703172157995 -0.349559913934 0
0.040653309159 0.064568246425 -0.294987905355 0
0.127058231593 0.094655460546 -0.360148553293 0
-0.009190754443 0.025709649639 -0.379934534009 0
0.109795805651 0.061312945425 -0.459146716287 0
-0.066473132729 1.275345166728 -0.362995198688 0
-0.090686123604 1.094154208468 -0.236384785766 0
0.079295783635 1.095920997589 -0.323488664735 0
-0.012049515993 1.134786636876 -0.291530878176 0
-0.012433881378 0.949028149110 -0.296048831237 0
-0.071146449574 0.707182225051 -0.249766108787 0
0.051387573207 0.700893440297 -0.329457544107 0
0.002877203923 0.853673788251 -0.281805537655 0
-0.030318113146 0.915730291491 -0.095443165259 0
0.164727029245 0.908311212230 -0.210139637662 0
-0.072112719571 0.725357147473 -0.064511342461 0
0.276069859712 0.746455262632 -0.228872668232 0
-0.078102775458 0.615379622765 -0.030830396068 0
0.331995760779 0.646373084107 -0.217863853917 0
-0.083294987111 0.419027719060 -0.354660045622 0
0.051387573207 0.700893440297 -0.329457544107 0
0.018916846612 0.063395689715 -0.275587244033 0
0.103061275957 0.111953180109 -0.301254937668 0
-0.033595042264 0.023816459395 -0.358571200278 0
0.098759321162 0.068259173107 -0.397601592396 0
-0.058434509582 1.273320491639 -0.360384149400 0
-0.087390348781 1.094782214167 -0.217005246013 0
0.081826360121 1.096456857353 -0.305588297794 0
-0.009183841014 1.135394865422 -0.272774023156 0
-0.009857855192 0.949644254141 -0.277573140458 0
-0.067498052347 0.706262119354 -0.235815246459 0
0.056677639452 0.702925881237 -0.313107726673 0
0.005298209489 0.854208321431 -0.263715603478 0
-0.046551060641 0.898294085282 -0.094251431494 0
0.164668850812 0.895185793884 -0.216307773752 0
-0.105170129015 0.710318112030 -0.081047679981 0
0.264168029264 0.730933849074 -0.261768887517 0
-0.119899838737 0.598293511265 -0.058712341710 0
0.315919439588 0.628126733669 -0.265991613169 0
-0.083046625266 0.419279288372 -0.343436995535 0
0.056677639452 0.702925881237 -0.313107726673 0
0.014504019775 0.060955226628 -0.270899793858 0
0.100160141424 0.144455189381 -0.239664188638 0
-0.038551138853 0.021459268781 -0.353577302268 0
0.105047037110 0.081264351082 -0.324478026813 0
-0.057170908033 1.270869504008 -0.345693294724 0
-0.086740676726 1.093547315391 -0.192645899471 0
0.082848775175 1.098610266348 -0.280383236994 0
-0.008572361004 1.136086738890 -0.247014214403 0
-0.007939512045 0.950516253291 -0.256499455044 0
-0.065668701856 0.706850492243 -0.219823063082 0
0.060255637083 0.704003863844 -0.294253016632 0
0.007957946904 0.854922827767 -0.244712908657 0
-0.060260527567 0.879413557180 -0.098893744710 0
0.160459940289 0.883183933925 -0.226420902208 0
-0.145463886213 0.702420440548 -0.117849616924 0
0.242833427349 0.722574863078 -0.306200822880 0
-0.176253733848 0.591462750366 -0.115458146046 0
0.287547202077 0.619331929114 -0.330836524548 0
-0.076084004134 0.422925578875 -0.335846807719 0
0.060255637083 0.704003863844 -0.294253016632 0
0.022922439487 0.062342072477 -0.277957549344 0
0.108084540369 0.175006851205 -0.185498557015 0
-0.029027325985 0.023211752973 -0.361506283046 0
0.116958753578 0.094240228163 -0.253383399819 0
-0.059529492101 1.269314842250 -0.321466041751 0
-0.088628335112 1.089451766691 -0.164716494004 0
0.081359036981 1.101273250358 -0.251021777252 0
-0.010949618196 1.135639468757 -0.216759888581 0
-0.006768113495 0.950661511838 -0.233860937849 0
-0.062006086136 0.705690273484 -0.203375955703 0
0.066712758295 0.705267917251 -0.272918324944 0
0.010296901908 0.855015680209 -0.224352256486 0
-0.067943306249 0.865797844230 -0.094752333351 0
0.150627374650 0.876762548028 -0.239156990562 0
-0.178088537661 0.718749374405 -0.166795905378 0
0.208615573052 0.727861216518 -0.354963998432 0
-0.230075821766 0.619302444150 -0.192737632673 0
0.242091158887 0.628228676719 -0.402060548483 0
-0.062620220067 0.425334061477 -0.328209290597 0
0.066712758295 0.705267917251 -0.272918324944 0
0.041581086794 0.064374478828 -0.283218463286 0
0.123005097299 0.194091358794 -0.132831377592 0
-0.008494837422 0.024822782061 -0.367707610737 0
0.132486244594 0.100735080435 -0.181872830235 0
-0.065528300050 1.266224081495 -0.291796037027 0
-0.079801074064 1.091791228638 -0.145707848328 0
0.092803346818 1.099900369021 -0.227108166500 0
0.000587738908 1.136437051071 -0.194903286036 0
-0.000022456120 0.951671522266 -0.214603601791 0
-0.060052312628 0.705771067356 -0.187623576736 0
0.071977080904 0.705720371706 -0.250656084933 0
0.012659174385 0.855332948589 -0.205232884114 0
-0.075674828720 0.863134263538 -0.090545382487 0
0.136080473965 0.870674059210 -0.257543678386 0
-0.204080880301 0.767320781720 -0.205771956551 0
0.153683483186 0.737460839348 -0.402076971683 0
-0.274791145476 0.691591419391 -0.256075683458 0
0.165656538300 0.643947546726 -0.468237782703 0
-0.066362831276 0.427589531657 -0.317078413736 0
0.071977080904 0.705720371706 -0.250656084933 0
0.022001655728 0.062335231578 -0.272863926169 0
0.107581555527 0.194160589880 -0.072763508556 0
-0.028771227224 0.023298725678 -0.357176537943 0
0.107114596716 0.093048245570 -0.104170939491 0
-0.050658055673 1.266814779732 -0.271401155550 0
-0.069956546640 1.094768968070 -0.129280936970 0
0.104746013805 1.097762503420 -0.206443817841 0
0.012981518958 1.137065239464 -0.176271409452 0
0.006983599929 0.952509906978 -0.197010976268 0
-0.056793590022 0.705722869540 -0.178686036211 0
0.079970270658 0.707047684691 -0.230635547206 0
0.016456455757 0.855765615129 -0.188035349425 0
-0.082132431783 0.863847981356 -0.086023834163 0
0.122272282299 0.872976108664 -0.273584251803 0
-0.204226233108 0.818905783289 -0.234411176151 0
0.100159909382 0.768544590579 -0.439567991204 0
-0.277577104427 0.769507288723 -0.308199937299 0
0.090972585835 0.688628280130 -0.521995652040 0
-0.061520493230 0.429007319956 -0.311311468451 0
0.079970270658 0.707047684691 -0.230635547206 0
0.015745724869 0.061995298555 -0.261251355708 0
0.099974912739 0.180318389732 -0.016280767991 0
-0.035331377012 0.023410951774 -0.345588351073 0
0.094890569740 0.078221127040 -0.043860640132 0
-0.035664099161 1.267429630371 -0.254220390283 0
-0.065451374279 1.095318214155 -0.109900707732 0
0.112032159577 1.096398687337 -0.180487419313 0
0.019797356307 1.136798189840 -0.153350303285 0
0.011849688148 0.952560307492 -0.176154090082 0
-0.055256745632 0.705900122585 -0.161473501826 0
0.084535975174 0.705914761644 -0.204634310568 0
0.019123184951 0.855514023910 -0.168481413413 0
-0.092890625374 0.863854494910 -0.078032770870 0
0.106037412416 0.883792727069 -0.281019503209 0
-0.190921063869 0.864331454469 -0.249308298571 0
0.048767075181 0.820429186396 -0.458925857614 0
-0.254181498042 0.840603012498 -0.342584347858 0
0.020491079946 0.761626647217 -0.553836722852 0
-0.053491462282 0.432933337634 -0.301721005763 0
0.084535975174 0.705914761644 -0.204634310568 0
0.017435127635 0.063410635166 -0.261767302515 0
0.100013227745 0.149722912588 0.021063719068 0
-0.033805367695 0.026813991216 -0.346887501235 0
0.095680508056 0.050503322874 -0.015638481102 0
-0.026539397212 1.268281912326 -0.229915010483 0
-0.056251682199 1.095017828752 -0.091078590776 0
0.123245505446 1.092030276116 -0.156315775116 0
0.031266047745 1.134579121793 -0.131715431712 0
0.019444901755 0.950715116269 -0.155820688269 0
-0.049587834556 0.703192745785 -0.144650904297 0
0.092898268125 0.704483457083 -0.177830793133 0
0.023552959392 0.853556916645 -0.147267151674 0
-0.100413091329 0.865971461142 -0.060558717650 0
0.093184813295 0.892875474770 -0.277879137671 0
-0.172164674216 0.896998819444 -0.241761681592 0
0.007518443407 0.872266303876 -0.454463496822 0
-0.221792311705 0.891693674002 -0.345560987417 0
-0.037277376642 0.836763962853 -0.554454802187 0
-0.047125121120 0.432921103275 -0.290014306052 0
0.092898268125 0.704483457083 -0.177830793133 0
0.011018088465 0.060409607481 -0.257944696126 0
0.095919659797 0.127648584779 0.065694000247 0
-0.040648846353 0.025012319861 -0.343313957666 0
0.083229149130 0.043422193823 0.002803484701 0
-0.011656879088 1.267532025930 -0.206990306751 0
-0.049020294255 1.095591394430 -0.074940151697 0
0.132987403186 1.087949166752 -0.132375772110 0
0.040939323975 1.132721426962 -0.112415871505 0
0.026378189290 0.948750186125 -0.134079927337 0
-0.043039274011 0.700217675316 -0.123619185204 0
0.101231689099 0.703607531408 -0.147686974777 0
0.027673401058 0.851760498721 -0.123076389555 0
-0.106370851137 0.870018183267 -0.040711928577 0
0.086934068634 0.899981286561 -0.266133379821 0
-0.151364723893 0.918058872169 -0.226758009899 0
-0.014708902340 0.921584088189 -0.433905624739 0
-0.186886546547 0.923346150710 -0.336191038102 0
-0.071214468919 0.910233584273 -0.533623375752 0
-0.037946752763 0.435519599317 -0.278836255984 0
0.101231689099 0.703607531408 -0.147686974777 0
0.009662959027 0.061023736487 -0.253144403829 0
0.079221767715 0.104853136647 0.099613418084 0
-0.042337914526 0.028506613623 -0.339451395496 0
0.076735271279 0.039913283532 0.016025238578 0
0.002121453220 1.267470588620 -0.187294707624 0
-0.043403801802 1.097743361045 -0.059948601747 0
0.140583392210 1.085212745919 -0.109705532804 0
0.048592351726 1.132102127325 -0.095048241614 0
0.031768052688 0.947725477308 -0.110827002781 0
-0.032695091599 0.696460159108 -0.098063756799 0
0.112311436827 0.706633065692 -0.114631167627 0
0.030505404101 0.851271436505 -0.095834384222 0
-0.105344784034 0.874241460627 -0.020525937493 0
0.084774011226 0.905074967802 -0.250345587969 0
-0.134585422059 0.925816686574 -0.208755802040 0
-0.020839333537 0.953299235218 -0.409925480785 0
-0.161700407485 0.933439656117 -0.320433959087 0
-0.082461044903 0.957667506082 -0.507131580175 0
-0.024603276864 0.436100617939 -0.260331363328 0
0.112311436827 0.706633065692 -0.114631167627 0
0.009433770034 0.059416672768 -0.249169280686 0
0.064105952913 0.087791845146 0.114196190772 0
-0.043327018700 0.031447876473 -0.336601520428 0
0.068463829545 0.034652967500 0.022721497364 0
0.013763809170 1.268683982538 -0.169371631856 0
