0.549461114999 1.093551498840 -1.356193001532 0
0.385467711933 1.076150517882 -1.452564292260 0
0.453793521235 1.120712509004 -1.387590339529 0
0.486140865291 0.939093970851 -1.409841886558 0
0.579786557488 0.699994164082 -1.436281199021 0
0.454253445233 0.703630650872 -1.511335007102 0
0.501114920932 0.847512432006 -1.440146247309 0
0.596632957106 0.864591979592 -1.382580253860 0
0.389770684128 0.852516008286 -1.525454770207 0
0.605128542556 0.697302950549 -1.278236080372 0
0.273170025225 0.711386659429 -1.451750672724 0
0.611327783098 0.589014478918 -1.239499544793 0
0.214813436071 0.615106353597 -1.427461702553 0
0.499107574533 0.424097709411 -1.328785188483 0
0.454253445233 0.703630650872 -1.511335007102 0
0.625590386028 0.094011728527 -1.463763893547 0
0.521453009858 0.175256075147 -1.791086812863 0
0.569836172145 0.051951232529 -1.384185421263 0
0.483702467674 0.082003885272 -1.758082622393 0
0.413122218778 1.220087834112 -1.274806536912 0
0.544711216336 1.092074838794 -1.314339162129 0
0.384743240459 1.078990078387 -1.417891524743 0
0.450734182225 1.121111403341 -1.348994562605 0
0.482108618157 0.939756670118 -1.374546097217 0
0.578148865584 0.702871483894 -1.401662300409 0
0.453837167427 0.704033364461 -1.478799270475 0
0.496682724147 0.848821528892 -1.406921248257 0
0.592617103321 0.863039656530 -1.338666975526 0
0.390487015488 0.856700680359 -1.494692330727 0
0.593767884789 0.697297796100 -1.231551093629 0
0.269214075319 0.719970080115 -1.420240213962 0
0.596909703088 0.589566700152 -1.190937268347 0
0.207705886805 0.625782433375 -1.395526395800 0
0.500759003094 0.419975361448 -1.311307791054 0
0.453837167427 0.704033364461 -1.478799270475 0
0.622995217320 0.094762509927 -1.461203809470 0
0.510276050092 0.195819262640 -1.743970035102 0
0.567807458522 0.051550209590 -1.381847906610 0
0.472703829099 0.098091352592 -1.728224091258 0
0.406930903327 1.217074449932 -1.233928721110 0
0.536561620379 1.090306903224 -1.272477364011 0
0.379197379082 1.080418481034 -1.380286318794 0
0.443340780175 1.120272704710 -1.308362284186 0
0.476015136023 0.940028006472 -1.339523327820 0
0.575193398755 0.705709459494 -1.369259797027 0
0.451754837579 0.704948081586 -1.447791334222 0
0.490721472345 0.849953154323 -1.374164337654 0
0.584777363866 0.860924744282 -1.292552185705 0
0.387370138358 0.859801722568 -1.461559826884 0
0.581017610930 0.698110651658 -1.181093959216 0
0.264701208958 0.723925096898 -1.387834816830 0
0.582353911017 0.591552333773 -1.137403204444 0
0.202391491890 0.630210753814 -1.363330451511 0
0.501568808085 0.416711768471 -1.296850553801 0
0.451754837579 0.704948081586 -1.447791334222 0
0.622989920401 0.100279631980 -1.465081120820 0
0.503797755389 0.211744359773 -1.691297100074 0
0.571391565902 0.053328306848 -1.385434816313 0
0.454301804274 0.119174444172 -1.677465524274 0
0.400526837839 1.213658127880 -1.193094690668 0
0.527138989388 1.088541591474 -1.231669895595 0
0.370026788442 1.080407489011 -1.339991863611 0
0.433711727545 1.118719488361 -1.266832988276 0
0.468012940774 0.939745557335 -1.303144614481 0
0.570593468176 0.708216411801 -1.338762488831 0
0.447319173322 0.706986979756 -1.417545717637 0
0.483681177505 0.851072018095 -1.340844278624 0
0.575409420097 0.858910343269 -1.248503985845 0
0.382914662147 0.862758991022 -1.428348896505 0
0.569271054028 0.699186035310 -1.132763039503 0
0.262956088246 0.724260066381 -1.355044809495 0
0.569480077912 0.593842403354 -1.086201055269 0
0.202080667394 0.629447149230 -1.331169367342 0
0.502527797516 0.414322886623 -1.282397565268 0
0.447319173322 0.706986979756 -1.417545717637 0
0.626269600739 0.107195351898 -1.465521978575 0
0.494336957050 0.212014690604 -1.629924201772 0
0.572003210818 0.054581292989 -1.391378397124 0
0.437903283168 0.123574971495 -1.615641083194 0
0.387347105964 1.208560582519 -1.148485744848 0
0.515812557579 1.085256098403 -1.189632755678 0
0.362312918213 1.079940919814 -1.303183033772 0
0.423651468517 1.116462802852 -1.227159773456 0
0.458737491039 0.938227131679 -1.266246752857 0
0.563776944564 0.708870446336 -1.305047168701 0
0.441374319468 0.707008064808 -1.385165764050 0
0.474573203652 0.850320619495 -1.305634951618 0
0.560167457074 0.854354496029 -1.197444550568 0
0.378169705635 0.863320605180 -1.393560756732 0
0.544055823904 0.700769401998 -1.074572523974 0
0.257231797694 0.722692666657 -1.326156705808 0
0.539740895357 0.597998977645 -1.022755884461 0
0.196549456288 0.627006899078 -1.305487158517 0
0.498714532607 0.412583972322 -1.258522421109 0
0.441374319468 0.707008064808 -1.385165764050 0
0.621227192486 0.112578233628 -1.453871114783 0
0.475298157721 0.195392084233 -1.547530863245 0
0.566304663639 0.056669541392 -1.382680631587 0
0.413990529338 0.113110319186 -1.521426519104 0
0.373674295543 1.205169743059 -1.108522369930 0
0.500900755561 1.079148073917 -1.145955748778 0
0.349276657410 1.074945331402 -1.262044188681 0
0.409099168117 1.110392524220 -1.184323113437 0
0.446245396734 0.933265036941 -1.226427583069 0
0.552800582094 0.704864395201 -1.265720142869 0
0.432901748521 0.703950944789 -1.349555074325 0
0.463432263557 0.846205050622 -1.267108355812 0
0.543897870854 0.847864995852 -1.147777040866 0
0.369248932213 0.860694845433 -1.357132404188 0
0.521020374473 0.699292825299 -1.019916057577 0
0.251005042575 0.715696800032 -1.294367365000 0
0.513564625703 0.598676633944 -0.964363049486 0
0.192289358537 0.618192113839 -1.276742170556 0
0.494004237691 0.404936740806 -1.237976021224 0
0.432901748521 0.703950944789 -1.349555074325 0
0.621495074886 0.118091605267 -1.449257496629 0
0.451210936019 0.171683745379 -1.461994263258 0
0.568302757587 0.058106626644 -1.380100207351 0
0.387464918760 0.097523333067 -1.421410652408 0
0.357024144815 1.197194870309 -1.065244446914 0
0.483435066706 1.073404497595 -1.095180069276 0
0.335778985941 1.071749901150 -1.216336993088 0
0.392920616893 1.105453591286 -1.135871490626 0
0.431710649812 0.929360267271 -1.180740745099 0
0.538534716379 0.700804246573 -1.218156353918 0
0.420992528135 0.700952364821 -1.305269340664 0
0.450626772073 0.843008309714 -1.222156619167 0
0.523917892892 0.841698890041 -1.090986808101 0
0.359681851526 0.860592664124 -1.317258772183 0
0.489671259907 0.698403901880 -0.959688616002 0
0.241012902776 0.713041363597 -1.261654859853 0
0.476899388064 0.600128515256 -0.901001560066 0
0.182642804569 0.614665739687 -1.248219417318 0
0.486993176608 0.398276204331 -1.220053089978 0
0.420992528135 0.700952364821 -1.305269340664 0
0.618378390008 0.122892014144 -1.443828380604 0
0.417518550152 0.149622657641 -1.367037193324 0
0.565376756764 0.059576874193 -1.377553416503 0
0.347005938080 0.088501413153 -1.317012040137 0
0.338447019257 1.189712491995 -1.018554490843 0
0.464053896050 1.060577117914 -1.045606572144 0
0.320668244870 1.061525580746 -1.171795761530 0
0.374958908154 1.093474465272 -1.088683822190 0
0.415485646014 0.918429053076 -1.136049026729 0
0.526526235466 0.693016682261 -1.178510190850 0
0.409106773490 0.692636525355 -1.265787827424 0
0.435766596451 0.833470264761 -1.179643088451 0
0.503739904180 0.829013118495 -1.033479488434 0
0.349910901489 0.853832693875 -1.278343699118 0
0.458647039748 0.689520627743 -0.901365979086 0
0.229081493411 0.704579472682 -1.232854899859 0
0.441538468853 0.593074741601 -0.840778598312 0
0.170330036058 0.605814150017 -1.225172442008 0
0.487450021210 0.389702836303 -1.204144242457 0
0.409106773490 0.692636525355 -1.265787827424 0
0.620081516974 0.126481020202 -1.441414276510 0
0.381172842266 0.133571383741 -1.274245041700 0
0.566753409339 0.059717135306 -1.378891900117 0
0.301614195152 0.086633286767 -1.222499629709 0
0.315718373810 1.176284116246 -0.969792250050 0
0.443453107143 1.043386879690 -0.992814015292 0
0.305127452232 1.046610461581 -1.124494225565 0
0.356199984677 1.077183137132 -1.038862982772 0
0.398103320350 0.902715233588 -1.087152075804 0
0.511344569662 0.679606804247 -1.133709892321 0
0.392835074601 0.678401310292 -1.219493962991 0
0.419003714676 0.819027933693 -1.132861639718 0
0.483141447228 0.812162497590 -0.975376928065 0
0.338972165716 0.843667366808 -1.238566864179 0
0.433756574856 0.676286428992 -0.841047746148 0
0.214310277774 0.695954746687 -1.198743550619 0
0.414549955720 0.581496068502 -0.778507869268 0
0.153603696083 0.598189363998 -1.194054867701 0
0.485101682333 0.378050158656 -1.184288985205 0
0.392835074601 0.678401310292 -1.219493962991 0
0.616784002964 0.128504192682 -1.436401032714 0
0.338426646548 0.123714629039 -1.179978562315 0
0.563730779824 0.057866398006 -1.378040014748 0
0.260478024793 0.085558415207 -1.119328198321 0
0.294336079621 1.159501586655 -0.920835588153 0
0.420608059440 1.026008141697 -0.932741770969 0
0.285346360580 1.032812374432 -1.067434128965 0
0.334519077138 1.061166367426 -0.979947576680 0
0.377078750725 0.887778519039 -1.031446155586 0
0.490468319157 0.665835802076 -1.083763700804 0
0.371297227221 0.666450426228 -1.168632620320 0
0.397862317540 0.804995967754 -1.078825976536 0
0.460662784773 0.795486467628 -0.908261003214 0
0.324687991402 0.835697183267 -1.189670656744 0
0.408346007428 0.660447036198 -0.774198303261 0
0.194065927567 0.692380536447 -1.153013925645 0
0.387871522981 0.566038272097 -0.711483682887 0
0.129647989830 0.596946802759 -1.150172335813 0
0.474033740953 0.368557345779 -1.158186602743 0
0.371297227221 0.666450426228 -1.168632620320 0
0.609656070914 0.135867648530 -1.423960934856 0
0.298694195208 0.120553456086 -1.102461334692 0
0.555805909606 0.059763280627 -1.373774918342 0
0.225684299687 0.087330383783 -1.033351758198 0
0.270337918459 1.142835795768 -0.862848544756 0
0.392570829114 1.008044410820 -0.868022614814 0
0.262024397958 1.016448253399 -1.007202573165 0
0.308256154105 1.043889963183 -0.917841624811 0
0.352032060985 0.870808952515 -0.969352877334 0
0.464063894620 0.648600380506 -1.026153536183 0
0.343484251088 0.651539702763 -1.108959154147 0
0.372732593079 0.788416456366 -1.017443618952 0
0.437313844508 0.779161655425 -0.837124749462 0
0.307192600734 0.825002892584 -1.136246900849 0
0.387532276665 0.642872664402 -0.703361498977 0
0.172407634112 0.686236110721 -1.097230317515 0
0.369509273017 0.548086330255 -0.640464241014 0
0.104628626753 0.593178069324 -1.093831795276 0
0.463236218298 0.359623289872 -1.129472945359 0
0.343484251088 0.651539702763 -1.108959154147 0
0.601686069244 0.148006419310 -1.410940254414 0
0.278996264291 0.117915922570 -1.044400059994 0
0.552800180531 0.062478363531 -1.372139835606 0
0.214448116664 0.074889954428 -0.972339990305 0
0.240145686936 1.125212456536 -0.802358253540 0
0.364451088555 0.996828759376 -0.800097787600 0
0.237822695836 1.002418137566 -0.942989582582 0
0.281409935136 1.031480981932 -0.852815831132 0
0.327371832426 0.857826704499 -0.900339207908 0
0.437955009587 0.634253285106 -0.961883646923 0
0.314111830389 0.639880653049 -1.039575732183 0
0.348795332953 0.774981102476 -0.947322127469 0
0.421395511960 0.771066622137 -0.766441863012 0
0.283492361267 0.813685032942 -1.075797820676 0
0.383805941908 0.634864107290 -0.628668861579 0
0.145999153338 0.678444238671 -1.033952318058 0
0.372495534865 0.540248011741 -0.563975646972 0
0.075872765740 0.587193372584 -1.029379347304 0
0.431311112784 0.345839917982 -1.066559014473 0
0.314111830389 0.639880653049 -1.039575732183 0
0.580559288852 0.162464093135 -1.361977693642 0
0.289474059734 0.121421868740 -1.018087555544 0
0.544392216667 0.063297588222 -1.353713425179 0
0.217653130663 0.068604626731 -0.960969747164 0
0.211858437732 1.112617131139 -0.738785132619 0
0.334087243378 0.983232640368 -0.736116296970 0
0.206727084269 0.980617437324 -0.878442003183 0
0.249422653477 1.013279955245 -0.789077300441 0
0.302528584080 0.840828980817 -0.833430394664 0
0.411882506729 0.614788287033 -0.896595301026 0
0.286486251649 0.624979864528 -0.971273084710 0
0.327619950200 0.758144172826 -0.878855065865 0
0.416672018694 0.766687354133 -0.695720441706 0
0.244315916086 0.790646505113 -1.012016161855 0
0.404545507233 0.634260631480 -0.549906822321 0
0.106100633311 0.658293183904 -0.963801695938 0
0.408296558304 0.542209514350 -0.480784725193 0
0.034854656053 0.568225273348 -0.955019607749 0
0.379786066624 0.316715557242 -0.962213976414 0
0.286486251649 0.624979864528 -0.971273084710 0
0.545798585575 0.179275629043 -1.273218826679 0
0.296954662526 0.117592757903 -1.011374366554 0
0.542790403807 0.078163028721 -1.304484524158 0
0.223629773440 0.063854419149 -0.957097276278 0
0.178301276388 1.094885025264 -0.676264981551 0
0.312542170997 0.976885992625 -0.668024030786 0
0.177871006643 0.969086537199 -0.803253103291 0
0.224255781464 1.003834399786 -0.716553388682 0
0.280289684731 0.832729058707 -0.762487464839 0
0.382314801302 0.602817350360 -0.829742295999 0
0.256152216850 0.621924225503 -0.901315964500 0
0.307638758024 0.750876839812 -0.808116373790 0
0.426892246232 0.776468648291 -0.622188677497 0
0.189685834492 0.769497222068 -0.927222641308 0
0.449573041551 0.655358691236 -0.468034661730 0
0.049695130300 0.655904385867 -0.846943309878 0
0.473534767596 0.570139433411 -0.394353886482 0
-0.026697045578 0.574262843799 -0.819298474305 0
0.320704595260 0.302849336366 -0.809575061077 0
0.256152216850 0.621924225503 -0.901315964500 0
0.483567615355 0.223767905422 -1.141833501400 0
0.304697199535 0.115803555187 -1.004662184660 0
0.491337217932 0.122956272341 -1.173250039269 0
0.228480803125 0.061962944607 -0.954636186309 0
0.153614901228 1.086172939898 -0.603465095215 0
0.293114105532 0.981192869343 -0.595549605445 0
0.146837960890 0.966888867937 -0.717544445977 0
0.200402756523 1.005340527243 -0.636747884365 0
0.254496988731 0.833283395829 -0.681434940484 0
0.348729738596 0.600193757090 -0.751278605546 0
0.224165060934 0.626588096531 -0.823333031783 0
0.280731431758 0.751034013009 -0.727004095676 0
0.439631677412 0.802180775560 -0.552757051921 0
0.130869605626 0.756312085173 -0.821209104458 0
0.502924021629 0.702010473640 -0.394942317096 0
-0.008524941105 0.691343415361 -0.697541270987 0
0.549292857875 0.628341555918 -0.319522396336 0
-0.090518360479 0.633802637312 -0.640695155010 0
0.267549827651 0.335839886188 -0.618198940418 0
0.224165060934 0.626588096531 -0.823333031783 0
0.396962222848 0.236381019931 -0.959570106588 0
0.304374854037 0.116419855963 -0.999946166348 0
0.393911842325 0.130937629135 -0.968666119795 0
0.229084937954 0.060800584098 -0.950466109016 0
0.132698833679 1.088620373274 -0.522852810216 0
0.278812659950 0.999811052900 -0.506168029757 0
0.122777917793 0.983133285666 -0.615067374952 0
0.183262440837 1.023721927248 -0.540435033104 0
0.231649421702 0.849460400484 -0.583077685302 0
0.312005904663 0.610962627644 -0.654312058747 0
0.187030129923 0.645566047429 -0.722050670214 0
0.254954913329 0.765923604338 -0.627890770775 0
0.450502736293 0.841281078589 -0.479062750612 0
0.080451459602 0.766508766219 -0.696468970383 0
0.551710005492 0.764092294849 -0.328250015483 0
-0.039580627239 0.757702928228 -0.540071220728 0
0.619054490353 0.703505357620 -0.257121355601 0
-0.116514999576 0.730755402053 -0.458706141938 0
0.224086824119 0.409485718437 -0.440161096562 0
0.187030129923 0.645566047429 -0.722050670214 0
0.296892679784 0.204311231076 -0.749639115680 0
0.289020978833 0.135529529459 -0.991364572047 0
0.275031807284 0.108072124726 -0.711292178347 0
0.224000477598 0.066769789033 -0.943880011860 0
0.116672026772 1.106512238097 -0.426403043148 0
0.259710270555 1.027960065848 -0.402279899262 0
0.097999092694 1.006725314011 -0.501691348971 0
0.162657238487 1.050873841400 -0.432799887126 0
0.207417797398 0.873965197525 -0.467822729697 0
0.272166374937 0.628462419912 -0.534142519962 0
0.146951288215 0.670514628487 -0.597052409703 0
0.227268830052 0.787512202028 -0.508585101465 0
0.447466532082 0.886217394561 -0.401550090292 0
0.027861642331 0.791013228299 -0.564084981348 0
0.575769595502 0.830302256479 -0.262419496957 0
-0.063413931096 0.811567209448 -0.390327091439 0
0.659161870378 0.783119845707 -0.198506341307 0
-0.127500796188 0.801948288667 -0.295113158916 0
0.178692402825 0.467269132053 -0.290292802392 0
0.146951288215 0.670514628487 -0.597052409703 0
0.189710296211 0.152154145089 -0.499469900124 0
0.243585795426 0.170016158390 -0.956025698280 0
0.156914772403 0.090235778063 -0.420091563134 0
0.203696550478 0.073790400345 -0.937057235869 0
0.092908057400 1.129006459003 -0.317880657550 0
0.243675428714 1.046956732859 -0.296724344992 0
0.075847225815 1.021424120187 -0.384279105376 0
0.145157146811 1.069192473826 -0.322715146397 0
0.185731544158 0.889652925462 -0.348132547265 0
0.235607423242 0.637558194246 -0.405165857546 0
0.108435794949 0.683760693933 -0.460821642475 0
0.200323837332 0.799438272229 -0.382456535989 0
0.440035515308 0.919601573688 -0.320542637385 0
-0.018331652194 0.811934136256 -0.435153625489 0
0.588688712498 0.884027421097 -0.195713925208 0
-0.094233161507 0.841949154822 -0.255477360235 0
0.684005686295 0.849679163561 -0.140939710735 0
-0.151441123880 0.838776272365 -0.155564774848 0
0.140507271977 0.484805496781 -0.156557895247 0
0.108435794949 0.683760693933 -0.460821642475 0
0.091638107171 0.114296988758 -0.215796036791 0
0.183059657706 0.222182354075 -0.912558033195 0
0.061738376604 0.094440157367 -0.116186482534 0
0.146425680261 0.123324395214 -0.922325663756 0
0.076710428168 1.145264939190 -0.208221666521 0
0.231633910971 1.047579276170 -0.198318258328 0
0.058555048487 1.022682898428 -0.275181343101 0
0.132603433311 1.071641865018 -0.220448737659 0
0.165994732162 0.889573733617 -0.236665768910 0
0.200165646730 0.631218182590 -0.275515024313 0
0.075403474769 0.681542310122 -0.333019311559 0
0.175320740938 0.796147092869 -0.263391098448 0
0.434240644791 0.937069321812 -0.243947115707 0
-0.045646948952 0.817367487342 -0.323466505703 0
0.589093361211 0.921277941953 -0.122634423499 0
-0.135612000823 0.838611142297 -0.149109121812 0
0.689737728959 0.900370905128 -0.070683004727 0
-0.200515557564 0.830711845122 -0.054291020759 0
0.097252326217 0.469780286870 -0.035660904985 0
0.075403474769 0.681542310122 -0.333019311559 0
0.025993715066 0.104245362816 0.031274413301 0
0.122736628733 0.310305419359 -0.855466680779 0
0.005006649727 0.113980806484 0.134594862222 0
0.076582023828 0.218978888321 -0.882661682433 0
0.066438323221 1.146041797065 -0.106274339925 0
0.214740807448 1.020891226442 -0.107996943036 0
0.040227553192 0.994582452442 -0.181051912500 0
0.116307216210 1.045983139319 -0.131598337638 0
0.143791581197 0.862213964963 -0.131073312421 0
0.168923780952 0.599934537965 -0.145180703126 0
0.046498601166 0.649758539696 -0.207906332830 0
0.149988258953 0.766080207924 -0.146873844763 0
0.416903137010 0.914097335143 -0.163399005404 0
-0.053076824504 0.787193493944 -0.241285160984 0
0.571046362536 0.924297139670 -0.040592935670 0
-0.175470720008 0.792486740030 -0.086568592251 0
0.672266278014 0.917224409095 0.013903376621 0
-0.256606753765 0.775146686243 -0.006683616057 0
0.069362100707 0.440161114920 0.097189405154 0
0.046498601166 0.649758539696 -0.207906332830 0
-0.003243223184 0.077472959559 0.176936982569 0
0.047621964505 0.370542962228 -0.731730855118 0
-0.021285336865 0.067250766299 0.280765397943 0
0.000937280378 0.294670885924 -0.788952522740 0
0.050683230586 1.121735201837 -0.020143590413 0
0.198558400358 0.986859812850 -0.026241182769 0
0.026826114113 0.954838594498 -0.103485726268 0
0.101176870878 1.010022270063 -0.055501054521 0
0.127946192933 0.826880190600 -0.039095033063 0
0.158781868834 0.566806772522 -0.032522459034 0
0.028283736352 0.603600971475 -0.087488673731 0
0.131927738717 0.730473816361 -0.053917758159 0
0.389729425870 0.854196908387 -0.060855110768 0
-0.043043525388 0.740705760131 -0.171377507430 0
0.534177295202 0.882582417135 0.070577673156 0
-0.203512926653 0.722390056216 -0.057977300204 0
0.630651759274 0.883043748975 0.133488783584 0
-0.300238855420 0.690637697179 -0.004114277077 0
0.062313820530 0.445922261640 0.232551483400 0
0.028283736352 0.603600971475 -0.087488673731 0
-0.025325828772 0.078115750268 0.218006062743 0
-0.035787696826 0.356478678320 -0.537066442548 0
-0.055559797453 0.040849332698 0.312385468333 0
-0.109526852778 0.303282784118 -0.591316646785 0
0.032627483484 1.087169763522 0.051117641141 0
0.179854767859 0.972945420834 0.057503880810 0
0.012771326694 0.933811511076 -0.026375299320 0
0.082414014191 0.991653761840 0.025393145777 0
0.118358391529 0.809830398000 0.038623471282 0
0.165182995856 0.556478330655 0.065486378147 0
0.033701327457 0.577529102640 0.004870404263 0
0.128613198197 0.714021943375 0.022960334854 0
0.344584747286 0.805015043164 0.060215588935 0
-0.022924402161 0.714082883451 -0.102461279439 0
0.471089700921 0.817776644101 0.211143184154 0
-0.199303310004 0.646437969416 -0.045363580494 0
0.556291926910 0.806442148895 0.287807731147 0
-0.296075457779 0.587286147565 -0.025324712080 0
0.043720805879 0.435820476437 0.320186128625 0
0.033701327457 0.577529102640 0.004870404263 0
-0.036101245756 0.080590966658 0.217160196673 0
-0.155307217810 0.248334101579 -0.298859048387 0
-0.069179570343 0.039937379150 0.309157268396 0
-0.248351489472 0.204879877178 -0.324643633565 0
0.007632228664 1.066010028141 0.132241052384 0
0.153632353255 0.968562443455 0.133060273394 0
-0.003281980135 0.915178248546 0.038128320003 0
0.057227925557 0.978638250507 0.094583446141 0
0.108634887872 0.800715165678 0.109665737876 0
0.174121376271 0.556391544236 0.149446611764 0
0.042272157842 0.560285620957 0.086157748746 0
0.124385077785 0.705799803321 0.093150278865 0
0.297488520573 0.785705422864 0.167883317094 0
-0.003862536817 0.694920710707 -0.044516771842 0
0.374027246919 0.746183782702 0.345437151408 0
-0.158247948941 0.576452584299 -0.011715120968 0
0.431378429100 0.705630876783 0.436715005155 0
-0.236119445215 0.491688105637 -0.007670855161 0
0.040736722281 0.415529502477 0.387248553606 0
0.042272157842 0.560285620957 0.086157748746 0
-0.029646051833 0.080567323288 0.225939809821 0
-0.271058411921 0.099214884632 0.052204487875 0
-0.062691703657 0.038750166643 0.317425662530 0
-0.371809833921 0.091108270982 0.083728839102 0
-0.021505711203 1.046078821277 0.202885511602 0
0.150100815778 0.981396692699 0.207698866250 0
0.001801723187 0.921426259826 0.103319833960 0
0.055359469478 0.986779831358 0.164444954027 0
0.116675002849 0.811884345541 0.177814689316 0
0.191956038934 0.567306193613 0.209859546619 0
0.055845932184 0.570789538693 0.156317361721 0
0.135939718589 0.717475849821 0.162141095495 0
0.259186233728 0.781049831944 0.265191806714 0
0.034408026483 0.707746087794 0.010467562620 0
0.262541851833 0.705645465485 0.447533305275 0
-0.092528809875 0.558101856445 0.031423333911 0
0.278267170842 0.644339325377 0.543760195424 0
-0.150829164970 0.458791919203 0.029436421374 0
0.063245343883 0.394800401549 0.428625752776 0
0.055845932184 0.570789538693 0.156317361721 0
-0.021811612082 0.080841538067 0.235314983590 0
-0.228470311125 0.110939825411 0.448001851324 0
-0.054081221588 0.037646044482 0.326436729494 0
-0.324954103100 0.154254647981 0.453007345521 0
-0.026674468752 1.050379474735 0.272709527424 0
0.162225681559 0.988023352675 0.276263067804 0
0.016541051740 0.933676568780 0.165328529545 0
0.068948469698 0.996150788440 0.230338038264 0
0.127718413790 0.820108957607 0.239401309297 0
0.205433208700 0.575292781390 0.265833268980 0
0.067752679828 0.577099204007 0.216379561102 0
0.144855309196 0.725320527285 0.223550909521 0
0.209603208615 0.769612617986 0.349720893325 0
0.075260856790 0.728367758941 0.066615772899 0
0.129906606162 0.682342649139 0.507764889877 0
-0.033024058328 0.563661697722 0.076196550906 0
0.098620967326 0.612990219426 0.594233335892 0
-0.078669882454 0.458277297817 0.067482776916 0
0.073686498127 0.376349493719 0.458829944640 0
0.067752679828 0.577099204007 0.216379561102 0
-0.026210244885 0.086491415900 0.237071421333 0
-0.150174448034 0.184242048295 0.650562651093 0
-0.059667978421 0.037105829067 0.324547102640 0
-0.229568429889 0.157805012664 0.715431979226 0
-0.011778798343 1.061903945426 0.339090693518 0
0.177429211629 1.004389155311 0.326450377524 0
0.033845745429 0.949255297108 0.213189166257 0
0.084930541170 1.012085103881 0.278904924093 0
0.144089420716 0.836259056099 0.289497530260 0
0.230708215906 0.597149619678 0.324206030279 0
0.090662544528 0.589401251473 0.282588328103 0
0.160754864257 0.741074184396 0.275646246180 0
0.155257117893 0.788026062540 0.416112752985 0
0.115723359609 0.746677806332 0.125997723132 0
0.017167142376 0.701625345844 0.527520003950 0
0.026874368910 0.570467552166 0.124855825782 0
-0.048610822341 0.631880289491 0.591349694005 0
-0.005148844683 0.460679088015 0.111204826131 0
0.093866223530 0.374860177586 0.485590717686 0
0.090662544528 0.589401251473 0.282588328103 0
-0.008124193627 0.092627449089 0.255120439835 0
0.002153152319 0.222152336322 0.758070654376 0
-0.044192189532 0.037202607662 0.337809844020 0
-0.055443590355 0.204999657946 0.845241474024 0
0.007799334262 1.084694511618 0.387606578220 0
0.215044349729 1.016381394585 0.387896563783 0
0.077200109276 0.968444231765 0.264668929469 0
0.126695033319 1.028739257421 0.333882831094 0
0.175666346257 0.850099647850 0.348595948197 0
0.255355277914 0.607192726547 0.380264874705 0
0.113626887267 0.603984626597 0.344103682864 0
0.187491092209 0.753861943359 0.337271881016 0
0.128118191228 0.812033179556 0.465546941823 0
0.157942084058 0.763373370693 0.182385233183 0
-0.051504532834 0.740552345011 0.505191210569 0
0.074720320239 0.585663086738 0.161440215764 0
-0.144400021485 0.678368776120 0.532921605607 0
0.047731943272 0.475939366095 0.139131573995 0
0.109729362384 0.363816831506 0.497502286443 0
0.113626887267 0.603984626597 0.344103682864 0
-0.018025092357 0.107617128166 0.250086808951 0
0.119146114588 0.203179447658 0.766806892566 0
-0.060537591778 0.044033777321 0.323300167216 0
0.078825159482 0.171831136701 0.859553078039 0
0.058709762522 1.109391735950 0.442958739909 0
0.249556629528 1.031611969532 0.439732616030 0
0.119602805419 0.980417556130 0.309443738147 0
0.165525765557 1.043054242448 0.379039205401 0
0.209137532674 0.864414238262 0.405732614447 0
0.289664934134 0.618334315751 0.428512358432 0
0.144827906496 0.617602740186 0.407859013954 0
0.218904082449 0.767386206054 0.401268272218 0
0.124454799462 0.842355258715 0.501985011585 0
0.201047011337 0.772940245423 0.234184598561 0
-0.064825292298 0.800321603466 0.465219274262 0
0.117495081104 0.596318251352 0.206449297658 0
-0.170090073964 0.754824982561 0.454508247813 0
0.091021782954 0.487093835768 0.181259331680 0
0.155969060670 0.357832794081 0.520423809834 0
0.144827906496 0.617602740186 0.407859013954 0
0.001037916049 0.117143941868 0.272958410138 0
0.220801601342 0.175743661720 0.764792582376 0
-0.046442157092 0.044422103833 0.333518527935 0
0.220839801623 0.120315722287 0.855003961987 0
0.101900430732 1.132960164679 0.482248431182 0
0.295770028846 1.036550948072 0.497886052153 0
0.158321561732 0.993101161849 0.372570087371 0
0.209796810108 1.052550947003 0.441066975277 0
0.246841127153 0.871805711296 0.463104528624 0
0.321918265755 0.623220744409 0.467983567996 0
0.175638778808 0.624661992665 0.470240760515 0
0.250204885355 0.774274109580 0.465559457861 0
0.136774541098 0.870145444449 0.546605396026 0
0.236990889639 0.786416181091 0.292342992180 0
-0.036740816522 0.866653437217 0.452660053904 0
0.141695616201 0.616374509308 0.261518627321 0
-0.141959427089 0.844875859910 0.411185676539 0
0.108022495850 0.509962461858 0.233094342214 0
0.207022280741 0.346856309581 0.535843394568 0
0.175638778808 0.624661992665 0.470240760515 0
0.013235036825 0.123825506313 0.299458809434 0
0.290214891199 0.118180706146 0.726648713977 0
-0.038018628727 0.039568284834 0.337983260583 0
0.298630827364 0.050393320907 0.807546138912 0
0.153370849038 1.152243301293 0.540013531152 0
0.336961152681 1.033968273608 0.531494276540 0
0.183187481541 0.985817423144 0.428931077839 0
0.244521581873 1.048436596928 0.485435670696 0
0.280521616778 0.868697529002 0.515843570346 0
0.348767687146 0.619833072493 0.502422349396 0
0.204831867590 0.622105253252 0.528540876522 0
0.280168060406 0.771212580813 0.520973361232 0
0.152067721488 0.895650690724 0.576512012982 0
0.266074996122 0.785742548568 0.337041819940 0
0.003531891390 0.925352453682 0.450019273247 0
0.163023370565 0.619427467228 0.311251183260 0
-0.094290184216 0.925583558455 0.389223459449 0
0.124058383240 0.515257721138 0.281322323894 0
0.260123182183 0.330662402464 0.554439842674 0
0.204831867590 0.622105253252 0.528540876522 0
0.047119534593 0.119249898734 0.323987881129 0
0.326884656678 0.078354505458 0.689265122775 0
-0.003916169325 0.027796363079 0.339542902250 0
0.342594749781 0.039034986836 0.786309027119 0
0.198411882293 1.159351578590 0.579168286625 0
0.366698862614 1.034641939109 0.553381901038 0
0.198299973858 0.983780292532 0.478957689674 0
0.267987723116 1.047994039652 0.522500933549 0
0.308536325274 0.869228240811 0.552920917788 0
0.379075593677 0.621340352504 0.537108510881 0
0.236723071261 0.621143578378 0.570881000541 0
0.307802105506 0.771622689966 0.554461127378 0
0.173749860028 0.915883299002 0.616714349500 0
0.276915258345 0.782311999565 0.386361279370 0
0.046896369119 0.973264478152 0.476853372545 0
0.186424957115 0.608146495795 0.365784996157 0
-0.042448457883 0.991963639657 0.406616728920 0
0.154688060167 0.501083300167 0.337578890880 0
0.332898911958 0.323253879150 0.593637377319 0
0.236723071261 0.621143578378 0.570881000541 0
0.121272570752 0.133059300042 0.344209590203 0
0.346084807411 0.080822575555 0.693881149795 0
0.083368544610 0.038661594438 0.373581497177 0
0.356006183275 0.040729600206 0.791372024080 0
0.231480194897 1.168571830467 0.612217629617 0
0.395673292448 1.045864744154 0.573111530879 0
0.216851644233 0.997182271268 0.526885012221 0
0.293446980517 1.060477632656 0.558549716378 0
0.336141588581 0.881189079856 0.582204751588 0
0.402757438272 0.632210662359 0.561726401935 0
0.262386448602 0.634245721715 0.602917471460 0
0.335110709428 0.783583263630 0.583545201840 0
0.220973781877 0.924520753266 0.673608536350 0
0.264776771589 0.779256948781 0.452348663947 0
0.104464369410 1.011430560715 0.540125417840 0
0.188834736507 0.598400255915 0.430688453785 0
0.018925670657 1.049486982087 0.473042016997 0
0.166540890486 0.487676636082 0.408136130147 0
0.403659206306 0.335999036349 0.641983511921 0
0.262386448602 0.634245721715 0.602917471460 0
0.202507967828 0.154474239072 0.377860747979 0
0.349034488815 0.080244300715 0.694603305531 0
0.183957543058 0.058368219173 0.418232342205 0
0.358385993033 0.040803846269 0.792416141408 0
0.267685846493 1.183061125143 0.652687189116 0
0.428838801700 1.062647533751 0.586110229057 0
0.243594160219 1.020079090317 0.567231497902 0
0.326123150249 1.080655658882 0.587112316507 0
0.365952372513 0.899929691744 0.603801632531 0
0.428531459234 0.648329401789 0.585484867690 0
0.289863629228 0.655958569442 0.631505397223 0
0.366287190520 0.802316701642 0.604962210027 0
0.296163627191 0.930654328883 0.728655040134 0
0.266714558740 0.792371364248 0.512838760445 0
0.163712566424 1.026987788993 0.618554714449 0
0.184765692883 0.613613558804 0.529437890809 0
0.070167574526 1.071767172090 0.568459962220 0
0.157370649027 0.501745942642 0.528737257562 0
0.468144652624 0.361304208084 0.686631678613 0
0.289863629228 0.655958569442 0.631505397223 0
0.291421501424 0.165926716411 0.415024479192 0
0.349792953250 0.079026237198 0.689344111900 0
0.296784624712 0.069424350051 0.458255037085 0
0.358143278472 0.039088575488 0.787045730035 0
0.310926496436 1.201527048118 0.686484312392 0
0.456480776552 1.080668225274 0.597614818393 0
0.269701159727 1.040733072419 0.599231719452 0
0.354698928213 1.100375925144 0.608922502397 0
0.393530082421 0.919437558160 0.625662401719 0
0.455831138608 0.667857195340 0.605955701723 0
0.318527273922 0.675461798773 0.655902465032 0
0.393683564358 0.821817631372 0.625947387993 0
0.383433127004 0.936833794031 0.768844571974 0
0.264109171134 0.807054265732 0.572644576015 0
0.216750467100 1.025170783478 0.710887968088 0
0.183449802320 0.647191816217 0.655611823823 0
0.109339950631 1.063464033667 0.694703073819 0
0.148836614356 0.541934259970 0.687046151120 0
0.523010548415 0.393781612001 0.726590878134 0
0.318527273922 0.675461798773 0.655902465032 0
0.388370687234 0.158492346123 0.462611757096 0
0.353115548510 0.080503889937 0.688030077719 0
0.414245083945 0.067630871915 0.510414048253 0
0.361920446240 0.040951601013 0.785848486809 0
0.346009450423 1.221999738618 0.708294768782 0
0.485963539077 1.092000762013 0.609310197163 0
0.299048255334 1.055846861267 0.624790127017 0
0.385577459623 1.114014748145 0.627025198422 0
0.422189886657 0.932828502494 0.645942121721 0
0.484887191308 0.681455355608 0.625846749961 0
0.348412133408 0.688684143966 0.678069001980 0
0.422093489383 0.835209582990 0.645401619648 0
0.475743838056 0.938191369108 0.787023898358 0
0.265471902379 0.823008992935 0.626547061834 0
0.291367133960 1.003390300100 0.813478220038 0
0.183705943539 0.707903203567 0.764425580756 0
0.183221690700 1.025070800864 0.846642385177 0
0.138018882856 0.622681369041 0.826997733242 0
0.566603775030 0.417149416715 0.758692957597 0
0.348412133408 0.688684143966 0.678069001980 0
0.487336146751 0.132101490758 0.522815382964 0
0.353023904793 0.079313521543 0.685528015113 0
0.526863493282 0.059046254288 0.588472615930 0
0.361004955819 0.040754215563 0.783812468040 0
0.382820229493 1.237396617419 0.724513723312 0
0.514627356800 1.099458356040 0.623929572050 0
0.327939449910 1.065708444419 0.646124728060 0
0.415028095180 1.123036747187 0.643925780656 0
0.450526306585 0.942173645407 0.667488268112 0
0.515469417689 0.690839926465 0.649999338844 0
0.377484499162 0.698066338328 0.698090935270 0
0.451803655871 0.844564164764 0.666772343930 0
0.556555156058 0.935332510048 0.787173860018 0
0.269273768335 0.840287511142 0.679104598784 0
0.399993134092 0.968667620140 0.902597447142 0
0.185950708594 0.781128504573 0.847932855922 0
0.316423312419 0.968498200288 0.981852724967 0
0.132382442444 0.724218758669 0.932532291756 0
0.598664156755 0.425294947339 0.779412799214 0
0.377484499162 0.698066338328 0.698090935270 0
0.585603567977 0.099077585316 0.588139275339 0
0.355365603410 0.079253744835 0.685824093457 0
0.639832187348 0.050505228904 0.665017971829 0
0.363311833323 0.042717770125 0.784881303807 0
0.417979720018 1.248225396350 0.738291709142 0
0.542509272262 1.102819100332 0.644489162613 0
0.355555002430 1.070953582460 0.667221206657 0
0.443241410191 1.127361191473 0.664967910749 0
0.476895207039 0.946020297517 0.687543950045 0
0.545343826295 0.695279550744 0.676163495567 0
0.404233984364 0.701269795605 0.714334032539 0
0.479328827188 0.848434537783 0.688466918109 0
0.615665080329 0.926750714070 0.782300926742 0
0.272777819998 0.863489686963 0.741049394777 0
0.541647374253 0.939180142198 0.964817745843 0
0.189961922898 0.857371669082 0.920073409355 0
0.507366584789 0.923346955664 1.073627122915 0
0.133065222724 0.829755188750 1.016330556540 0
0.620892728043 0.423409864231 0.796839016169 0
0.404233984364 0.701269795605 0.714334032539 0
0.661171316735 0.074559944535 0.655930265479 0
0.351916824831 0.078033666403 0.686841816695 0
0.717072743482 0.041731313387 0.739642047236 0
0.357144794705 0.041121853536 0.785940441015 0
0.451663326280 1.253699925844 0.757860533744 0
0.565528658825 1.101718780404 0.658247539302 0
0.378999886765 1.067802215715 0.681501353981 0
0.465816011949 1.125444819044 0.677489809085 0
0.502168249877 0.945587460005 0.706757890859 0
0.577707995726 0.696608176213 0.700667503190 0
0.434502451751 0.699220597510 0.730503854269 0
0.507341486205 0.848117461643 0.708367836576 0
0.656969809226 0.915823257020 0.769716376321 0
0.281858296208 0.879824211237 0.784320187099 0
0.700608512092 0.911123706649 0.962119802979 0
0.206704040011 0.918811301240 0.962582200270 0
0.726888571770 0.883006729085 1.070674567483 0
0.151532593070 0.917558598791 1.063675647336 0
0.656872158705 0.423096089978 0.815155573556 0
0.434502451751 0.699220597510 0.730503854269 0
0.705318417995 0.071326437990 0.684446051711 0
0.363810103688 0.075886413672 0.687085020114 0
0.755693076514 0.037980121130 0.771398727756 0
0.368433533478 0.039436779485 0.786384561930 0
0.474369097792 1.252900627604 0.766973536168 0
0.595605119265 1.099976670812 0.677285673948 0
0.409095438669 1.066965292856 0.701952332281 0
0.496320990465 1.124009493244 0.698282983714 0
0.531561750531 0.943222776336 0.722798840481 0
0.611108156611 0.696400285950 0.718294239745 0
0.468106880272 0.694841070976 0.749165978116 0
0.536365598668 0.845783367050 0.726297331741 0
0.694839298302 0.907419856689 0.769037416563 0
0.299750015187 0.895392097254 0.820063077523 0
0.836909991281 0.886255999716 0.904364834722 0
0.235903854106 0.972530499825 0.990118466486 0
0.910404238358 0.849527163747 0.985079957937 0
0.184283877423 0.994800491192 1.090640943338 0
0.683915119469 0.419388323074 0.828507046873 0
0.468106880272 0.694841070976 0.749165978116 0
0.697761488901 0.068612651997 0.687302890298 0
0.360511538870 0.077816801520 0.686497197367 0
0.748010517783 0.032907236488 0.773387205594 0
0.362653892414 0.040895575697 0.785706997011 0
0.504561784845 1.251998425583 0.786687085009 0
0.621497555369 1.099137173125 0.686370182748 0
0.436508046647 1.067108874802 0.721542982371 0
0.523428122870 1.123899226898 0.711767602012 0
0.559886873039 0.943827539588 0.739547493639 0
0.645086561832 0.699968557088 0.732898157236 0
0.503468739723 0.693049227357 0.768972743211 0
0.565085672925 0.846430143149 0.743606376073 0
0.732722302200 0.900601932794 0.746008637342 0
0.321326053445 0.896961902517 0.836116310381 0
0.909094905423 0.866307978982 0.827630511342 0
0.275097356991 1.003731024462 0.995517574412 0
1.003829424945 0.823344377126 0.877075860843 0
0.230642657345 1.045327382781 1.093287025237 0
0.707095206436 0.417469589205 0.835526639694 0
0.503468739723 0.693049227357 0.768972743211 0
0.705100623006 0.069662897024 0.686528540005 0
0.373027824561 0.083548411206 0.683717609033 0
0.753990403765 0.033134663568 0.773049222146 0
0.371954844643 0.044093051860 0.781964615467 0
0.531145791040 1.252900141883 0.798715269624 0
0.649830176224 1.099333964577 0.696736520884 0
0.466494236939 1.072300215527 0.743009254139 0
0.554072620450 1.126784126372 0.727603670618 0
0.587616339391 0.946078014657 0.754933059964 0
0.673274264862 0.703508609973 0.745424216098 0
0.532260716187 0.694020128939 0.783239665768 0
0.591322118441 0.848623669171 0.759254243538 0
0.767608695392 0.896723804807 0.717261500975 0
0.347161622492 0.895925454709 0.842987262234 0
0.950522782632 0.844810467467 0.770109801293 0
0.320730188426 1.021317669407 0.993066149948 0
1.048526898274 0.791985776635 0.799607059073 0
0.286007835013 1.076277017488 1.088140705390 0
0.720303418392 0.414828706450 0.838351694772 0
0.532260716187 0.694020128939 0.783239665768 0
0.702497454821 0.068444200513 0.687108086947 0
0.386242434940 0.101405600375 0.689023532920 0
0.749434866720 0.031730100688 0.774625543368 0
0.376605337462 0.055020647597 0.783712040397 0
0.564474421121 1.256432347626 0.813903016222 0
0.672966343445 1.099220617458 0.710371382295 0
0.491944352587 1.073690226207 0.765718414848 0
0.579246944425 1.127373096005 0.746425702454 0
0.612035895313 0.946001411447 0.770004764221 0
0.697656627154 0.704594558911 0.754352973235 0
0.557714481620 0.692747847837 0.795349457913 0
0.614588596691 0.848474567195 0.773433064935 0
0.788323480352 0.894956245446 0.692687250479 0
0.375419907209 0.885206106474 0.844710322440 0
0.971364049408 0.824643711659 0.714998647197 0
0.364376461543 1.014046090911 0.993786817802 0
1.066908495909 0.761511606294 0.727284365558 0
0.338733535265 1.072205625243 1.089834991959 0
0.739251150931 0.412634908066 0.839281190823 0
0.557714481620 0.692747847837 0.795349457913 0
0.709282979930 0.067616003492 0.686841788393 0
0.421287618552 0.120132478717 0.707756874989 0
0.755468947131 0.031118809524 0.774848391591 0
0.400062147129 0.062498188824 0.794001404855 0
0.592950238001 1.256782027633 0.832292234333 0
0.701545250225 1.098024518968 0.727315813121 0
0.521307869394 1.075739450720 0.786492821736 0
0.609579646170 1.127590586577 0.766609287389 0
0.637829493569 0.944742472588 0.783793255092 0
0.718102878383 0.703178998626 0.760903461585 0
0.580659097134 0.691442305061 0.809650948043 0
0.636495320138 0.847138827996 0.785019396839 0
0.791895013625 0.887468971120 0.673956533221 0
0.410248185510 0.875765461232 0.841448088734 0
0.969737165893 0.802365757296 0.682623287222 0
0.407259869763 0.995035644746 0.998646034156 0
1.061134961154 0.732281649298 0.682562557439 0
0.387562999084 1.047225009749 1.099411337345 0
0.752889294458 0.409075146567 0.841378139171 0
0.580659097134 0.691442305061 0.809650948043 0
0.701383261314 0.066336521666 0.689551689727 0
0.451358711810 0.139940335408 0.732548701121 0
0.746889664432 0.028754506270 0.777455673336 0
0.431351327580 0.072095967427 0.811334469187 0
0.628732927655 1.257403487396 0.850953036019 0
0.728018936127 1.093636392240 0.734477583712 0
0.551510740904 1.078272007627 0.805841781798 0
0.640063736829 1.126746785197 0.779681417593 0
0.662731935324 0.943062206661 0.796201217786 0
0.736890793357 0.700763765200 0.768829816444 0
0.602939756125 0.690489483027 0.826764427570 0
0.658227869867 0.845552623393 0.797362874097 0
0.789700220916 0.879588518848 0.658828008495 0
0.449989137147 0.867854881131 0.833444826470 0
0.956494892214 0.774150144547 0.656037380870 0
0.451671943654 0.962410121578 1.006655609673 0
1.039704142599 0.695213112869 0.645525076608 0
0.436754349212 0.998396527643 1.115042817476 0
0.765699494901 0.405492456834 0.847368071096 0
0.602939756125 0.690489483027 0.826764427570 0
0.695809895585 0.067066889772 0.693233432982 0
0.491964314128 0.149783228223 0.769027473814 0
0.741660263722 0.028824013660 0.780672423762 0
0.483051179318 0.077370335023 0.845756085599 0
0.664962547052 1.255761175839 0.866386380473 0
0.747874023360 1.091106798431 0.748663524889 0
0.575407493147 1.075539676560 0.829267598837 0
0.662869352064 1.123868059671 0.799424803663 0
0.684576132268 0.939646706740 0.810291460506 0
0.754669220727 0.697525852048 0.776308521036 0
0.624009460493 0.687063251300 0.841296377265 0
0.678049267027 0.842244690864 0.810244412872 0
0.786482964491 0.873939460852 0.666861150957 0
0.489833327502 0.856421622973 0.832143706168 0
0.933861928523 0.752702545461 0.616596331665 0
0.485153950828 0.907852513076 1.022612779060 0
1.002211398020 0.664883157033 0.586907143461 0
0.470279416186 0.916183387938 1.136519265283 0
0.781315182531 0.401487875585 0.852694733691 0
0.624009460493 0.687063251300 0.841296377265 0
0.699435450478 0.067626810286 0.694560595202 0
0.548109162166 0.144659453930 0.810553488794 0
0.747240651777 0.029081848500 0.780811969625 0
0.544899761513 0.074116557666 0.889444239040 0
0.689696952091 1.249446590473 0.888806857823 0
