0.253740000000 0.235197000000 2.259467000000 0
0.115065000000 0.305128000000 2.295623000000 0
0.219893000000 0.391110000000 2.430621000000 0
0.228953000000 0.063670000000 2.509394000000 0
0.248013000000 -0.062826000000 2.543743000000 0
0.195896000000 -0.064444000000 2.460923000000 0
0.219424000000 -0.007269000000 2.503168000000 0
0.068669000000 0.169328000000 2.505676000000 0
0.045905000000 0.106221000000 2.206062000000 0
0.362423000000 0.034209000000 2.393774000000 0
0.329358000000 -0.015150000000 2.296803000000 0
0.399750000000 0.001887000000 2.344466000000 0
0.392202000000 -0.018218000000 2.280782000000 0
0.245461000000 -0.557435000000 2.672310000000 0
0.080071000000 -0.568354000000 2.438401000000 0
0.155158000000 -0.927032000000 2.700961000000 0
0.016654000000 -0.950025000000 2.572567000000 0
0.118129000000 -0.977126000000 2.626680000000 0
0.074398000000 -0.996169000000 2.520881000000 0
0.247852000000 0.570180000000 2.432619000000 0
0.227698000000 0.208768000000 2.244488000000 0
0.061556000000 0.298674000000 2.298869000000 0
0.187727000000 0.360698000000 2.400599000000 0
0.200279000000 0.054962000000 2.489254000000 0
0.225124000000 -0.069787000000 2.531953000000 0
0.173072000000 -0.073641000000 2.459609000000 0
0.199217000000 -0.012686000000 2.494860000000 0
0.278177000000 0.142336000000 2.477190000000 0
0.074181000000 0.092793000000 2.246334000000 0
0.362505000000 -0.011930000000 2.333400000000 0
0.378601000000 -0.045999000000 2.249310000000 0
0.396245000000 -0.041784000000 2.275512000000 0
0.438448000000 -0.063061000000 2.229842000000 0
0.254656000000 -0.556461000000 2.655997000000 0
0.046252000000 -0.564616000000 2.460977000000 0
0.159126000000 -0.922876000000 2.706465000000 0
0.011618000000 -0.943169000000 2.572969000000 0
0.112836000000 -0.973852000000 2.641556000000 0
0.061996000000 -0.993828000000 2.505928000000 0
0.219288000000 0.551746000000 2.400192000000 0
0.209057000000 0.213320000000 2.219385000000 0
0.036097000000 0.295399000000 2.298992000000 0
0.177435000000 0.397249000000 2.362467000000 0
0.181535000000 0.053363000000 2.454343000000 0
0.212181000000 -0.071958000000 2.512559000000 0
0.154944000000 -0.078002000000 2.446045000000 0
0.181544000000 -0.016247000000 2.471411000000 0
0.287190000000 0.144409000000 2.453390000000 0
0.049778000000 0.087489000000 2.245481000000 0
0.363138000000 -0.038502000000 2.271903000000 0
0.324039000000 -0.056384000000 2.206652000000 0
0.384545000000 -0.069168000000 2.209321000000 0
0.399145000000 -0.075905000000 2.184729000000 0
0.288755000000 -0.555393000000 2.603281000000 0
0.027750000000 -0.560854000000 2.463221000000 0
0.211644000000 -0.925212000000 2.674666000000 0
0.005994000000 -0.937118000000 2.574254000000 0
0.276731000000 -0.983376000000 2.666933000000 0
0.053954000000 -0.988445000000 2.509543000000 0
0.202469000000 0.567195000000 2.357544000000 0
0.211311000000 0.221668000000 2.177521000000 0
0.034296000000 0.293128000000 2.283907000000 0
0.180190000000 0.398906000000 2.322025000000 0
0.185844000000 0.051144000000 2.409197000000 0
0.219615000000 -0.075790000000 2.473146000000 0
0.155748000000 -0.082445000000 2.412579000000 0
0.186246000000 -0.020380000000 2.431392000000 0
0.349643000000 0.134235000000 2.411041000000 0
0.050649000000 0.079277000000 2.243188000000 0
0.378215000000 -0.052251000000 2.229045000000 0
0.317130000000 -0.070973000000 2.168329000000 0
0.367754000000 -0.082259000000 2.156548000000 0
0.395808000000 -0.084728000000 2.140078000000 0
0.337980000000 -0.559555000000 2.532768000000 0
0.030979000000 -0.551546000000 2.471699000000 0
0.341724000000 -0.930747000000 2.552966000000 0
0.005258000000 -0.930167000000 2.577550000000 0
0.424394000000 -0.978223000000 2.502435000000 0
0.047991000000 -0.984588000000 2.513057000000 0
0.200834000000 0.569207000000 2.313293000000 0
0.241007000000 0.227683000000 2.129710000000 0
0.063765000000 0.285478000000 2.253072000000 0
0.209302000000 0.403939000000 2.280917000000 0
0.219628000000 0.041399000000 2.359736000000 0
0.257486000000 -0.083840000000 2.416703000000 0
0.187702000000 -0.093181000000 2.368191000000 0
0.220667000000 -0.032334000000 2.382266000000 0
0.410528000000 0.132096000000 2.358314000000 0
-0.005928000000 0.087198000000 2.239312000000 0
0.419330000000 -0.058271000000 2.187387000000 0
0.252740000000 -0.062838000000 2.142096000000 0
0.358620000000 -0.103990000000 2.101115000000 0
0.315688000000 -0.065425000000 2.121568000000 0
0.386807000000 -0.560727000000 2.478995000000 0
0.049044000000 -0.544379000000 2.474658000000 0
0.420536000000 -0.923576000000 2.474631000000 0
0.010582000000 -0.923676000000 2.584031000000 0
0.499747000000 -0.980309000000 2.477309000000 0
0.047251000000 -0.980472000000 2.526449000000 0
0.230222000000 0.573175000000 2.271308000000 0
0.485288000000 0.269788000000 2.339112000000 0
0.125235000000 0.271636000000 2.209485000000 0
0.282489000000 0.394659000000 2.234181000000 0
0.287254000000 0.038043000000 2.292096000000 0
0.350185000000 -0.101649000000 2.339793000000 0
0.235259000000 -0.105566000000 2.304299000000 0
0.290730000000 -0.031723000000 2.309252000000 0
0.521123000000 0.080512000000 2.397132000000 0
0.008830000000 0.082083000000 2.210272000000 0
0.437178000000 -0.069819000000 2.157652000000 0
0.250891000000 -0.074280000000 2.112606000000 0
0.390253000000 -0.112459000000 2.093018000000 0
0.356090000000 -0.108962000000 2.073403000000 0
0.462112000000 -0.546641000000 2.380892000000 0
0.134194000000 -0.562649000000 2.437050000000 0
0.488611000000 -0.923510000000 2.400388000000 0
0.027279000000 -0.909484000000 2.578590000000 0
0.519855000000 -0.990815000000 2.392744000000 0
0.048712000000 -0.977792000000 2.535604000000 0
0.293794000000 0.563560000000 2.229177000000 0
0.560324000000 0.280103000000 2.311605000000 0
0.192472000000 0.266254000000 2.171628000000 0
0.360655000000 0.385732000000 2.187898000000 0
0.367260000000 0.045183000000 2.232125000000 0
0.449750000000 -0.103984000000 2.274250000000 0
0.299074000000 -0.104622000000 2.239775000000 0
0.371624000000 -0.021320000000 2.245735000000 0
0.627035000000 0.054818000000 2.361350000000 0
0.063518000000 0.077788000000 2.188165000000 0
0.503893000000 -0.083166000000 2.096720000000 0
0.294503000000 -0.074871000000 2.057940000000 0
0.426827000000 -0.128389000000 2.017185000000 0
0.360282000000 -0.106100000000 2.022172000000 0
0.525519000000 -0.544100000000 2.312731000000 0
0.229352000000 -0.555793000000 2.330157000000 0
0.489073000000 -0.921067000000 2.388319000000 0
0.095766000000 -0.883792000000 2.514201000000 0
0.515285000000 -0.990660000000 2.365681000000 0
0.087100000000 -0.975586000000 2.513173000000 0
0.391819000000 0.563291000000 2.162427000000 0
0.632672000000 0.291117000000 2.298446000000 0
0.247142000000 0.267945000000 2.145307000000 0
0.419550000000 0.380621000000 2.153602000000 0
0.423348000000 0.054652000000 2.192100000000 0
0.508359000000 -0.097995000000 2.238073000000 0
0.343298000000 -0.097057000000 2.195967000000 0
0.426310000000 -0.009339000000 2.204033000000 0
0.667935000000 0.047716000000 2.326951000000 0
0.111628000000 0.077512000000 2.174303000000 0
0.518991000000 -0.066712000000 2.051829000000 0
0.327496000000 -0.073714000000 2.019191000000 0
0.451915000000 -0.109489000000 1.968174000000 0
0.386016000000 -0.099468000000 1.983673000000 0
0.542363000000 -0.555066000000 2.301965000000 0
0.294742000000 -0.559898000000 2.258668000000 0
0.487958000000 -0.919603000000 2.384024000000 0
0.168703000000 -0.887921000000 2.451072000000 0
0.509390000000 -0.989475000000 2.352347000000 0
0.151306000000 -0.979397000000 2.464827000000 0
0.455636000000 0.566131000000 2.113441000000 0
0.661892000000 0.290205000000 2.226758000000 0
0.282851000000 0.273590000000 2.123196000000 0
0.462122000000 0.378087000000 2.110998000000 0
0.459698000000 0.062314000000 2.153379000000 0
0.542929000000 -0.092797000000 2.193269000000 0
0.373350000000 -0.088494000000 2.160911000000 0
0.460144000000 -0.000615000000 2.165686000000 0
0.717164000000 0.050544000000 2.256454000000 0
0.167739000000 0.078575000000 2.163165000000 0
0.592049000000 -0.077462000000 2.053614000000 0
0.369940000000 -0.065462000000 1.980979000000 0
0.541317000000 -0.121797000000 1.982815000000 0
0.416034000000 -0.091327000000 1.943732000000 0
0.562307000000 -0.567720000000 2.274953000000 0
0.351060000000 -0.563881000000 2.171622000000 0
0.484268000000 -0.927421000000 2.373311000000 0
0.290226000000 -0.871393000000 2.265212000000 0
0.537122000000 -0.995742000000 2.317599000000 0
0.287371000000 -0.938718000000 2.225720000000 0
0.486328000000 0.568902000000 2.059892000000 0
0.667776000000 0.279356000000 2.143895000000 0
0.303394000000 0.275389000000 2.090876000000 0
0.473643000000 0.371222000000 2.063233000000 0
0.467994000000 0.058732000000 2.104033000000 0
0.547782000000 -0.097541000000 2.135639000000 0
0.383799000000 -0.085100000000 2.113010000000 0
0.467011000000 -0.003868000000 2.115274000000 0
0.733263000000 0.042991000000 2.173783000000 0
0.210471000000 0.070603000000 2.141480000000 0
0.621074000000 -0.079556000000 2.003133000000 0
0.399780000000 -0.068234000000 1.939415000000 0
0.601432000000 -0.127626000000 1.958186000000 0
0.434987000000 -0.096073000000 1.897459000000 0
0.573374000000 -0.569143000000 2.243281000000 0
0.355060000000 -0.541266000000 2.108977000000 0
0.507411000000 -0.921389000000 2.343344000000 0
0.345996000000 -0.869531000000 2.089584000000 0
0.521593000000 -0.983723000000 2.289457000000 0
0.343272000000 -0.927694000000 2.027479000000 0
0.485805000000 0.562745000000 2.003890000000 0
0.659902000000 0.263599000000 2.065784000000 0
0.300686000000 0.266653000000 2.035267000000 0
0.465100000000 0.359523000000 2.003523000000 0
0.460846000000 0.044649000000 2.038219000000 0
0.540133000000 -0.111209000000 2.061991000000 0
0.376324000000 -0.095124000000 2.048257000000 0
0.459873000000 -0.018453000000 2.047898000000 0
0.719044000000 0.032083000000 2.085706000000 0
0.224285000000 0.056304000000 2.091393000000 0
0.611112000000 -0.089874000000 1.937657000000 0
0.399736000000 -0.083914000000 1.877354000000 0
0.590462000000 -0.119816000000 1.887906000000 0
0.447940000000 -0.121876000000 1.815722000000 0
0.571685000000 -0.576068000000 2.197635000000 0
0.349569000000 -0.528068000000 2.037586000000 0
0.506830000000 -0.918129000000 2.337597000000 0
0.358993000000 -0.886419000000 1.983355000000 0
0.513554000000 -0.975961000000 2.272073000000 0
0.359482000000 -0.936478000000 1.903877000000 0
0.470503000000 0.551821000000 1.943558000000 0
0.643303000000 0.251376000000 1.996998000000 0
0.277888000000 0.254572000000 1.971922000000 0
0.443302000000 0.351037000000 1.942854000000 0
0.441531000000 0.032261000000 1.970271000000 0
0.522045000000 -0.121897000000 1.990811000000 0
0.355150000000 -0.108203000000 1.977786000000 0
0.440575000000 -0.031667000000 1.978608000000 0
0.692025000000 0.026831000000 2.020179000000 0
0.204983000000 0.043476000000 2.022152000000 0
0.596179000000 -0.098140000000 1.873138000000 0
0.366166000000 -0.103919000000 1.815310000000 0
0.562644000000 -0.115209000000 1.827790000000 0
0.424848000000 -0.137851000000 1.752082000000 0
0.552325000000 -0.574912000000 2.131994000000 0
0.333311000000 -0.528132000000 1.974562000000 0
0.504891000000 -0.912957000000 2.326315000000 0
0.351105000000 -0.897766000000 1.940012000000 0
0.508312000000 -0.968033000000 2.253018000000 0
0.353277000000 -0.945831000000 1.859986000000 0
0.449097000000 0.543161000000 1.884389000000 0
0.600073000000 0.244370000000 1.924231000000 0
0.241380000000 0.245224000000 1.891782000000 0
0.404879000000 0.347268000000 1.876112000000 0
0.408320000000 0.021000000000 1.899179000000 0
0.489510000000 -0.130473000000 1.919248000000 0
0.329171000000 -0.121106000000 1.900297000000 0
0.408667000000 -0.044427000000 1.906556000000 0
0.651755000000 0.024155000000 1.958008000000 0
0.161446000000 0.038304000000 1.923647000000 0
0.565296000000 -0.100077000000 1.801857000000 0
0.334271000000 -0.110617000000 1.728063000000 0
0.461110000000 -0.118178000000 1.725186000000 0
0.404778000000 -0.145159000000 1.669952000000 0
0.536866000000 -0.569165000000 2.022491000000 0
0.309274000000 -0.529561000000 1.909547000000 0
0.501059000000 -0.882057000000 2.247771000000 0
0.329825000000 -0.906751000000 1.904666000000 0
0.506108000000 -0.932536000000 2.165948000000 0
0.337461000000 -0.953191000000 1.825440000000 0
0.415627000000 0.537298000000 1.822163000000 0
0.559663000000 0.238021000000 1.878257000000 0
0.208580000000 0.235620000000 1.816828000000 0
0.367415000000 0.344620000000 1.817706000000 0
0.379567000000 0.011921000000 1.839439000000 0
0.460935000000 -0.136791000000 1.864065000000 0
0.308159000000 -0.133336000000 1.834867000000 0
0.381731000000 -0.054730000000 1.846704000000 0
0.609342000000 0.021981000000 1.915562000000 0
0.116401000000 0.033701000000 1.826694000000 0
0.513435000000 -0.105429000000 1.697193000000 0
0.311017000000 -0.112755000000 1.654447000000 0
0.447227000000 -0.121767000000 1.630884000000 0
0.386716000000 -0.144644000000 1.605108000000 0
0.519980000000 -0.566684000000 1.901334000000 0
0.286517000000 -0.575941000000 1.876667000000 0
0.463960000000 -0.855521000000 2.168295000000 0
0.304210000000 -0.913085000000 1.896827000000 0
0.474814000000 -0.903778000000 2.084143000000 0
0.318128000000 -0.959213000000 1.819901000000 0
0.384934000000 0.532174000000 1.771699000000 0
0.533459000000 0.230206000000 1.826645000000 0
0.184577000000 0.221087000000 1.736470000000 0
0.340427000000 0.337833000000 1.754349000000 0
0.357038000000 0.002678000000 1.778747000000 0
0.437734000000 -0.144585000000 1.809445000000 0
0.290651000000 -0.145266000000 1.770858000000 0
0.360211000000 -0.064417000000 1.786687000000 0
0.569728000000 0.007847000000 1.857907000000 0
0.087506000000 0.022679000000 1.725441000000 0
0.477506000000 -0.110844000000 1.597992000000 0
0.311988000000 -0.116661000000 1.586673000000 0
0.446373000000 -0.137013000000 1.543147000000 0
0.395781000000 -0.139147000000 1.553055000000 0
0.487569000000 -0.561628000000 1.782764000000 0
0.273089000000 -0.589093000000 1.846364000000 0
0.459770000000 -0.905608000000 1.839891000000 0
0.305529000000 -0.917005000000 1.882442000000 0
0.479355000000 -0.952997000000 1.764026000000 0
0.326926000000 -0.963157000000 1.802111000000 0
0.365267000000 0.521805000000 1.712346000000 0
0.521134000000 0.222713000000 1.782289000000 0
0.177002000000 0.207081000000 1.669542000000 0
0.329999000000 0.326403000000 1.694919000000 0
0.344514000000 -0.007953000000 1.722534000000 0
0.422879000000 -0.154957000000 1.757825000000 0
0.278857000000 -0.156493000000 1.713208000000 0
0.347367000000 -0.074847000000 1.731207000000 0
0.554463000000 0.000542000000 1.822285000000 0
0.094181000000 0.000355000000 1.651659000000 0
0.497774000000 -0.118344000000 1.543100000000 0
0.336342000000 -0.124507000000 1.536948000000 0
0.518361000000 -0.150480000000 1.498028000000 0
0.419712000000 -0.142821000000 1.505344000000 0
0.461916000000 -0.558475000000 1.717853000000 0
0.257040000000 -0.573512000000 1.801764000000 0
0.469777000000 -0.926734000000 1.672168000000 0
0.325767000000 -0.902767000000 1.913083000000 0
0.494211000000 -0.975272000000 1.593211000000 0
0.353474000000 -0.950170000000 1.840305000000 0
0.359626000000 0.505981000000 1.651404000000 0
0.529484000000 0.197745000000 1.709004000000 0
0.180802000000 0.183275000000 1.587896000000 0
0.335556000000 0.303220000000 1.620111000000 0
0.345725000000 -0.029190000000 1.649672000000 0
0.421893000000 -0.177187000000 1.686794000000 0
0.278658000000 -0.178000000000 1.640978000000 0
0.347788000000 -0.095682000000 1.658797000000 0
0.567047000000 -0.018977000000 1.763975000000 0
0.113858000000 -0.029411000000 1.572472000000 0
0.549526000000 -0.127242000000 1.544186000000 0
0.367472000000 -0.139811000000 1.460126000000 0
0.505145000000 -0.164867000000 1.399421000000 0
0.441061000000 -0.149885000000 1.441062000000 0
0.458339000000 -0.550921000000 1.621572000000 0
0.252980000000 -0.579684000000 1.754617000000 0
0.493827000000 -0.957064000000 1.516752000000 0
0.277010000000 -0.924449000000 1.872387000000 0
0.520613000000 -1.015012000000 1.441425000000 0
0.305126000000 -0.974309000000 1.801197000000 0
0.368611000000 0.479050000000 1.571718000000 0
0.560178000000 0.159072000000 1.579624000000 0
0.206209000000 0.155775000000 1.485658000000 0
0.364321000000 0.269528000000 1.508911000000 0
0.367532000000 -0.059134000000 1.531847000000 0
0.444243000000 -0.208119000000 1.561160000000 0
0.293760000000 -0.205425000000 1.525537000000 0
0.368211000000 -0.124853000000 1.539670000000 0
0.599321000000 -0.058964000000 1.635274000000 0
0.133420000000 -0.057603000000 1.475721000000 0
0.530409000000 -0.162770000000 1.367206000000 0
0.382879000000 -0.166547000000 1.347499000000 0
0.489815000000 -0.191091000000 1.285825000000 0
0.446119000000 -0.170183000000 1.329019000000 0
0.472164000000 -0.607429000000 1.482893000000 0
0.261020000000 -0.577975000000 1.629558000000 0
0.521684000000 -1.000020000000 1.381586000000 0
0.242318000000 -0.957824000000 1.733181000000 0
0.541342000000 -1.054308000000 1.304792000000 0
0.263310000000 -1.012432000000 1.661297000000 0
0.394863000000 0.446598000000 1.455053000000 0
0.593464000000 0.127408000000 1.401099000000 0
0.239246000000 0.150182000000 1.393181000000 0
0.405767000000 0.243924000000 1.377833000000 0
0.392609000000 -0.075288000000 1.402644000000 0
0.465917000000 -0.224228000000 1.418330000000 0
0.308091000000 -0.215771000000 1.410632000000 0
0.390122000000 -0.139191000000 1.410712000000 0
0.641848000000 -0.082404000000 1.434942000000 0
0.162850000000 -0.050883000000 1.420299000000 0
0.524256000000 -0.181263000000 1.244712000000 0
0.344132000000 -0.178898000000 1.243536000000 0
0.427577000000 -0.199595000000 1.157077000000 0
0.438887000000 -0.190205000000 1.165355000000 0
0.491995000000 -0.645150000000 1.376414000000 0
0.257030000000 -0.613100000000 1.463029000000 0
0.530329000000 -1.010734000000 1.334105000000 0
0.206290000000 -0.987093000000 1.504220000000 0
0.536399000000 -1.063928000000 1.259031000000 0
0.207399000000 -1.041305000000 1.430108000000 0
0.417317000000 0.423260000000 1.309511000000 0
0.606459000000 0.117788000000 1.286912000000 0
0.259460000000 0.162575000000 1.367122000000 0
0.433991000000 0.237014000000 1.308717000000 0
0.407220000000 -0.072550000000 1.344010000000 0
0.474651000000 -0.219310000000 1.348433000000 0
0.316319000000 -0.206219000000 1.372399000000 0
0.402039000000 -0.134566000000 1.354156000000 0
0.666421000000 -0.089815000000 1.287224000000 0
0.179013000000 -0.037339000000 1.405279000000 0
0.506812000000 -0.179514000000 1.161581000000 0
0.287665000000 -0.162185000000 1.226236000000 0
0.413471000000 -0.187241000000 1.124883000000 0
0.361950000000 -0.179448000000 1.134918000000 0
0.496640000000 -0.657596000000 1.329268000000 0
0.259025000000 -0.633055000000 1.351973000000 0
0.528558000000 -1.012632000000 1.311242000000 0
0.196339000000 -0.999575000000 1.343561000000 0
0.520209000000 -1.064657000000 1.239036000000 0
0.177942000000 -1.052769000000 1.268959000000 0
0.420726000000 0.416123000000 1.237575000000 0
0.571945000000 0.111352000000 1.182537000000 0
0.265780000000 0.163975000000 1.336469000000 0
0.436006000000 0.228245000000 1.236103000000 0
0.405466000000 -0.080132000000 1.275800000000 0
0.463579000000 -0.220000000000 1.267842000000 0
0.319474000000 -0.211157000000 1.321922000000 0
0.399380000000 -0.141816000000 1.287029000000 0
0.620104000000 -0.097887000000 1.150113000000 0
0.194219000000 -0.026952000000 1.392193000000 0
0.440277000000 -0.213148000000 1.098938000000 0
0.208093000000 -0.162522000000 1.126550000000 0
0.345180000000 -0.224763000000 1.072985000000 0
0.233930000000 -0.169491000000 1.067213000000 0
0.499132000000 -0.664525000000 1.282838000000 0
0.273433000000 -0.645142000000 1.281335000000 0
0.536172000000 -1.022163000000 1.241926000000 0
0.237971000000 -1.005275000000 1.244918000000 0
0.513276000000 -1.070143000000 1.178550000000 0
0.197632000000 -1.055941000000 1.177806000000 0
0.395321000000 0.398913000000 1.173025000000 0
0.482703000000 0.088207000000 1.075803000000 0
0.250701000000 0.153850000000 1.300658000000 0
0.386766000000 0.218562000000 1.164028000000 0
0.363577000000 -0.099042000000 1.188311000000 0
0.405992000000 -0.230028000000 1.163979000000 0
0.300974000000 -0.226604000000 1.236275000000 0
0.358813000000 -0.162332000000 1.196208000000 0
0.531736000000 -0.117905000000 1.015009000000 0
0.202442000000 -0.039606000000 1.357762000000 0
0.259236000000 -0.198765000000 1.046671000000 0
0.136653000000 -0.159457000000 1.155665000000 0
0.168219000000 -0.192501000000 1.062761000000 0
0.127133000000 -0.175663000000 1.061001000000 0
0.449140000000 -0.672874000000 1.170685000000 0
0.195086000000 -0.645786000000 1.274814000000 0
0.481823000000 -1.029108000000 1.132063000000 0
0.087988000000 -0.980448000000 1.318681000000 0
0.429602000000 -1.074942000000 1.076613000000 0
0.025521000000 -1.027555000000 1.263817000000 0
0.320922000000 0.384310000000 1.127280000000 0
0.269537000000 0.080890000000 0.991390000000 0
0.161924000000 0.144559000000 1.249847000000 0
0.234480000000 0.226895000000 1.118520000000 0
0.219197000000 -0.112779000000 1.116535000000 0
0.236291000000 -0.232992000000 1.066972000000 0
0.190718000000 -0.245966000000 1.169807000000 0
0.215826000000 -0.180725000000 1.119330000000 0
0.292770000000 -0.127903000000 0.911387000000 0
0.120533000000 -0.105001000000 1.299007000000 0
0.041285000000 -0.200075000000 1.034122000000 0
-0.007413000000 -0.171801000000 1.079953000000 0
-0.016141000000 -0.183212000000 1.067046000000 0
-0.064815000000 -0.184775000000 1.031246000000 0
0.320145000000 -0.674019000000 1.036975000000 0
0.088531000000 -0.666781000000 1.187562000000 0
0.362214000000 -1.024878000000 1.000135000000 0
-0.011755000000 -1.004894000000 1.183141000000 0
0.281735000000 -1.067413000000 0.961691000000 0
-0.095959000000 -1.048689000000 1.143241000000 0
0.160148000000 0.384393000000 1.112967000000 0
0.178039000000 0.083797000000 0.969587000000 0
0.068152000000 0.144899000000 1.234916000000 0
0.161471000000 0.234719000000 1.100793000000 0
0.164239000000 -0.112561000000 1.082645000000 0
0.189979000000 -0.226961000000 1.018699000000 0
0.140845000000 -0.249084000000 1.131479000000 0
0.164206000000 -0.181894000000 1.081798000000 0
0.178926000000 -0.119511000000 0.874949000000 0
0.057741000000 -0.134278000000 1.266584000000 0
-0.048498000000 -0.190818000000 1.063917000000 0
-0.131989000000 -0.179987000000 1.084443000000 0
-0.108161000000 -0.175232000000 1.105100000000 0
-0.204007000000 -0.194161000000 1.023022000000 0
0.174744000000 -0.664165000000 1.012201000000 0
0.018978000000 -0.675055000000 1.115448000000 0
0.158565000000 -1.011880000000 1.029742000000 0
-0.081664000000 -1.013675000000 1.092336000000 0
0.072407000000 -1.054670000000 0.994919000000 0
-0.174098000000 -1.055705000000 1.065464000000 0
0.080753000000 0.389087000000 1.104568000000 0
0.084793000000 0.095564000000 0.984509000000 0
-0.026430000000 0.157720000000 1.240757000000 0
0.073343000000 0.253514000000 1.110086000000 0
0.106035000000 -0.095862000000 1.090216000000 0
0.138524000000 -0.215088000000 1.024369000000 0
0.092864000000 -0.233948000000 1.143268000000 0
0.111639000000 -0.165536000000 1.089547000000 0
0.039368000000 -0.118117000000 0.899768000000 0
-0.030480000000 -0.134486000000 1.286563000000 0
-0.099988000000 -0.184655000000 1.088059000000 0
-0.216490000000 -0.186613000000 1.148152000000 0
-0.162082000000 -0.186596000000 1.154747000000 0
-0.309425000000 -0.197822000000 1.098251000000 0
0.089606000000 -0.644727000000 1.060043000000 0
-0.034122000000 -0.667248000000 1.092036000000 0
0.059556000000 -0.990415000000 1.105186000000 0
-0.141000000000 -1.004689000000 1.059420000000 0
-0.029392000000 -1.033912000000 1.083485000000 0
-0.231475000000 -1.048285000000 1.039290000000 0
-0.007188000000 0.407809000000 1.123135000000 0
0.011997000000 0.106690000000 1.038706000000 0
-0.118291000000 0.171946000000 1.268907000000 0
-0.012457000000 0.267322000000 1.141665000000 0
0.024110000000 -0.092642000000 1.116826000000 0
0.058006000000 -0.211558000000 1.062590000000 0
0.016176000000 -0.224983000000 1.159417000000 0
0.031057000000 -0.164530000000 1.115592000000 0
-0.077658000000 -0.112099000000 0.939401000000 0
-0.153444000000 -0.116261000000 1.330261000000 0
-0.215062000000 -0.170944000000 1.187414000000 0
-0.361987000000 -0.197230000000 1.200459000000 0
-0.264592000000 -0.198017000000 1.231055000000 0
-0.445385000000 -0.208781000000 1.188012000000 0
0.172483000000 -0.560963000000 1.260059000000 0
-0.120561000000 -0.647726000000 1.117443000000 0
0.289871000000 -0.838391000000 1.432303000000 0
-0.233989000000 -0.983367000000 1.089905000000 0
0.212262000000 -0.882794000000 1.403360000000 0
-0.320729000000 -1.028169000000 1.063939000000 0
-0.088357000000 0.422547000000 1.155963000000 0
-0.053793000000 0.124141000000 1.116320000000 0
-0.211803000000 0.186774000000 1.313492000000 0
-0.105875000000 0.281515000000 1.184578000000 0
-0.073262000000 -0.095983000000 1.158118000000 0
-0.024562000000 -0.226524000000 1.192081000000 0
-0.090633000000 -0.225720000000 1.139713000000 0
-0.066675000000 -0.171957000000 1.156967000000 0
-0.184543000000 -0.085241000000 1.001803000000 0
-0.194379000000 -0.047810000000 1.153162000000 0
-0.348178000000 -0.163022000000 1.246567000000 0
-0.347558000000 -0.119379000000 1.341191000000 0
-0.320300000000 -0.128092000000 1.295919000000 0
-0.404872000000 -0.148229000000 1.333524000000 0
0.088659000000 -0.575882000000 1.335035000000 0
-0.235779000000 -0.622907000000 1.204300000000 0
0.195335000000 -0.866202000000 1.490936000000 0
-0.352517000000 -0.939437000000 1.289596000000 0
0.119695000000 -0.914297000000 1.456535000000 0
-0.426665000000 -0.985578000000 1.245458000000 0
-0.135962000000 0.446324000000 1.201435000000 0
-0.104330000000 0.150691000000 1.214113000000 0
-0.292844000000 0.209105000000 1.374859000000 0
-0.179317000000 0.303616000000 1.248237000000 0
-0.152084000000 -0.082314000000 1.224443000000 0
-0.101012000000 -0.215133000000 1.256299000000 0
-0.187895000000 -0.211283000000 1.175180000000 0
-0.148774000000 -0.159921000000 1.220562000000 0
-0.266509000000 -0.068172000000 1.091511000000 0
-0.299003000000 -0.011523000000 1.150483000000 0
-0.429575000000 -0.159007000000 1.338077000000 0
-0.456557000000 -0.089144000000 1.417052000000 0
-0.423623000000 -0.113757000000 1.381070000000 0
-0.523552000000 -0.120240000000 1.424807000000 0
0.006288000000 -0.586076000000 1.442772000000 0
-0.298961000000 -0.613737000000 1.269599000000 0
0.085281000000 -0.904871000000 1.569250000000 0
-0.381330000000 -0.945110000000 1.334300000000 0
0.021756000000 -0.952004000000 1.517601000000 0
-0.438880000000 -0.992345000000 1.281814000000 0
-0.210717000000 0.472044000000 1.259942000000 0
-0.132861000000 0.183554000000 1.325797000000 0
-0.360239000000 0.234815000000 1.452136000000 0
-0.242215000000 0.327503000000 1.325176000000 0
-0.211137000000 -0.056126000000 1.310055000000 0
-0.156210000000 -0.194716000000 1.345467000000 0
-0.257372000000 -0.184819000000 1.244476000000 0
-0.213784000000 -0.133043000000 1.299042000000 0
-0.314693000000 -0.019047000000 1.191756000000 0
-0.358653000000 0.020981000000 1.211758000000 0
-0.496169000000 -0.139430000000 1.420907000000 0
-0.504832000000 -0.056351000000 1.512444000000 0
-0.484350000000 -0.079190000000 1.458438000000 0
-0.566772000000 -0.090481000000 1.522929000000 0
-0.089799000000 -0.570005000000 1.564938000000 0
-0.328755000000 -0.601817000000 1.324823000000 0
-0.028107000000 -0.870416000000 1.726005000000 0
-0.366724000000 -0.942012000000 1.391618000000 0
-0.076442000000 -0.918072000000 1.662092000000 0
-0.411805000000 -0.989418000000 1.327831000000 0
-0.273666000000 0.499428000000 1.338624000000 0
-0.165664000000 0.207861000000 1.446596000000 0
-0.414666000000 0.252933000000 1.546881000000 0
-0.295221000000 0.342367000000 1.418416000000 0
-0.266253000000 -0.039114000000 1.414728000000 0
-0.206694000000 -0.180321000000 1.442111000000 0
-0.320128000000 -0.169576000000 1.342200000000 0
-0.272148000000 -0.114564000000 1.395992000000 0
-0.373781000000 0.028830000000 1.295811000000 0
-0.417311000000 0.029517000000 1.310112000000 0
-0.549203000000 -0.092242000000 1.517450000000 0
-0.546201000000 -0.044184000000 1.615450000000 0
-0.538315000000 -0.026563000000 1.552493000000 0
-0.603971000000 -0.078555000000 1.624030000000 0
-0.175897000000 -0.535659000000 1.549098000000 0
-0.365434000000 -0.593359000000 1.401421000000 0
-0.161998000000 -0.906781000000 1.676972000000 0
-0.392931000000 -0.939166000000 1.436006000000 0
-0.199318000000 -0.962898000000 1.610977000000 0
-0.432092000000 -0.986700000000 1.364464000000 0
-0.317315000000 0.515827000000 1.429392000000 0
-0.168304000000 0.209702000000 1.511518000000 0
-0.441089000000 0.260560000000 1.613270000000 0
-0.309881000000 0.345287000000 1.481172000000 0
-0.282237000000 -0.035163000000 1.488943000000 0
-0.223000000000 -0.176262000000 1.501912000000 0
-0.347755000000 -0.167727000000 1.422188000000 0
-0.289775000000 -0.110292000000 1.467188000000 0
-0.372840000000 0.017775000000 1.395100000000 0
-0.452419000000 0.033428000000 1.377422000000 0
-0.513099000000 -0.082665000000 1.615407000000 0
-0.569464000000 -0.041867000000 1.677349000000 0
-0.513097000000 -0.017877000000 1.652460000000 0
-0.625116000000 -0.075143000000 1.680930000000 0
-0.236214000000 -0.543228000000 1.607312000000 0
-0.408441000000 -0.588129000000 1.491048000000 0
-0.269640000000 -0.919384000000 1.737517000000 0
-0.439713000000 -0.936386000000 1.524682000000 0
-0.302830000000 -0.971635000000 1.667569000000 0
-0.471999000000 -0.984749000000 1.448335000000 0
-0.333266000000 0.517945000000 1.495222000000 0
-0.194064000000 0.222541000000 1.616893000000 0
-0.413471000000 0.175416000000 1.480176000000 0
-0.346328000000 0.357823000000 1.572603000000 0
-0.333478000000 -0.039557000000 1.595913000000 0
-0.265402000000 -0.175599000000 1.617894000000 0
-0.378910000000 -0.184874000000 1.534791000000 0
-0.325586000000 -0.119605000000 1.576927000000 0
-0.406405000000 0.049357000000 1.481973000000 0
-0.499390000000 -0.025807000000 1.431261000000 0
-0.564229000000 -0.062521000000 1.688487000000 0
-0.590719000000 -0.046996000000 1.723845000000 0
-0.563006000000 0.000319000000 1.726155000000 0
-0.645064000000 -0.078688000000 1.724429000000 0
-0.272275000000 -0.573025000000 1.767047000000 0
-0.464263000000 -0.552442000000 1.629039000000 0
-0.313262000000 -0.910065000000 1.872324000000 0
-0.538218000000 -0.917010000000 1.704899000000 0
-0.268350000000 -0.957949000000 1.803968000000 0
-0.517763000000 -0.968712000000 1.631354000000 0
-0.363019000000 0.529890000000 1.584743000000 0
-0.227520000000 0.244460000000 1.706261000000 0
-0.464649000000 0.189010000000 1.551267000000 0
-0.385383000000 0.376237000000 1.660723000000 0
-0.373079000000 -0.029385000000 1.686328000000 0
-0.306772000000 -0.163202000000 1.719742000000 0
-0.419555000000 -0.177953000000 1.641883000000 0
-0.366008000000 -0.109849000000 1.680261000000 0
-0.161225000000 0.054395000000 1.813278000000 0
-0.550084000000 -0.027929000000 1.519453000000 0
-0.300365000000 -0.028595000000 2.033356000000 0
-0.619252000000 -0.041414000000 1.783935000000 0
-0.303686000000 0.026311000000 2.071453000000 0
-0.673635000000 -0.072188000000 1.782243000000 0
-0.304077000000 -0.576748000000 1.833612000000 0
-0.521897000000 -0.525156000000 1.787637000000 0
-0.335805000000 -0.912931000000 1.921613000000 0
-0.557028000000 -0.897597000000 1.867250000000 0
-0.286472000000 -0.963253000000 1.863671000000 0
-0.502218000000 -0.948653000000 1.797734000000 0
-0.394643000000 0.546704000000 1.666374000000 0
-0.277241000000 0.259086000000 1.790591000000 0
-0.501695000000 0.181978000000 1.594722000000 0
-0.433178000000 0.389651000000 1.748504000000 0
-0.418261000000 -0.018222000000 1.769541000000 0
-0.351220000000 -0.150330000000 1.806223000000 0
-0.457827000000 -0.170264000000 1.734340000000 0
-0.407919000000 -0.099348000000 1.769564000000 0
-0.178499000000 0.066154000000 1.951694000000 0
-0.593735000000 -0.037772000000 1.612262000000 0
-0.290323000000 -0.010093000000 2.206989000000 0
-0.667752000000 -0.035748000000 1.871176000000 0
-0.294633000000 0.044252000000 2.245342000000 0
-0.723348000000 -0.065556000000 1.868439000000 0
-0.335163000000 -0.578018000000 1.879760000000 0
-0.576012000000 -0.531518000000 1.913483000000 0
-0.316598000000 -0.923001000000 1.867259000000 0
-0.618511000000 -0.868541000000 2.025510000000 0
-0.256632000000 -0.971737000000 1.811126000000 0
-0.549190000000 -0.918683000000 1.959023000000 0
-0.440780000000 0.559450000000 1.752553000000 0
-0.340135000000 0.266761000000 1.890376000000 0
-0.566141000000 0.180286000000 1.679179000000 0
-0.492852000000 0.396597000000 1.840091000000 0
-0.477044000000 -0.010555000000 1.861604000000 0
-0.409150000000 -0.144216000000 1.898772000000 0
-0.516337000000 -0.164649000000 1.831501000000 0
-0.466301000000 -0.091670000000 1.864320000000 0
-0.235076000000 0.055562000000 2.033650000000 0
-0.653811000000 -0.035299000000 1.711525000000 0
-0.318220000000 -0.012050000000 2.313176000000 0
-0.733685000000 -0.032941000000 1.968361000000 0
-0.322511000000 0.039951000000 2.352116000000 0
-0.790416000000 -0.062204000000 1.965338000000 0
-0.381860000000 -0.565877000000 1.946138000000 0
-0.629024000000 -0.541508000000 1.988202000000 0
-0.341945000000 -0.924388000000 1.897840000000 0
-0.661152000000 -0.813002000000 2.115303000000 0
-0.267263000000 -0.972880000000 1.837810000000 0
-0.661754000000 -0.874332000000 2.125489000000 0
-0.503771000000 0.566075000000 1.845733000000 0
-0.411218000000 0.276606000000 1.983395000000 0
-0.653813000000 0.192730000000 1.787292000000 0
-0.569300000000 0.407492000000 1.933761000000 0
-0.551272000000 0.004541000000 1.955337000000 0
-0.481986000000 -0.130618000000 1.991907000000 0
-0.594429000000 -0.151573000000 1.930374000000 0
-0.541966000000 -0.076003000000 1.959785000000 0
-0.310364000000 0.064063000000 2.117651000000 0
-0.735250000000 -0.022947000000 1.817330000000 0
-0.390298000000 -0.006075000000 2.398254000000 0
-0.824323000000 -0.022237000000 2.073218000000 0
-0.394523000000 0.045298000000 2.437216000000 0
-0.881865000000 -0.051302000000 2.070359000000 0
-0.470610000000 -0.517759000000 2.051529000000 0
-0.704584000000 -0.540439000000 2.092346000000 0
-0.365522000000 -0.901636000000 1.922564000000 0
-0.707675000000 -0.818016000000 2.170554000000 0
-0.300692000000 -0.946376000000 1.862615000000 0
-0.744155000000 -0.875745000000 2.192214000000 0
-0.585110000000 0.576261000000 1.938668000000 0
-0.478065000000 0.290908000000 2.019820000000 0
-0.738944000000 0.214795000000 1.883393000000 0
-0.629057000000 0.425686000000 1.995655000000 0
-0.602208000000 0.024212000000 2.008028000000 0
-0.529827000000 -0.110873000000 2.040142000000 0
-0.648406000000 -0.132122000000 1.984510000000 0
-0.593810000000 -0.056086000000 2.011870000000 0
-0.355998000000 0.078743000000 2.163328000000 0
-0.805031000000 0.008918000000 1.889158000000 0
-0.444017000000 0.010513000000 2.448737000000 0
-0.906483000000 -0.000064000000 2.161917000000 0
-0.448294000000 0.061636000000 2.487511000000 0
-0.964473000000 -0.029154000000 2.159407000000 0
-0.551834000000 -0.502999000000 2.161940000000 0
-0.675356000000 -0.531229000000 2.155354000000 0
-0.419398000000 -0.857597000000 2.002064000000 0
-0.722424000000 -0.813514000000 2.181523000000 0
-0.369259000000 -0.903876000000 1.936407000000 0
-0.711726000000 -0.863923000000 2.144818000000 0
-0.648453000000 0.592871000000 1.993724000000 0
-0.500242000000 0.307807000000 2.072923000000 0
-0.789226000000 0.248181000000 1.950638000000 0
-0.666338000000 0.447470000000 2.047780000000 0
-0.634390000000 0.051022000000 2.056042000000 0
-0.554807000000 -0.090020000000 2.080453000000 0
-0.684408000000 -0.107975000000 2.034037000000 0
-0.625997000000 -0.027997000000 2.059154000000 0
-0.388102000000 0.099698000000 2.192132000000 0
-0.862773000000 0.034548000000 1.958834000000 0
-0.486138000000 0.027591000000 2.478865000000 0
-0.973968000000 0.023662000000 2.238760000000 0
-0.490112000000 0.078629000000 2.517434000000 0
-1.032245000000 -0.005499000000 2.236739000000 0
-0.559511000000 -0.512953000000 2.238044000000 0
-0.691173000000 -0.525194000000 2.190736000000 0
-0.498134000000 -0.821218000000 2.133920000000 0
-0.729907000000 -0.812950000000 2.190599000000 0
-0.513777000000 -0.871177000000 2.087865000000 0
-0.730031000000 -0.877648000000 2.220571000000 0
-0.685201000000 0.615805000000 2.051112000000 0
-0.512588000000 0.321486000000 2.115638000000 0
-0.818404000000 0.276901000000 2.016568000000 0
-0.688834000000 0.473749000000 2.110316000000 0
-0.658767000000 0.073215000000 2.111347000000 0
-0.576233000000 -0.075016000000 2.126378000000 0
-0.713240000000 -0.086885000000 2.088327000000 0
-0.650229000000 -0.007820000000 2.109325000000 0
-0.419286000000 0.113063000000 2.225453000000 0
-0.901716000000 0.061580000000 2.028752000000 0
-0.519668000000 0.038645000000 2.512671000000 0
-1.014910000000 0.045334000000 2.300921000000 0
-0.523521000000 0.089606000000 2.551240000000 0
-1.073166000000 0.016036000000 2.299060000000 0
-0.563504000000 -0.525482000000 2.303534000000 0
-0.731216000000 -0.509160000000 2.215616000000 0
-0.537915000000 -0.876485000000 2.343161000000 0
-0.736660000000 -0.811933000000 2.205426000000 0
-0.575863000000 -0.918608000000 2.286175000000 0
-0.708159000000 -0.866552000000 2.133538000000 0
-0.705744000000 0.643818000000 2.121185000000 0
-0.507910000000 0.333347000000 2.171667000000 0
-0.811618000000 0.301019000000 2.081293000000 0
-0.680636000000 0.488762000000 2.165751000000 0
-0.657955000000 0.087791000000 2.167519000000 0
-0.577275000000 -0.063593000000 2.179262000000 0
-0.715039000000 -0.069506000000 2.138666000000 0
-0.650398000000 0.006938000000 2.161330000000 0
-0.432691000000 0.120007000000 2.262083000000 0
-0.899553000000 0.077690000000 2.083753000000 0
-0.535378000000 0.044006000000 2.531512000000 0
-1.028358000000 0.061131000000 2.351028000000 0
-0.539208000000 0.094956000000 2.570240000000 0
-1.086532000000 0.031746000000 2.349320000000 0
-0.547139000000 -0.527509000000 2.363217000000 0
-0.750369000000 -0.502482000000 2.238961000000 0
-0.518172000000 -0.923367000000 2.495523000000 0
-0.745009000000 -0.816084000000 2.219471000000 0
-0.508288000000 -1.001168000000 2.473796000000 0
-0.716930000000 -0.869289000000 2.149606000000 0
-0.690220000000 0.660068000000 2.180396000000 0
-0.461328000000 0.339252000000 2.244295000000 0
-0.777261000000 0.315106000000 2.138351000000 0
-0.634538000000 0.494201000000 2.224975000000 0
-0.630650000000 0.100896000000 2.230450000000 0
-0.554361000000 -0.053139000000 2.241495000000 0
-0.694351000000 -0.054891000000 2.197399000000 0
-0.625794000000 0.022014000000 2.222160000000 0
-0.404119000000 0.122886000000 2.313066000000 0
-0.864641000000 0.096198000000 2.137479000000 0
-0.530129000000 0.046747000000 2.555979000000 0
-0.993145000000 0.082477000000 2.410244000000 0
-0.533819000000 0.098058000000 2.594676000000 0
-1.051153000000 0.052937000000 2.408576000000 0
-0.527427000000 -0.527019000000 2.427872000000 0
-0.759090000000 -0.497102000000 2.270135000000 0
-0.474384000000 -0.925765000000 2.547889000000 0
-0.740428000000 -0.823308000000 2.217395000000 0
-0.457226000000 -0.994057000000 2.511006000000 0
-0.705155000000 -0.875157000000 2.136285000000 0
-0.641212000000 0.664687000000 2.234021000000 0
-0.400213000000 0.346793000000 2.324824000000 0
-0.713056000000 0.327692000000 2.198676000000 0
-0.570554000000 0.502742000000 2.286625000000 0
-0.578155000000 0.114207000000 2.295765000000 0
-0.506343000000 -0.041983000000 2.311941000000 0
-0.645465000000 -0.040593000000 2.258643000000 0
-0.576008000000 0.036926000000 2.287862000000 0
-0.359707000000 0.128170000000 2.377467000000 0
-0.816172000000 0.113015000000 2.193053000000 0
-0.479596000000 0.047246000000 2.614570000000 0
-0.929977000000 0.100755000000 2.464327000000 0
-0.483181000000 0.099135000000 2.653205000000 0
-0.987866000000 0.071113000000 2.462648000000 0
-0.489306000000 -0.523317000000 2.488886000000 0
-0.731484000000 -0.491993000000 2.299592000000 0
-0.460689000000 -0.928000000000 2.559541000000 0
-0.732523000000 -0.832435000000 2.220942000000 0
-0.445490000000 -0.991580000000 2.512833000000 0
-0.687919000000 -0.902088000000 2.187927000000 0
-0.569531000000 0.673837000000 2.296287000000 0
-0.331648000000 0.354173000000 2.380751000000 0
-0.658643000000 0.344308000000 2.251279000000 0
-0.505267000000 0.511717000000 2.343943000000 0
-0.523053000000 0.123789000000 2.348027000000 0
-0.452338000000 -0.034380000000 2.362850000000 0
-0.595011000000 -0.029637000000 2.305766000000 0
-0.521146000000 0.046724000000 2.337270000000 0
-0.297390000000 0.129549000000 2.425065000000 0
-0.767605000000 0.126858000000 2.247246000000 0
-0.412737000000 0.047094000000 2.662211000000 0
-0.864042000000 0.113039000000 2.510752000000 0
-0.416287000000 0.099350000000 2.700816000000 0
-0.921867000000 0.083346000000 2.509037000000 0
-0.445988000000 -0.518807000000 2.515369000000 0
-0.696907000000 -0.492151000000 2.331650000000 0
-0.454782000000 -0.930945000000 2.574537000000 0
-0.701738000000 -0.845059000000 2.245184000000 0
-0.420438000000 -0.990451000000 2.533270000000 0
-0.652335000000 -0.914581000000 2.225191000000 0
-0.502153000000 0.683795000000 2.356056000000 0
-0.286753000000 0.357001000000 2.396782000000 0
-0.603528000000 0.355142000000 2.296485000000 0
-0.443083000000 0.518532000000 2.389790000000 0
-0.470652000000 0.124583000000 2.388594000000 0
-0.404683000000 -0.033847000000 2.390285000000 0
-0.543042000000 -0.028078000000 2.341030000000 0
-0.469588000000 0.046782000000 2.371122000000 0
-0.234057000000 0.132956000000 2.449663000000 0
-0.718772000000 0.134682000000 2.299943000000 0
-0.365277000000 0.048426000000 2.682858000000 0
-0.821093000000 0.120646000000 2.555339000000 0
-0.368854000000 0.100845000000 2.721458000000 0
-0.878928000000 0.090930000000 2.553577000000 0
-0.434085000000 -0.520642000000 2.515698000000 0
-0.658747000000 -0.499087000000 2.380857000000 0
-0.445703000000 -0.929006000000 2.572966000000 0
-0.640178000000 -0.863447000000 2.308771000000 0
-0.408914000000 -0.998512000000 2.553645000000 0
-0.611630000000 -0.932421000000 2.281069000000 0
-0.443860000000 0.690371000000 2.400309000000 0
-0.268411000000 0.358863000000 2.406722000000 0
-0.583602000000 0.357976000000 2.319391000000 0
-0.419681000000 0.520273000000 2.413084000000 0
-0.445833000000 0.123611000000 2.409571000000 0
-0.380239000000 -0.034374000000 2.397074000000 0
-0.518355000000 -0.027751000000 2.357447000000 0
-0.445954000000 0.045813000000 2.383829000000 0
-0.197028000000 0.135019000000 2.447535000000 0
-0.696125000000 0.139508000000 2.343482000000 0
-0.341699000000 0.046134000000 2.687276000000 0
-0.799294000000 0.126131000000 2.590431000000 0
-0.345289000000 0.098632000000 2.725892000000 0
-0.857141000000 0.096406000000 2.588636000000 0
-0.391997000000 -0.520676000000 2.526037000000 0
-0.618358000000 -0.512180000000 2.430654000000 0
-0.431521000000 -0.925734000000 2.569902000000 0
-0.600325000000 -0.907392000000 2.413658000000 0
-0.422998000000 -0.995269000000 2.531938000000 0
-0.580222000000 -0.965683000000 2.358258000000 0
-0.420388000000 0.692249000000 2.424292000000 0
-0.257375000000 0.360245000000 2.412282000000 0
-0.581677000000 0.355650000000 2.364541000000 0
-0.409069000000 0.522300000000 2.442721000000 0
-0.428718000000 0.124020000000 2.428801000000 0
-0.363529000000 -0.033480000000 2.398348000000 0
-0.502999000000 -0.026367000000 2.372063000000 0
-0.431204000000 0.046802000000 2.395932000000 0
-0.178715000000 0.135930000000 2.428276000000 0
-0.693202000000 0.140206000000 2.396957000000 0
-0.324187000000 0.043659000000 2.674826000000 0
-0.789447000000 0.128214000000 2.637188000000 0
-0.327797000000 0.096173000000 2.713484000000 0
-0.847324000000 0.098489000000 2.635376000000 0
-0.358313000000 -0.522230000000 2.505631000000 0
-0.588709000000 -0.517614000000 2.479590000000 0
-0.424872000000 -0.920301000000 2.549873000000 0
-0.583976000000 -0.934929000000 2.528507000000 0
-0.410677000000 -0.984201000000 2.505099000000 0
-0.576217000000 -0.986067000000 2.452875000000 0
-0.409395000000 0.694655000000 2.456729000000 0
-0.269121000000 0.361552000000 2.399613000000 0
-0.592249000000 0.351683000000 2.425838000000 0
-0.407854000000 0.489603000000 2.477449000000 0
-0.417923000000 0.119202000000 2.444430000000 0
-0.355210000000 -0.033255000000 2.395439000000 0
-0.494147000000 -0.028650000000 2.385596000000 0
-0.421215000000 0.045916000000 2.406485000000 0
-0.185372000000 0.138648000000 2.378824000000 0
-0.696773000000 0.142462000000 2.463083000000 0
-0.324910000000 0.042875000000 2.617609000000 0
-0.791144000000 0.129791000000 2.707948000000 0
-0.328544000000 0.095329000000 2.656331000000 0
-0.849080000000 0.100069000000 2.706141000000 0
-0.344067000000 -0.523645000000 2.489975000000 0
-0.572180000000 -0.522629000000 2.513599000000 0
-0.421429000000 -0.919673000000 2.543662000000 0
-0.596517000000 -0.940345000000 2.568876000000 0
-0.412528000000 -0.980824000000 2.489378000000 0
-0.606494000000 -1.008556000000 2.536213000000 0
-0.411587000000 0.675749000000 2.497676000000 0
-0.277299000000 0.362831000000 2.371835000000 0
-0.596771000000 0.348021000000 2.500954000000 0
-0.385356000000 0.500083000000 2.496919000000 0
-0.399303000000 0.112547000000 2.461753000000 0
-0.346580000000 -0.034883000000 2.390283000000 0
-0.483296000000 -0.037489000000 2.425230000000 0
-0.411661000000 0.045175000000 2.415994000000 0
-0.205343000000 0.142824000000 2.311198000000 0
-0.679562000000 0.142230000000 2.568684000000 0
-0.247826000000 0.058312000000 2.564702000000 0
-0.772170000000 0.129199000000 2.822391000000 0
-0.229678000000 0.087032000000 2.614465000000 0
-0.830165000000 0.099476000000 2.820581000000 0
-0.335028000000 -0.524126000000 2.487094000000 0
-0.551191000000 -0.528827000000 2.555908000000 0
-0.342691000000 -0.927492000000 2.553620000000 0
-0.602758000000 -0.939354000000 2.572529000000 0
-0.368729000000 -0.978698000000 2.484302000000 0
-0.627254000000 -1.008818000000 2.543043000000 0
-0.394948000000 0.680449000000 2.515640000000 0
-0.264518000000 0.306134000000 2.325314000000 0
-0.580967000000 0.332111000000 2.544430000000 0
-0.350998000000 0.453782000000 2.480760000000 0
-0.370856000000 0.097857000000 2.471603000000 0
-0.332500000000 -0.047513000000 2.423326000000 0
-0.459688000000 -0.043229000000 2.415462000000 0
-0.401110000000 0.039507000000 2.422618000000 0
-0.218494000000 0.098222000000 2.229736000000 0
-0.586511000000 0.079816000000 2.519355000000 0
-0.175320000000 0.067095000000 2.496353000000 0
-0.687202000000 0.065909000000 2.813138000000 0
-0.130272000000 0.074898000000 2.541463000000 0
-0.745244000000 0.036181000000 2.811332000000 0
-0.333633000000 -0.536843000000 2.488823000000 0
-0.535409000000 -0.525720000000 2.571476000000 0
-0.252867000000 -0.922121000000 2.545555000000 0
-0.612334000000 -0.930013000000 2.574583000000 0
-0.303511000000 -0.967206000000 2.472754000000 0
-0.664622000000 -0.978916000000 2.510649000000 0
-0.348249000000 0.639932000000 2.505028000000 0
-0.217956000000 0.261589000000 2.289319000000 0
-0.533700000000 0.309667000000 2.558851000000 0
-0.295663000000 0.421151000000 2.460151000000 0
-0.311074000000 0.088638000000 2.468919000000 0
-0.287839000000 -0.055640000000 2.447186000000 0
-0.409072000000 -0.047385000000 2.395388000000 0
-0.347877000000 0.032957000000 2.424705000000 0
-0.203501000000 0.067471000000 2.169824000000 0
-0.524370000000 0.079201000000 2.551994000000 0
-0.086696000000 0.064363000000 2.435134000000 0
-0.613319000000 0.044328000000 2.813692000000 0
-0.023388000000 0.060127000000 2.472943000000 0
-0.671402000000 0.014587000000 2.811883000000 0
-0.325937000000 -0.544066000000 2.491992000000 0
-0.490531000000 -0.508032000000 2.589459000000 0
-0.180329000000 -0.918381000000 2.534293000000 0
-0.607084000000 -0.900429000000 2.581147000000 0
-0.243896000000 -0.960651000000 2.461661000000 0
-0.666330000000 -0.946206000000 2.516518000000 0
-0.284638000000 0.609895000000 2.481257000000 0
