0.373444000000 0.311441000000 1.995550000000 0
0.043348000000 0.341254000000 2.079776000000 0
0.223283000000 0.428897000000 2.015059000000 0
0.197821000000 0.093193000000 2.048784000000 0
0.262896000000 -0.055568000000 2.051914000000 0
0.111071000000 -0.048664000000 2.074834000000 0
0.191323000000 0.025712000000 2.057765000000 0
0.471442000000 0.097355000000 1.895089000000 0
-0.015980000000 0.053550000000 2.162544000000 0
0.342948000000 0.135251000000 1.682547000000 0
-0.076113000000 -0.168389000000 2.126986000000 0
0.322766000000 0.199431000000 1.632713000000 0
-0.083128000000 -0.243744000000 2.110621000000 0
0.288324000000 -0.513163000000 2.135626000000 0
0.065085000000 -0.516213000000 2.152764000000 0
0.277777000000 -0.855182000000 2.214664000000 0
0.023086000000 -0.855327000000 2.245505000000 0
0.286605000000 -0.909348000000 2.171380000000 0
-0.034015000000 -0.910278000000 2.240448000000 0
0.216101000000 0.603997000000 1.970212000000 0
0.324250000000 0.322560000000 1.996029000000 0
0.006702000000 0.345313000000 2.090402000000 0
0.186293000000 0.434099000000 2.023027000000 0
0.158892000000 0.091520000000 2.048623000000 0
0.218875000000 -0.054997000000 2.046993000000 0
0.073138000000 -0.048366000000 2.073277000000 0
0.151907000000 0.022427000000 2.056952000000 0
0.427166000000 0.101917000000 1.878309000000 0
-0.054929000000 0.059674000000 2.149750000000 0
0.287635000000 0.199068000000 1.700128000000 0
-0.086267000000 -0.167144000000 2.108865000000 0
0.279357000000 0.270405000000 1.671983000000 0
-0.089602000000 -0.237983000000 2.092156000000 0
0.270361000000 -0.513455000000 2.140946000000 0
0.036687000000 -0.513547000000 2.161890000000 0
0.276237000000 -0.854252000000 2.217176000000 0
0.004732000000 -0.855607000000 2.251592000000 0
0.257556000000 -0.900138000000 2.151214000000 0
-0.053910000000 -0.912176000000 2.251453000000 0
0.177643000000 0.610776000000 1.977421000000 0
0.269804000000 0.331772000000 2.003388000000 0
-0.045759000000 0.345291000000 2.103575000000 0
0.135525000000 0.435512000000 2.032263000000 0
0.109182000000 0.089589000000 2.049758000000 0
0.167988000000 -0.054989000000 2.044488000000 0
0.024857000000 -0.050455000000 2.071892000000 0
0.102718000000 0.019843000000 2.056967000000 0
0.375472000000 0.098771000000 1.907732000000 0
-0.113472000000 0.059187000000 2.148163000000 0
0.238042000000 0.218219000000 1.741339000000 0
-0.128185000000 -0.168935000000 2.101331000000 0
0.224640000000 0.290859000000 1.722595000000 0
-0.134392000000 -0.237253000000 2.084118000000 0
0.233263000000 -0.517653000000 2.132469000000 0
0.006138000000 -0.515525000000 2.174522000000 0
0.272910000000 -0.852647000000 2.217501000000 0
-0.007372000000 -0.856957000000 2.257743000000 0
0.243218000000 -0.896887000000 2.142750000000 0
-0.064380000000 -0.916009000000 2.257929000000 0
0.122963000000 0.614086000000 1.987779000000 0
0.237859000000 0.334319000000 2.010566000000 0
-0.082357000000 0.343952000000 2.111980000000 0
0.099631000000 0.435726000000 2.039892000000 0
0.080985000000 0.088178000000 2.050461000000 0
0.142905000000 -0.055462000000 2.043193000000 0
-0.001109000000 -0.052407000000 2.070477000000 0
0.076335000000 0.018222000000 2.056749000000 0
0.333636000000 0.096462000000 1.895109000000 0
-0.158398000000 0.059067000000 2.153175000000 0
0.203095000000 0.226473000000 1.733803000000 0
-0.178738000000 -0.168142000000 2.108556000000 0
0.191601000000 0.298236000000 1.715954000000 0
-0.184077000000 -0.240044000000 2.091949000000 0
0.211092000000 -0.519866000000 2.125104000000 0
-0.009281000000 -0.517061000000 2.180836000000 0
0.267164000000 -0.850683000000 2.215747000000 0
-0.014118000000 -0.858464000000 2.262825000000 0
0.228834000000 -0.904164000000 2.157745000000 0
-0.064229000000 -0.922601000000 2.260863000000 0
0.084557000000 0.614299000000 1.996023000000 0
0.177273000000 0.334425000000 2.018703000000 0
-0.106995000000 0.344039000000 2.120310000000 0
0.076284000000 0.436945000000 2.046818000000 0
0.060867000000 0.085243000000 2.051373000000 0
0.120279000000 -0.056361000000 2.041438000000 0
-0.015973000000 -0.053784000000 2.069389000000 0
0.056518000000 0.014510000000 2.056190000000 0
0.302207000000 0.103462000000 1.850882000000 0
-0.189523000000 0.059953000000 2.162337000000 0
0.179103000000 0.237566000000 1.664950000000 0
-0.234566000000 -0.163577000000 2.132200000000 0
0.170816000000 0.305064000000 1.638053000000 0
-0.238767000000 -0.240178000000 2.123022000000 0
0.190962000000 -0.521093000000 2.119578000000 0
-0.019563000000 -0.518313000000 2.184446000000 0
0.235382000000 -0.847479000000 2.213734000000 0
-0.016462000000 -0.860188000000 2.266722000000 0
0.183026000000 -0.910450000000 2.195556000000 0
-0.058568000000 -0.928935000000 2.261457000000 0
0.061577000000 0.614754000000 2.003247000000 0
0.154081000000 0.330120000000 2.019456000000 0
-0.121186000000 0.344613000000 2.126024000000 0
0.062521000000 0.438565000000 2.051422000000 0
0.048264000000 0.083877000000 2.052370000000 0
0.106250000000 -0.056544000000 2.039610000000 0
-0.026993000000 -0.054288000000 2.068715000000 0
0.043696000000 0.012609000000 2.055712000000 0
0.255337000000 0.154823000000 1.749906000000 0
-0.210033000000 0.064663000000 2.174186000000 0
0.158713000000 0.271549000000 1.541145000000 0
-0.280492000000 -0.151696000000 2.162612000000 0
0.152393000000 0.344855000000 1.522046000000 0
-0.288404000000 -0.232853000000 2.156974000000 0
0.175896000000 -0.520606000000 2.116822000000 0
-0.026402000000 -0.519113000000 2.186606000000 0
0.210940000000 -0.846139000000 2.215500000000 0
-0.016013000000 -0.861494000000 2.269243000000 0
0.152079000000 -0.915748000000 2.232063000000 0
-0.050601000000 -0.933973000000 2.261319000000 0
0.046912000000 0.615605000000 2.009609000000 0
0.137927000000 0.318568000000 2.010271000000 0
-0.129906000000 0.345684000000 2.130467000000 0
0.053496000000 0.440726000000 2.054842000000 0
0.040019000000 0.083584000000 2.053211000000 0
0.096338000000 -0.055516000000 2.036753000000 0
-0.035001000000 -0.053771000000 2.068455000000 0
0.035033000000 0.012096000000 2.055191000000 0
0.206003000000 0.218907000000 1.658293000000 0
-0.220279000000 0.072418000000 2.191496000000 0
0.150789000000 0.302161000000 1.436290000000 0
-0.302855000000 -0.139795000000 2.190243000000 0
0.148069000000 0.363635000000 1.402271000000 0
-0.313434000000 -0.224980000000 2.184565000000 0
0.166167000000 -0.518896000000 2.115341000000 0
-0.030951000000 -0.519367000000 2.187293000000 0
0.198134000000 -0.845330000000 2.216636000000 0
-0.013724000000 -0.862810000000 2.270847000000 0
0.141123000000 -0.918316000000 2.245559000000 0
-0.044647000000 -0.937268000000 2.260812000000 0
0.037476000000 0.616865000000 2.014762000000 0
0.130570000000 0.309123000000 2.000848000000 0
-0.134404000000 0.346033000000 2.134938000000 0
0.048274000000 0.443069000000 2.057142000000 0
0.034619000000 0.083817000000 2.054061000000 0
0.089867000000 -0.054037000000 2.032543000000 0
-0.040655000000 -0.053044000000 2.068336000000 0
0.028995000000 0.012116000000 2.054446000000 0
0.181191000000 0.266996000000 1.615406000000 0
-0.219591000000 0.077489000000 2.209228000000 0
0.163536000000 0.335583000000 1.336159000000 0
-0.297150000000 -0.135699000000 2.212445000000 0
0.155297000000 0.397497000000 1.307694000000 0
-0.314051000000 -0.220750000000 2.202308000000 0
0.160048000000 -0.517654000000 2.114571000000 0
-0.033052000000 -0.518872000000 2.186301000000 0
0.191079000000 -0.844850000000 2.217401000000 0
-0.010202000000 -0.863698000000 2.271396000000 0
0.135755000000 -0.920087000000 2.253377000000 0
-0.040758000000 -0.939008000000 2.260824000000 0
0.032122000000 0.617891000000 2.018704000000 0
0.129227000000 0.302396000000 1.991535000000 0
-0.132085000000 0.346247000000 2.138651000000 0
0.047324000000 0.446981000000 2.057903000000 0
0.032968000000 0.085772000000 2.054902000000 0
0.087767000000 -0.049629000000 2.024253000000 0
-0.044190000000 -0.051530000000 2.068354000000 0
0.025775000000 0.013965000000 2.052396000000 0
0.183705000000 0.274501000000 1.615231000000 0
-0.205972000000 0.075699000000 2.227709000000 0
0.175370000000 0.348887000000 1.327738000000 0
-0.265095000000 -0.143828000000 2.236522000000 0
0.162067000000 0.409359000000 1.292102000000 0
-0.280816000000 -0.224041000000 2.228203000000 0
0.156285000000 -0.515559000000 2.114311000000 0
-0.032520000000 -0.516807000000 2.183555000000 0
0.186357000000 -0.844621000000 2.218161000000 0
-0.006260000000 -0.864130000000 2.271032000000 0
0.138062000000 -0.921933000000 2.256790000000 0
-0.038182000000 -0.939813000000 2.261029000000 0
0.028271000000 0.618584000000 2.020919000000 0
0.131591000000 0.297696000000 1.983597000000 0
-0.121845000000 0.347220000000 2.138705000000 0
0.049441000000 0.450836000000 2.057402000000 0
0.034848000000 0.088378000000 2.055573000000 0
0.088803000000 -0.045989000000 2.016975000000 0
-0.045338000000 -0.049448000000 2.068394000000 0
0.025505000000 0.016467000000 2.049737000000 0
0.185336000000 0.279163000000 1.615925000000 0
-0.192397000000 0.075705000000 2.236240000000 0
0.179286000000 0.353747000000 1.325628000000 0
-0.230563000000 -0.147316000000 2.254681000000 0
0.166086000000 0.412390000000 1.286855000000 0
-0.246611000000 -0.227960000000 2.251035000000 0
0.155110000000 -0.512775000000 2.114470000000 0
-0.030612000000 -0.514699000000 2.180655000000 0
0.183628000000 -0.844729000000 2.219239000000 0
-0.002743000000 -0.864390000000 2.270342000000 0
0.144649000000 -0.923474000000 2.255993000000 0
-0.036275000000 -0.940185000000 2.261200000000 0
0.026647000000 0.619218000000 2.022235000000 0
0.136270000000 0.294348000000 1.976742000000 0
-0.108425000000 0.348225000000 2.134927000000 0
0.053274000000 0.453767000000 2.055731000000 0
0.040081000000 0.090650000000 2.055734000000 0
0.092609000000 -0.043508000000 2.011024000000 0
-0.042225000000 -0.046889000000 2.068307000000 0
0.028737000000 0.018787000000 2.046532000000 0
0.187781000000 0.283109000000 1.613171000000 0
-0.180232000000 0.076488000000 2.239086000000 0
0.183235000000 0.356164000000 1.322407000000 0
-0.206948000000 -0.148230000000 2.262131000000 0
0.170996000000 0.412860000000 1.280727000000 0
-0.220666000000 -0.230466000000 2.261695000000 0
0.155837000000 -0.510158000000 2.114927000000 0
-0.027805000000 -0.512418000000 2.177700000000 0
0.182849000000 -0.845225000000 2.220631000000 0
0.000110000000 -0.864514000000 2.269600000000 0
0.151371000000 -0.924520000000 2.254428000000 0
-0.034767000000 -0.940272000000 2.261312000000 0
0.031041000000 0.619791000000 2.021577000000 0
