0.010676495098 0.915077513352 0.232229722937 0
0.036646472888 0.950984159710 -0.085611457529 0
0.025182632356 0.930622187826 0.061702323952 0
0.055139837188 0.785073653475 0.048473134457 0
0.008777952091 0.588838337023 0.105244075408 0
0.010910339428 0.579761804740 -0.017554449373 0
0.058769259259 0.640677777778 0.041350000000 0
0.016378172223 0.745489609526 0.233600292791 0
0.061578905525 0.785330346474 -0.097366049653 0
-0.029207761661 0.627578935257 0.248801462805 0
0.042103083721 0.664426015803 -0.112896122867 0
-0.071820648607 0.537781258302 0.268974557914 0
0.006937148965 0.567986675878 -0.129656654797 0
-0.022481119234 0.343177402907 0.114384949121 0
-0.007415348772 0.341840662296 -0.055259060342 0
-0.028421899128 0.026708170634 0.164587509854 0
-0.019182982045 0.017886567064 -0.114360744056 0
-0.080412560167 0.034284039886 0.165681424264 0
-0.066704324666 0.026750481946 -0.114487361496 0
0.018963161834 1.042665257047 0.087067944943 0
0.011777097853 0.920338353203 0.223040731263 0
0.041762332455 0.950247567038 -0.095067847108 0
0.028345428772 0.932652896228 0.052437386724 0
0.054457687904 0.786148367423 0.041925053211 0
0.004145679769 0.588972406808 0.099868687997 0
0.005870410956 0.581505452266 -0.023044607031 0
0.054004074074 0.641577777778 0.036498925926 0
0.016972507605 0.750728900508 0.222747504731 0
0.064640975937 0.784115748873 -0.103886528316 0
-0.032716931499 0.634471266691 0.237820734821 0
0.045163990491 0.663070688177 -0.118277091305 0
-0.078410261589 0.546150383292 0.257843749680 0
0.010338335944 0.566386310462 -0.134722070587 0
-0.022722569719 0.342903109161 0.111615074161 0
-0.004741137758 0.342591810021 -0.057273325112 0
-0.028042088487 0.026921160989 0.164556118770 0
-0.018212108142 0.018445351742 -0.114066234379 0
-0.079972247757 0.034912038388 0.165567907103 0
-0.065615551987 0.027915881855 -0.114358799679 0
0.025427544837 1.045332928195 0.075438082783 0
0.013127700069 0.925252407157 0.214557702388 0
0.045961750469 0.949135527647 -0.103779013511 0
0.031145586116 0.934326310394 0.043898161812 0
0.053895224415 0.787101158065 0.036040471439 0
0.000517460103 0.588903859147 0.095222296996 0
0.001377581393 0.583243747856 -0.027796528937 0
0.049880740741 0.642481481481 0.032280925926 0
0.018113192943 0.755660022743 0.211727027984 0
0.067096233635 0.782648316085 -0.109805992850 0
-0.035487827865 0.640986193104 0.225471969183 0
0.047855697640 0.661510576785 -0.123727123406 0
-0.084038727247 0.554044988622 0.244698001992 0
0.013641261320 0.564624815067 -0.140632102064 0
-0.023336800743 0.342653239173 0.109420397743 0
-0.000779197713 0.343695151748 -0.059033637712 0
-0.027709329019 0.026908606783 0.164581217731 0
-0.017373569975 0.019317758043 -0.113725416037 0
-0.079597376052 0.035171400577 0.165569191790 0
-0.064650696210 0.029395794690 -0.114137163238 0
0.030518211986 1.047614688023 0.063831026307 0
0.015192499418 0.929871179495 0.206990935799 0
0.049322266415 0.947365308649 -0.111624596542 0
0.033838825995 0.935513815655 0.036250975949 0
0.053674110092 0.787755415980 0.031056438977 0
-0.001515181376 0.588510089799 0.091761090346 0
-0.001901135933 0.584211583101 -0.031315235898 0
0.046782962963 0.643151851852 0.028908259259 0
0.019067884993 0.760331315229 0.201019292864 0
0.067577526487 0.780479480141 -0.115729251877 0
-0.037273306692 0.646786737280 0.213076613564 0
0.049511207116 0.659186056797 -0.129866491426 0
-0.087494069296 0.560536520360 0.231226985321 0
0.016487837721 0.561977384863 -0.147449656171 0
-0.024085714172 0.342247806659 0.107743537438 0
0.002655865332 0.344384995308 -0.060062063287 0
-0.027480836716 0.026832114679 0.164609046240 0
-0.016793274344 0.020639251883 -0.113239798438 0
-0.079338062725 0.035292822607 0.165538460587 0
-0.063876252688 0.031591945309 -0.113547500268 0
0.034869484498 1.049271765534 0.053197944739 0
0.017631813134 0.933774903511 0.200668396065 0
0.050950232766 0.945621346983 -0.118292867554 0
0.035794352283 0.936387172518 0.029803077907 0
0.053488649479 0.788299173633 0.026830478802 0
-0.002491325509 0.588426943624 0.089150911239 0
-0.004313197545 0.584803077053 -0.033934248613 0
0.044690740741 0.643737037037 0.026035481481 0
0.018474946659 0.764366039852 0.190953935314 0
0.067257075639 0.778507471613 -0.121125182298 0
-0.038933031100 0.651202008984 0.201456613623 0
0.049860501312 0.657154193842 -0.135585097930 0
-0.089514169482 0.564835673602 0.218387321807 0
0.017067172699 0.560171154324 -0.153962478670 0
-0.024076859114 0.342172357533 0.106549854638 0
0.005440223770 0.344918581556 -0.060845921752 0
-0.027280973872 0.026849580011 0.164690691139 0
-0.016399508713 0.022274985209 -0.112701369564 0
-0.079134704732 0.035336199124 0.165577917705 0
-0.063255411039 0.034165250632 -0.112796389589 0
0.038400098924 1.050439541262 0.044387607836 0
0.020054731623 0.935986801638 0.196046902916 0
0.050943991712 0.944747409188 -0.123258355991 0
0.036882809959 0.936943491131 0.025027724893 0
0.053163957642 0.788676538432 0.023202412073 0
-0.002860872987 0.588575738469 0.087136421954 0
-0.006413668238 0.585145279213 -0.035916484545 0
0.043226666667 0.644155555556 0.023451777778 0
0.017408734596 0.766899759509 0.182010678645 0
0.065908983577 0.777494197587 -0.125100827178 0
-0.040263999895 0.653671369143 0.190089500088 0
0.048436670116 0.656157234806 -0.139606264418 0
-0.090962065055 0.566982020587 0.205069753120 0
0.015471857999 0.559685540613 -0.159270818270 0
-0.023504942446 0.342339061194 0.105879442623 0
0.007488902290 0.345323972918 -0.061536752646 0
-0.027196546311 0.026777024200 0.164914850719 0
-0.016021000151 0.023716832430 -0.112217003621 0
-0.079055158887 0.035229569419 0.165841165974 0
-0.062691281056 0.036316073951 -0.112133237131 0
0.041036145253 1.051189328366 0.037603469940 0
0.022564296942 0.937494311683 0.192743018893 0
0.050071335311 0.944366304018 -0.126917553528 0
0.037560042230 0.937437978918 0.021550778482 0
0.053035088775 0.789077226189 0.020391683597 0
-0.002568584227 0.588816193495 0.085567693840 0
-0.007373851120 0.585451205336 -0.037444478188 0
0.042708888889 0.644562962963 0.021449370370 0
0.017302096550 0.768789701332 0.175264220275 0
0.065580134885 0.777158038812 -0.128279777872 0
-0.040491054218 0.655437073252 0.180082256825 0
0.045837193617 0.656045504489 -0.141708042240 0
-0.091558455584 0.568452180860 0.192084243450 0
0.012469455317 0.559792021098 -0.162427547254 0
-0.022686589900 0.342634566106 0.105563989665 0
0.008951860343 0.345687400528 -0.062157381846 0
-0.027104575056 0.026542664753 0.165182455752 0
-0.015160926757 0.023978459675 -0.111216201673 0
-0.078958511329 0.035012026240 0.166211284217 0
-0.061852577902 0.036498536775 -0.111236355767 0
0.042693861478 1.051829989964 0.032362739060 0
0.024837337262 0.938626938046 0.190360032389 0
0.049089026554 0.944045671284 -0.129591895087 0
0.038081333861 0.937791763369 0.019025395597 0
0.053196340991 0.789391256088 0.018316713664 0
-0.001883740451 0.589042731225 0.084373517172 0
-0.007863056396 0.585653541620 -0.038586514453 0
0.042648888889 0.644885185185 0.019818296296 0
0.018201001233 0.770166293518 0.171087902324 0
0.067209600755 0.777101211845 -0.131066590256 0
-0.039893778299 0.656874005198 0.172478601024 0
0.042009076078 0.656746747555 -0.141933257904 0
-0.091703774616 0.569748620720 0.180597193833 0
0.006533068510 0.561004101328 -0.162651648165 0
-0.021783709541 0.342933586038 0.105450982591 0
0.009883330796 0.345921646762 -0.062620300834 0
-0.027013213133 0.026176907967 0.165452168907 0
-0.014451377463 0.023951579524 -0.110391721597 0
-0.078869658506 0.034611152029 0.166631948259 0
-0.061180507784 0.036330300338 -0.110528374022 0
0.043406472563 1.052329965748 0.028121114593 0
0.026716909537 0.939313596237 0.188610501299 0
0.047829708763 0.943884701393 -0.131577096377 0
0.038282728211 0.938024710251 0.017157215129 0
0.053436606483 0.789628618567 0.016699641709 0
-0.001177070513 0.589199762212 0.083395894036 0
-0.008063410655 0.585871416547 -0.039518338813 0
0.042806666667 0.645133333333 0.018543925926 0
0.019357529407 0.770931314047 0.168920623780 0
0.068321830437 0.777232266214 -0.134409281209 0
-0.039323062201 0.657952765329 0.166795596138 0
0.032301259094 0.659376690186 -0.141545780572 0
-0.091999634890 0.570876640293 0.170438017416 0
-0.008316494311 0.565325116843 -0.161745333811 0
-0.020938042463 0.343137586961 0.105141918069 0
0.010592298738 0.346158627540 -0.063048784024 0
-0.026929450032 0.026024609196 0.165626497512 0
-0.013980470165 0.024011335979 -0.109881509089 0
-0.078776789539 0.034502395299 0.166891332608 0
-0.060773056865 0.036146392853 -0.110120774742 0
0.043477892916 1.052692335988 0.024627075135 0
0.027812551515 0.940037633140 0.187388627741 0
0.047509558375 0.943567787956 -0.132902347666 0
0.038628275511 0.938191927521 0.015891478457 0
0.053933129018 0.789814463966 0.015759814642 0
-0.000591470510 0.589340526338 0.082690644887 0
-0.008129338271 0.586081039568 -0.040187198917 0
0.042997777778 0.645351851852 0.017639740741 0
0.020695767217 0.771528755181 0.168719023081 0
0.067561931857 0.776943622565 -0.138841396250 0
-0.039050527867 0.659234556304 0.163020499878 0
0.014734795828 0.665387604041 -0.140543281686 0
-0.092677057765 0.572519867635 0.162098799994 0
-0.036856117531 0.576632228849 -0.158706007082 0
-0.020130222379 0.343293359157 0.104804178316 0
0.011180950233 0.346387117486 -0.063379331916 0
-0.026837919309 0.026021511041 0.165728107078 0
-0.013723199953 0.024055261266 -0.109587144931 0
-0.078675324669 0.034555297104 0.167023166924 0
-0.060527314678 0.036143930850 -0.109906419117 0
0.042773727271 1.052991509181 0.021896324557 0
0.028793666844 0.940590411063 0.187221242973 0
0.048020677437 0.943199390998 -0.133107117131 0
0.039373223235 0.938252635041 0.015715364015 0
0.054887939021 0.789908416820 0.015768816585 0
-0.000424791880 0.589472996084 0.082209210725 0
-0.008218591449 0.586286600403 -0.040654582857 0
0.043007407407 0.645540740741 0.017101888889 0
0.022433176372 0.771911926297 0.169855827740 0
0.062879891017 0.776288056745 -0.144097692295 0
-0.038541952315 0.660494385007 0.160897858160 0
-0.011721025996 0.678131651434 -0.137903238234 0
-0.093004639212 0.574330192483 0.156392836749 0
-0.080660476770 0.600662115150 -0.149431812945 0
-0.019368930201 0.343389610449 0.104436819704 0
0.011912976620 0.346649295324 -0.063733156035 0
-0.026722257106 0.026152833302 0.165763157062 0
-0.013600859640 0.024127801324 -0.109534240464 0
-0.078533896003 0.034843557381 0.167045603439 0
-0.060426062207 0.036131751833 -0.109944850038 0
0.041245292882 1.053168566278 0.020308682826 0
0.029631543797 0.940919306929 0.187568101710 0
0.049133684435 0.942948391515 -0.132747824097 0
0.040375808246 0.938272430023 0.016076954558 0
0.056152467919 0.789971394519 0.016218157417 0
-0.000248635776 0.589617670067 0.081933141078 0
-0.007853706220 0.586485965314 -0.040943884974 0
0.043282962963 0.645714814815 0.016917592593 0
0.024099501269 0.772127983430 0.171035397007 0
0.053554378472 0.775939256415 -0.149759253485 0
-0.037511528734 0.661252678247 0.159952629892 0
-0.043965073686 0.702334640481 -0.132133563485 0
-0.092842233916 0.575807656044 0.153788018278 0
-0.131917648972 0.646017836186 -0.133522829579 0
-0.018574757458 0.343480055833 0.104078293738 0
0.012504003720 0.346863151396 -0.063974500563 0
-0.026593288036 0.026321841353 0.165731217209 0
-0.013676598744 0.024135175446 -0.109634855879 0
-0.078383027173 0.035146110358 0.166985998303 0
-0.060484118349 0.036205288178 -0.110116011297 0
0.039208585183 1.053231120967 0.019023067986 0
0.030171980913 0.940524931897 0.187920859716 0
0.050810532648 0.943450059725 -0.132316921953 0
0.041545474725 0.938359537340 0.016463537236 0
0.057895343454 0.790129976109 0.016508697651 0
0.000385904577 0.589830818267 0.081928403700 0
-0.005699956603 0.586730330857 -0.041034019316 0
0.044735555556 0.645929629630 0.017469555556 0
0.025706646580 0.771663391183 0.171787491658 0
0.039029954388 0.777552024973 -0.155555736762 0
-0.036103519058 0.660859666529 0.161104885655 0
-0.073830089986 0.739167301045 -0.123499983193 0
-0.092261915067 0.576055168959 0.155585884574 0
-0.174833796120 0.715624970132 -0.111311368903 0
-0.017560767487 0.343622809688 0.103596655513 0
0.012975382928 0.346974122124 -0.064101975995 0
-0.026375307182 0.026796786374 0.165580511558 0
-0.014169734023 0.024076347029 -0.110263547357 0
-0.078133106149 0.035819341116 0.166739403677 0
-0.060925461295 0.036343215344 -0.110801071679 0
0.036604751095 1.053235777570 0.017359364497 0
0.030936960177 0.940384767674 0.188028690211 0
0.052506204136 0.943768271657 -0.132143236439 0
0.042829204635 0.938466621284 0.016603622140 0
0.059861454990 0.790319616880 0.016800215260 0
0.001445704222 0.590052742655 0.082058255444 0
-0.002749804711 0.586984964147 -0.040983991944 0
0.046818888889 0.646137037037 0.018302962963 0
0.026709791095 0.771471241389 0.172382719878 0
0.014364932455 0.782757887131 -0.160811719864 0
-0.034410680307 0.660096969196 0.163889221577 0
-0.099877933086 0.786032743378 -0.114162057770 0
-0.090438902036 0.575204288256 0.160462216966 0
-0.200599258033 0.798035226399 -0.087345187796 0
-0.016428429830 0.343791218996 0.103171212599 0
0.013461576359 0.347053580513 -0.064093748101 0
-0.026114308650 0.027302112421 0.165410131633 0
-0.014658447589 0.023982672291 -0.110969933256 0
-0.077862577827 0.036389452443 0.166485383959 0
-0.061375189087 0.036394946191 -0.111556911814 0
0.032462600358 1.052955978896 0.014907410070 0
0.031733420380 0.940372820851 0.187996766920 0
0.053965472629 0.943777757014 -0.132129591353 0
0.043999111171 0.938467907912 0.016597867089 0
0.061502632012 0.790388049077 0.016904533133 0
0.002416739923 0.590203111530 0.082069404598 0
-0.001299533465 0.587143577947 -0.040988454837 0
0.048063703704 0.646270370370 0.018494814815 0
0.026734177507 0.771461049713 0.172560904468 0
-0.016813327344 0.794787076708 -0.163643415763 0
-0.032471343807 0.658869528676 0.167089553556 0
-0.115455571402 0.839927191870 -0.104733096849 0
-0.086870942932 0.572849192505 0.166311771490 0
-0.201622784875 0.886954940197 -0.067226517196 0
-0.015625833534 0.343955615227 0.103202690451 0
0.014261238040 0.347168371554 -0.064090430185 0
-0.025945338816 0.027331599985 0.165450672144 0
-0.014626804410 0.023938755129 -0.111051285287 0
-0.077682353667 0.036479212842 0.166556001237 0
-0.061355492388 0.036303309259 -0.111692022741 0
0.027921103236 1.052259031709 0.012114889108 0
0.032652129596 0.940355643710 0.188254302416 0
0.054888615517 0.943756512288 -0.131871791157 0
0.044939600758 0.938450490899 0.016856965294 0
0.062905831215 0.790441014114 0.017165154549 0
0.003398328675 0.590333438988 0.082262210365 0
-0.000515080438 0.587299069392 -0.040790160733 0
0.048960000000 0.646400000000 0.018625851852 0
0.026655959803 0.771428811860 0.173347386673 0
-0.044864193185 0.813014872718 -0.165886248543 0
-0.029805349756 0.657328239484 0.171053928403 0
-0.116041578355 0.888406079758 -0.098891519455 0
-0.081694576775 0.569741245683 0.173080665042 0
-0.175562280307 0.962492034207 -0.054298441168 0
-0.014952099225 0.344116315900 0.103484127278 0
0.015439490693 0.347364312151 -0.064043170993 0
-0.025800748642 0.027182374431 0.165578757225 0
-0.014418434690 0.023940747131 -0.110984285918 0
-0.077542721830 0.036291841639 0.166764125020 0
-0.061161031721 0.036248630930 -0.111697477758 0
0.024298030204 1.051379324423 0.009511771755 0
0.033667351598 0.940453890005 0.188886254231 0
0.055309979887 0.943715780956 -0.131281982338 0
0.045651394082 0.938475845875 0.017468259859 0
0.063951243100 0.790520031959 0.017782066030 0
0.004337158701 0.590470628025 0.083016804002 0
-0.000148376063 0.587432147679 -0.040015938866 0
0.049595555556 0.646540740741 0.019167518519 0
0.026409694356 0.771519235310 0.174643587259 0
-0.067978997857 0.835361653653 -0.166781187058 0
-0.026369662725 0.655653508152 0.175889693525 0
-0.107973343600 0.926567733154 -0.093841133899 0
-0.075216593284 0.566468213678 0.181124174973 0
-0.138039722440 1.013384391123 -0.042531522160 0
-0.014393989109 0.344261544537 0.103998009229 0
0.016899176810 0.347627941408 -0.063833204737 0
-0.025713684916 0.027098349674 0.165668601346 0
-0.014179361845 0.024024635095 -0.111041933287 0
-0.077454472473 0.036206579497 0.166913724441 0
-0.060943894055 0.036245299076 -0.111814540913 0
0.021709766289 1.050539740015 0.007403722346 0
0.034779805236 0.940452577601 0.189743660955 0
0.054891798740 0.943738825701 -0.130524119645 0
0.045959047671 0.938489169271 0.018271131687 0
0.064663260084 0.790593812123 0.018490744788 0
0.005265623946 0.590584965459 0.084006655654 0
0.000043219607 0.587521501200 -0.038996392609 0
0.050128888889 0.646651851852 0.019876296296 0
0.026372945301 0.771482479530 0.176595453025 0
-0.082197663922 0.853829469019 -0.166907759937 0
-0.022205205700 0.653883754659 0.181368627899 0
-0.100310327044 0.950222242134 -0.091949686923 0
-0.067723789516 0.563262877746 0.190001980875 0
-0.112089553101 1.040178620500 -0.038061921040 0
-0.013917250157 0.344375294567 0.104568634235 0
0.018591330978 0.347909077197 -0.063609242633 0
-0.025595566260 0.027006234787 0.165718139425 0
-0.014011799116 0.024117496772 -0.111241780744 0
-0.077335834283 0.036111571443 0.167005302323 0
-0.060793991084 0.036265923518 -0.112081581762 0
0.020688918691 1.050058187815 0.006233856867 0
0.035521279954 0.940337998290 0.190589585061 0
0.053107834031 0.943932102773 -0.129823489778 0
0.045363704082 0.938541145215 0.019033306443 0
0.064680396055 0.790724252871 0.019017043482 0
0.006142393330 0.590656280353 0.084827695794 0
0.000273398670 0.587587183508 -0.038146056482 0
0.050638518519 0.646744444444 0.020460592593 0
0.026457523927 0.771273898426 0.179204367810 0
-0.089178302841 0.863370967382 -0.168105877257 0
-0.017763043378 0.652154998033 0.187408576538 0
-0.098938931569 0.960399149965 -0.092418296404 0
-0.060026645009 0.560411514639 0.199280514846 0
-0.105275815872 1.050611377334 -0.037841649270 0
-0.013390228599 0.344446114674 0.105051707761 0
0.019976404929 0.348134127468 -0.063404006829 0
-0.025517313194 0.026952147803 0.165781768551 0
-0.013835080700 0.024209476371 -0.111396523145 0
-0.077260285777 0.036038733933 0.167092501090 0
-0.060620644235 0.036341863211 -0.112279278924 0
0.023233947318 1.050765864239 0.007160204701 0
0.035936733815 0.940208969029 0.191236193976 0
0.050433755964 0.944235405080 -0.129326385188 0
0.044138659843 0.938645200890 0.019591381163 0
0.064167309947 0.790914231351 0.019297894093 0
0.006906777129 0.590738106890 0.085462314699 0
0.000645004125 0.587629652412 -0.037491074486 0
0.051154444444 0.646840740741 0.020936740741 0
0.027362669808 0.770979469499 0.182163894205 0
-0.094182037385 0.869080784515 -0.169811416919 0
-0.012882033832 0.650697666358 0.193332229196 0
-0.100263747928 0.965229968407 -0.092631787367 0
-0.052212894781 0.558093305114 0.207833383097 0
-0.102862609660 1.054412042544 -0.035847905912 0
-0.012857050603 0.344522620703 0.105394829294 0
0.021067911223 0.348287801869 -0.063226691872 0
-0.025419761790 0.026957625376 0.165813280411 0
-0.013696517034 0.024197913407 -0.111526560824 0
-0.077170448178 0.035999728845 0.167127092495 0
-0.060501261066 0.036252343726 -0.112459121431 0
0.028036331615 1.052050354341 0.010584952491 0
0.036440485741 0.940069834617 0.191564394385 0
0.047598136925 0.944485778536 -0.129126655161 0
0.042868251794 0.938716306838 0.019842204458 0
0.063579702247 0.791073631013 0.019333237794 0
0.007446868473 0.590802760062 0.086046957774 0
0.000832416875 0.587692291121 -0.036887912037 0
0.051478518519 0.646929629630 0.021394814815 0
0.029367413209 0.770660856649 0.184855107036 0
-0.098561558598 0.873003836619 -0.170703786578 0
-0.007509272929 0.649568221491 0.198594239995 0
-0.099749663019 0.969001674583 -0.093106418721 0
-0.044288133951 0.556287942446 0.215184146340 0
-0.097227066482 1.058006621884 -0.036148558682 0
-0.012488862054 0.344580142703 0.105718485745 0
0.022238444412 0.348492654394 -0.063141565745 0
-0.025380678155 0.026989773488 0.165818029524 0
-0.013598155691 0.024276553567 -0.111713236411 0
-0.077135815877 0.036008268579 0.167118700370 0
-0.060405075340 0.036318807836 -0.112692730459 0
0.032082171868 1.052808546496 0.012211850299 0
0.037161044602 0.940031281296 0.191747966428 0
0.045366697608 0.944614376782 -0.129029846854 0
0.042018480038 0.938768544817 0.019973493514 0
0.063203445078 0.791191071161 0.019342907060 0
0.007848365676 0.590874759212 0.086621568742 0
0.000900926802 0.587732740022 -0.036294130056 0
0.051672962963 0.647011111111 0.021837111111 0
0.032560526933 0.770469415630 0.187051834301 0
-0.102611656786 0.876726059204 -0.170194946635 0
-0.002047890383 0.648990355495 0.203088524864 0
-0.099470888207 0.973120450937 -0.093145580646 0
-0.036874586903 0.555305068735 0.221591144887 0
-0.093372356341 1.062992350769 -0.038393527722 0
-0.012190471878 0.344639460407 0.106027811936 0
0.023451585793 0.348697586671 -0.063082220689 0
-0.025311208689 0.027021339452 0.165833635293 0
-0.013477964748 0.024353820177 -0.111898941646 0
-0.077075266948 0.035989637460 0.167126377485 0
-0.060285940350 0.036387954946 -0.112926581624 0
0.034402567275 1.053093227501 0.012847505126 0
0.038124696450 0.939956968603 0.191959573128 0
0.043996966234 0.944677786963 -0.128867441508 0
0.041741438097 0.938769094824 0.020153965354 0
0.063210159933 0.791237344310 0.019423531709 0
0.008146114532 0.590919531797 0.087196539991 0
0.000861460495 0.587744625543 -0.035698789408 0
0.051758518519 0.647066666667 0.022278370370 0
0.035432177768 0.770314029375 0.189049552305 0
-0.105523612078 0.879740568793 -0.169212662167 0
0.003050463453 0.648536479085 0.207317909315 0
-0.099124109827 0.976347480833 -0.092632645838 0
-0.029869950833 0.554532785513 0.227673385641 0
-0.090666497658 1.066702826098 -0.039361367606 0
-0.011974692946 0.344673021011 0.106374357782 0
0.024756002636 0.348904661602 -0.063056805394 0
-0.025271588683 0.027058523067 0.165843855416 0
-0.013386289745 0.024417499781 -0.112071459500 0
-0.077049057869 0.035952089430 0.167115642014 0
-0.060206348597 0.036400056568 -0.113150090780 0
0.035877560871 1.053125965091 0.012939669528 0
0.038883113289 0.939966897128 0.192135639007 0
0.043201651943 0.944638808924 -0.128716767036 0
0.041673136614 0.938753513320 0.020314795694 0
0.063281914503 0.791246591816 0.019575743201 0
0.008343318122 0.590932024937 0.087737429424 0
0.000766721019 0.587744196774 -0.035139912386 0
0.051776666667 0.647092592593 0.022710925926 0
0.037437741684 0.770291389513 0.190530109597 0
-0.107549934902 0.881969044685 -0.168054308728 0
0.007456175217 0.648259943022 0.211060861746 0
-0.098531540854 0.978560434913 -0.091718734539 0
-0.023569316968 0.553978539170 0.233103279991 0
-0.088253097534 1.068975517738 -0.038952115637 0
-0.011896601626 0.344679338506 0.106709507260 0
0.025915134562 0.349093880829 -0.063024003791 0
-0.025246698955 0.027069751399 0.165863876030 0
-0.013248778005 0.024523292399 -0.112244845348 0
-0.077026905957 0.035948562823 0.167127264154 0
-0.060072950186 0.036485840814 -0.113366165290 0
0.037209052850 1.053109765219 0.012802044005 0
0.039701597837 0.939990490957 0.192286063231 0
0.042798384244 0.944549342249 -0.128582086930 0
0.041839467032 0.938716833582 0.020456304344 0
0.063453368015 0.791215281804 0.019741822501 0
0.008511823735 0.590912444707 0.088259342152 0
0.000668942712 0.587698214918 -0.034600603097 0
0.051772222222 0.647085185185 0.023128148148 0
0.039472124223 0.770302137323 0.191781394327 0
-0.108726531498 0.883068069846 -0.166808197452 0
0.011488667020 0.648134289601 0.214231854243 0
-0.097813051270 0.979584084897 -0.090624847749 0
-0.017995288414 0.553646667685 0.237565668909 0
-0.086043039097 1.069908011559 -0.038005396804 0
-0.011947314118 0.344664250689 0.107053763786 0
0.026863848937 0.349214918273 -0.062946372925 0
-0.025207574687 0.027004753903 0.165879624114 0
-0.013129016456 0.024581070906 -0.112362809336 0
-0.076992844835 0.035853766860 0.167144552733 0
-0.059960561874 0.036511851447 -0.113514266206 0
0.038648163622 1.053061602840 0.012276157659 0
0.040590353499 0.939989666227 0.192408294478 0
0.042735642569 0.944412644167 -0.128469529623 0
0.042218286862 0.938643195707 0.020573502957 0
0.063727430875 0.791131529595 0.019906221915 0
0.008583970867 0.590889381479 0.088760070956 0
0.000539114724 0.587627594925 -0.034085560796 0
0.051737037037 0.647037037037 0.023536111111 0
0.041035917276 0.770301306272 0.192734908493 0
-0.109254397895 0.883680509720 -0.166041033694 0
0.014836807970 0.647973002954 0.216430328372 0
-0.097486294757 0.979967633243 -0.089695440656 0
-0.013258752324 0.553274345892 0.240647476291 0
-0.085001770653 1.070162051307 -0.037081396934 0
-0.012100088734 0.344651210892 0.107439275634 0
0.027154065178 0.349225276249 -0.062719760981 0
-0.025179089421 0.026937608342 0.165893830381 0
-0.013038950040 0.024613566653 -0.112355569512 0
-0.076979846494 0.035695335607 0.167159950004 0
-0.059868550845 0.036553291533 -0.113493322435 0
0.039804469703 1.053004347047 0.012263141226 0
0.041645631331 0.939940580786 0.192489718401 0
0.042909867411 0.944321391113 -0.128393364991 0
0.042798310407 0.938571087301 0.020651263608 0
0.064087734820 0.791033053100 0.020023429566 0
0.008614933976 0.590856220939 0.089239675436 0
0.000448390629 0.587564231430 -0.033597121075 0
0.051711111111 0.646981481481 0.023958851852 0
0.042593134423 0.770255659041 0.193247529744 0
-0.109152409303 0.883455688718 -0.165452948705 0
0.017691355000 0.647756793003 0.217455157579 0
-0.097876595716 0.979898880843 -0.089230152215 0
-0.009211685379 0.552890409014 0.242345053202 0
-0.085257213346 1.070095078405 -0.036637622227 0
-0.012317406613 0.344626316213 0.107750504674 0
0.027660043506 0.349272509307 -0.062588838407 0
-0.025181164583 0.026907815488 0.165879671827 0
-0.012981597975 0.024656733213 -0.112458503054 0
-0.076985343114 0.035646250961 0.167139080917 0
-0.059816556169 0.036574806543 -0.113602724401 0
0.040597991397 1.052946366179 0.011896766316 0
0.042914039691 0.939939209588 0.192527090408 0
0.043349159841 0.944233448931 -0.128359358633 0
0.043615621820 0.938522454933 0.020686584951 0
0.064567653485 0.790940289465 0.020133404536 0
0.008638922853 0.590863894992 0.089716251211 0
0.000518383657 0.587500139478 -0.033121650897 0
0.051781111111 0.646933333333 0.024417851852 0
0.044108054773 0.770256427482 0.193406005955 0
-0.108655927226 0.882908515963 -0.164892748496 0
0.019824840992 0.647640290566 0.217648294228 0
-0.100568339832 0.979999815506 -0.089088932845 0
-0.006486400560 0.552770639114 0.243008791543 0
-0.088397564697 1.070201417933 -0.036391815138 0
-0.012440139956 0.344632061341 0.108033916754 0
0.027588195939 0.349215869363 -0.062306757321 0
-0.025121197366 0.026884234491 0.165849404879 0
-0.012992461256 0.024670796716 -0.112464416253 0
-0.076933930200 0.035570444312 0.167118165779 0
-0.059826318195 0.036595849066 -0.113580657341 0
0.041258686855 1.052965709056 0.011776851964 0
0.044474692654 0.939825494318 0.192309921292 0
0.044023540090 0.944254978340 -0.128574667201 0
0.044690612824 0.938479790613 0.020467548207 0
0.065189183957 0.790838037447 0.020004806724 0
0.008698748403 0.590918385569 0.090252725902 0
0.000791283031 0.587435718365 -0.032595762990 0
0.052002222222 0.646885185185 0.024973037037 0
0.045344202755 0.770139631492 0.192939696812 0
-0.107596289209 0.881656517145 -0.164544689329 0
0.021106522142 0.647458454726 0.216896819975 0
-0.107826837264 0.979629526196 -0.089447523409 0
-0.005268189262 0.552766713726 0.242546352090 0
-0.100212402510 1.070455579247 -0.037422637364 0
-0.012481967466 0.344674775413 0.108292720239 0
0.027287148797 0.349103375543 -0.061914733309 0
-0.025072868872 0.026937825959 0.165825163794 0
-0.013015987172 0.024674810680 -0.112400021093 0
-0.076890369365 0.035595460338 0.167094529236 0
-0.059827259059 0.036694615802 -0.113445072572 0
0.040502524308 1.052961829261 0.012024788914 0
0.046085800869 0.939828092589 0.192364270799 0
0.045400031318 0.944187593659 -0.128520860470 0
0.046154459663 0.938442314581 0.020522094275 0
0.065757075647 0.790681335201 0.020096394260 0
0.008597293186 0.590913616906 0.090655517435 0
0.000379555058 0.587336187118 -0.032169882945 0
0.051776666667 0.646796296296 0.025221740741 0
0.046001966802 0.770138934689 0.192198828171 0
-0.104964974128 0.878351049025 -0.163973603672 0
0.021159252490 0.647475253183 0.215619776685 0
-0.119351979820 0.976436695645 -0.090417040548 0
-0.005730731093 0.552881418297 0.240994693791 0
-0.122182438373 1.068110963232 -0.040109602668 0
-0.012687058994 0.344676275734 0.108659067854 0
0.027283040867 0.349074814777 -0.061693762428 0
-0.025036839849 0.026829601439 0.165846620801 0
-0.012920857154 0.024699416189 -0.112340880751 0
-0.076856515841 0.035470338706 0.167142042941 0
-0.059744327739 0.036672780814 -0.113372464661 0
0.040900364913 1.052965021905 0.012278651397 0
0.047893876220 0.939963717441 0.193007611102 0
0.047624816345 0.944049369585 -0.127881743743 0
0.048154278221 0.938427741699 0.021166895041 0
0.066474145927 0.790501121966 0.020704342740 0
0.008420067190 0.590909631168 0.091012022173 0
-0.000245923213 0.587209540104 -0.031778930828 0
0.051406296296 0.646688888889 0.025363185185 0
0.045849631307 0.770295223549 0.191314108489 0
-0.100299046731 0.872616488815 -0.162765217625 0
0.020164259047 0.647696395544 0.214158562259 0
-0.132704588689 0.968828916403 -0.092541307081 0
-0.007362750188 0.553005567026 0.238688746912 0
-0.151325160287 1.060110393630 -0.045201615190 0
-0.012910444598 0.344677503060 0.109032233521 0
0.027468195669 0.349074708767 -0.061572693211 0
-0.025031295689 0.026677628274 0.165886540061 0
-0.012780487485 0.024769261563 -0.112304530026 0
-0.076862611739 0.035241397476 0.167226619382 0
-0.059616690038 0.036694433401 -0.113316177451 0
0.041861516409 1.052925851580 0.012630628807 0
0.049956981146 0.940042788048 0.193864508395 0
0.050234834401 0.943964010617 -0.127026890384 0
0.050474527855 0.938415050638 0.022025219106 0
0.067298745605 0.790312275491 0.021414403203 0
0.008143496475 0.590921886595 0.091247564032 0
-0.001062909989 0.587098353630 -0.031500270483 0
0.050878148148 0.646603703704 0.025352222222 0
0.045672086747 0.770446440167 0.190236399586 0
-0.094163217513 0.865316352180 -0.161155044427 0
0.018552319457 0.647963375985 0.212019357493 0
-0.147573767454 0.955526146812 -0.095979480820 0
-0.009934609061 0.553195290513 0.235384752238 0
-0.185314443013 1.042939177007 -0.053005621190 0
-0.013115384528 0.344693903798 0.109408514698 0
0.027627329965 0.349107346116 -0.061518415531 0
-0.024994797094 0.026490194086 0.165939044494 0
-0.012576009211 0.024854274554 -0.112215652855 0
-0.076827628598 0.035036214671 0.167332740819 0
-0.059438085611 0.036679409578 -0.113203074078 0
0.043005247468 1.052870150434 0.013492071698 0
0.052369665897 0.939902082510 0.194867178484 0
0.052659542821 0.943916295208 -0.126023059864 0
0.052858603308 0.938320841114 0.023027371271 0
0.068169387600 0.790059945850 0.022111243660 0
0.007840380854 0.590923291180 0.091422356248 0
-0.002028498937 0.586958339405 -0.031269504002 0
0.050267037037 0.646488888889 0.025230555556 0
0.046368550166 0.770423690140 0.188908500973 0
-0.087217454920 0.857158996058 -0.159318390165 0
0.016825782529 0.648180333088 0.208804897162 0
-0.163140587033 0.935183167744 -0.101126856185 0
-0.013507711118 0.553684083659 0.230852117803 0
-0.220592035952 1.013871117093 -0.063924874504 0
-0.013324031250 0.344701882658 0.109781694699 0
0.028043245628 0.349174099489 -0.061572704896 0
-0.024976398974 0.026289892056 0.166011167659 0
-0.012341796746 0.024955583239 -0.112210949545 0
-0.076822806868 0.034744034706 0.167459179914 0
-0.059202389941 0.036787409071 -0.113188562157 0
0.044484372550 1.052769295323 0.015020520367 0
0.055229165213 0.939358573779 0.195982515153 0
0.054466177871 0.944147806249 -0.124896315719 0
0.055116786742 0.938189212380 0.024138752706 0
0.068852138537 0.789782410518 0.022640911886 0
0.007434008601 0.590954343347 0.091575200317 0
-0.003220349682 0.586827334808 -0.031045599927 0
0.049519259259 0.646362962963 0.025034777778 0
0.047984071366 0.770036440363 0.187499092584 0
-0.079330757725 0.847967193954 -0.157279217321 0
0.015061308904 0.648315030287 0.205164598106 0
-0.175197672219 0.908559057728 -0.108529768772 0
-0.017897201216 0.554441148491 0.225845043160 0
-0.250456603717 0.974122490189 -0.078737025831 0
-0.013528671947 0.344733908427 0.110177434466 0
0.028869533836 0.349367174749 -0.061816532942 0
-0.024981482335 0.026055737542 0.166130812507 0
-0.012097610925 0.025117494511 -0.112402006248 0
-0.076834629176 0.034452693282 0.167667554538 0
-0.058984668402 0.036841968160 -0.113403795799 0
0.046309332311 1.052671787705 0.016957120070 0
0.058635991308 0.937938919727 0.197261450782 0
0.055342748404 0.945019190962 -0.123559008836 0
0.057136324312 0.937994196725 0.025420225604 0
0.069448580052 0.789486376889 0.022818165778 0
0.007012339565 0.590954987424 0.091671848590 0
-0.004508869013 0.586714499450 -0.030866668690 0
0.048690370370 0.646248148148 0.024780000000 0
0.049841071128 0.768816942201 0.186544604009 0
-0.072012573178 0.840019247290 -0.154488224255 0
0.013013492640 0.647908683117 0.201939486032 0
-0.182984864827 0.878471328834 -0.116475911839 0
-0.022769404510 0.554721849896 0.221005625569 0
-0.273506067945 0.925694965006 -0.094482433216 0
-0.013697127787 0.344733455918 0.110541269560 0
0.033217381713 0.350301573278 -0.063264151665 0
-0.024958224069 0.025804372345 0.166217965638 0
-0.012065508310 0.025478970255 -0.114010433082 0
-0.076813733161 0.034175206204 0.167816276100 0
-0.058946734651 0.037199379319 -0.115293262591 0
0.048807571774 1.052584678893 0.019389397801 0
0.063297311049 0.935788731267 0.198463294205 0
0.055205433597 0.946420565656 -0.122173928549 0
0.059204797907 0.937745076045 0.026675393647 0
0.070287480304 0.789197348765 0.022550679113 0
0.006732917865 0.590987919376 0.091804994861 0
-0.005782118749 0.586620894108 -0.030631564840 0
0.047862962963 0.646214814815 0.024520370370 0
0.051476485075 0.766978216385 0.185904518516 0
-0.065739811554 0.833754946032 -0.151833468380 0
0.011125439038 0.646955787940 0.199264525930 0
-0.185819091300 0.843514908136 -0.124925148117 0
-0.027515385186 0.554526738943 0.216454888792 0
-0.286914020452 0.866696025363 -0.111120062260 0
-0.013829047290 0.344773172798 0.110922625984 0
0.032686914797 0.350345129500 -0.063155941468 0
-0.024930364203 0.025599685664 0.166314625042 0
-0.011782793769 0.025770330123 -0.113855997323 0
-0.076793790380 0.033906921000 0.167986194754 0
-0.058689005000 0.037400832373 -0.115039968920 0
0.051365332008 1.052446108655 0.022366529257 0
0.069107772876 0.932941142351 0.199360690593 0
0.052789973952 0.948323013395 -0.120770330210 0
0.060598837342 0.937442330247 0.027782731488 0
0.070877367460 0.788935835858 0.021731607068 0
0.006647930548 0.590977449488 0.091980784029 0
-0.006962651001 0.586485647148 -0.030334317181 0
0.047096296296 0.646200000000 0.024280629630 0
0.053334483926 0.764556000218 0.185500965764 0
-0.061917320958 0.828925861735 -0.148833458019 0
0.009688768018 0.645505391611 0.197080435424 0
-0.182287501761 0.805874971448 -0.134067821745 0
-0.031652524418 0.553875887863 0.212393682997 0
-0.286745235289 0.801628835422 -0.129475469644 0
-0.013911929780 0.344778987941 0.111309243303 0
0.032196365337 0.350342941251 -0.063001310451 0
-0.024848375801 0.025350537297 0.166396796267 0
-0.011498797915 0.025973642659 -0.113712856734 0
-0.076722184642 0.033577949069 0.168139475481 0
-0.058432017262 0.037502799102 -0.114814898897 0
0.054038999993 1.052277416958 0.025724344145 0
0.074807426619 0.930302273570 0.200279200744 0
0.047976490134 0.950375711106 -0.118882045262 0
0.060661599799 0.937318343107 0.029158398154 0
0.070566807565 0.788902485269 0.021077615324 0
0.006866462113 0.590961296991 0.092212292341 0
-0.007937716711 0.586366744640 -0.029960268328 0
0.046527777778 0.646229629630 0.024085185185 0
0.055001410286 0.762445729656 0.185234364748 0
-0.058312602554 0.822799440749 -0.143940107632 0
0.007972736271 0.644554245993 0.195332975765 0
-0.169359023383 0.768904713067 -0.142391323170 0
-0.035797430728 0.553739788491 0.209124892031 0
-0.268983956280 0.735755091614 -0.147795307763 0
-0.013925856125 0.344796600341 0.111721297671 0
0.031812080897 0.350347038265 -0.062802167645 0
-0.024781222775 0.025100070054 0.166488647043 0
-0.011226323544 0.026177276296 -0.113582971967 0
-0.076667757758 0.033229629089 0.168309920324 0
-0.058195282919 0.037566443231 -0.114615810394 0
0.056981801016 1.052278315710 0.029106176785 0
0.079715294661 0.928899773443 0.200908807605 0
0.041822387551 0.951931291043 -0.116928288699 0
0.059639052727 0.937502125589 0.030454700073 0
0.069451921576 0.789165506653 0.020877075776 0
0.007407128920 0.590977664952 0.092630941226 0
-0.008702946016 0.586319834097 -0.029373887776 0
0.046148518519 0.646366666667 0.024073851852 0
0.056590857846 0.761566458701 0.184807040393 0
-0.052090342972 0.814450363560 -0.138845772512 0
0.006434234236 0.644878526078 0.193769156923 0
-0.145530797753 0.734455246854 -0.149238592034 0
-0.039339587497 0.554853634501 0.206638358326 0
-0.231594148163 0.674707030487 -0.163630595118 0
-0.013828600913 0.344852124628 0.112156356509 0
0.031515714189 0.350415633062 -0.062473825291 0
-0.024716346440 0.024927374980 0.166618257284 0
-0.011008648507 0.026441719327 -0.113455386714 0
-0.076610809491 0.032990596232 0.168507290561 0
-0.057996668699 0.037758533800 -0.114413871003 0
0.059488536376 1.052475294721 0.032754006135 0
0.083635116153 0.928767816128 0.200511537535 0
0.035025254075 0.952591708000 -0.115805149479 0
0.057814883161 0.937795385344 0.030854597538 0
0.067674974749 0.789495148141 0.020541620729 0
0.007947913287 0.591012524679 0.093028013061 0
-0.009928321309 0.586205558637 -0.028724775477 0
0.045460000000 0.646507407407 0.023875481481 0
0.058432775828 0.761831264282 0.183438915953 0
-0.041994073842 0.804790732321 -0.136393427406 0
0.005808658126 0.646200635334 0.191944204297 0
-0.112828314120 0.704978461187 -0.152467285668 0
-0.041434802326 0.556833442889 0.204485603695 0
-0.179654788627 0.624810148275 -0.171496375858 0
-0.013650375248 0.344925291640 0.112638401397 0
0.030999760401 0.350465929673 -0.062126242833 0
-0.024671144407 0.024685140934 0.166739402093 0
-0.010740889253 0.026763822463 -0.113302500317 0
-0.076564899813 0.032733819090 0.168708211064 0
-0.057741675160 0.038036535018 -0.114148135714 0
0.061166214400 1.052596051727 0.036374533314 0
0.085586870023 0.929828260450 0.198806424987 0
0.029029204753 0.952395483064 -0.116278791997 0
0.055506514088 0.938182003780 0.029818123953 0
0.065458257157 0.789854996620 0.019672327927 0
0.008356793280 0.591041799900 0.093152890715 0
-0.011621925269 0.586071215153 -0.028266021711 0
0.044384074074 0.646674074074 0.023324555556 0
0.061500315688 0.762795314197 0.181078552180 0
-0.023606345586 0.794213996696 -0.136504980065 0
0.007188269683 0.647973889553 0.189928532172 0
-0.073922770578 0.682838173726 -0.153884031184 0
-0.041281300889 0.559232886639 0.202507587926 0
-0.124380082420 0.592068960614 -0.174923578524 0
-0.013412972457 0.344994954764 0.113077924255 0
0.030300011087 0.350536044559 -0.061876633479 0
-0.024619494655 0.024398335433 0.166906173611 0
-0.010317325454 0.027131497908 -0.113067470634 0
-0.076527213179 0.032335636547 0.168957340994 0
-0.057359119381 0.038240118536 -0.113796302088 0
0.061868038455 1.052623237071 0.038901790732 0
0.084327140983 0.931702246691 0.196890843226 0
0.023541437081 0.951570556171 -0.117588236331 0
0.051986323769 0.938609082767 0.028255064447 0
0.062373312213 0.790234465898 0.018829471717 0
0.008446886808 0.590914883097 0.092946894769 0
-0.013955961068 0.585961900928 -0.028048925726 0
0.042757407407 0.646811111111 0.022467740741 0
0.064284790421 0.764099908140 0.179506798702 0
-0.002429254556 0.786674561693 -0.135913537251 0
0.008290811605 0.650151155173 0.189121167011 0
-0.035452743736 0.669158467126 -0.154291912153 0
-0.041409588196 0.562087477926 0.201974865424 0
-0.072003807524 0.573095550227 -0.178645019331 0
-0.013451722425 0.344922939647 0.113401584552 0
0.029354737370 0.350698436577 -0.061801322687 0
-0.024640328322 0.023998253488 0.167092169637 0
-0.009724447393 0.027737785218 -0.112742881258 0
-0.076554718679 0.031872093495 0.169217727547 0
-0.056837522641 0.038550229624 -0.113301638923 0
0.061529745636 1.052586424681 0.040064187473 0
0.082656503841 0.933249645789 0.195068396082 0
0.019568859970 0.951116515929 -0.119077218468 0
0.049091393527 0.939083986773 0.026631456660 0
0.060042288027 0.790692114322 0.017885554951 0
0.008522403462 0.590925978227 0.092742493387 0
-0.015202445791 0.585986219984 -0.028001610067 0
0.041746666667 0.647081481481 0.021949703704 0
0.067253261899 0.765084753990 0.178402442405 0
0.016308806578 0.783828519772 -0.133397863223 0
0.010128706875 0.651773361384 0.188861580204 0
-0.002724932247 0.663304689232 -0.152108048744 0
-0.040010768120 0.564008513401 0.202395551318 0
-0.026117962812 0.564217029716 -0.179437745163 0
-0.013079279479 0.344922129240 0.113369011292 0
0.028904980050 0.350877536911 -0.061800732654 0
-0.024541335467 0.023968597602 0.167188014017 0
-0.009296771541 0.028177616328 -0.112537363689 0
-0.076458613367 0.031823264580 0.169313982304 0
-0.056453613114 0.038802283783 -0.112997535152 0
0.060113954472 1.052643398356 0.041064844048 0
0.079988767234 0.934392361784 0.193721440182 0
0.017055825114 0.951041295908 -0.120522097202 0
0.046529849240 0.939575381497 0.025242076934 0
0.058471061566 0.791231292534 0.017002517041 0
0.008616737350 0.591072375460 0.092574734667 0
-0.015434731969 0.586112943798 -0.028103925682 0
0.041291851852 0.647500000000 0.021742740741 0
0.068079010881 0.765856684681 0.177963015291 0
0.029619674219 0.783876721319 -0.130478862287 0
0.012048809544 0.652097710031 0.189434382657 0
0.022563329364 0.661936392074 -0.148342570885 0
-0.036767597856 0.563662143458 0.203763289764 0
0.009925110236 0.560800503975 -0.175352357327 0
-0.012315802989 0.344998469854 0.113055003167 0
0.028966140258 0.351055919595 -0.061878124061 0
-0.024393716010 0.024208028529 0.167166002511 0
-0.008935179929 0.028478941989 -0.112429383860 0
-0.076300974367 0.032142417567 0.169239955131 0
-0.056125411614 0.038956129352 -0.112846039477 0
0.057938086134 1.052906922371 0.041261003827 0
0.076608873730 0.935217473886 0.192839081947 0
0.016089542634 0.951230832333 -0.121911177647 0
0.044462800061 0.940061204256 0.024094224393 0
0.057221599824 0.791768088906 0.016270083261 0
0.008413944088 0.591231470935 0.092328904810 0
-0.015413169390 0.586270117738 -0.028394174343 0
0.040831111111 0.647962962963 0.021621222222 0
0.067302488257 0.766452387222 0.177799752814 0
0.040559185013 0.785193582398 -0.127729313811 0
0.014691412541 0.651222522857 0.190692894969 0
0.042554017750 0.663009774579 -0.145207463979 0
-0.031093369817 0.561199625366 0.205662609565 0
0.036645507362 0.560642942723 -0.170437116993 0
-0.011456899079 0.345043629932 0.112495119059 0
0.029159338442 0.351231729187 -0.062071852573 0
-0.024178655726 0.024665464022 0.167050458599 0
-0.008579617296 0.028726907244 -0.112357985701 0
-0.076075032223 0.032702609148 0.168997169595 0
-0.055811707818 0.039014714447 -0.112749995029 0
0.055321817591 1.053417631069 0.040446784602 0
0.072756001725 0.935846557036 0.192466110012 0
0.016537779433 0.951533738809 -0.123097143250 0
0.042928952828 0.940516493559 0.023291059919 0
0.056242741658 0.792261653169 0.015842084663 0
0.007821309078 0.591340657107 0.092007752943 0
-0.015311093697 0.586396354353 -0.028851065579 0
0.040198518519 0.648425925926 0.021567000000 0
0.065702405634 0.766904045820 0.178214113872 0
0.050621110425 0.787119768247 -0.125809209806 0
0.018275472084 0.649606808493 0.192501315629 0
0.056413970013 0.664964425285 -0.142627739699 0
-0.023313662747 0.557592625856 0.207987671525 0
0.053596083953 0.561993283398 -0.166381468244 0
-0.010679186500 0.345007404508 0.111696328068 0
0.029416534238 0.351367306356 -0.062387977408 0
-0.023945885945 0.025291438397 0.166831448739 0
-0.008196705872 0.028948821965 -0.112309516744 0
-0.075820229327 0.033511531148 0.168592656530 0
-0.055481877310 0.038990966503 -0.112671343522 0
0.052561156508 1.054076798505 0.039038491295 0
0.067457868167 0.937127935976 0.192617496313 0
0.019340803239 0.951582077222 -0.124340811454 0
0.041980137728 0.941137421740 0.022716148459 0
0.055581864061 0.792876163404 0.016054096397 0
0.007175509960 0.591349458538 0.091578758432 0
-0.014796061753 0.586471437985 -0.029499163397 0
0.039513703704 0.649011111111 0.021591000000 0
0.063021851385 0.768029715317 0.179180300429 0
0.057616067902 0.788073972307 -0.125383027614 0
0.021748986430 0.648572361432 0.194626052773 0
0.063789492175 0.665882505246 -0.141798940454 0
-0.014924548432 0.554541775856 0.210633122787 0
0.061340271386 0.562461181525 -0.164186630197 0
-0.010044511029 0.344873814587 0.110636761460 0
0.029948356483 0.351415399586 -0.062823845046 0
-0.023791001208 0.026092261778 0.166546499843 0
-0.007701094896 0.029036074442 -0.112293897314 0
-0.075629445300 0.034583607950 0.168060446141 0
-0.055047158992 0.038787618301 -0.112641216236 0
0.050189112995 1.054958893834 0.037313362436 0
0.060519324865 0.938624541944 0.193043384562 0
0.023849313272 0.950794590721 -0.125537756062 0
0.041177583366 0.941409859751 0.022310266019 0
0.054948944612 0.793108428880 0.016837002132 0
0.005965989181 0.591192784578 0.091073716895 0
-0.014469686576 0.586386516429 -0.030275741881 0
0.038770740741 0.649203703704 0.021593555556 0
0.059315180534 0.769423776378 0.180233401105 0
0.062352545951 0.787338476362 -0.126300792447 0
0.025124032983 0.647882284038 0.196686702096 0
0.067200377982 0.665146689802 -0.143153501605 0
-0.005865098017 0.551915821963 0.213321787557 0
0.062749515643 0.561727330283 -0.165168638573 0
-0.009919378307 0.344575578667 0.109447298785 0
0.030557911439 0.351361787344 -0.063439437298 0
-0.023697841781 0.026979541872 0.166117970358 0
-0.006891447668 0.029206680835 -0.112280584178 0
-0.075506682746 0.035698710488 0.167317710121 0
-0.054360614368 0.038342772006 -0.112550906921 0
0.047981940973 1.055449422288 0.035792716484 0
0.054671419728 0.939614471979 0.193423089354 0
0.027635156666 0.950343354885 -0.126171457768 0
0.040491124788 0.941627417181 0.022173195882 0
0.054431016001 0.793303322276 0.017556340408 0
0.004631735680 0.591049427644 0.090363571730 0
-0.013440258872 0.586340096689 -0.031364130201 0
0.038486296296 0.649329629630 0.021616222222 0
0.055332310299 0.770372457887 0.181128838761 0
0.062999693543 0.786184003283 -0.127599493342 0
0.027539783627 0.647324376188 0.198415397002 0
0.067004199011 0.664040593377 -0.145014984624 0
0.002105828138 0.549806606096 0.215651861919 0
0.060183012909 0.561169345344 -0.167800219115 0
-0.009849097055 0.344296252529 0.108059778027 0
0.031428965667 0.351236190349 -0.064179438686 0
-0.023672204397 0.028065228219 0.165606834222 0
-0.006283362323 0.029091168262 -0.112358329146 0
-0.075431772523 0.037114258010 0.166432331786 0
-0.053825722177 0.037838536931 -0.112624006343 0
0.046168161096 1.055851649532 0.034443563289 0
0.051175545488 0.940255272041 0.193871153104 0
0.029599589377 0.950471344579 -0.126155178592 0
0.039919763846 0.941993345427 0.022401198862 0
0.054087868862 0.793665355000 0.018241964637 0
0.003358598725 0.591110231438 0.089718172231 0
-0.011467182171 0.586491761035 -0.032450867032 0
0.038824814815 0.649588888889 0.021959000000 0
0.052776211222 0.770983777818 0.182079468720 0
0.062517576040 0.785815362570 -0.128562711650 0
0.029898430977 0.647010188428 0.199946655103 0
0.064713664897 0.663721565867 -0.146635619122 0
0.009381038300 0.548366481851 0.217620716662 0
0.054375919392 0.561675065975 -0.170213944380 0
-0.009210796239 0.344196223306 0.106613809582 0
0.032480596047 0.351146004567 -0.064775876854 0
-0.023607620098 0.029439584590 0.164986057427 0
-0.006289011231 0.028682938486 -0.112583190455 0
-0.075295737335 0.038914781121 0.165408510046 0
-0.053817951103 0.037496958102 -0.113002661895 0
0.044881404075 1.056373124865 0.033346057108 0
0.048307825715 0.940754455618 0.194305708071 0
0.031195368388 0.950664909914 -0.125999911141 0
0.039441497428 0.942328617686 0.022694027339 0
0.053745648747 0.793995803665 0.018842172898 0
0.002071495056 0.591174525058 0.088956789625 0
-0.009851162643 0.586706749010 -0.033535240373 0
0.038987777778 0.649840740741 0.022140814815 0
0.050915059874 0.771469715824 0.182889758229 0
0.061916733312 0.785603825781 -0.129466712922 0
0.031382124277 0.647000043360 0.201270321554 0
0.061065047172 0.663558809211 -0.147977157141 0
0.014475361103 0.547697351226 0.219267160812 0
0.046864290476 0.562347856682 -0.172005760270 0
-0.008594342395 0.344135126967 0.105320021749 0
0.033242216631 0.351126932693 -0.065300777748 0
-0.023585856795 0.030729215527 0.164439229551 0
-0.006446079105 0.028254190576 -0.112752811113 0
-0.075198608178 0.040615553086 0.164498418434 0
-0.053921952097 0.037340141325 -0.113344424226 0
0.044062517244 1.056769623175 0.033133434808 0
0.046081851796 0.940912269244 0.194563598352 0
0.032413584349 0.950593606803 -0.125914471362 0
0.039058271066 0.942363474838 0.022865543490 0
0.053291114272 0.794018463975 0.019159367890 0
0.000787737884 0.590924293924 0.088015936510 0
-0.009575157710 0.586795241506 -0.034629770808 0
0.038440740741 0.649851851852 0.021844148148 0
0.050366896529 0.771656200788 0.183229296855 0
0.061093672662 0.785192727438 -0.130495313241 0
0.032407355447 0.647026374773 0.202122189592 0
0.056816825284 0.663229637802 -0.149071139656 0
0.016505531870 0.547599126239 0.220362164346 0
0.039232057547 0.562820808278 -0.173520031599 0
-0.008807833169 0.343835611255 0.104297446757 0
0.033387374070 0.351123677454 -0.065887942831 0
-0.023643108254 0.031382795294 0.164054484078 0
-0.006406716295 0.028047380238 -0.112778007738 0
-0.075209675786 0.041505235180 0.163843290430 0
-0.053876104110 0.037162034448 -0.113443832496 0
0.043227594589 1.056818916868 0.033395132373 0
0.044441263414 0.941028808067 0.194838129791 0
0.033482963923 0.950578388337 -0.125747996215 0
0.038865847985 0.942409130372 0.023086366539 0
0.052965652489 0.794048579462 0.019459636504 0
-0.000237876002 0.590765188321 0.087295716153 0
-0.009422114310 0.586880429956 -0.035451856620 0
0.037967037037 0.649881481481 0.021610407407 0
0.050839159019 0.771849019731 0.183361594676 0
0.060236579580 0.784882218734 -0.131225760412 0
0.032791507682 0.647297782364 0.202683902926 0
0.052976645398 0.663033763355 -0.149626718581 0
0.016054960136 0.548053812877 0.221086365674 0
0.032188191052 0.563539334706 -0.174341614570 0
-0.009114411509 0.343645918420 0.103520796256 0
0.033422284005 0.351134474777 -0.066308633965 0
-0.023676115787 0.031819508179 0.163774423738 0
-0.006456666842 0.027872749224 -0.112804088215 0
-0.075201544886 0.042144742259 0.163401628386 0
-0.053904548130 0.037093474016 -0.113538812018 0
0.042638616965 1.056854608705 0.033932487364 0
0.043375189535 0.941016174476 0.195144262374 0
0.034310515363 0.950603802047 -0.125499858231 0
0.038810890015 0.942416614828 0.023362817905 0
0.052756288388 0.794042386786 0.019768963310 0
-0.001053941716 0.590651539339 0.086992231500 0
-0.009450613471 0.586939323803 -0.035817066038 0
0.037524814815 0.649892592593 0.021638666667 0
0.051978794172 0.771974013597 0.183095588561 0
0.059075776623 0.784610286908 -0.131315117384 0
0.032013322599 0.647759344945 0.202695998786 0
0.049160772553 0.662898804491 -0.149380435714 0
0.014009369093 0.548742646852 0.221208613760 0
0.025957674007 0.564024604485 -0.174044176403 0
-0.009336477136 0.343499692901 0.103034178783 0
0.033298692897 0.351148045767 -0.066458680964 0
-0.023624367933 0.032112465914 0.163566425217 0
-0.006622357955 0.027713910666 -0.112824864117 0
-0.075111917619 0.042621030780 0.163095712200 0
-0.054042803476 0.037069750686 -0.113620242984 0
0.042589036911 1.056827303535 0.034616438379 0
0.042785108515 0.941002244967 0.195409302375 0
0.034982258388 0.950609746561 -0.125267410908 0
0.038893421910 0.942413068943 0.023611388889 0
0.052641189954 0.794023680000 0.020047641189 0
-0.001789094049 0.590593141616 0.086886329050 0
-0.009687139144 0.587007977027 -0.035959817333 0
0.037041111111 0.649911111111 0.021751814815 0
0.053417000787 0.772143646712 0.182440826364 0
0.057180750895 0.784233084060 -0.130465062114 0
0.030723668260 0.648436790465 0.202282863074 0
0.045503781017 0.662649677799 -0.148338832861 0
0.010874764571 0.549749964363 0.220780382534 0
0.020982486476 0.564010673388 -0.172806550413 0
-0.009622331789 0.343419817126 0.102822693450 0
0.032980111274 0.351182560787 -0.066452723968 0
-0.023582213862 0.032233277625 0.163458769612 0
-0.006951270558 0.027570659889 -0.112830202507 0
-0.075047439874 0.042849124684 0.162955200598 0
-0.054319335895 0.037182834387 -0.113687821977 0
0.042839734731 1.056777543688 0.035292952101 0
0.042484192676 0.940955385267 0.195665400670 0
0.035531712563 0.950608968219 -0.125029492267 0
0.039045222584 0.942390677113 0.023858031360 0
0.052592335855 0.793987943893 0.020308783873 0
-0.002389932610 0.590572204122 0.086967545157 0
-0.010023072673 0.587036426281 -0.035896776964 0
0.036572222222 0.649922222222 0.021941111111 0
0.054747157904 0.772275522930 0.181839033326 0
0.054904367176 0.783848966510 -0.129126388146 0
0.029304902979 0.649127766588 0.201824073142 0
0.042459278084 0.662333438023 -0.146943348549 0
0.007055110725 0.550911526643 0.220128003310 0
0.017146332251 0.563859118670 -0.171208211004 0
-0.009910950805 0.343388305454 0.102890302082 0
0.032654659103 0.351207730094 -0.066349622865 0
-0.023548766614 0.032205583093 0.163423307108 0
-0.007192836941 0.027484200854 -0.112850007112 0
-0.075014650548 0.042818676957 0.162929031320 0
-0.054511785353 0.037331392569 -0.113751650061 0
0.043205115701 1.056718054792 0.035820555294 0
