0.202308916512 0.830870776476 0.032921753091 0
-0.068159014762 0.821403769421 0.052106265769 0
0.067633146234 0.792385393038 0.049383283867 0
0.063367837824 0.673617114361 0.017596738113 0
0.110206488778 0.488122561786 -0.002403550832 0
0.010039470495 0.488381080882 0.007130332716 0
0.060876296296 0.555448148148 -0.016174592593 0
0.218359114773 0.655285703954 0.002424639449 0
-0.076239602419 0.662950827851 -0.011097340733 0
0.242268387522 0.562535544048 0.059025307002 0
-0.073159307215 0.560593763568 0.023090739100 0
0.242314122275 0.482366090887 0.118232842314 0
-0.080705813486 0.477235458589 0.075222352127 0
0.141466652625 0.247176841432 0.119570356257 0
0.006843732636 0.256593504397 0.156064182606 0
0.107346142003 0.024042103762 -0.007780372654 0
0.002902142133 0.018123092956 0.048010545265 0
0.103778964909 0.011459439640 0.032769737287 0
0.000793630977 0.010955349674 0.093548359018 0
0.075458875104 0.915561414453 0.043199365406 0
0.201726620174 0.851713264341 0.055001517588 0
-0.068975711685 0.844939408745 0.071881505835 0
0.066662091661 0.815089719980 0.072493200462 0
0.061644370505 0.694300076146 0.049534106689 0
0.107418660015 0.506796403501 0.040597144656 0
0.007268970541 0.506729760279 0.050314581365 0
0.057756666667 0.573703703704 0.026004555556 0
0.225541343160 0.675360734086 0.036281353615 0
-0.083387472453 0.683998285521 0.016586094892 0
0.236857041797 0.603126969623 0.120139086052 0
-0.075920230685 0.592963657804 0.074137971373 0
0.223856682326 0.543997830971 0.198971770247 0
-0.073833361345 0.527003960345 0.146790259260 0
0.140212984275 0.251865786269 0.129166804841 0
0.003173067395 0.256271096425 0.165078104641 0
0.108487584603 0.025538667138 -0.007376282911 0
0.003066383528 0.020831026486 0.048452501549 0
0.104705121481 0.011942038671 0.032825511479 0
0.002049770896 0.014089193141 0.094092714369 0
0.075902055163 0.938489747042 0.063764432606 0
0.201541798535 0.886117870823 0.071551070526 0
-0.069396895689 0.883045493623 0.085456323739 0
0.065973219503 0.852512577456 0.091083465941 0
0.059948421663 0.729861797035 0.083049034569 0
0.104860705068 0.540593063429 0.090081855114 0
0.004731937665 0.539778453220 0.099979312768 0
0.054712222222 0.607240740741 0.075972962963 0
0.235975288597 0.710682400556 0.064166557583 0
-0.093602456707 0.721481653765 0.035671356829 0
0.233356687081 0.666622721745 0.166292796537 0
-0.078944790641 0.650359159169 0.115558935449 0
0.205086862422 0.635070753430 0.255095060337 0
-0.066522409856 0.609066288745 0.203324700962 0
0.137104665498 0.274576674398 0.135965183169 0
0.001023215307 0.271446557653 0.162439093399 0
0.114847423084 0.031226007285 -0.006220301163 0
0.003185729243 0.024599531905 0.045411963123 0
0.112131202322 0.019249732930 0.034578603264 0
0.004515055407 0.016222252308 0.090772396575 0
0.076353450262 0.977163949321 0.079533134802 0
0.202364908894 0.930742864491 0.090349692674 0
-0.068778770534 0.930915322204 0.099922934605 0
0.066228630684 0.900293758308 0.111072518772 0
0.058788323846 0.777733095680 0.118230343520 0
0.103082434136 0.589694615339 0.141599436870 0
0.003015304155 0.586691257396 0.151696102553 0
0.051532962963 0.655448148148 0.128371851852 0
0.246201563582 0.757260449957 0.090356799963 0
-0.104614145733 0.770285027532 0.054304289489 0
0.231353509805 0.748991107344 0.200306944690 0
-0.081248423504 0.721683846260 0.147831022744 0
0.191402836195 0.744696887798 0.289709445896 0
-0.059145117308 0.702426586569 0.241623273631 0
0.130960609702 0.319294416964 0.145625856751 0
0.003066387065 0.311451113260 0.164339102321 0
0.122861675813 0.049184744477 -0.001878625599 0
0.001042530942 0.040073543007 0.047497673126 0
0.120590901946 0.037476316055 0.039025113778 0
0.004969895394 0.028067715433 0.091881800437 0
0.076968751847 1.025680270317 0.099132751486 0
0.202671270508 0.971690430182 0.112130653094 0
-0.068586754664 0.974483099085 0.116805733518 0
0.065949927124 0.943914814688 0.132757317413 0
0.057361319389 0.822596671497 0.150630756465 0
0.098916210297 0.635048598023 0.184174028550 0
-0.001141052419 0.633776980495 0.194724880929 0
0.048529629630 0.701885185185 0.171930370370 0
0.255926564192 0.800901872740 0.115728268798 0
-0.116406749473 0.815694291943 0.075980627430 0
0.230707476265 0.819068986987 0.222554457618 0
-0.083898283652 0.790322013001 0.175754014368 0
0.182218277252 0.835575443183 0.305984739136 0
-0.051533508661 0.790130999917 0.269573137830 0
0.126667519041 0.364774355862 0.174615215948 0
0.008825514364 0.358810638556 0.180193420464 0
0.129289707779 0.084354860413 0.013466532151 0
-0.002166010828 0.065587837108 0.049751432572 0
0.126577854917 0.065177669918 0.051417037073 0
0.004445826068 0.044727602397 0.090379613249 0
0.077351525171 1.069794028798 0.122324115930 0
0.203486313319 1.011710793088 0.147104070347 0
-0.067781246871 1.016658601673 0.147143761628 0
0.066217481686 0.985095665188 0.165504414441 0
0.056262195806 0.863944939364 0.183758626047 0
0.096450810532 0.676752298693 0.218234980791 0
-0.003561367631 0.675495220689 0.229206639439 0
0.045969259259 0.743462962963 0.205699259259 0
0.263540816599 0.843186842021 0.150410889049 0
-0.126697574211 0.861611256270 0.106443472680 0
0.230225910960 0.881810074942 0.249285779667 0
-0.086943003533 0.853907230512 0.206520961293 0
0.176088300420 0.916364106265 0.323333951761 0
-0.047120304753 0.870376146052 0.295738483245 0
0.125862768290 0.406508718937 0.221842799017 0
0.009892151459 0.400645830689 0.215285409700 0
0.126861427501 0.132403213748 0.045497583862 0
-0.002606693094 0.108277031542 0.058806757379 0
0.124547122095 0.109970059836 0.081646680685 0
0.003463536323 0.076104347241 0.091327297721 0
0.077887271878 1.111149648404 0.154523656863 0
0.202890703014 1.047603167418 0.189413938277 0
-0.068316304495 1.054309030842 0.185897964697 0
0.065220673430 1.021223955294 0.204930701984 0
0.054553026481 0.899432724562 0.218054548982 0
0.092409648651 0.710315781795 0.248021652411 0
-0.007585797645 0.711729306680 0.259125975307 0
0.043631111111 0.778162962963 0.234858888889 0
0.264925282318 0.879783706188 0.186936056041 0
-0.134180391155 0.904006206981 0.138587186937 0
0.228617633806 0.927459983513 0.280672966027 0
-0.090491054272 0.904594769664 0.237309915153 0
0.173225226182 0.972003792175 0.348195178274 0
-0.046851493480 0.926793659916 0.323966141310 0
0.125900440794 0.442141023973 0.277523145934 0
0.007023875618 0.436637382682 0.264415190254 0
0.118442859829 0.182200028563 0.082736784483 0
0.002590517432 0.160400325351 0.077716342310 0
0.117804639347 0.157504976912 0.117451431300 0
0.006869415518 0.123455519786 0.105034600258 0
0.076933879055 1.147503945824 0.195996405762 0
0.202035348295 1.079340785432 0.235823407560 0
-0.069087361100 1.087188908284 0.229384850697 0
0.064112317024 1.052479313285 0.247880297405 0
0.053058327243 0.930041524303 0.252025122554 0
0.089190936453 0.739515712246 0.274510211907 0
-0.010802854409 0.742754007172 0.285240941361 0
0.041569629630 0.807903703704 0.259979629630 0
0.260874613217 0.911187307479 0.219085747835 0
-0.138536735510 0.940349063504 0.176638563214 0
0.223804020518 0.959982935966 0.311943913072 0
-0.093859505591 0.939910340788 0.274918949248 0
0.168756482864 1.005719075230 0.379649029015 0
-0.048680063206 0.961564490297 0.360741320367 0
0.126869920142 0.476668038840 0.332828877738 0
0.003182206857 0.469944935438 0.321249460320 0
0.113763996564 0.228635236607 0.124518644467 0
0.005896093554 0.216240008305 0.105250450588 0
0.116871483096 0.201509723422 0.157228118125 0
0.006249864802 0.175709640926 0.127311253168 0
0.075207326209 1.178865725799 0.243725358729 0
0.201573385040 1.101122043389 0.281430702398 0
-0.069462371877 1.109967104557 0.272948075328 0
0.063503647891 1.073726143203 0.290141739668 0
0.052138616825 0.951366823290 0.283914387915 0
0.087468800074 0.761046134232 0.297844543987 0
-0.012624715446 0.764591980461 0.307493815715 0
0.040035925926 0.829059259259 0.281105925926 0
0.253633383929 0.932784220979 0.250286929995 0
-0.138791668234 0.964936998881 0.215267545003 0
0.215395198587 0.976293419983 0.345274675718 0
-0.095372611398 0.957634894819 0.313841103372 0
0.160715224110 1.019291526415 0.415665603217 0
-0.050691192817 0.972428649697 0.401570271946 0
0.126222783012 0.506167867857 0.384128204939 0
-0.001489349405 0.498137645345 0.376740302396 0
0.109063087104 0.263813301626 0.170992404016 0
0.009190301114 0.259646685899 0.146047660687 0
0.114893149218 0.235496221623 0.202289575788 0
0.007438178562 0.216725608220 0.162906664271 0
0.074283658075 1.200167032249 0.292566264703 0
0.200786222176 1.116332568383 0.325466225485 0
-0.070200861893 1.125485934208 0.315833585195 0
0.062702546710 1.088252731977 0.331304991715 0
0.051441705098 0.966739736505 0.315494241164 0
0.086165958168 0.777250601240 0.321549319300 0
-0.014071757860 0.780943449218 0.329496424354 0
0.039048888889 0.845062962963 0.303183333333 0
0.245407856234 0.948561962889 0.282110323888 0
-0.135481161091 0.980443886369 0.253635407090 0
0.206737203847 0.981313336121 0.381154805052 0
-0.095636778685 0.960913250252 0.352054211560 0
0.151618787424 1.016195093314 0.455528356606 0
-0.054324081316 0.963728719108 0.442855750357 0
0.123069430359 0.529795445399 0.427915439841 0
-0.008587642670 0.523765421188 0.428220136680 0
0.103054854115 0.281842339481 0.223188187587 0
0.015547103427 0.288525735932 0.197441451575 0
0.108849052431 0.252594135861 0.253623848512 0
0.014692507801 0.243812334982 0.208821095081 0
0.072681433576 1.214264317630 0.340734809439 0
0.200126389287 1.124090896519 0.366674531471 0
-0.070878100674 1.132928251778 0.357238474560 0
0.062130868857 1.095253701070 0.370588906745 0
0.051084607658 0.974974205405 0.347090434171 0
0.086078489472 0.786915473662 0.347281477239 0
-0.014332256147 0.789449903499 0.353252419297 0
0.038557037037 0.854203703704 0.328050000000 0
0.235795219759 0.957082542985 0.313254077712 0
-0.128925557581 0.986186989521 0.291932876317 0
0.198616114592 0.972658209271 0.416950720919 0
-0.097312685564 0.947157761614 0.387497657076 0
0.143790570417 0.991151596178 0.497315735443 0
-0.063310962467 0.930657045546 0.480063790004 0
0.117551183832 0.543398057752 0.463979419249 0
-0.015452419140 0.542114031371 0.474663689737 0
0.096419442142 0.280681255592 0.280853362349 0
0.022086419567 0.296942270324 0.260164859069 0
0.099931636315 0.255570856108 0.315095031919 0
0.022540163391 0.254405295639 0.278051019800 0
0.070807221067 1.220352729747 0.387102005911 0
0.198233178047 1.124713413936 0.406291316944 0
-0.072817365432 1.133320443348 0.398039437083 0
0.060317116027 1.095383175949 0.409218228388 0
0.049950588376 0.976351069218 0.379766488404 0
0.083316270789 0.787814308411 0.375714059795 0
-0.017059406492 0.793534922298 0.379762677643 0
0.038315185185 0.856485185185 0.355341111111 0
0.224548209937 0.958754895898 0.344784488992 0
-0.121523388621 0.983914429909 0.331159747210 0
0.191959656960 0.950504292978 0.450840110342 0
-0.100903465374 0.921870022291 0.417070118402 0
0.140748296076 0.948667733896 0.535745718243 0
-0.077663795406 0.882568890862 0.505960232820 0
0.110844058661 0.544594942089 0.494019734857 0
-0.021528454868 0.553003138579 0.514081230434 0
0.090904178866 0.263940657207 0.342829252889 0
0.025140825640 0.290844175524 0.326100119109 0
0.091814274526 0.248160145088 0.382395738305 0
0.025688550529 0.252990096239 0.352487303941 0
0.068316627395 1.219633792385 0.431462046613 0
0.196770686973 1.119452292142 0.444680545472 0
-0.074335572402 1.127596430598 0.437924752921 0
0.058943977737 1.089674366379 0.447277311187 0
0.048975333178 0.971710932146 0.413677375612 0
0.082843880718 0.783871108030 0.405063824493 0
-0.017573844563 0.789687313665 0.407680219099 0
0.038231851852 0.852792592593 0.384681481481 0
0.213653398805 0.953549731184 0.379802854345 0
-0.114563464604 0.976351027715 0.369559035928 0
0.188564034692 0.923445098755 0.483928336185 0
-0.104539499296 0.894806793107 0.439597165196 0
0.143793343192 0.899751780901 0.569559077328 0
-0.093237829580 0.833799947182 0.518167706893 0
0.104004542575 0.537673868059 0.518416448774 0
-0.026578550868 0.554348898266 0.550689765978 0
0.089433359227 0.240363460490 0.405191364562 0
0.023168182176 0.275181447404 0.394850358419 0
0.088280251572 0.230305765587 0.446578231090 0
0.021719780356 0.246756871481 0.431174736737 0
0.066213153104 1.213491038323 0.472349242387 0
0.195264122159 1.109459301380 0.482035282103 0
-0.075897947448 1.116557420195 0.476438826769 0
0.057574066892 1.079061928645 0.484703286072 0
0.048042381601 0.961721071238 0.448889400027 0
0.083347283404 0.774918429661 0.436291623416 0
-0.017154469741 0.779536456429 0.437861579791 0
0.038161111111 0.843618518519 0.416433333333 0
0.204309592371 0.943597637450 0.415507931303 0
-0.107331805140 0.964167248117 0.406036593078 0
0.189216084694 0.892206754823 0.513022259801 0
-0.107120660277 0.868522561508 0.456109849124 0
0.153367953460 0.847839687829 0.594792229376 0
-0.106403049278 0.791125122172 0.519495854097 0
0.098803991216 0.524343502130 0.540613087589 0
-0.030669083398 0.546186180030 0.583745056301 0
0.088853880128 0.215230509499 0.465981489563 0
0.015801977564 0.251030772284 0.462233511877 0
0.086443327055 0.210056368771 0.508204434826 0
0.012018336194 0.230380045154 0.503327871240 0
0.064648896375 1.202931937694 0.511011054352 0
0.193385633159 1.092054916909 0.520075580445 0
-0.077820875729 1.098148861743 0.515551757998 0
0.055828601487 1.061056737863 0.522692022141 0
0.046915106719 0.944344138398 0.484730922821 0
0.083097860061 0.757688614807 0.468326657809 0
-0.017407947044 0.762443949254 0.468929029796 0
0.038230000000 0.826911111111 0.449592592593 0
0.198293758835 0.926102986074 0.453339777072 0
-0.101598684228 0.945509969307 0.442727923968 0
0.194067956202 0.856937328998 0.540380776187 0
-0.108249167221 0.841377537923 0.470431523730 0
0.168532475578 0.795062397160 0.614642811414 0
-0.116813881865 0.752671948772 0.515521760791 0
0.094621859648 0.503683269062 0.564545958251 0
-0.034059740315 0.528678548731 0.613820162360 0
0.089799688020 0.187447794532 0.525092177980 0
0.004619373893 0.219363088909 0.526571586341 0
0.087246762773 0.185116461398 0.567558718498 0
-0.000747395804 0.204401307476 0.569894302366 0
0.062417626441 1.184576803699 0.550259482533 0
0.190782391265 1.066495467246 0.556375893653 0
-0.080488786958 1.070275438268 0.553506872704 0
0.053516278604 1.034277612055 0.559489405434 0
0.045558261779 0.917869325835 0.520396715755 0
0.082828708654 0.731183659910 0.501094571506 0
-0.017680704315 0.735900486111 0.501041897348 0
0.038077037037 0.800825925926 0.483685185185 0
0.193458557707 0.900164491499 0.490461971471 0
-0.098656532565 0.919204289741 0.475951940130 0
0.200568136001 0.814636088065 0.561259055846 0
-0.109846200422 0.811979743941 0.481693868475 0
0.186771285591 0.737629999451 0.624284675448 0
-0.124687881204 0.716203737596 0.506529600096 0
0.092516330190 0.475073354923 0.591777170056 0
-0.036896340217 0.501008176797 0.643777132515 0
0.090920554265 0.155570456725 0.580228615000 0
-0.006752359610 0.181981865315 0.589448469094 0
0.088775457598 0.155383903141 0.622781210257 0
-0.012659669224 0.173297567386 0.634383995207 0
0.059632211949 1.157499412844 0.587632554352 0
0.187518244998 1.035005451652 0.593027413004 0
-0.083786046628 1.035502669026 0.590952390771 0
0.050662613504 1.001113213867 0.596421846745 0
0.044028107180 0.884839844098 0.556702372137 0
0.082010601629 0.698123985636 0.534058574397 0
-0.018482101146 0.703184611221 0.534067360485 0
0.037505925926 0.768296296296 0.518214814815 0
0.190445829843 0.868016403986 0.528809909907 0
-0.097420022051 0.886568618115 0.508489734631 0
0.207202331413 0.770873473125 0.580388507140 0
-0.109886463615 0.780216100272 0.494741592468 0
0.204058032328 0.681947208427 0.627944855305 0
-0.127362283566 0.681788626817 0.500969699657 0
0.091908535620 0.441803309844 0.624121963601 0
-0.039603142921 0.466655862055 0.673799380469 0
0.091196716146 0.120840031537 0.632553995222 0
-0.017620096553 0.143353388376 0.651067123531 0
0.089531190328 0.125202951732 0.674904326463 0
-0.022868150495 0.141179725357 0.696862843454 0
0.056344247893 1.124586362875 0.623046894790 0
0.183946633773 0.995525015523 0.627680702850 0
-0.087355880027 0.993834084742 0.626050256524 0
0.047373098044 0.960558337541 0.631510925184 0
0.041796499058 0.844086318362 0.592236797532 0
0.080523898650 0.657047342325 0.567101870412 0
-0.019928582626 0.662782885576 0.567993985055 0
0.036379555556 0.727781481481 0.552825925926 0
0.188944729192 0.828582028410 0.563471212949 0
-0.097448801647 0.849693965719 0.535005841619 0
0.213725755945 0.725249558365 0.596428494406 0
-0.109017997407 0.746157653598 0.506692109764 0
0.218478581641 0.628839740162 0.626100545999 0
-0.126465537964 0.647784861017 0.498676831916 0
0.092122175568 0.402497146390 0.661861301253 0
-0.041606695331 0.424928918395 0.705371329339 0
0.089789301207 0.080753512236 0.676723633075 0
-0.028407984483 0.101216054842 0.704860321326 0
0.088381420107 0.086835138978 0.718870890305 0
-0.032181512095 0.102607028644 0.750831404908 0
0.052733225235 1.084705903174 0.654944826806 0
0.180063928760 0.946776981174 0.662392281839 0
-0.091215794063 0.943125537619 0.660259081904 0
0.043737378162 0.910858763391 0.666216293787 0
0.039305381019 0.794194990355 0.627408151210 0
0.078671437984 0.606864611016 0.600715986691 0
-0.021703024728 0.613610438769 0.602679239754 0
0.035101333333 0.678103703704 0.587207407407 0
0.188625048486 0.780893928814 0.595854167453 0
-0.098673681562 0.807277873228 0.557025761422 0
0.219877573617 0.675396688068 0.612331209708 0
-0.108816723243 0.706880645421 0.518648724227 0
0.230411280598 0.575901340944 0.625343097474 0
-0.125478665251 0.609688203397 0.501185834515 0
0.093036367851 0.355232999265 0.702622084489 0
-0.042782814085 0.376326303999 0.741130916752 0
0.084277333734 0.041154954091 0.706737790161 0
-0.031918957371 0.058019708126 0.735954056331 0
0.081812372780 0.043303937778 0.749219144208 0
-0.033775022483 0.059376287401 0.782043421258 0
0.048939568400 1.035551264988 0.684718155636 0
0.175342561706 0.896411937468 0.698310947025 0
-0.095812485774 0.888963190442 0.692831166902 0
0.039505280272 0.858531887654 0.700044334641 0
0.037050707047 0.742187888749 0.660084519193 0
0.077622770920 0.554836444762 0.633418443562 0
-0.022724616495 0.561643790419 0.636326226804 0
0.033957074074 0.626033333333 0.619996296296 0
0.187810480009 0.731643877323 0.629653552182 0
-0.100671782493 0.759484017121 0.581570853332 0
0.223778938889 0.626421772135 0.633183367940 0
-0.109555543639 0.660965554502 0.538321888709 0
0.237623874586 0.526806834804 0.632234558421 0
-0.125626437353 0.564694199402 0.517299084831 0
0.094846606142 0.309859441199 0.750034391170 0
-0.043810752857 0.326234531379 0.777941341138 0
0.075617214783 0.018626985231 0.717950495402 0
-0.028439870698 0.024567098456 0.751182142161 0
0.070511044485 0.009251387020 0.759198341263 0
-0.029640315272 0.011082037401 0.795298203926 0
0.045613685709 0.983484805479 0.710945477330 0
0.170908469936 0.860889403904 0.732374464460 0
-0.100064352776 0.849947759431 0.724338211342 0
0.035557102696 0.821273992201 0.732918868344 0
0.035015532484 0.705000790240 0.692739460331 0
0.077317309491 0.518346069534 0.666199423660 0
-0.023055509355 0.525026678972 0.668448871125 0
0.033610740741 0.589248148148 0.651418518519 0
0.187272289252 0.697320532403 0.661697380545 0
-0.102920976339 0.723552381416 0.609519334051 0
0.225681763958 0.592919633633 0.659952203666 0
-0.110530328674 0.623756480698 0.569045174556 0
0.240468585399 0.493998309415 0.653398079606 0
-0.127614047721 0.527316491032 0.550608502456 0
0.095452927097 0.279194221894 0.794211786951 0
-0.044926368759 0.292980069367 0.815394512353 0
0.069377124176 0.015932789699 0.719758533204 0
-0.022581500959 0.017465893148 0.758413297093 0
0.062383134424 0.003267459978 0.759833876440 0
-0.022641388863 -0.004554986050 0.798966868295 0
0.043329393869 0.946002609984 0.735858834183 0
0.168242142515 0.847233115887 0.760812080114 0
-0.102681407488 0.835973974064 0.751634205868 0
0.032892227850 0.807623465647 0.761882613538 0
0.032984333398 0.690415379796 0.724652132746 0
0.077652280468 0.504323519451 0.700340036923 0
-0.022809991924 0.509897798104 0.699532223384 0
0.033633925926 0.574574074074 0.683514814815 0
0.189461929943 0.685581167793 0.687081701054 0
-0.104329567992 0.707542788498 0.639072930977 0
0.226520376549 0.580718562924 0.689977679098 0
-0.111861948539 0.603077505981 0.612889928441 0
0.239296645284 0.481570158094 0.686905211189 0
-0.131023688954 0.505420192442 0.606529846988 0
0.093112226372 0.262296927026 0.823196826083 0
-0.045831113262 0.276495910852 0.844137105722 0
0.067311031455 0.017834928787 0.724134402455 0
-0.022063051436 0.017630856114 0.764942873727 0
0.060729456245 0.010294060998 0.765549107402 0
-0.024192996899 0.000578581905 0.807770413010 0
0.042139539461 0.931195033325 0.759653290623 0
