-0.713320015891 0.839365333600 -0.124443853568 0
-0.719836733713 0.866600179295 0.165328023414 0
-0.722581119061 0.830529473155 0.021367623952 0
-0.806350257837 0.711114187969 0.041483541299 0
-0.835421117378 0.535546646988 -0.002156160886 0
-0.832794431990 0.528236807827 0.137715496144 0
-0.870255555556 0.590677777778 0.073550000000 0
-0.738430165535 0.657691505943 -0.153833026752 0
-0.861960990171 0.754611569427 0.188663545217 0
-0.644758454551 0.601409793532 -0.134448162776 0
-0.811602880593 0.652741729995 0.206572006881 0
-0.560609785708 0.565980973983 -0.110055597498 0
-0.760090524917 0.570692725987 0.221322099211 0
-0.760821378945 0.283155942216 0.023799307862 0
-0.757772118717 0.270567394824 0.129777145402 0
-0.823280615913 0.013770315659 0.070313778067 0
-1.011265208942 0.122188795176 0.102458646644 0
-0.782081261504 0.017381575501 0.066347887852 0
-0.992126405981 0.084927796114 0.108561689982 0
-0.716356737009 0.935167971087 0.007235470057 0
-0.676637953541 0.855435924117 -0.118242813479 0
-0.701186665785 0.881960045474 0.170627013318 0
-0.694297212333 0.846076722755 0.026758508470 0
-0.774889515100 0.723923028836 0.042945381561 0
-0.800332904367 0.542406357265 -0.001015966612 0
-0.792536806154 0.540659829390 0.138843191681 0
-0.832614814815 0.600388888889 0.073684814815 0
-0.673324075069 0.674224459327 -0.158875878947 0
-0.852859401669 0.783059061956 0.192971503485 0
-0.575529585493 0.635013856362 -0.123996659267 0
-0.799138081551 0.684606947830 0.218570670939 0
-0.490868427461 0.616778315085 -0.087138990388 0
-0.746758796628 0.603639283632 0.237485905924 0
-0.757315587551 0.282866603843 0.025974810240 0
-0.686735960665 0.293909116130 0.136572091035 0
-0.823466089583 0.014212892128 0.069910874246 0
-0.934930290724 0.144743014826 0.101735519913 0
-0.782047901805 0.016074394151 0.067222972100 0
-0.913053229656 0.109119187699 0.108388346965 0
-0.689452179499 0.950818296248 0.012311407375 0
-0.638802382967 0.880380596916 -0.112510078709 0
-0.681116772043 0.904507954894 0.174507879257 0
-0.664320184682 0.869597456637 0.031216721574 0
-0.739083313751 0.743259712683 0.043169938179 0
-0.756364388246 0.555721265978 -0.000154163510 0
-0.747567474821 0.559862028491 0.139595190925 0
-0.789159259259 0.616148148148 0.072353703704 0
-0.619676489909 0.703656155350 -0.166383028682 0
-0.840633598927 0.818763287074 0.196588039425 0
-0.523926606816 0.679550090971 -0.115701167135 0
-0.782914460723 0.723693108623 0.225986655712 0
-0.444189447558 0.673290186656 -0.065700160646 0
-0.727179333264 0.645726806834 0.247600116171 0
-0.764313109914 0.293114039752 0.030080547419 0
-0.618879102255 0.324476154000 0.150443423750 0
-0.826750350836 0.015653397991 0.068932575643 0
-0.870754758171 0.186234239544 0.110340933882 0
-0.785226851477 0.014438862148 0.068239618004 0
-0.852021971253 0.149114004029 0.118284093044 0
-0.662563496599 0.974982123108 0.017099539838 0
-0.599066647034 0.912830027558 -0.106915731737 0
-0.659906677871 0.931834269783 0.177142844170 0
-0.632392181976 0.899254558459 0.034964297858 0
-0.699410772655 0.768377980488 0.042523631487 0
-0.709948695663 0.575624239536 0.000356823640 0
-0.701544217042 0.585207282027 0.139862894121 0
-0.743300000000 0.638600000000 0.070400000000 0
-0.571504182009 0.742118906044 -0.174721677525 0
-0.821562115063 0.851020887236 0.202083101173 0
-0.483965665801 0.728445240180 -0.107879829975 0
-0.758712610135 0.759364876348 0.231802316903 0
-0.412565282822 0.730165510401 -0.045839510272 0
-0.698044875182 0.685445184071 0.253835617693 0
-0.777303885334 0.321723210227 0.030974154151 0
-0.559418354223 0.359100839258 0.167449248623 0
-0.827284331035 0.023726622615 0.066984073881 0
-0.816282838807 0.235987300729 0.121727805279 0
-0.786110586135 0.018180175291 0.067324572805 0
-0.798877006077 0.198564218619 0.131133807631 0
-0.631618932930 1.005057190410 0.021922077250 0
-0.561470111446 0.946739172166 -0.102999121391 0
-0.629896956735 0.962612767259 0.179521215830 0
-0.597720740472 0.931506652416 0.037992685731 0
-0.659443290905 0.797820033169 0.043161227027 0
-0.665374383308 0.599848902249 0.000784177208 0
-0.657859374127 0.614063753640 0.139945509129 0
-0.698122222222 0.665770370370 0.068358148148 0
-0.529674180079 0.782595542002 -0.183903448816 0
-0.791793706931 0.883742975167 0.208749588405 0
-0.452813991030 0.774086651166 -0.104292496944 0
-0.722315370341 0.795775542165 0.234607041122 0
-0.390548900214 0.780756678815 -0.033389977410 0
-0.657001586186 0.724747718816 0.252996765681 0
-0.763858421260 0.356072075742 0.029308347909 0
-0.512541362848 0.393093861375 0.186204277044 0
-0.826068153958 0.040922314096 0.064208398218 0
-0.772966550480 0.282614500168 0.134518711784 0
-0.788321872918 0.023575178785 0.064880299054 0
-0.758934501957 0.244316644214 0.145845618309 0
-0.597241446197 1.037475555612 0.025354784499 0
-0.523426759269 0.972701440779 -0.102845248870 0
-0.591214279058 0.988159092184 0.179852218919 0
-0.559161193614 0.957244298972 0.038253845413 0
-0.619737639003 0.822958096131 0.043043940281 0
-0.624099301930 0.623119046474 0.001122047878 0
-0.618021611623 0.640003097060 0.140055140342 0
-0.657422222222 0.690392592593 0.067062592593 0
-0.497283743845 0.810560203478 -0.189599987541 0
-0.747407090559 0.900390739956 0.214287979031 0
-0.427807613102 0.804650685833 -0.103252211657 0
-0.672551582034 0.815475364377 0.234785496419 0
-0.373312833161 0.815176233555 -0.027213784485 0
-0.603795434511 0.746417855482 0.247766320337 0
-0.682650605523 0.366999949324 0.031364867030 0
-0.476111719176 0.419959202610 0.199445023652 0
-0.805787848634 0.068462705888 0.064711659982 0
-0.743110846269 0.323510792515 0.142044324084 0
-0.774864754099 0.040720976670 0.065272882659 0
-0.732984546698 0.284507044333 0.155009224880 0
-0.560093592341 1.063447619372 0.026957207539 0
-0.485397507592 0.986666657571 -0.105891905985 0
-0.546960508425 1.003446826080 0.178150992172 0
-0.518177721007 0.971882912267 0.035994407384 0
-0.579988035806 0.838223446552 0.042069741296 0
-0.584553952094 0.639432748783 0.001189467218 0
-0.580159725200 0.656762740454 0.140131094616 0
-0.619629629630 0.706322222222 0.066609629630 0
-0.476749166930 0.823756145989 -0.194689395763 0
-0.694550995578 0.904278222691 0.218991361855 0
-0.409389872471 0.816546616614 -0.106777271013 0
-0.617017937904 0.820373957485 0.232512295006 0
-0.355726147305 0.827702679418 -0.030684360572 0
-0.545658077173 0.753246733475 0.239502523136 0
-0.604779663493 0.377474092575 0.031330107946 0
-0.453401222925 0.430059853074 0.208123551944 0
-0.751977385129 0.095741813703 0.069448664544 0
-0.727836874574 0.355353765036 0.144429885707 0
-0.722985757389 0.065991533341 0.070198748516 0
-0.725175921760 0.314890079306 0.156576178770 0
-0.520566261786 1.078257093204 0.026122519649 0
-0.448428155992 0.994103726027 -0.110586923258 0
-0.498188791048 1.013448503195 0.175597639421 0
-0.475679708186 0.980637211321 0.032594197435 0
-0.539731956464 0.848172114672 0.041295525793 0
-0.546162999619 0.650529750963 0.001496952520 0
-0.542615684853 0.667774000351 0.140473447246 0
-0.581877777778 0.717225925926 0.066768518519 0
-0.459441908635 0.828235265307 -0.193448094877 0
-0.634987560404 0.902639408358 0.223480212409 0
-0.390033242672 0.817986389764 -0.107452797440 0
-0.556507797400 0.818705060879 0.228963687336 0
-0.331677698925 0.826168685548 -0.034205076558 0
-0.483965430029 0.752626629484 0.229389348211 0
-0.531366124003 0.388145089944 0.031081024605 0
-0.439487483793 0.429873181864 0.210134526826 0
-0.664547471367 0.108824773191 0.076487165965 0
-0.718580829704 0.376522891876 0.144442564049 0
-0.628707204550 0.087809989321 0.076385087873 0
-0.715637536703 0.335905907381 0.155997673950 0
-0.477604697894 1.087016286224 0.022833509720 0
-0.414700420912 0.996653870452 -0.115894499190 0
-0.443138087235 1.019374615533 0.172942846037 0
-0.431800597602 0.984938096947 0.029002540278 0
-0.498520328927 0.854096760557 0.042082904283 0
-0.509117663221 0.656817111812 0.002681024404 0
-0.505079984920 0.674268473073 0.141618279340 0
-0.543703703704 0.724174074074 0.067881851852 0
-0.447281931373 0.827642734021 -0.185703550963 0
-0.569599751810 0.899057678490 0.226014322795 0
-0.371914914886 0.809644792568 -0.106244879497 0
-0.491847235603 0.814277291527 0.225040364206 0
-0.306200129042 0.810518418939 -0.038763348205 0
-0.419709835989 0.748003719410 0.220214158396 0
-0.468219063068 0.397213664366 0.032231485774 0
-0.427046870308 0.424525036780 0.201817451686 0
-0.553995063367 0.108160054129 0.080887806955 0
-0.713895665732 0.382574789156 0.142656342386 0
-0.513479462836 0.099089050364 0.079351808628 0
-0.711745977038 0.341368123747 0.152106873179 0
-0.433656259228 1.091130645596 0.017993900544 0
-0.381305576119 0.990820660577 -0.120970176458 0
-0.386974809253 1.016496956401 0.168961768573 0
-0.387475644894 0.980657436430 0.024918365123 0
-0.456426467441 0.851593213989 0.043135544687 0
-0.472215573130 0.654969310042 0.005246593179 0
-0.467024875431 0.672460117884 0.144140588599 0
-0.504955555556 0.723129629630 0.070565555556 0
-0.440159946068 0.822122580920 -0.171731813831 0
-0.504993611389 0.890040464573 0.226975711800 0
-0.357373475800 0.791435599430 -0.104482255843 0
-0.427607885430 0.805223953983 0.219783679092 0
-0.283785749689 0.781793134998 -0.046661581321 0
-0.355922115042 0.738754511326 0.210901190784 0
-0.413641224059 0.398777937651 0.034825327612 0
-0.417379528663 0.412746950305 0.190716348703 0
-0.431449215320 0.104449649064 0.080513479583 0
-0.709388071533 0.377786238701 0.142831445794 0
-0.390187730602 0.108441899868 0.077737133254 0
-0.705063499523 0.336428972377 0.150755937391 0
-0.389940398667 1.086643877858 0.013148762336 0
-0.346525284975 0.976619958092 -0.126544644401 0
-0.335590001412 1.005747719948 0.162909908480 0
-0.344654519348 0.968245641159 0.019575848653 0
-0.414680884174 0.840523779990 0.042468421683 0
-0.433024899211 0.644838169674 0.007130971994 0
-0.428871062577 0.661833849069 0.146121281686 0
-0.465266666667 0.713333333333 0.072347407407 0
-0.427611690766 0.812381313164 -0.157371338661 0
-0.446924874705 0.875888264008 0.226363570972 0
-0.341530222737 0.767037159133 -0.103970195424 0
-0.370446772721 0.790911675974 0.213549680526 0
-0.262786813616 0.745247000721 -0.057783964811 0
-0.299777390887 0.723923127602 0.200551052599 0
-0.364984732743 0.391029485417 0.036990019701 0
-0.406874201818 0.396350077310 0.179578662759 0
-0.318375045836 0.102620853568 0.077044818887 0
-0.701958983564 0.362787928702 0.144363312980 0
-0.282222883366 0.122840407891 0.073828134538 0
-0.698047388192 0.321078983910 0.150444950412 0
-0.346267606699 1.074166817475 0.008289899052 0
-0.310716019526 0.954146156262 -0.131576569034 0
-0.289689411223 0.987371526860 0.156877762902 0
-0.304004795899 0.947886698249 0.014507674131 0
-0.374319933545 0.821014308758 0.041293402442 0
-0.391075855197 0.625834249860 0.008503646273 0
-0.388769811486 0.642006685880 0.147635052292 0
-0.423918518519 0.694092592593 0.073668518519 0
-0.405744468175 0.795102054402 -0.144774689416 0
-0.396151202886 0.855611284308 0.224630438056 0
-0.320386452779 0.737166240868 -0.103844941557 0
-0.320440014943 0.770493126273 0.208604472306 0
-0.239659029278 0.703661121086 -0.069748729434 0
-0.250440410891 0.703262043562 0.193277275004 0
-0.321217838278 0.372505373221 0.038239364201 0
-0.389466998014 0.374370279167 0.168969508739 0
-0.237626519712 0.091763070791 0.074277303681 0
-0.685350852233 0.334033499424 0.149183227764 0
-0.206002772062 0.118621704449 0.072107356869 0
-0.681218066823 0.292250996051 0.154574467369 0
-0.303846571612 1.053686017096 0.003644029051 0
-0.273762517694 0.924742239264 -0.135016727537 0
-0.246240491693 0.961049225682 0.152518115469 0
-0.264021723278 0.920092011509 0.010956967848 0
-0.334749436008 0.793988851115 0.040495570473 0
-0.348725853860 0.599455561627 0.009644526115 0
-0.348229108792 0.614942398003 0.148872126858 0
-0.382914814815 0.667111111111 0.074745555556 0
-0.375535383307 0.769403878973 -0.138466425773 0
-0.351986688068 0.827974285992 0.218806138297 0
-0.292591486496 0.704153799002 -0.104107575566 0
-0.276055325501 0.743069124887 0.202692225620 0
-0.212646752217 0.661215445235 -0.078846611849 0
-0.204592917738 0.677256206234 0.189429656077 0
-0.270673066193 0.348490009208 0.039037195682 0
-0.362142255685 0.347065878350 0.160425735000 0
-0.193789943073 0.061777783456 0.076040158008 0
-0.656175260100 0.295353939957 0.154431734188 0
-0.160880693382 0.087122771046 0.075163131591 0
-0.648472401511 0.254104987783 0.160009626440 0
-0.263296453592 1.025649168024 -0.000500820685 0
-0.233985815329 0.893476414050 -0.135665574214 0
-0.205384218154 0.932949805589 0.151346176626 0
-0.223869894870 0.890467797745 0.010325671481 0
-0.295085743478 0.764909919839 0.041254631742 0
-0.305620432061 0.572370801578 0.008683389015 0
-0.305647533138 0.584911832979 0.148208065908 0
-0.341848518519 0.637577777778 0.075165555556 0
-0.325678101483 0.731945842587 -0.135813606709 0
-0.313760093559 0.798481776666 0.210153645706 0
-0.246472110515 0.661897111577 -0.102088544506 0
-0.238380471148 0.712168011561 0.200055979452 0
-0.168823060612 0.613789316277 -0.079659775339 0
-0.166106928079 0.646721646397 0.193858660902 0
-0.210983183298 0.327348480670 0.039468589853 0
-0.317610137276 0.316756960148 0.154103112813 0
-0.177349394269 0.027933057260 0.083830691022 0
-0.609654615109 0.254798540603 0.157970497806 0
-0.136948768096 0.037540581579 0.085111771763 0
-0.601763308108 0.213625737874 0.163839957503 0
-0.223247902004 0.995142346716 -0.004893440845 0
-0.190858347326 0.868750608840 -0.135538620446 0
-0.169832211624 0.911112972556 0.151716104282 0
-0.184558320764 0.867204618821 0.010689786570 0
-0.256164907332 0.741932067374 0.041789332335 0
-0.265264809969 0.554998408748 0.004050987888 0
-0.262009949781 0.558964090372 0.144044176721 0
-0.302303333333 0.614418518519 0.075337037037 0
-0.262084771852 0.697209309870 -0.135494259407 0
-0.281557221261 0.775411966485 0.200583872441 0
-0.179475170862 0.631771536488 -0.100689874896 0
-0.213739967788 0.682558036576 0.204201083680 0
-0.100070861058 0.587285908560 -0.075378338072 0
-0.146213830074 0.612921850735 0.210984638684 0
-0.164699665062 0.312453748498 0.035651851821 0
-0.253563325429 0.290661294203 0.149255261428 0
-0.169638219782 0.016498348191 0.090043042483 0
-0.541239078503 0.216534971644 0.159129178780 0
-0.128147953258 0.015816824603 0.092104497273 0
-0.528852619136 0.176556282858 0.165469765126 0
-0.185045581909 0.970823320517 -0.008638837539 0
-0.144878974446 0.859520987482 -0.136229809200 0
-0.139685053438 0.903921375009 0.151439399949 0
-0.146345628458 0.858958718082 0.010133984879 0
-0.217872727032 0.733408290738 0.039836696617 0
-0.229408837840 0.550228989995 -0.000890732215 0
-0.222191335227 0.547876608096 0.138990601853 0
-0.264558148148 0.606225925926 0.074030370370 0
-0.195417748841 0.680829319289 -0.140069440946 0
-0.256925097496 0.769733435656 0.190601481015 0
-0.106605040213 0.626369851970 -0.101803754654 0
-0.203988811647 0.669287901352 0.209109875439 0
-0.023639982021 0.593701971584 -0.070978582576 0
-0.148189166708 0.592325327045 0.229233117347 0
-0.139817376736 0.303377415040 0.030374987462 0
-0.179108449299 0.282953139319 0.145647322525 0
-0.164130881803 0.015951720103 0.091568708042 0
-0.459643205979 0.190071381797 0.153197082118 0
-0.122662774367 0.014382286827 0.093590892848 0
-0.447043982062 0.150056892527 0.158855984227 0
-0.149221546960 0.962787702443 -0.009022127543 0
-0.100376029310 0.868470157461 -0.133531404563 0
-0.112906710166 0.912982641375 0.153894352692 0
-0.110252484826 0.867866040605 0.012505981430 0
-0.180046038531 0.740745749048 0.039172744387 0
-0.192874509365 0.555224601322 -0.001553482291 0
-0.183356260232 0.555397345819 0.138209841789 0
-0.226050370370 0.613070370370 0.072861111111 0
-0.130632513984 0.685815434559 -0.148411596356 0
-0.243676982726 0.790143139019 0.186983506007 0
-0.039126014672 0.643500994763 -0.102002089676 0
-0.202598492490 0.686096742639 0.213835348133 0
0.044588393206 0.623847794924 -0.064436993464 0
-0.157540516332 0.603720995014 0.240359341864 0
-0.130641004680 0.300032380766 0.029167791275 0
-0.106854668060 0.298052639265 0.140679599420 0
-0.163994561323 0.015010411745 0.090805957454 0
-0.376668892328 0.182169443173 0.144557442153 0
-0.122566870572 0.013074379479 0.093286784865 0
-0.359761098381 0.143655644170 0.149325749831 0
-0.115036848463 0.972312755106 -0.005439242207 0
-0.058401982639 0.891143661642 -0.128505857615 0
-0.088119521176 0.932831694541 0.158079070351 0
-0.076061796190 0.888982987765 0.016781065100 0
-0.141852225385 0.759022695816 0.039470386342 0
-0.154088329795 0.569105881576 -0.002076974827 0
-0.142669184648 0.573089989548 0.137487145465 0
-0.185107407407 0.629711111111 0.071060740741 0
-0.076945375242 0.709384361374 -0.161962129490 0
-0.232900324688 0.825233246547 0.185399255482 0
0.014422131692 0.681192872864 -0.105614882936 0
-0.192904614345 0.721831938749 0.216101520628 0
0.095988819693 0.672952745320 -0.059365406805 0
-0.150399196420 0.638593743394 0.245357778579 0
-0.136617519701 0.307643431133 0.033588596674 0
-0.037684118881 0.326021288178 0.141968670629 0
-0.165752650027 0.016173303749 0.088679208445 0
-0.300520522015 0.197025492019 0.133854257424 0
-0.124519826969 0.012710236813 0.092423237904 0
-0.281177402227 0.159689097365 0.138728713183 0
-0.081735870265 0.993821284273 -0.000396697311 0
