-1.026721821343 0.932388181090 0.792962342599 0
-0.863486356178 0.941316836277 1.069116656395 0
-0.939952683394 0.933506762569 0.941291450337 0
-0.967974656144 0.788586112668 0.962673418801 0
-0.977046181030 0.577746379935 0.901340297494 0
-0.913345055059 0.576688053620 1.006732207515 0
-0.974107407407 0.643903703704 0.971222222222 0
-1.064002856642 0.769151950169 0.820503258157 0
-0.901104926998 0.781473059021 1.104270496506 0
-0.985709910999 0.675845880631 0.783405116770 0
-0.877947150779 0.660222628578 1.103639226200 0
-0.922396228208 0.605984926717 0.745380405993 0
-0.840123329707 0.564102895586 1.094739327942 0
-0.969090762045 0.330191265231 0.893393212732 0
-0.877816335974 0.342530465462 0.959068042918 0
-1.032274742351 0.029461622934 0.937737636648 0
-0.912818198629 0.026216633811 0.965862181216 0
-0.981565090947 0.029731540315 0.923950770501 0
-0.889962266068 0.036463242928 0.924516366774 0
-0.928085458051 1.046259244638 0.922712293455 0
-1.009655724734 0.928333868483 0.780790670021 0
-0.871812906182 0.940164097365 1.070352660029 0
-0.936568163371 0.931021808922 0.936298361397 0
-0.968109842578 0.786858018994 0.957891771729 0
-0.975695455228 0.576366750012 0.899118218549 0
-0.917809316111 0.575026036348 1.007809550252 0
-0.976296296296 0.642488888889 0.969092592593 0
-1.053574252623 0.767154758278 0.810571570776 0
-0.914547642761 0.780896978400 1.102112848610 0
-0.972322602937 0.673529235319 0.781511100745 0
-0.895497674203 0.659086942604 1.108257916668 0
-0.906291384625 0.603170776249 0.749599790419 0
-0.859665396680 0.561967007139 1.106992882539 0
-0.972231325420 0.328584644311 0.897701333968 0
-0.872006787367 0.342575037062 0.960559155018 0
-1.033729672437 0.029321503100 0.940374284581 0
-0.910834297766 0.025535673371 0.965577678285 0
-0.982870769303 0.029892292991 0.927158178879 0
-0.886889484264 0.034665564583 0.924587996458 0
-0.921140145467 1.043159681646 0.916577704842 0
-0.992709554353 0.921490823150 0.770008574220 0
-0.878081850206 0.938454674936 1.069273440473 0
-0.932134737927 0.926947643872 0.930733722998 0
-0.967153595561 0.783739516134 0.953295428859 0
-0.973374140218 0.574721511750 0.895907554891 0
-0.921025239283 0.571823361228 1.007341847176 0
-0.977640740741 0.639777777778 0.966748148148 0
-1.043278071352 0.763029550810 0.803583787768 0
-0.927384215695 0.780749531507 1.099262554597 0
-0.960056396532 0.669236472757 0.781468376987 0
-0.914283261303 0.658539528614 1.110726767211 0
-0.891960325700 0.598768277996 0.754764186251 0
-0.883151104494 0.559776586652 1.116176870696 0
-0.974891384725 0.326971254805 0.901150437256 0
-0.864263424735 0.341825113190 0.959983206289 0
-1.035340590691 0.029228561885 0.942408269554 0
-0.907576435895 0.025408746623 0.965782017578 0
-0.984430404920 0.031053641062 0.929507054503 0
-0.881800440372 0.034166231621 0.925834958428 0
-0.913451343271 1.038293313533 0.909325303483 0
-0.976021716740 0.913307967791 0.760496080382 0
-0.881465287802 0.936778817087 1.066265509820 0
-0.926268170068 0.922271083220 0.924739515206 0
-0.964638015015 0.780145128881 0.948685902777 0
-0.970417830084 0.573483986575 0.891680936474 0
-0.923483912152 0.567690648560 1.005391326432 0
-0.978159259259 0.636681481481 0.963896296296 0
-1.033418159251 0.758109560507 0.798093254099 0
-0.938302093750 0.781238347537 1.094153182625 0
-0.947749590402 0.665160386989 0.782814919821 0
-0.932033638043 0.659006283586 1.110227291911 0
-0.877472847106 0.595517430044 0.760616777094 0
-0.907098546443 0.558678171980 1.121390560738 0
-0.977283521200 0.326074791260 0.903990770836 0
-0.853287792415 0.341208389508 0.959107099454 0
-1.037045036642 0.029271540666 0.943627082389 0
-0.901670747283 0.025618453684 0.964960770927 0
-0.986120463874 0.031968911107 0.930937269148 0
-0.872717650309 0.034002080956 0.927167967475 0
-0.904895689180 1.032680318092 0.901062284014 0
-0.959328720976 0.906136252723 0.752536172374 0
-0.882745545970 0.934062136899 1.062926096982 0
-0.919271150037 0.917504502910 0.919262932749 0
-0.960677171366 0.776326962467 0.943722253896 0
-0.966210257569 0.570809339557 0.888435777353 0
-0.924015323210 0.563741702685 1.003917569104 0
-0.976640740741 0.633370370370 0.960866666667 0
-1.023653462638 0.754496177178 0.793304540096 0
-0.948099990646 0.781448542340 1.088201970643 0
-0.934328980261 0.664241710119 0.783958521249 0
-0.949289642855 0.659624697592 1.108098793565 0
-0.861165522275 0.596610776143 0.765756240500 0
-0.930923004329 0.558261931315 1.123247236014 0
-0.977064089337 0.323862327865 0.906024052297 0
-0.840842501497 0.341338455099 0.959386504108 0
-1.038387717945 0.028900143191 0.944383462143 0
-0.893707891424 0.026763984796 0.965206628446 0
-0.987461097672 0.032262711788 0.931861810534 0
-0.860330968221 0.036220312883 0.931540296895 0
-0.894909542650 1.026706678865 0.893046904111 0
-0.942569931900 0.899465874464 0.745487313276 0
-0.882239060586 0.931504553460 1.059048235608 0
-0.911293675827 0.913058977286 0.913917364302 0
-0.955549661497 0.772827904116 0.938694431623 0
-0.959921817703 0.567913348255 0.885340039560 0
-0.922131618928 0.560172814537 1.002294702642 0
-0.972685185185 0.630277777778 0.957566666667 0
-1.011921399639 0.751136049968 0.790019119832 0
-0.955878289101 0.782216929087 1.081216945662 0
-0.918347418038 0.664992672493 0.784077021793 0
-0.965209504023 0.661135123929 1.103363567794 0
-0.841770204948 0.600262873773 0.769052180020 0
-0.953310439753 0.559222294781 1.120511262296 0
-0.974422332528 0.321452512829 0.906712248947 0
-0.827575215453 0.341938695677 0.959904910411 0
-1.039019936107 0.029345629590 0.944814156755 0
-0.886076108726 0.028318860443 0.965685979340 0
-0.988090423442 0.033203702359 0.932448102687 0
-0.847703995179 0.036620613927 0.937480929889 0
-0.883398020122 1.020779863503 0.885275111581 0
-0.925288201887 0.893156063918 0.739683080286 0
-0.880401680776 0.929155273913 1.055398141855 0
-0.902365122984 0.908894961054 0.909266329157 0
-0.949413626439 0.769595799582 0.933966828805 0
-0.952353235636 0.564805132346 0.882142661550 0
-0.918771054979 0.556834017194 1.000359016883 0
-0.967144444444 0.627318518519 0.953851851852 0
-0.997433480584 0.747139750159 0.787314368175 0
-0.963226328704 0.784329941670 1.074547118566 0
-0.899470305409 0.665890011594 0.783602719311 0
-0.979987691840 0.664111280254 1.097016612046 0
-0.819282375884 0.605138383444 0.770659717625 0
-0.973697703022 0.562010966293 1.114908508312 0
-0.970273208260 0.318822531701 0.906255198211 0
-0.813428194827 0.343106296661 0.960518310952 0
-1.039126946119 0.029908737412 0.945210685680 0
-0.877731521891 0.030751097420 0.964343441881 0
-0.988164767517 0.033884709999 0.933017766703 0
-0.835156820931 0.039264962728 0.943088514003 0
-0.870854708480 1.014858767889 0.878000999763 0
-0.907114301267 0.888158779583 0.734879081166 0
-0.875883759824 0.928250501633 1.051745062463 0
-0.891574465995 0.906112150496 0.905078519237 0
-0.941092375185 0.767648633074 0.929520754494 0
-0.943371677033 0.562599724096 0.878807727928 0
-0.913506828767 0.554872995392 0.998033550232 0
-0.959762962963 0.625585185185 0.949751851852 0
-0.981769572326 0.743552852804 0.782943216978 0
-0.969471962380 0.789708338360 1.067502594337 0
-0.878968462975 0.668435115623 0.781786704393 0
-0.992252028411 0.670282197514 1.088875789187 0
-0.794826695472 0.613116525264 0.770511698959 0
-0.990451542697 0.568296657782 1.107407374911 0
-0.965850971917 0.317273540188 0.905635408672 0
-0.798182385762 0.345687983864 0.961897109403 0
-1.038997526572 0.030531044273 0.945224771633 0
-0.867767706876 0.033764391615 0.959743683261 0
-0.987899569557 0.033396926389 0.933291423920 0
-0.822618824845 0.039819422081 0.943564125763 0
-0.857048556356 1.010317439956 0.871262311935 0
-0.886733933432 0.885821188781 0.730816700550 0
-0.868025026725 0.929790103375 1.048154776360 0
-0.877953476753 0.905868893963 0.901265085185 0
-0.929635818527 0.768107545277 0.925187300357 0
-0.932559754193 0.562390446964 0.875497242634 0
-0.905708649591 0.555665527196 0.995498083623 0
-0.950074074074 0.626288888889 0.945348148148 0
-0.964752968993 0.742470328043 0.777271038604 0
-0.972777101713 0.799147785370 1.060826398375 0
-0.857096853219 0.674495237077 0.778546886951 0
-1.000984511582 0.680500419236 1.079944257097 0
-0.769022737378 0.625563479355 0.768905707383 0
-1.002965448890 0.578935974771 1.099030677606 0
-0.962133436619 0.318177847720 0.905423541120 0
-0.781469663588 0.351139549549 0.962365963517 0
-1.038498823174 0.031533077286 0.944698097137 0
-0.852362663964 0.037322077775 0.951601145754 0
-0.987250129844 0.032118013398 0.933085665834 0
-0.806130756766 0.041017605742 0.937969680193 0
-0.841738009861 1.008801328701 0.865435406865 0
-0.864989847628 0.883254015809 0.727464106932 0
-0.857419804533 0.931030648775 1.044712953721 0
-0.862221808244 0.905357550566 0.897861966180 0
-0.915986396685 0.768289162176 0.921242773845 0
-0.920732282101 0.561664017820 0.872547824411 0
-0.895794295156 0.556515229246 0.993038467143 0
-0.938707407407 0.626777777778 0.941148148148 0
-0.946838010873 0.741010848325 0.770617370836 0
-0.972498270730 0.809202518891 1.055475660590 0
-0.834604197509 0.680984217658 0.774146505733 0
-1.003558722131 0.690886482894 1.072056130089 0
-0.742863335925 0.639114094129 0.766313592711 0
-1.007361122498 0.589743304806 1.091356442190 0
-0.957556411733 0.318738664199 0.904816008557 0
-0.764818849525 0.355855365850 0.962297770639 0
-1.037816947673 0.032345387904 0.943936674425 0
-0.832954665059 0.039498522848 0.944737969454 0
-0.986535321638 0.032317101897 0.932455676642 0
-0.786377372166 0.044349893573 0.932742844934 0
-0.824993242001 1.007585867899 0.861164357982 0
-0.842436702844 0.880389201034 0.724589356453 0
-0.844238160718 0.931751982562 1.041362717742 0
-0.844732666179 0.904430158252 0.894731707605 0
-0.900445648502 0.768063576983 0.917706080426 0
-0.907830244448 0.560533004711 0.869900175555 0
-0.883193176763 0.557011469026 0.990511211057 0
-0.925296296296 0.626881481481 0.937440740741 0
-0.928015838662 0.738870047729 0.762576005007 0
-0.969278597282 0.820081167057 1.051135161711 0
-0.811745954071 0.687343084436 0.768770037251 0
-1.001224424354 0.701742557777 1.065756573074 0
-0.716942490852 0.652441033342 0.763283496270 0
-1.004714727528 0.601147352318 1.085277482166 0
-0.952769453688 0.319203978271 0.903822854303 0
-0.748103447027 0.358916647175 0.960962183427 0
-1.037800138196 0.033102194210 0.943117958986 0
-0.811517789816 0.040776746228 0.942319285913 0
-0.986507721673 0.032873807029 0.931687511685 0
-0.764728572243 0.046308107144 0.931500959387 0
-0.806892149982 1.006449093907 0.858241802682 0
-0.819502728282 0.878056795257 0.721843032755 0
-0.829097409864 0.932584203378 1.037946570932 0
-0.826011817926 0.903807853788 0.891625757034 0
-0.883417992473 0.768085088546 0.914282601436 0
-0.893560082624 0.559872304759 0.867186556543 0
-0.868685417623 0.557593409855 0.987778703391 0
-0.910181481481 0.627233333333 0.933933333333 0
-0.907955082790 0.736596068156 0.752818642156 0
-0.963308967684 0.832073948880 1.047216358461 0
-0.788912745908 0.692517856931 0.762723861451 0
-0.994768448800 0.713454524265 1.060561062873 0
-0.691868677405 0.664183090813 0.760317604374 0
-0.995964496494 0.613741367890 1.080527209145 0
-0.946961045130 0.320447566757 0.902316482515 0
-0.731482393437 0.360985966692 0.958033417958 0
-1.036991527947 0.034317309789 0.942284082681 0
-0.787374241813 0.040968299047 0.945232863260 0
-0.985664413512 0.033731492698 0.931023380167 0
-0.740311900535 0.045858222860 0.935328939696 0
-0.787639548389 1.005832891140 0.855883550532 0
-0.796229776204 0.876285763293 0.719193403553 0
-0.812106864964 0.931726111811 1.034884754096 0
-0.806138880265 0.902537173639 0.888734937811 0
-0.865088973984 0.767344977875 0.910600162112 0
-0.877708349671 0.558570861786 0.864587833396 0
-0.852942348956 0.557465504232 0.985218806184 0
-0.893700000000 0.626877777778 0.930522222222 0
-0.887089348370 0.734769050821 0.741820885624 0
-0.953916618745 0.842183032368 1.043429526128 0
-0.767081172224 0.694863139515 0.756573375089 0
-0.982738747906 0.722853438552 1.056394127716 0
-0.668964198451 0.671173561263 0.758020847156 0
-0.980966985447 0.624147671244 1.078167325990 0
-0.938681947411 0.321098661411 0.900631613592 0
-0.714644536136 0.361670572903 0.955185518092 0
-1.035178866652 0.035166388169 0.941521885376 0
-0.761673694319 0.039860858880 0.951182763737 0
-0.983794523757 0.033298732209 0.930669215405 0
-0.714321015254 0.042381932319 0.941789628073 0
-0.767313719384 1.004702369904 0.854055360597 0
-0.772842277666 0.875669226010 0.716444348129 0
-0.792252229924 0.929976177403 1.032135259913 0
-0.784674302970 0.901322242382 0.885954184585 0
-0.844846512023 0.766498374308 0.906700797562 0
-0.859579830275 0.556998214915 0.861685683156 0
-0.834994731869 0.557045621106 0.982358707861 0
-0.874781481481 0.626303703704 0.926759259259 0
-0.865980275809 0.734607950322 0.731326367863 0
-0.938064552532 0.847031811470 1.039880013501 0
-0.746225726012 0.696101179689 0.751028054658 0
-0.962229127021 0.726740680449 1.053461807254 0
-0.647897516705 0.674354528220 0.756755666221 0
-0.957624994564 0.629195433864 1.078756537715 0
-0.928380937338 0.321692529707 0.897846737323 0
-0.697339580059 0.360742037672 0.952695584815 0
-1.032294954272 0.035571670357 0.940541006963 0
-0.737737998591 0.038481648669 0.959507703148 0
-0.980931897407 0.031739353910 0.930111768297 0
-0.690214805355 0.039777261456 0.950748107513 0
-0.745817376466 1.003893665708 0.852702412804 0
-0.749059754558 0.875486930333 0.712975654569 0
-0.769569448160 0.927831391193 1.028928424591 0
-0.761510611392 0.900097843704 0.882595635215 0
-0.822699158732 0.765570364520 0.902191568656 0
-0.838902550917 0.555238340021 0.857681178126 0
-0.814423965192 0.556387363864 0.978370393831 0
-0.853325925926 0.625470370370 0.921933333333 0
-0.845370589410 0.736100833875 0.722472175632 0
-0.916883197662 0.847506434546 1.035823569259 0
-0.726774226800 0.696073221362 0.745812549592 0
-0.934970219601 0.726444590088 1.051799721420 0
-0.628873405193 0.673382188158 0.755386653438 0
-0.926269481056 0.630425251141 1.080886176358 0
-0.915667184061 0.322483133512 0.894317015829 0
-0.679896378862 0.357696625796 0.950294466767 0
-1.029050416461 0.036539393708 0.939441551687 0
-0.720560633474 0.036070003135 0.968617531603 0
-0.977877287345 0.029731143313 0.929614148061 0
-0.673076020843 0.039950661117 0.960431257700 0
-0.723225418610 1.003554263564 0.851723745352 0
-0.725512808140 0.872578045888 0.709126503105 0
-0.744644224949 0.922211684101 1.025602780017 0
-0.737249903991 0.895744665543 0.879000594838 0
-0.799388959715 0.761474449723 0.897367448848 0
-0.816668044415 0.550410259140 0.852488039358 0
-0.792298046123 0.552796964756 0.973181100559 0
-0.830866666667 0.621407407407 0.915944444444 0
-0.825136340533 0.735376856595 0.715866692880 0
-0.890699164490 0.839591557968 1.032148913681 0
-0.709299463557 0.688986992384 0.741202013590 0
-0.903331912749 0.718453721428 1.052258270060 0
-0.612919442855 0.661100430908 0.753200861943 0
-0.889419778491 0.624191843892 1.084111583104 0
-0.897716754288 0.319268119928 0.890096519411 0
-0.663200672481 0.350085985107 0.948562704862 0
-1.026030183481 0.037590867439 0.938665762790 0
-0.713367970960 0.031813516682 0.975135643153 0
-0.975171713561 0.027907324787 0.929651090411 0
-0.666585438465 0.040340475594 0.966443770594 0
-0.700194889545 1.000427784210 0.851146769306 0
-0.702300715974 0.867455839813 0.705131444722 0
-0.718069233900 0.913619321038 1.022317557033 0
-0.712236759241 0.888761578475 0.875363636952 0
-0.774925635595 0.754552189297 0.892544097691 0
-0.793802985062 0.543167773251 0.846720335729 0
-0.769390287122 0.546836966134 0.967372585626 0
-0.808318518519 0.614703703704 0.909496296296 0
-0.805385095204 0.732818382498 0.711519758611 0
-0.861351543524 0.826339774252 1.029628024454 0
-0.694834940402 0.674949127361 0.736855358614 0
-0.865669402486 0.705130237725 1.052605237799 0
-0.601758144697 0.637482181843 0.749527931565 0
-0.844149403540 0.612716259677 1.085244779901 0
-0.870790969794 0.310631873589 0.884268774293 0
-0.647107144944 0.339429701786 0.947548398567 0
-1.021227378008 0.039254461663 0.938080546199 0
-0.711254068297 0.027868787561 0.978759073395 0
-0.970544343835 0.028103013118 0.929804404501 0
-0.665193212909 0.039159467835 0.969389913167 0
-0.676452848101 0.994528194824 0.850377714946 0
-0.679583636823 0.861481081465 0.701168686087 0
-0.689427919785 0.903818332223 1.019126844168 0
-0.686353828646 0.880739165420 0.871799719115 0
-0.749919978201 0.746757746990 0.887775871017 0
-0.770432899187 0.535090559204 0.840131252073 0
-0.745930202543 0.540310609023 0.960708103663 0
-0.785555555556 0.607170370370 0.902137037037 0
-0.785852435373 0.729470735592 0.709809041699 0
-0.827427170889 0.808649542943 1.029131378843 0
-0.683466224201 0.657863094823 0.734334326403 0
-0.819704072623 0.687506303711 1.051559426591 0
-0.596014201206 0.608385491016 0.746304638335 0
-0.787760438922 0.598240474251 1.082969852237 0
-0.832361604461 0.297766529370 0.875516559606 0
-0.631599472582 0.327932023430 0.947005581031 0
-1.015364782973 0.041799076636 0.936669987195 0
-0.710545166822 0.024442223939 0.978902365091 0
-0.966852969190 0.022890376124 0.929550700191 0
-0.664348753206 0.034969264146 0.969314048400 0
-0.652431381377 0.987719700618 0.850092023553 0
-0.657016331895 0.855911225959 0.696982917135 0
-0.659170512764 0.893817333567 1.015644539409 0
-0.659670351331 0.872795990496 0.867978588526 0
-0.723980518095 0.738997993841 0.882633853005 0
-0.745922625542 0.527024021938 0.832539735136 0
-0.721126491535 0.534122714033 0.952960532806 0
-0.761818518519 0.599688888889 0.893662962963 0
-0.766726017930 0.726944696804 0.708201823311 0
-0.789916317163 0.789253256568 1.028792577503 0
-0.675962534325 0.640905094479 0.732102804882 0
-0.765676377537 0.669699273357 1.047703378902 0
-0.597244027520 0.578235423153 0.741994012417 0
-0.720374410200 0.584956865120 1.074349545930 0
-0.782575236747 0.283588775054 0.860927167728 0
-0.617472378652 0.316024655940 0.945680388808 0
-1.007870659371 0.049134321871 0.933588674464 0
-0.709737422038 0.022020614592 0.977590043513 0
-0.963280028512 0.022175982193 0.926766443126 0
-0.663820746548 0.033897457605 0.968237902824 0
-0.627589017179 0.980685300038 0.849278593735 0
-0.636252372098 0.851067077680 0.691467354645 0
-0.627587159046 0.884195392477 1.010550685204 0
-0.633108907881 0.865391645959 0.862688218162 0
-0.697718707069 0.731653739036 0.876481295151 0
-0.720381080436 0.519402564851 0.823789430821 0
-0.695350556174 0.527960454684 0.944066791863 0
-0.736896296296 0.592496296296 0.884233333333 0
-0.750413275534 0.726256739905 0.705036157799 0
-0.747685982658 0.768275067618 1.028982541442 0
-0.676061135051 0.625456412196 0.727908262729 0
-0.704707186961 0.653127602824 1.040481778633 0
-0.609964377411 0.549711112436 0.734570747565 0
-0.644843420190 0.575314549507 1.057968910437 0
-0.727192945875 0.272386676548 0.842410093491 0
-0.604515912194 0.304101615037 0.943591478010 0
-0.987325734121 0.064703633984 0.928442499949 0
-0.708343230804 0.020270793955 0.976860362565 0
-0.949191298065 0.029013633124 0.922645267480 0
-0.662612041166 0.032780151745 0.967424405515 0
-0.603247674395 0.973835203363 0.845819524997 0
-0.616975191583 0.849736264984 0.683352308686 0
-0.594633519717 0.878029113770 1.002236468539 0
-0.606484744797 0.861462581469 0.854478293723 0
-0.670575437825 0.727493804851 0.868294042040 0
-0.693936134238 0.515893888881 0.812630706256 0
-0.668659967403 0.523573117293 0.932916004791 0
-0.710577777778 0.588437037037 0.873700000000 0
-0.737218683575 0.730975387664 0.698577332814 0
-0.699626088966 0.749034272250 1.025428573585 0
-0.673274533745 0.623230806848 0.721256200768 0
-0.633735917753 0.644680269760 1.022768595049 0
-0.616926195293 0.540034395298 0.725707185097 0
-0.558262450835 0.579533358874 1.028023968169 0
-0.668123294181 0.269523928641 0.819377530880 0
-0.594869948273 0.293603763969 0.938666497549 0
-0.942799670524 0.083236616604 0.919764083202 0
-0.706269608792 0.019747104743 0.976041526575 0
-0.908216950456 0.044136837917 0.913692669997 0
-0.661151202766 0.034018885000 0.966166874711 0
-0.579803178276 0.970745356328 0.838316428977 0
-0.599695707948 0.856531423334 0.670954958516 0
-0.559031876155 0.880455340082 0.988383441785 0
-0.579340961345 0.865899724243 0.841335643911 0
-0.641552766772 0.731207659678 0.856517710620 0
-0.665266277836 0.520161170377 0.799202060688 0
-0.639329005076 0.526018023549 0.919449153606 0
-0.681137037037 0.591955555556 0.861351851852 0
-0.726597878939 0.745438578601 0.689627493290 0
-0.652330542613 0.743335005492 1.014734061352 0
-0.662975239569 0.637354917154 0.711585679287 0
-0.568561478676 0.655303229931 0.993020047378 0
-0.608227588683 0.552866291067 0.715597527389 0
-0.481875919584 0.607702158849 0.982645684656 0
-0.606930675719 0.279350356477 0.795068164505 0
-0.591303141731 0.289507588312 0.930415877457 0
-0.877088933027 0.095000463951 0.909128077687 0
-0.705570612062 0.022080660439 0.975462414311 0
-0.846186055619 0.052808806786 0.903980698486 0
-0.661236969564 0.038013085851 0.964620413262 0
-0.555911378837 0.975813582164 0.823781167438 0
-0.588407436610 0.868334590098 0.655459885380 0
-0.521405138660 0.887764538020 0.968700866403 0
-0.553838070637 0.875259463082 0.823652227053 0
-0.612072256460 0.739134846364 0.841605461784 0
-0.636098108585 0.528532742402 0.784653086364 0
-0.608784523512 0.532208909070 0.904681674923 0
-0.650481481481 0.599511111111 0.848088888889 0
-0.719754843382 0.763944291111 0.680856123679 0
-0.606296175162 0.746790147183 1.002177955917 0
-0.652925762887 0.657161751409 0.699388345876 0
-0.513467576764 0.677208290842 0.959993070334 0
-0.595627995449 0.573828753838 0.702755255225 0
-0.422800943215 0.647034242264 0.932534643814 0
-0.547320190440 0.297464337086 0.772997487807 0
-0.591083743269 0.291783048336 0.920366904512 0
-0.801068502507 0.097000453387 0.895333303392 0
-0.707262045759 0.024739705811 0.975441844080 0
-0.770125809688 0.054838218280 0.890184034427 0
-0.663064223425 0.040337735476 0.963604741606 0
-0.533991578519 0.986109135715 0.806388460906 0
-0.576032794884 0.885791811405 0.638363295856 0
-0.481862420771 0.901664739313 0.944740079896 0
-0.526773994330 0.890768076874 0.802924731427 0
-0.579648965277 0.752841118714 0.823570599123 0
-0.603379733953 0.542265570347 0.767777522191 0
-0.573660425360 0.543958047926 0.887277758253 0
-0.615555555556 0.612562962963 0.832422222222 0
-0.709852017942 0.786888256597 0.671604040347 0
-0.560510090186 0.759338806581 0.986678790413 0
-0.639229456127 0.681889031537 0.685735443110 0
-0.467465236381 0.705794421794 0.925736177881 0
-0.579086693831 0.600058014197 0.687809376195 0
-0.379181930688 0.689501760801 0.882365248509 0
-0.490532170266 0.322164720907 0.752578077835 0
-0.583835275965 0.303352933265 0.906502476001 0
-0.712416013944 0.093838251109 0.879233353520 0
-0.705525801329 0.030442710971 0.976547422383 0
-0.676989795379 0.055542922808 0.872903254977 0
-0.660067411685 0.041326510018 0.964220997407 0
-0.511462981194 1.002558555336 0.786096386758 0
-0.560906670013 0.904847031711 0.620246393553 0
-0.441127238887 0.920145545647 0.917577162814 0
-0.497764158275 0.909469962970 0.780006558942 0
-0.544459718150 0.769756225276 0.803351380244 0
-0.568594420486 0.559063777137 0.749704192379 0
-0.535381305947 0.559653579557 0.868291499281 0
-0.578200000000 0.629025925926 0.815140740741 0
-0.696073867274 0.812087069952 0.664062634690 0
-0.515214289517 0.778712384621 0.969622838560 0
-0.622144072786 0.708696434532 0.671602000633 0
-0.428457800344 0.733916216076 0.894091634054 0
-0.559163444103 0.628742073997 0.670217297279 0
-0.346783053328 0.725985112456 0.837772142055 0
-0.441937231135 0.346813740991 0.731875614062 0
-0.564714920548 0.321217143959 0.893816855151 0
-0.616444212921 0.085090681763 0.861303530882 0
-0.699602236984 0.036709670420 0.979277592879 0
-0.573829423072 0.055811779776 0.851904336042 0
-0.652417940116 0.036028461375 0.968787544893 0
-0.487181695448 1.021777778596 0.761464253590 0
-0.541380208381 0.919866668978 0.600253234642 0
-0.402533310145 0.937020851955 0.889068081656 0
-0.467875441689 0.925449529282 0.755487057218 0
-0.508829860851 0.784366679916 0.781246594670 0
-0.532715920889 0.573346216734 0.730613307553 0
-0.495248424652 0.573579880497 0.847927161507 0
-0.539692592593 0.643214814815 0.796481481481 0
-0.672011304464 0.827455606377 0.656734709067 0
-0.470414415017 0.796065223339 0.950097982813 0
-0.594914728012 0.726146558081 0.654572608865 0
-0.392499142868 0.753679992235 0.864243160385 0
-0.529374888267 0.648571830056 0.646506704267 0
-0.318473282987 0.748053230674 0.797903719087 0
-0.399643922107 0.365108192904 0.712208193190 0
-0.536403025485 0.337563134123 0.879013055726 0
-0.518806619717 0.075630286347 0.840094963045 0
-0.691721507561 0.047122189864 0.982400507846 0
-0.472003108927 0.055218997602 0.827667978356 0
-0.646103573682 0.032442348537 0.976046816738 0
-0.462362023820 1.038119644175 0.735754974817 0
-0.519006766366 0.929554866173 0.579383423465 0
-0.364236897554 0.950450982171 0.859733888140 0
-0.436860347568 0.937124909347 0.730135932738 0
-0.472985490228 0.795242352947 0.758621722910 0
-0.495086518626 0.583834016692 0.710493444191 0
-0.452823021846 0.584189035562 0.826165735618 0
-0.499818518519 0.653577777778 0.776692592593 0
-0.641251662767 0.836362288440 0.651256738870 0
-0.426241118117 0.810597836786 0.928998286144 0
-0.561711563407 0.737957028115 0.637049086759 0
-0.358423590788 0.765528068693 0.836219802781 0
-0.495149877403 0.662825430558 0.619364019883 0
-0.292597647115 0.757746934370 0.761832179390 0
-0.362622529583 0.375164605528 0.692595172932 0
-0.502013400043 0.350463909821 0.862453624074 0
-0.423320516931 0.067644518242 0.811794902111 0
-0.679799080554 0.063548011573 0.979711731444 0
-0.374795521867 0.059086955809 0.793527109189 0
-0.638861422198 0.038099553921 0.976058355622 0
-0.435775841585 1.050056101001 0.710465752995 0
-0.494330125005 0.929883134344 0.558801948705 0
-0.327859379455 0.956311531565 0.831887601378 0
-0.405828296693 0.940410912744 0.705731356907 0
-0.437905530131 0.798136668639 0.737018663863 0
-0.457031027355 0.586014921064 0.690757201770 0
-0.409644296240 0.587696408321 0.804414927056 0
-0.460162962963 0.655940740741 0.756859259259 0
-0.609569950641 0.839336779982 0.644333141888 0
-0.386111905840 0.818429491135 0.908020173704 0
-0.529047966656 0.743984856730 0.619108136996 0
-0.327148625836 0.767183985007 0.812439957671 0
-0.462866394340 0.671749445982 0.591430555784 0
-0.267490673201 0.752904064507 0.733328501053 0
-0.329177623319 0.374417802768 0.673723521355 0
-0.462349322570 0.355347555027 0.844416541157 0
-0.336130435976 0.059235161795 0.778807715330 0
-0.663875786355 0.082686574342 0.970066678342 0
-0.289425987751 0.059604977096 0.754720851034 0
-0.629180556367 0.049255022021 0.966137893676 0
-0.408735839688 1.053174521042 0.684985321817 0
-0.467168813821 0.921347368107 0.538807300051 0
-0.292617048355 0.953491587951 0.806174413403 0
-0.374275139517 0.934938994999 0.682743715457 0
-0.403642848257 0.792637417125 0.716451888050 0
-0.419850499968 0.579071653110 0.672316541508 0
-0.367344842518 0.584763749943 0.783569245618 0
-0.422555555556 0.650137037037 0.737211111111 0
-0.573138519785 0.828231983366 0.633117380373 0
-0.349953119801 0.817562603354 0.886404510811 0
-0.489666509807 0.738670859066 0.598141551451 0
-0.296947305327 0.756692445240 0.793004535076 0
-0.422866595455 0.671812384042 0.561000699099 0
-0.240518947164 0.731617612411 0.713197030846 0
-0.294921981527 0.365784526487 0.654668692914 0
-0.416205110258 0.351985270136 0.825886997603 0
-0.262654383885 0.048801550768 0.746393263662 0
-0.638969963570 0.099667307045 0.955006621588 0
-0.219811297000 0.052540659098 0.716192133650 0
-0.606810319812 0.064533381676 0.946746620077 0
-0.380961008134 1.047248865091 0.660328572990 0
-0.439476816520 0.905403266350 0.517319788182 0
-0.258574398334 0.943692075646 0.779607845813 0
-0.343127084622 0.922293299090 0.658610674952 0
-0.370109881745 0.780246013421 0.695258888951 0
-0.384340618928 0.567395417641 0.651404823832 0
-0.326863702246 0.573452922111 0.760152784231 0
-0.386081481481 0.637644444444 0.717214814815 0
-0.535626869533 0.808474503894 0.618088965127 0
-0.318075479250 0.808259442384 0.859097503569 0
-0.448089214897 0.727362307090 0.573703713128 0
-0.267422591718 0.735575225627 0.773134502208 0
-0.379833006550 0.668128357003 0.527989475350 0
-0.211724060916 0.700237714689 0.697033244388 0
-0.261757769123 0.352471887829 0.637573665879 0
-0.359341973039 0.338071241342 0.803794104591 0
-0.215512891686 0.036916952458 0.727516003137 0
-0.603104490305 0.115911577116 0.941425471426 0
-0.174683224213 0.026382160699 0.696153992748 0
-0.574446001454 0.078288852881 0.931421239253 0
-0.353230126072 1.034140988174 0.635269983772 0
-0.411222652300 0.883819559000 0.494716137745 0
-0.227196747896 0.927647302743 0.753946418356 0
-0.313160913593 0.903685520452 0.634433343931 0
-0.338250509013 0.762074469350 0.674041999456 0
-0.351436891810 0.551199187347 0.630308125649 0
-0.289040381850 0.555592129132 0.736391987804 0
-0.351502592593 0.619614814815 0.698044444444 0
-0.497899446425 0.782518285500 0.599690563467 0
-0.289837438968 0.792364261003 0.831248584639 0
-0.406475657984 0.711516761873 0.546657040162 0
-0.239653458106 0.707355297808 0.757131162764 0
-0.336606129668 0.661041643295 0.493798807746 0
-0.182322792864 0.663150206721 0.688798699126 0
-0.228300722392 0.336283829386 0.622636596668 0
-0.291772483444 0.317786258939 0.778875423172 0
-0.198496603595 0.030661548669 0.723744624303 0
-0.552735775058 0.129929337040 0.928013993238 0
-0.160254244871 0.013719416656 0.691931019649 0
-0.525466849313 0.090675867911 0.920772869463 0
-0.325918743442 1.015179286292 0.610942463598 0
-0.383054240144 0.860143044136 0.472066409528 0
-0.198349402808 0.909037649633 0.729903923511 0
-0.284596074796 0.882731331444 0.611089492790 0
-0.307948182345 0.741602668444 0.653431598590 0
-0.320924283557 0.532766316752 0.610804738242 0
-0.253295401109 0.535478044582 0.713690057862 0
-0.318496666667 0.599481481481 0.680174074074 0
-0.457743015533 0.748430989107 0.575683243585 0
-0.261899097166 0.772645483251 0.804466620412 0
-0.361865757544 0.692249564397 0.513527962534 0
-0.210897242351 0.677502891021 0.744591367315 0
-0.290077281863 0.653360341299 0.453879898695 0
-0.150429209853 0.624177037052 0.687003807816 0
-0.200468732758 0.316202992514 0.609929215568 0
-0.220030867364 0.299312782666 0.752204709844 0
-0.197550023731 0.028012790834 0.726138207797 0
-0.487560747365 0.138666393463 0.912728355434 0
-0.159699807844 0.008964470184 0.695055384298 0
-0.461689756568 0.097876581830 0.910792864409 0
-0.298713750102 0.993896921104 0.587188173744 0
-0.354589504991 0.844885049261 0.448059304999 0
-0.170655859046 0.897481939367 0.705719398999 0
-0.256518347059 0.869461178043 0.587018725705 0
-0.278178010557 0.728607816050 0.631156605850 0
-0.292705719105 0.520228907517 0.591087913420 0
-0.219777642143 0.522222863492 0.690304484277 0
-0.286125555556 0.586800000000 0.660325925926 0
-0.414512901716 0.722889146831 0.549649811559 0
-0.238612840139 0.764352600755 0.782266184654 0
-0.316387701208 0.682742279995 0.479139144614 0
-0.186477764840 0.661042083136 0.739286900611 0
-0.243994870691 0.658123367183 0.413278243623 0
-0.122954373477 0.600195043838 0.694712505362 0
-0.181325112256 0.298891285781 0.594829208017 0
-0.148854804375 0.292730973262 0.716137834036 0
-0.194680570357 0.028197898397 0.724016661137 0
-0.408009490005 0.138692901026 0.887717698745 0
-0.156617525112 0.011576163778 0.691821291843 0
-0.383322220469 0.097167165497 0.889454084372 0
-0.270796898243 0.980561764835 0.563396157226 0
-0.325580538167 0.840317874979 0.422613470144 0
-0.143450398400 0.895533185826 0.681005855163 0
-0.228442314360 0.866294573835 0.561972844853 0
-0.248404580745 0.725286708944 0.606418718504 0
-0.265532081172 0.515310434945 0.569084914477 0
-0.187475946386 0.518780066150 0.664277402017 0
-0.254545555556 0.583462962963 0.636192592593 0
-0.373038555486 0.708513682035 0.518372730910 0
-0.218972617047 0.769920586555 0.762974458102 0
-0.273170950639 0.686486255502 0.442521995733 0
-0.164543916766 0.663618552875 0.731737585575 0
-0.201975455519 0.676866114523 0.372230500096 0
-0.098250004246 0.599566745966 0.696774277735 0
-0.170729398454 0.286702958417 0.581775568040 0
-0.083089656351 0.300909837581 0.664210217546 0
-0.192125594425 0.028413420367 0.721005338648 0
-0.318341679279 0.127291737327 0.845859091466 0
-0.154542335891 0.014496138326 0.687013762963 0
-0.291088477018 0.087373305574 0.845056099393 0
-0.243479301904 0.977464743457 0.539030463272 0
-0.294417972371 0.847244079515 0.392447473162 0
-0.117637809901 0.903465335613 0.654315164027 0
-0.200100069585 0.873745549831 0.533633393183 0
-0.217980919461 0.732022421695 0.576661664117 0
-0.235619506678 0.519389429087 0.542199612744 0
-0.152750957861 0.526530401582 0.633019315073 0
-0.221472222222 0.589974074074 0.606125925926 0
-0.338199692377 0.711225486422 0.483970956675 0
-0.196250129847 0.784784179213 0.743398657114 0
-0.237070599888 0.703052677716 0.407041171190 0
-0.140837326439 0.677460282022 0.717916304510 0
-0.167820632100 0.703786507073 0.334975096151 0
-0.074054218714 0.610802904878 0.687160374975 0
-0.162469688131 0.284677549671 0.573335080790 0
-0.034355665828 0.318355430066 0.601243937546 0
-0.191329602156 0.030161271405 0.718883710528 0
-0.224916214637 0.105676573593 0.789739033400 0
-0.153693070116 0.014431617565 0.685752324727 0
-0.191408461213 0.072443922524 0.779266001995 0
-0.215943833256 0.985253906860 0.512751628462 0
-0.263265901910 0.863711764103 0.361720190235 0
-0.091275188327 0.918078137287 0.627144821548 0
-0.171454103850 0.889195203611 0.504733639865 0
-0.187010902514 0.746347970524 0.544841338113 0
-0.203790841963 0.531155034146 0.512222002741 0
-0.116682377601 0.542739311632 0.598502522871 0
-0.187966296296 0.603966666667 0.573188888889 0
-0.308138693685 0.724990511274 0.448537764953 0
-0.170096933280 0.802612829601 0.720181791167 0
-0.205681498581 0.726772520146 0.372963776966 0
-0.115683333606 0.693574726681 0.700478992734 0
-0.135416060179 0.735887087985 0.302444717617 0
-0.050004645804 0.624376348895 0.672600594438 0
-0.152967156479 0.294190781793 0.563941203852 0
-0.002846053686 0.338204404401 0.538747174659 0
-0.190713888651 0.033766136230 0.717331672492 0
-0.130555076108 0.082451433325 0.720968093732 0
-0.153775019428 0.015449768208 0.684748703290 0
-0.095497966925 0.056898737688 0.699639196318 0
-0.187939978434 1.001047289990 0.486098813603 0
-0.233358269206 0.885204534876 0.330702047362 0
-0.062612549478 0.935510571466 0.597726287604 0
-0.142152597540 0.908487553403 0.474476472179 0
-0.155322628604 0.764412353332 0.510872440451 0
-0.171032567722 0.546932876151 0.478583473159 0
-0.080208563517 0.562402454159 0.560303119627 0
-0.153881111111 0.621548148148 0.536955555556 0
-0.283331936045 0.743934142532 0.410324616885 0
-0.143762841975 0.823003267026 0.692371514361 0
-0.178113997978 0.748880271474 0.338792796260 0
-0.090509427037 0.712639548435 0.677462745118 0
-0.103798778194 0.763198308486 0.273193497601 0
-0.025601598127 0.641266911962 0.652893025994 0
-0.140696451759 0.311777066895 0.550635156724 0
0.021222666002 0.356011051639 0.486288031960 0
-0.190004860871 0.037669477877 0.717509600949 0
-0.039193325384 0.064647898157 0.643207617322 0
-0.154567001041 0.012700194244 0.687805859694 0
-0.006033490467 0.044726664444 0.614217397953 0
-0.159327955079 1.020501992751 0.457247418942 0
-0.204001823092 0.909203407830 0.296941383518 0
-0.032875168674 0.954595317434 0.564601589170 0
-0.112551381177 0.929834248266 0.440965144834 0
-0.123419211359 0.784648554156 0.473474773726 0
-0.138023276765 0.565234333423 0.440321210302 0
-0.043849599399 0.582639307873 0.517747262495 0
-0.118480000000 0.641229629630 0.496103703704 0
-0.262302269748 0.765745047629 0.366333036592 0
-0.116440050260 0.846103144623 0.661799024716 0
-0.153013750923 0.770633878692 0.301185519154 0
-0.063378106330 0.735340876721 0.649369298260 0
-0.073562430469 0.785883355995 0.241737492846 0
0.001276754462 0.661709616889 0.627858122838 0
-0.126334413451 0.333356023326 0.526957227317 0
0.044211752264 0.371353127253 0.440499047108 0
-0.189434005538 0.046325897827 0.713824702459 0
0.045604476213 0.053153515630 0.555610340830 0
-0.158023783553 0.012235028509 0.689069301776 0
0.076228107287 0.043423383370 0.519494128827 0
-0.129821807405 1.042091807404 0.425666314217 0
-0.176357414722 0.925968315304 0.262127643860 0
-0.002421778475 0.967230226289 0.528643294703 0
-0.083388956944 0.944376204574 0.405479219359 0
-0.092697405240 0.798540351340 0.435353682329 0
-0.108865077786 0.578152180235 0.402201022202 0
-0.011298327117 0.594567008577 0.475533762345 0
-0.085032222222 0.654796296296 0.455366666667 0
-0.243444704932 0.782333122484 0.322647653640 0
-0.085941600607 0.861609372286 0.628990975210 0
-0.130760278094 0.786847902419 0.263538290973 0
-0.034359553322 0.750044699644 0.617547016097 0
-0.046855838935 0.801920760944 0.209946607187 0
0.029095562111 0.674655149510 0.597084092185 0
-0.104753587069 0.348735405320 0.495801335741 0
0.065058922048 0.378256740883 0.399748690280 0
-0.185871270772 0.066057478685 0.704718466606 0
0.119911335154 0.047366715546 0.463452805128 0
-0.159658718305 0.025403533116 0.684181230137 0
0.144944148453 0.046330157699 0.422110976072 0
-0.100361714176 1.056984080400 0.393197875564 0
-0.149673941880 0.931826278320 0.228780352775 0
0.030361693141 0.968835893602 0.491847267264 0
-0.053459243371 0.947952608052 0.370252371236 0
-0.062595707035 0.801811672830 0.398477653070 0
-0.080474037230 0.581002892505 0.364892187454 0
0.020060825262 0.596421222666 0.434328667213 0
-0.053184814815 0.657844444444 0.416074074074 0
-0.226200267545 0.791370190288 0.285439451983 0
-0.049770474952 0.862769534428 0.594461815749 0
-0.110557467863 0.788673063937 0.232227156078 0
0.001678423618 0.751186998839 0.582600257184 0
-0.023289770807 0.799734189700 0.183698821963 0
0.064367209455 0.675484741894 0.560623140578 0
-0.073260503645 0.350331477180 0.455162020445 0
0.090981314690 0.378097169626 0.359037030218 0
-0.173945914133 0.094091260730 0.688739676569 0
0.177940962154 0.046767010446 0.376969697752 0
-0.151399902987 0.050052976340 0.671021714822 0
0.196597943828 0.049923077188 0.332485775927 0
-0.070248249474 1.060786827472 0.360951153213 0
-0.122518706532 0.927107959902 0.196957408767 0
0.066879882173 0.959962593763 0.453931124601 0
-0.021323386994 0.941008971997 0.335152661556 0
-0.031842672070 0.794864041950 0.362921676752 0
-0.051072970830 0.574299123634 0.327486368282 0
0.051576992226 0.590513419363 0.393565789445 0
-0.023500111111 0.650729629630 0.379129629630 0
-0.206025981769 0.790958260725 0.254265690060 0
-0.011109775420 0.852990599482 0.557253862760 0
-0.089211653693 0.777970835734 0.205298153950 0
0.040624599571 0.741621480708 0.544651410150 0
0.000152010999 0.780288962874 0.159233842284 0
0.103027674673 0.666543907300 0.520757874323 0
-0.034625456379 0.340547174756 0.408105753838 0
0.120526298586 0.373133165663 0.313842787669 0
-0.155950071906 0.125115578887 0.668016482332 0
0.220480747447 0.039094321427 0.312944064022 0
-0.135393175694 0.079012348482 0.653403972509 0
0.234857773561 0.044883795129 0.267154915331 0
-0.039480455924 1.053734823135 0.327721522715 0
-0.095869982766 0.914827026136 0.166646203109 0
0.105691989512 0.943702016427 0.414690048560 0
0.011800224783 0.926600159064 0.300063512610 0
-0.000945288818 0.780709083453 0.328401874018 0
-0.022256231567 0.560497159119 0.291768731682 0
0.081971140199 0.578762948703 0.354772097530 0
0.004304851852 0.636507407407 0.344550000000 0
-0.178781930088 0.781954070191 0.231951878801 0
0.031357256016 0.835314156215 0.519224261272 0
-0.064947126569 0.756124065860 0.181093954850 0
0.083656324703 0.724633744841 0.503318226671 0
0.023791431154 0.746321975331 0.133767007151 0
0.145833790735 0.651056794716 0.475619287895 0
0.005761746843 0.322169434008 0.353614248838 0
0.153180196717 0.363018646760 0.272628290659 0
-0.130861642100 0.152445971697 0.636700060911 0
0.249816370386 0.030435199540 0.281865713870 0
-0.114743176599 0.102868875774 0.630072398523 0
0.260716837275 0.041005381753 0.235971116225 0
-0.007027740583 1.039206269222 0.294583385200 0
-0.072945308653 0.896418644729 0.138186107114 0
0.144223552263 0.922550552210 0.373008491607 0
0.043062722882 0.906728475201 0.264548691537 0
0.028668958963 0.761227554045 0.294191963183 0
0.004526245777 0.541364441226 0.256854010102 0
0.110316391417 0.561864946613 0.316474330185 0
0.030370000000 0.617033333333 0.310475185185 0
-0.149347328292 0.766865450269 0.216755477153 0
0.079225108939 0.810203752810 0.479565431796 0
-0.043480023926 0.723315439952 0.161009710389 0
0.132312523678 0.701432000828 0.455300635257 0
0.040788269290 0.698486498049 0.110537541165 0
0.193594599996 0.629789237673 0.420455811049 0
0.044612018620 0.299178980699 0.290755532018 0
0.184314441587 0.345262928265 0.239196954603 0
-0.098081926367 0.175233800149 0.590856680872 0
0.262702403854 0.022364372017 0.272458446303 0
-0.086474743451 0.123997681048 0.589532791432 0
0.269099532959 0.041283376828 0.228435599739 0
0.025762312133 1.019471895047 0.260879921370 0
-0.055299320489 0.879810277122 0.112870965050 0
0.181570374016 0.903874640791 0.328046235993 0
0.071261768221 0.889020047706 0.228755086816 0
0.056122899105 0.744008610815 0.260364892469 0
0.028368425323 0.524740114779 0.222732118736 0
0.135962775664 0.547096471833 0.278320402362 0
0.054241851852 0.599925925926 0.277014444444 0
-0.121362756389 0.754197890056 0.205884917555 0
0.129464405968 0.783837174890 0.433293361116 0
-0.027508221788 0.692265418288 0.146154060203 0
0.181473147018 0.678167184624 0.396316449461 0
0.047443455149 0.651805930418 0.091260232557 0
0.239593592865 0.609411113292 0.350704204115 0
0.078936981756 0.282179153859 0.218611317725 0
0.208618190718 0.326914787224 0.210459110124 0
-0.054681521835 0.187250946189 0.530669244798 0
0.265164127262 0.016791488647 0.269365080958 0
-0.046322019927 0.135462198265 0.533777877200 0
0.269926660693 0.035981403138 0.225252401595 0
0.052013191030 1.001550207753 0.226035482091 0
-0.044688360436 0.872804235865 0.087044571049 0
0.212569444025 0.895438734914 0.277551380628 0
0.092821430630 0.881254479356 0.189764138187 0
0.078752486080 0.736593508371 0.223360999884 0
0.048808431966 0.518058264454 0.185540237480 0
0.158402853149 0.541175613608 0.236736518753 0
0.075850370370 0.592600000000 0.240140370370 0
-0.100630419108 0.751630115443 0.191838479838 0
0.173290781433 0.765552243218 0.376484026466 0
-0.017745830907 0.677942228977 0.129289934920 0
0.224032649399 0.667078433233 0.322018261378 0
0.045878903571 0.625377543926 0.070399129310 0
0.276789131597 0.606316727974 0.261046331106 0
0.107267315856 0.280885258862 0.143808906613 0
0.223730870477 0.313687449554 0.188307974220 0
-0.001177883006 0.184626933516 0.463494460492 0
0.263007155249 0.015978534346 0.267449948242 0
0.009569312098 0.133192331295 0.462720657708 0
0.267604190754 0.034927824010 0.223215858342 0
0.074046836908 0.993815649487 0.187256516739 0
-0.041460254602 0.875651158902 0.061548149845 0
0.234709019309 0.899166953542 0.223301921204 0
0.106260174897 0.884574742574 0.148902045524 0
0.095987178094 0.740020200224 0.184272202520 0
0.064666451680 0.522379787969 0.148251742675 0
0.176622053735 0.544010177184 0.194775689556 0
0.094786296296 0.596137037037 0.202303333333 0
-0.091777985839 0.762696736953 0.177754299396 0
0.209482937836 0.762832883396 0.318052375575 0
-0.015870429569 0.684420849363 0.112004711050 0
0.252218719570 0.675148493403 0.242398897828 0
0.041550066908 0.627257248507 0.050880481521 0
0.295408853538 0.626441794161 0.165570573021 0
0.130380685907 0.296213455562 0.071177692771 0
0.229820422490 0.309341278610 0.173226207844 0
0.056761403973 0.169379183121 0.388851871178 0
0.262136659151 0.018592279542 0.266146922857 0
0.070276374743 0.119086249165 0.381810164131 0
0.266906019419 0.037568725586 0.221942729372 0
0.090202881159 0.997264581496 0.146331121430 0
-0.043052723164 0.886968559057 0.038213211898 0
0.249177939546 0.912164555756 0.168417453463 0
0.113375324417 0.896789945302 0.108679267765 0
0.108381426134 0.752131257480 0.144781592279 0
0.075264020641 0.535726345741 0.111027461500 0
0.189675125883 0.552856025335 0.153254008562 0
0.110367777778 0.608288888889 0.163670740741 0
-0.089229290015 0.780051228186 0.161626556968 0
0.238546148674 0.771014689937 0.258775977547 0
-0.016419882466 0.703117025802 0.090972479094 0
0.264863558574 0.696546325247 0.163906569514 0
0.039997611397 0.646790443761 0.027671023586 0
0.292735655559 0.661215367802 0.074039135974 0
0.151195302002 0.323109283427 0.008858948800 0
0.231366700875 0.314928119972 0.157261873652 0
0.117272462517 0.142928447893 0.304703573095 0
0.262374298937 0.023199055542 0.266894604175 0
0.134972608549 0.097430991948 0.285253493096 0
0.267859770327 0.037184833197 0.220947127091 0
0.097530668849 1.009692049090 0.106405440118 0
-0.045617782868 0.902513251996 0.013245646138 0
0.258470439847 0.930056063868 0.112030712415 0
0.117280173729 0.913583952233 0.066849321945 0
0.118024315897 0.768528940466 0.101693075855 0
0.084714079871 0.552734415314 0.069003030570 0
0.200887261088 0.566610051732 0.107443463481 0
0.123719629630 0.624600000000 0.119824444444 0
-0.087457589898 0.800034911370 0.141861605327 0
0.261014832134 0.787916702747 0.201422605562 0
-0.018931920455 0.724400283587 0.065732006930 0
0.267474884494 0.726712798006 0.094414672435 0
0.034567774762 0.669314773192 -0.001209133537 0
0.276379588138 0.703706955849 -0.003029601881 0
0.167681436913 0.347835208803 -0.042991221514 0
0.234481150016 0.328440487543 0.130040982786 0
0.177821594844 0.114558598621 0.211675864144 0
0.265682497757 0.029394654471 0.264895778766 0
0.198519569770 0.076725477425 0.181644746058 0
0.273883695709 0.031993408875 0.217326357378 0
0.101960989166 1.026636911356 0.065602504602 0
-0.047447805356 0.920612262534 -0.013337238370 0
0.264848047687 0.951612317166 0.053722733177 0
0.119975198211 0.933523549481 0.023193505850 0
0.126779986635 0.787992319842 0.055277603464 0
0.093854283067 0.572498240510 0.024601718323 0
0.211817070514 0.584289329163 0.057950769413 0
0.136496296296 0.644096296296 0.072812592593 0
-0.080919445335 0.822446318087 0.120966675854 0
0.281722501322 0.809793122670 0.142060445167 0
-0.019536498362 0.746856857760 0.038927372146 0
0.269398840453 0.758129392775 0.030627351428 0
0.027956149935 0.692316825840 -0.032741745078 0
0.261596270068 0.743251926465 -0.068655650985 0
0.177131890835 0.368329998607 -0.088491821305 0
0.239941614423 0.347446284239 0.096399705146 0
0.232927250957 0.089096752713 0.107176115336 0
0.271720527048 0.041941505157 0.259675279225 0
0.253507153774 0.064256627155 0.065690514926 0
0.284816528454 0.030698435749 0.214520532400 0
0.105273352767 1.046721047444 0.023308662636 0
-0.046280549229 0.930941247229 -0.040003323196 0
0.270280336143 0.967884269676 -0.002437887702 0
0.123559795801 0.947032693328 -0.019339797614 0
0.136118447122 0.801253591542 0.009739547386 0
0.103725492935 0.585197141934 -0.020013915159 0
0.223181866415 0.596680747544 0.007639472330 0
0.149022222222 0.657274074074 0.024953111111 0
-0.068952585196 0.833375085583 0.096968453440 0
0.302463319657 0.827304421474 0.083600152281 0
-0.015793005141 0.758998380878 0.008344275643 0
0.272924478095 0.780041260392 -0.026545199086 0
0.024399996968 0.705061925475 -0.068158908610 0
0.250746819098 0.769941814371 -0.123837653375 0
0.183383494309 0.377148004813 -0.128550264016 0
0.248624230386 0.362295792690 0.060368189477 0
0.276211109163 0.066267124562 -0.003340362981 0
0.276389431454 0.061815954495 0.252070976395 0
0.292562604775 0.052986116644 -0.051484549535 0
0.293189656862 0.040631952701 0.211997874223 0
0.106798488531 1.059983133377 -0.019283082243 0
-0.041563374606 0.934350196053 -0.069904561331 0
0.276231002393 0.977606487706 -0.058842455763 0
0.129055731382 0.953828910959 -0.063473459973 0
0.145983393320 0.808060356385 -0.036706209013 0
0.113614901696 0.590296727336 -0.066331281221 0
0.234094253487 0.604164422056 -0.044911172970 0
0.159879259259 0.663837037037 -0.024854259259 0
-0.053066102697 0.838402154525 0.069580582256 0
0.320891604218 0.839902167270 0.026268843432 0
-0.009586817039 0.764515289016 -0.024559541328 0
0.279552213057 0.793197610948 -0.080258557463 0
0.022009293054 0.712531473546 -0.105960724866 0
0.246571297971 0.784804773506 -0.174080381907 0
0.191682756732 0.377618204470 -0.166746596709 0
0.259350365051 0.373153739514 0.021120122172 0
0.303361158250 0.055891290582 -0.117347382295 0
0.282069613520 0.086378803164 0.237726009574 0
0.311223021348 0.057551048578 -0.169280566205 0
0.301079517566 0.060239519726 0.201778486253 0
0.108257530789 1.066246662811 -0.063608325314 0
-0.036832037899 0.934056991738 -0.107336600773 0
0.280536812672 0.981416024181 -0.111905816528 0
0.133631181742 0.955738295797 -0.109303967377 0
0.153451248655 0.810060953649 -0.084116471598 0
0.122561899208 0.590696898847 -0.112654565813 0
0.243625259041 0.607741616313 -0.097837389471 0
0.169118148148 0.665844444444 -0.074519629630 0
-0.035787713928 0.836608607999 0.031577641125 0
0.333279678370 0.845942908241 -0.027845079866 0
-0.002503894520 0.765649096599 -0.068766841294 0
0.285282623967 0.796773750221 -0.130397625678 0
0.019571923430 0.716673058321 -0.154859061373 0
0.246575633446 0.785930148443 -0.221862229182 0
0.199135997000 0.375158897384 -0.207994783642 0
0.270874109217 0.379760112603 -0.022698367063 0
0.312445845027 0.053331584540 -0.219055710263 0
0.289186870049 0.111432135712 0.214008487167 0
0.310612574532 0.066046677217 -0.270012405765 0
0.308678822473 0.083366084643 0.179814575553 0
0.111153840008 1.067817964824 -0.108437761202 0
-0.031211553325 0.923790162619 -0.146730837022 0
0.285316461841 0.974371267267 -0.162168144665 0
0.138854977013 0.947202725902 -0.154533776621 0
0.161114172694 0.801742362419 -0.130130057457 0
0.130874452863 0.582258981154 -0.157888801807 0
0.252405925670 0.600756269859 -0.150515903429 0
0.178785925926 0.657692592593 -0.122067407407 0
-0.016042526402 0.821465546521 -0.012216829310 0
0.339892038191 0.840644568680 -0.076496334695 0
0.006660375137 0.757523457322 -0.119957571534 0
0.291047284718 0.785236671816 -0.175402871422 0
0.019149536029 0.713364043219 -0.210598694506 0
0.252168837892 0.768385804757 -0.266007957866 0
0.206531615046 0.366190519883 -0.252759205610 0
0.285834534127 0.372720848330 -0.078084465346 0
0.318760643345 0.045818761496 -0.290806046161 0
0.296778379249 0.133153558551 0.185239378048 0
0.313612363295 0.047336969000 -0.343082326992 0
0.314202433023 0.101175001918 0.153448856046 0
0.113934448537 1.058778231179 -0.153174387981 0
-0.025237886675 0.905562508063 -0.187172586303 0
0.290267452789 0.959566141504 -0.210123214705 0
0.144332511963 0.930816649494 -0.198994894588 0
0.168777223993 0.785829959731 -0.173867470057 0
0.138106571652 0.567452119966 -0.199917156461 0
0.259833111045 0.586081274001 -0.198498555118 0
0.187745555556 0.642059259259 -0.164722592593 0
0.001891538031 0.799642813568 -0.057405651604 0
0.341430520608 0.825537742938 -0.122832256744 0
0.015131006437 0.743191295006 -0.170763591656 0
0.297792078717 0.762677320302 -0.219696087143 0
0.019481551448 0.705472109632 -0.264947775676 0
0.262631651999 0.739033579804 -0.310338281734 0
0.215669026488 0.353537122542 -0.298072233456 0
0.305474229005 0.355069710867 -0.144512588350 0
0.329400984623 0.038229569212 -0.323479568353 0
0.311372673237 0.150574423936 0.144258544106 0
0.322169576022 0.028293407804 -0.374573586644 0
0.326962202852 0.115997788744 0.114287126244 0
0.116781215039 1.041852941246 -0.197179170603 0
-0.020199181086 0.884976299557 -0.227164626356 0
0.294520350860 0.940794699931 -0.255846770455 0
0.148983590954 0.911213959030 -0.242011632698 0
0.175423279913 0.766934699214 -0.214846082932 0
0.144230815159 0.550574829144 -0.238724633256 0
0.266201068682 0.567256850732 -0.242097408628 0
0.196537407407 0.623640740741 -0.204165925926 0
0.017739187093 0.772063560672 -0.106310009873 0
0.339023205226 0.804232388095 -0.168834050628 0
0.023299283402 0.723143297249 -0.223732210500 0
0.306576832342 0.730499826406 -0.262370622180 0
0.019678801685 0.691397128537 -0.319963637515 0
0.280072444079 0.698415353827 -0.352632522902 0
0.224475698356 0.338172114655 -0.338001142367 0
0.327112592888 0.334585356557 -0.219344374214 0
0.336687378853 0.032467589731 -0.331049039258 0
0.333501272620 0.162390862668 0.087090315995 0
0.327204956345 0.017940220907 -0.380654064179 0
0.350204602879 0.125988117095 0.060021849167 0
0.120022009460 1.021844632165 -0.240442581117 0
-0.018343813610 0.869221758172 -0.267109729463 0
0.295718530316 0.926298562024 -0.300182763626 0
0.150513212310 0.896145334223 -0.284258623811 0
0.179021673574 0.752635480641 -0.255122888260 0
0.145699004581 0.539555053226 -0.276498496942 0
0.268042452672 0.551036095545 -0.284663947261 0
0.202472592593 0.609870370370 -0.243310740741 0
0.031298854635 0.745098583723 -0.162594238928 0
0.331159218580 0.785696804659 -0.215470982191 0
0.029187663385 0.705566154667 -0.283609981577 0
0.314769384349 0.698207969676 -0.301001240411 0
0.016844241776 0.680669342068 -0.380832548885 0
0.302291850737 0.654578303254 -0.388508969204 0
0.227515564589 0.324494020971 -0.368502749979 0
0.341204680000 0.321264421826 -0.299367858545 0
0.336525971125 0.031821967783 -0.333796445481 0
0.356485559545 0.162892280165 0.009924419896 0
0.324965247204 0.019473585343 -0.383550705525 0
0.373715287798 0.122686226824 -0.010654033945 0
0.120816001857 1.006457525885 -0.284470972784 0
-0.018415947424 0.863760592451 -0.306863491187 0
0.295097355883 0.921682976691 -0.343485193125 0
0.150165731228 0.891143998953 -0.325890456221 0
0.179502987074 0.747986316863 -0.295859720609 0
0.142704293249 0.536389929949 -0.314453905429 0
0.264866736227 0.544992549818 -0.327443926959 0
0.202407407407 0.605233333333 -0.283388888889 0
0.041912356116 0.730783127580 -0.220423139866 0
0.324701350531 0.779502992725 -0.259167708978 0
0.029938017409 0.704985159883 -0.344532608158 0
0.325441680445 0.678136795975 -0.329614100313 0
0.008467098876 0.690263085010 -0.442063649379 0
0.328867268642 0.622055856832 -0.409355289965 0
0.224502217026 0.315381750186 -0.391098956195 0
0.336813427854 0.321100046272 -0.382759015122 0
0.334806835445 0.031874600327 -0.336938569468 0
0.374612155957 0.148914284385 -0.086181576773 0
0.324188727463 0.018315848847 -0.386587691517 0
0.390542122115 0.108792431130 -0.107937865360 0
0.119377808843 1.001110586847 -0.327385291882 0
-0.019793779654 0.868385685972 -0.345038914358 0
0.293169704961 0.926583485706 -0.385703596857 0
0.148506007891 0.895920663472 -0.366220634148 0
0.178201241863 0.752874887376 -0.336008175473 0
0.139667339869 0.540419973496 -0.350598872547 0
0.261097103137 0.549226621938 -0.369137042317 0
0.200387777778 0.610011111111 -0.323414074074 0
0.046593744867 0.733073089766 -0.267079677549 0
0.322743132159 0.785162075773 -0.300109323165 0
0.029946389259 0.717661432176 -0.392369048232 0
0.335434042526 0.675768558734 -0.355879810054 0
0.003060645607 0.711292958823 -0.489001227407 0
0.350653734646 0.610404573926 -0.426517591596 0
0.219209627092 0.313537436598 -0.410659830391 0
0.314388010455 0.333155938382 -0.463144900836 0
0.333510561974 0.033620714906 -0.339002860304 0
0.382597063972 0.124373338615 -0.201589622476 0
0.324905825281 0.016370622699 -0.387890610347 0
0.392502212935 0.090795196651 -0.234925180516 0
0.117051977632 1.005704542696 -0.368952770347 0
-0.023156953502 0.881753906410 -0.384585488599 0
0.289638384009 0.938882919660 -0.427968615226 0
0.145045956176 0.908714894043 -0.407224946389 0
0.174650902967 0.765493997931 -0.377755385139 0
0.135770327781 0.551375443722 -0.388883234712 0
0.255293571264 0.562223662794 -0.416504216098 0
0.196935555556 0.622481481481 -0.367165555556 0
0.037973311835 0.742368187707 -0.309557781785 0
0.322945705648 0.800376752284 -0.339043667115 0
0.023698584301 0.738285633113 -0.436015857630 0
0.342908988432 0.685833343055 -0.380512001140 0
-0.001754005416 0.740695988213 -0.533100196818 0
0.363694513720 0.613150306578 -0.442064244008 0
0.209874480997 0.318731487814 -0.431254733605 0
0.282877681680 0.350679192260 -0.529870844333 0
0.331407259544 0.037399120458 -0.341872181987 0
0.373437153867 0.096757730372 -0.325653214112 0
0.324010443683 0.015618508831 -0.389121640727 0
0.373505254314 0.072940138087 -0.367719598358 0
0.113620287402 1.018470885106 -0.411416655207 0
