0.079059792323 0.934572489775 0.198776217929 0
0.086311155025 0.935784071822 -0.092252809710 0
0.081617553244 0.911960852435 0.054183689926 0
0.118104079995 0.768755609881 0.048150137853 0
0.068753545239 0.576009514424 0.107771872026 0
0.072040883743 0.578619326237 -0.032252397131 0
0.115518888889 0.629848148148 0.037781111111 0
0.076074189876 0.749040862186 0.207066218716 0
0.113367932175 0.755546417975 -0.084029760523 0
0.088073146482 0.642426779990 0.235478470649 0
0.087085437916 0.644179039758 -0.095889522316 0
0.091507203441 0.548122846659 0.252104100141 0
0.057294899002 0.551102872785 -0.106401956655 0
0.029089653424 0.314864274722 0.094740576839 0
0.043746806416 0.311982243289 -0.046000214575 0
0.049139358301 0.022102103772 0.087094673736 0
0.053445380754 0.021966177535 -0.053753759059 0
0.008718386909 0.031367829377 0.084555444078 0
0.012422162636 0.032103863700 -0.051254586716 0
0.092399250231 1.018255143645 0.059501054372 0
0.079470571484 0.933840152639 0.199774536049 0
0.080847086305 0.936144939989 -0.091334959301 0
0.079296247906 0.911764093179 0.055076766030 0
0.116926594605 0.768898678444 0.047986768592 0
0.070303069036 0.575840360142 0.108607327236 0
0.071211198811 0.578550174233 -0.031450681721 0
0.115608148148 0.629955555556 0.037873333333 0
0.076290572346 0.748192055847 0.204703484604 0
0.109998790000 0.756209721750 -0.083667169465 0
0.087424827029 0.641729461582 0.234021362035 0
0.084590852559 0.644543726146 -0.094587724676 0
0.089611295546 0.547496493763 0.250745141773 0
0.055766849042 0.551044313043 -0.104265458190 0
0.028730710276 0.314959659176 0.096243103118 0
0.043995943860 0.311750910603 -0.044193292261 0
0.048407678327 0.022117082334 0.086919589612 0
0.054011190000 0.022077813869 -0.053904989205 0
0.007978396446 0.031384120834 0.084521371400 0
0.013044161455 0.032392584838 -0.051215929901 0
0.089962678765 1.018088444213 0.060046285091 0
0.079203393723 0.933033499130 0.201152782643 0
0.075039717766 0.936578324259 -0.089917729670 0
0.076483936834 0.911567190307 0.056388734696 0
0.115478018009 0.769125968497 0.048160767973 0
0.071933616064 0.575800558085 0.109501516482 0
0.070904786143 0.578466133605 -0.030556506785 0
0.115937037037 0.630162962963 0.038138148148 0
0.076346664485 0.747322143372 0.202812364310 0
0.106432229931 0.756975769427 -0.083380752560 0
0.086588480806 0.640885933366 0.232548402044 0
0.081181465845 0.645189485652 -0.093397840872 0
0.087462956477 0.546688514106 0.249162483245 0
0.052711343877 0.551471201057 -0.102226740470 0
0.028770924444 0.315147347239 0.097807034218 0
0.044152019940 0.311592613848 -0.042709911733 0
0.047727326603 0.022078059536 0.086805741291 0
0.054342644056 0.022262005891 -0.054000672808 0
0.007279391537 0.031297950955 0.084544229029 0
0.013440352307 0.032790097832 -0.051157298472 0
0.087361714582 1.017875260178 0.061283632610 0
0.078167135154 0.932282888279 0.203221233438 0
0.069135546768 0.937144614151 -0.087719893173 0
0.073268951730 0.911466261931 0.058419633637 0
0.113938382910 0.769569499797 0.048995414833 0
0.073594926288 0.576108726243 0.110409246884 0
0.071559612365 0.578585581266 -0.029641230986 0
0.116761111111 0.630644444444 0.038667777778 0
0.076586785021 0.746553184588 0.201955361698 0
0.102395601934 0.757824404512 -0.082889702956 0
0.086007741924 0.639988921701 0.231503576335 0
0.076528561618 0.646106218546 -0.092058101675 0
0.085636186129 0.545768801293 0.247700555919 0
0.047568737079 0.552461653317 -0.100070258041 0
0.029518319997 0.315589132861 0.099154495472 0
0.044233903897 0.311787089382 -0.042161681626 0
0.047207039943 0.022088768865 0.086761747397 0
0.054329367417 0.022479681509 -0.054004975761 0
0.006743274598 0.031262975955 0.084599825824 0
0.013413191242 0.032934317418 -0.051091201049 0
0.084499291340 1.017704789847 0.063967969335 0
0.076517977872 0.931011500820 0.205727297160 0
0.063235571722 0.937377898892 -0.085021721382 0
0.069774907076 0.910940976759 0.060894522905 0
0.112349691876 0.769702241917 0.050165540687 0
0.075421455238 0.576084173824 0.111085832014 0
0.072815984034 0.578520142566 -0.028955916194 0
0.117934444444 0.630896296296 0.039165185185 0
0.077942600145 0.745344092575 0.200706665924 0
0.098156960876 0.758328502688 -0.082355283634 0
0.086433075820 0.638605146240 0.229904314802 0
0.070464617613 0.646988358592 -0.090759022245 0
0.085126956260 0.544310332299 0.245458017369 0
0.040076392114 0.553724536994 -0.098018005509 0
0.030067627989 0.315753812625 0.100549771130 0
0.044092560407 0.311911888307 -0.042368410193 0
0.046944771883 0.021952059993 0.086778556033 0
0.053922159753 0.022641347191 -0.053894691787 0
0.006429076320 0.030912088329 0.084692269427 0
0.013006617985 0.033094843344 -0.050967948207 0
0.080723969633 1.017138925718 0.067385213569 0
0.072966714941 0.929389333764 0.208595987706 0
0.058772337062 0.937118827210 -0.082076886309 0
0.066061739695 0.909998388590 0.063678286923 0
0.110779891875 0.769520575822 0.051906354521 0
0.077535408318 0.575496230183 0.111249990300 0
0.074838947639 0.578377773593 -0.028781575687 0
0.119471481481 0.630966666667 0.039495555556 0
0.077727052553 0.743918858602 0.199783224233 0
0.094677599271 0.758244423800 -0.082320899954 0
0.086196454260 0.637015472038 0.228379180552 0
0.063308208966 0.647834331581 -0.090046783292 0
0.084959018912 0.542596593533 0.242976449786 0
0.029486872312 0.555753955025 -0.096625118745 0
0.029485487959 0.315608636545 0.101788541477 0
0.043373144356 0.312146922481 -0.043476079372 0
0.046271461792 0.021660570804 0.086810906012 0
0.052635407282 0.023244206391 -0.053891516349 0
0.005650476251 0.030131078096 0.084727081053 0
0.011803950208 0.034064222329 -0.051127038781 0
0.075566866260 1.016239435826 0.071004134380 0
0.067526895501 0.926431473361 0.212191538327 0
0.053929809638 0.935672858301 -0.078465753309 0
0.061304037878 0.907800725792 0.067143274889 0
0.108686878605 0.768312039414 0.054305114611 0
0.079324569490 0.574355903866 0.111156319622 0
0.076973240040 0.577695712144 -0.028871286926 0
0.121281481481 0.630185185185 0.039692962963 0
0.076293438598 0.741267724353 0.200480152984 0
0.091245933979 0.757145826610 -0.083037996929 0
0.085461116840 0.634294816937 0.228596772562 0
0.053488238512 0.648686783065 -0.089754297369 0
0.085111824245 0.539758970637 0.242014443426 0
0.013854220694 0.558971539722 -0.095520957005 0
0.027524327899 0.315148310571 0.102908063027 0
0.039414167772 0.312351346851 -0.045198417611 0
0.044895195361 0.021193662684 0.086861806951 0
0.050995891033 0.024622713147 -0.053926183773 0
0.004144260481 0.029015406843 0.084779041665 0
0.010354557970 0.036228882801 -0.051580583482 0
0.069019488366 1.014124223490 0.074602808640 0
0.061042862812 0.921375558559 0.215707356852 0
0.049176602218 0.932563021845 -0.074957360039 0
0.056160657606 0.903733044829 0.070484310403 0
0.106900529767 0.765559601266 0.056583530845 0
0.080527764797 0.572185939159 0.110536516580 0
0.079189430332 0.576398723962 -0.029480892946 0
0.123390740741 0.628144444444 0.039714814815 0
0.074276312935 0.736665437227 0.201331347461 0
0.086705058857 0.754273388355 -0.084429483580 0
0.084495006385 0.629698571861 0.229106544312 0
0.039763460049 0.649393801661 -0.089986009603 0
0.085583285904 0.535083062909 0.241331563487 0
-0.007293326631 0.563262635149 -0.094834085513 0
0.023564275511 0.314021151796 0.103755761354 0
0.031232230243 0.312876326542 -0.047945570485 0
0.043168558664 0.020587197064 0.086843818864 0
0.049894578131 0.027767008533 -0.054471480075 0
0.002306275804 0.027807667661 0.084771397480 0
0.009567124082 0.040529819631 -0.052819187511 0
0.061967218982 1.010127122543 0.077904794589 0
0.053472940638 0.913513180424 0.218586240071 0
0.045085486746 0.928120036579 -0.072047955252 0
0.050874956572 0.897611745539 0.073103518466 0
0.105229523331 0.760952828807 0.058064316266 0
0.080953227289 0.568415228985 0.109451114405 0
0.081174901167 0.573585777180 -0.030540420901 0
0.125269629630 0.624307407407 0.039476666667 0
0.072012969534 0.729474282257 0.201687303391 0
0.080153856699 0.749570792841 -0.085302259505 0
0.083564257715 0.622487407998 0.228856587879 0
0.020736052487 0.651150530716 -0.089436619349 0
0.086376637215 0.527809431831 0.239863928675 0
-0.036301607974 0.571190808023 -0.093298294489 0
0.016906300291 0.311873105251 0.104551616550 0
0.018599804697 0.313391170958 -0.052174086656 0
0.041252650753 0.019944764310 0.086643996478 0
0.051314291700 0.031320616888 -0.056536834512 0
0.000298434523 0.026655873870 0.084676900137 0
0.010758267145 0.043435977261 -0.055945325181 0
0.054409713912 1.003983498303 0.081017430586 0
0.045000974284 0.904595839183 0.219585882994 0
0.042363976072 0.921028853946 -0.071059859082 0
0.045893192726 0.889659108979 0.073980507148 0
0.104115767148 0.754600690645 0.059016056818 0
0.080668297359 0.563059685976 0.107912374781 0
0.083753893507 0.569044890521 -0.032012855568 0
0.127139629630 0.618737037037 0.039175555556 0
0.070155666893 0.721578745840 0.200308752634 0
0.073165988259 0.742027927337 -0.088241358151 0
0.083306251967 0.614506781884 0.226394192802 0
-0.000270790405 0.653493815462 -0.089934567900 0
0.088364313153 0.519743315202 0.236566293709 0
-0.068917413213 0.583271768270 -0.092275544654 0
0.007864194106 0.308834404547 0.104921719419 0
0.003798091612 0.314071970253 -0.058104443719 0
0.038713456293 0.019322458939 0.086224202812 0
0.054423423926 0.036270667807 -0.060868096701 0
-0.002232830500 0.026165083271 0.084570003095 0
0.013372111757 0.046517770203 -0.062175624755 0
0.046775617982 0.995809356324 0.083318077270 0
0.035316465659 0.895700625396 0.219077415997 0
0.042539307036 0.914032085990 -0.071376940547 0
0.041800000821 0.881786574986 0.073512343224 0
0.103820201735 0.748328083938 0.059428032151 0
0.079987838645 0.557555465094 0.105829495431 0
0.086026024435 0.564379688536 -0.033961004790 0
0.128489629630 0.613129629630 0.038424814815 0
0.066058070567 0.713689658975 0.198423491403 0
0.065969200420 0.734362349287 -0.092710608803 0
0.081614647084 0.606742251018 0.223682913411 0
-0.020936293013 0.658998410072 -0.091358476290 0
0.089643706193 0.512042042931 0.233546428806 0
-0.100380263048 0.601346929460 -0.091606479975 0
-0.000242788582 0.305567965781 0.103544362651 0
-0.009623969827 0.315443761330 -0.065055603082 0
0.036362704310 0.018222295798 0.085951314916 0
0.060029548013 0.042659745589 -0.066736653945 0
-0.004542359111 0.025354028414 0.084512404581 0
0.018461468088 0.049819766204 -0.070307620774 0
0.040832916119 0.987739822872 0.083392248752 0
0.024648524165 0.889595208182 0.217206837137 0
0.047392723379 0.909757158820 -0.072324063234 0
0.038981301575 0.876607385902 0.072118190433 0
0.102348089084 0.743659604112 0.059784015108 0
0.078703064974 0.553651063285 0.103169801703 0
0.087776229988 0.561335058598 -0.036411886056 0
0.129202962963 0.609151851852 0.037187037037 0
0.060619010500 0.708545824487 0.196546063977 0
0.061393911357 0.729605216237 -0.097514218273 0
0.078895362866 0.601978213645 0.221588284437 0
-0.037490518384 0.671022305102 -0.092612334644 0
0.090378737444 0.507575863418 0.231185925092 0
-0.125893631686 0.628436489914 -0.090498858914 0
-0.005460197254 0.302946007344 0.101327139484 0
-0.020979136057 0.318580693832 -0.072846485583 0
0.034916136477 0.016801266126 0.085851868561 0
0.066262700806 0.049919043363 -0.073541952326 0
-0.005986745377 0.023953740149 0.084454493172 0
0.024578985896 0.054541632622 -0.079288477169 0
0.037091189621 0.982527917043 0.081585639327 0
0.015541325940 0.889069707576 0.213173168138 0
0.052500844610 0.910200466303 -0.074818897961 0
0.036821856551 0.876545746192 0.068898718403 0
0.100125438769 0.743451663892 0.058558687026 0
0.076500750580 0.553644817114 0.099908878648 0
0.088532848019 0.562259585601 -0.039394488362 0
0.128665925926 0.609329629630 0.035393000000 0
0.057638245489 0.709185214420 0.193962721565 0
0.060406728763 0.730140956401 -0.103127368097 0
0.077193696795 0.602969484810 0.219528257926 0
-0.046563033859 0.688569165266 -0.095166686481 0
0.091335286798 0.508945018202 0.229150807011 0
-0.140646821443 0.660974187727 -0.091131716673 0
-0.005656761594 0.302273467351 0.098339516046 0
-0.029314531530 0.324647670574 -0.081077389765 0
0.034887731612 0.015729829787 0.085914787492 0
0.070660223082 0.060150898108 -0.080410386226 0
-0.005969986900 0.023121992869 0.084445417033 0
0.029038239264 0.063792659016 -0.087212665876 0
0.035014023290 0.982630288954 0.077014567791 0
0.007360544619 0.896842910719 0.206816929902 0
0.058142070435 0.917803700303 -0.079074355479 0
0.035214435041 0.884194648232 0.063677104267 0
0.097364577891 0.750442678604 0.055743558001 0
0.074045100676 0.559933645852 0.096325751553 0
0.089015600462 0.569286791682 -0.042644808151 0
0.127120740741 0.616348148148 0.033201407407 0
0.056008177059 0.718400183319 0.189751653263 0
0.062552485283 0.737634686980 -0.107446427502 0
0.073594277255 0.611997706221 0.215963015099 0
-0.048192680329 0.708082565733 -0.097633333767 0
0.087227344913 0.517934410853 0.225633454117 0
-0.144689435589 0.691598502268 -0.092116147734 0
0.001616076581 0.305590502992 0.094460989920 0
-0.033165638901 0.334333140333 -0.086842294104 0
0.036365274714 0.016658760224 0.085911597023 0
0.073594198097 0.071725882882 -0.086778175893 0
-0.004262363321 0.025179038327 0.084192243879 0
0.031889034286 0.074096275700 -0.093632628263 0
0.034743481240 0.990544686309 0.070026433579 0
0.003685775348 0.912571092441 0.196849655824 0
0.063378691007 0.932153155458 -0.087412975819 0
0.035579662096 0.899192352575 0.054622314058 0
0.095538548526 0.764319019120 0.048935847565 0
0.072158325474 0.571687339480 0.091694601136 0
0.087113410508 0.582281220204 -0.047188546827 0
0.124297037037 0.629474074074 0.029032407407 0
0.058833670030 0.735782240482 0.182565598069 0
0.070868897560 0.751374873629 -0.110831114442 0
0.069165138208 0.628657876877 0.209684319084 0
-0.040870684233 0.725945543339 -0.100744915598 0
0.077985408888 0.534068448767 0.220193461971 0
-0.137856962249 0.714834377001 -0.094673061271 0
0.017566798544 0.312927893698 0.089908657792 0
-0.032116330093 0.345516711192 -0.089752939546 0
0.039475644671 0.018537301413 0.086165713563 0
0.075456917358 0.081283617282 -0.092447811252 0
-0.001018601545 0.027581043321 0.084024909448 0
0.033625220296 0.083872582321 -0.098391660916 0
0.036049570685 1.005684249823 0.060293843758 0
0.002005921057 0.934424563048 0.186038001081 0
0.066413870535 0.951523035913 -0.097354312489 0
0.035821528000 0.919769477475 0.044381512941 0
0.093467101914 0.783821646686 0.040546997614 0
0.071331018749 0.589084817352 0.086556966141 0
0.084265820994 0.600588266603 -0.052456613093 0
0.121385555556 0.648262962963 0.023495148148 0
0.062163838745 0.758937719733 0.176817614236 0
0.086898744851 0.770915989101 -0.113063041214 0
0.058914006795 0.651144951713 0.203046439921 0
-0.023955115197 0.741172238519 -0.105262566920 0
0.056295146542 0.556024757131 0.213760018676 0
-0.120542968679 0.726490633649 -0.101219465391 0
0.040648633885 0.326409790013 0.086012485747 0
-0.025611697133 0.358554170944 -0.090289387872 0
0.044494152764 0.022068903514 0.087283930353 0
0.076939788503 0.088209239954 -0.096804947693 0
0.003672192618 0.029474145705 0.085073445229 0
0.034892682097 0.090695187215 -0.101022041116 0
0.037493830738 1.026385122063 0.049573816845 0
0.002868948438 0.956140500063 0.175396439004 0
0.069367783432 0.968697135761 -0.107750485693 0
0.037313965984 0.939191585010 0.034148067392 0
0.092415876567 0.802149306698 0.032196696018 0
0.071073809526 0.605494236517 0.081127436905 0
0.080718415408 0.617310019668 -0.058126943677 0
0.118312962963 0.665862962963 0.017030777778 0
0.061648980706 0.779971045375 0.172420903320 0
0.106043868197 0.790127845641 -0.115042469264 0
0.039645909007 0.673450879625 0.194491532362 0
-0.000873932836 0.747751730100 -0.112403333199 0
0.019156658107 0.580095140037 0.202203646014 0
-0.095119346573 0.721034830207 -0.111877515788 0
0.051982733608 0.341730861241 0.083198154367 0
-0.015994974228 0.368844930421 -0.089694505970 0
0.047101390751 0.029570597153 0.089939745004 0
0.077333323543 0.090659520367 -0.099226222335 0
0.006034755430 0.035840903509 0.089330640605 0
0.035161503616 0.094013185041 -0.100714007654 0
0.040110137085 1.045949681524 0.037838581563 0
0.005826523554 0.974156344779 0.165147053508 0
0.071712806182 0.980545485854 -0.118349192954 0
0.039460123322 0.954111745530 0.024108681262 0
0.091545007414 0.815898519924 0.023948517321 0
0.070971487251 0.617889117884 0.075663656423 0
0.076526311079 0.629256583990 -0.063850996255 0
0.115118148148 0.678955555556 0.010041518519 0
0.056349740670 0.795423156661 0.166361453911 0
0.123312205764 0.805553923254 -0.117480531055 0
0.012818635534 0.694507624350 0.181817577810 0
0.024638705947 0.746567797233 -0.121757651135 0
-0.026891880014 0.607199477356 0.184255621820 0
-0.063850535109 0.704564249405 -0.126280047737 0
0.047590697626 0.354525250081 0.081380910967 0
-0.005191048780 0.374772061675 -0.089243757019 0
0.058560952232 0.040165092493 0.094352898686 0
0.074916791564 0.089560436631 -0.100023806334 0
0.017290267213 0.043584023095 0.097699203836 0
0.032752592520 0.092935366011 -0.098376645581 0
0.043229128957 1.060954146872 0.026151739018 0
0.010647166658 0.984987394950 0.155006645168 0
0.074231362791 0.986147154688 -0.129084273518 0
0.042717078375 0.962331856698 0.013999287959 0
0.091661173500 0.822959949125 0.015025096324 0
0.070410193300 0.623952568553 0.070096911012 0
0.070129065284 0.634288903248 -0.069608116877 0
0.110864444444 0.685188888889 0.002289322222 0
0.045179654427 0.802485536856 0.155455924183 0
0.135813111322 0.814575907225 -0.121581281855 0
-0.020774630695 0.713601859691 0.163672842689 0
0.049943570504 0.738890713089 -0.133083009272 0
-0.079165009978 0.637539197448 0.159966070474 0
-0.028385452604 0.680949909999 -0.145042069628 0
0.037645439498 0.361843151468 0.082942126911 0
0.004932967072 0.374597112004 -0.089470987700 0
0.086015219688 0.053232032117 0.093122076317 0
0.071162328882 0.083247846478 -0.100872344359 0
0.044988348278 0.052060182405 0.099570244821 0
0.029184234446 0.086637593354 -0.096597748289 0
0.046411119587 1.069209348262 0.014702794361 0
0.016822063158 0.985901646939 0.146227333407 0
0.075342035569 0.983441616059 -0.138941574782 0
0.046142382312 0.961446670241 0.004922342562 0
0.093055624572 0.821359336903 0.006416222260 0
0.069436403668 0.622635043771 0.064862580377 0
0.064655374564 0.631351391274 -0.074871383684 0
0.107730740741 0.683033333333 -0.004922037037 0
0.029200517181 0.800595220959 0.143412171362 0
0.146471912609 0.815822868403 -0.127548786778 0
-0.057348387772 0.731121495628 0.144106492730 0
0.076908504083 0.725801390039 -0.144612842938 0
-0.132708207145 0.672614462574 0.133862273086 0
0.012752202377 0.653603761337 -0.162809071233 0
0.028131333923 0.362337197743 0.086744028086 0
0.012854004458 0.368456712404 -0.091838916670 0
0.119002136120 0.068047829491 0.083554617393 0
0.066777249983 0.071595922364 -0.102394531218 0
0.078154039515 0.064762643750 0.090395439343 0
0.025221118043 0.077169597140 -0.096568296108 0
0.048948395663 1.068346358079 0.004665007367 0
0.024157300437 0.977997344341 0.138044611501 0
0.073344843749 0.972647402311 -0.148841966826 0
0.048666557033 0.952109323405 -0.003919940946 0
0.094306596369 0.811567920825 -0.002264734345 0
0.068475627849 0.614218014776 0.059846996927 0
0.061527577681 0.620951365520 -0.079905642590 0
0.106642222222 0.672900000000 -0.011455444444 0
0.010693744107 0.792887595408 0.130782637136 0
0.154798346019 0.809928130737 -0.135686541389 0
-0.089918967161 0.746453617151 0.124556760777 0
0.100883749367 0.710197006172 -0.155206670640 0
-0.176994783891 0.709756644223 0.108199580182 0
0.051293282147 0.628039479326 -0.176820726079 0
0.018646662946 0.356473473946 0.091857950004 0
0.020925312205 0.356001300970 -0.095326752546 0
0.151919575906 0.083974059914 0.072874492122 0
0.065530439783 0.053646170370 -0.103755583929 0
0.111397078310 0.077953150378 0.079790569298 0
0.023820536638 0.057032334615 -0.097372728830 0
0.051517619094 1.059009795649 -0.004344663153 0
0.028486455270 0.963633153566 0.129526596614 0
0.072100633684 0.955559420284 -0.158196470575 0
0.050122528552 0.936397578478 -0.012652625570 0
0.095163020565 0.795657715535 -0.010345932571 0
0.067309426045 0.599573546713 0.054002085258 0
0.059709867495 0.605507352350 -0.085752880041 0
0.106412222222 0.656862962963 -0.017922851852 0
-0.011773032195 0.782807694842 0.116074833997 0
0.163159381553 0.798000463803 -0.145204963297 0
-0.120089036961 0.761660768366 0.104317106573 0
0.121047647760 0.692796395693 -0.165024708888 0
-0.212350958301 0.747555770694 0.082692853262 0
0.081822518625 0.605379541301 -0.187318613084 0
0.009592343768 0.345198644744 0.097614272195 0
0.029229924020 0.339085133105 -0.098984109660 0
0.181539539102 0.100102894765 0.067430517641 0
0.066040417829 0.036303412425 -0.103135853813 0
0.142464177749 0.088430788907 0.075369936171 0
0.024150498940 0.035383713675 -0.097109925041 0
0.053819517231 1.043262863426 -0.013442381971 0
0.029929325578 0.944927764788 0.120930773128 0
0.069782915159 0.934315985982 -0.167254977159 0
0.049715515007 0.916438940633 -0.021272324744 0
0.094797555514 0.775709442496 -0.017818855792 0
0.065353138078 0.580602079829 0.048445154563 0
0.058032046882 0.586613989040 -0.091321337260 0
0.105975555556 0.636811111111 -0.023490000000 0
-0.033340808191 0.771600430226 0.099620023794 0
0.168410050667 0.781348648838 -0.154646190524 0
-0.143268201868 0.775061821714 0.084727729469 0
0.133499727382 0.673452785487 -0.173981867008 0
-0.235242677514 0.782398391431 0.059504110402 0
0.099499263500 0.583695418085 -0.195456381915 0
0.003038156015 0.329630191097 0.103851194526 0
0.029127673541 0.319909570546 -0.102192475966 0
0.207299670726 0.115296599628 0.068470345108 0
0.061986223493 0.025232401621 -0.099468466900 0
0.171224729740 0.097016908198 0.077989158092 0
0.020045907591 0.026213233602 -0.093814190775 0
0.054429246854 1.023248570200 -0.022176550025 0
0.027724478977 0.927194594632 0.113414449812 0
0.065374294933 0.914649498101 -0.174989879268 0
0.046626230868 0.897754436701 -0.028715168195 0
0.093092362221 0.757495928742 -0.024139485173 0
0.063039131911 0.563327751164 0.043656325285 0
0.056239358849 0.569802439218 -0.096115829189 0
0.105176296296 0.618707407407 -0.028050407407 0
-0.052452481379 0.761724158907 0.087131133806 0
0.165948455978 0.762985018337 -0.162027499090 0
-0.159715868535 0.784287031540 0.069716309768 0
0.132874009077 0.654332597229 -0.180326371595 0
-0.247817800423 0.809050764283 0.042284511859 0
0.099863221687 0.563936115288 -0.200565373944 0
-0.004309532119 0.315804778507 0.107971258604 0
0.020596585407 0.303855282614 -0.105421413221 0
0.224770600680 0.129713815330 0.072503746885 0
0.060148436716 0.018031471583 -0.096042585909 0
0.191537257589 0.107536969869 0.083900620093 0
0.018111664005 0.019774924094 -0.091374279877 0
0.052849362936 1.004461945230 -0.029332867900 0
0.025182136465 0.912447890564 0.107216962429 0
0.061589962976 0.898649922742 -0.181289591003 0
0.043759552870 0.882396773862 -0.034827528569 0
0.091886617899 0.742715999179 -0.029443039360 0
0.061645846105 0.549243032520 0.039431937232 0
0.054883523904 0.556098631166 -0.100323869198 0
0.104645555556 0.604066666667 -0.032189962963 0
-0.060959916150 0.750489885814 0.078083232158 0
0.156685610472 0.743562667282 -0.167503343758 0
-0.164709719181 0.784584781507 0.058301675075 0
0.118407469879 0.636396871900 -0.184367288680 0
-0.248970186845 0.819615197532 0.029802641691 0
0.081700336612 0.547059879174 -0.203222130884 0
-0.012672693292 0.304776726044 0.107643775554 0
0.007439841887 0.291962060282 -0.108439302450 0
0.232162702824 0.140254450468 0.078686996073 0
0.058986677389 0.014521613391 -0.094325133437 0
0.202093063752 0.114356684314 0.090986540815 0
0.016904804243 0.016520883014 -0.090196956918 0
0.050987071022 0.988976612573 -0.034844919920 0
0.024990155724 0.905947729965 0.103084865558 0
0.058525911288 0.891249078650 -0.185725189442 0
0.042318309598 0.875458527653 -0.039024145642 0
0.091543590418 0.736165810394 -0.033312270468 0
0.062623497683 0.543079171406 0.037171991415 0
0.055089928777 0.549645697125 -0.102558247777 0
0.105388518519 0.597607407407 -0.034815000000 0
-0.059257447056 0.743012578951 0.073859863234 0
0.142100298881 0.729673156318 -0.171802450745 0
-0.161279665490 0.779707027603 0.050136922313 0
0.094855646080 0.625715782504 -0.185763954848 0
-0.243699799863 0.817356023549 0.019406745157 0
0.049888085355 0.539819405469 -0.202200546502 0
-0.020148679237 0.300564252669 0.102556669326 0
-0.001753777925 0.287341189168 -0.109631395055 0
0.231496665173 0.146900499287 0.083890470402 0
0.057186049652 0.014271372832 -0.093582963533 0
0.204252444946 0.118219103178 0.096590323475 0
0.015062029868 0.015504449448 -0.089586784454 0
0.048994630544 0.981946811450 -0.037827718449 0
0.027932931968 0.907719301031 0.102312125569 0
0.054899327307 0.892807018069 -0.187174285960 0
0.042104087270 0.877127787218 -0.040124404430 0
0.092200467455 0.738123935223 -0.034771759703 0
0.064717320096 0.546165737052 0.038289547015 0
0.056891918670 0.551103761033 -0.101491684475 0
0.107504074074 0.599692592593 -0.034432333333 0
-0.044071561093 0.738387889838 0.076977387887 0
0.124160991222 0.724610172015 -0.173105082672 0
-0.147492941953 0.767909542224 0.049586083368 0
0.065046362911 0.626330938924 -0.182092265105 0
-0.230506035893 0.798972030135 0.014068006898 0
0.009185463331 0.546393558613 -0.193990682124 0
-0.027887308937 0.304841598863 0.094208400692 0
-0.001358474780 0.289089395591 -0.107836388117 0
0.222277076998 0.149089333346 0.086187369431 0
0.056757044014 0.016084407371 -0.093590324391 0
0.193232783080 0.121881379971 0.098116851838 0
0.014665343476 0.017955878276 -0.089502622049 0
0.047913072325 0.983547066838 -0.037942077267 0
0.031178972669 0.917310751932 0.105659012398 0
0.050109221849 0.902442908530 -0.184466026196 0
0.041416244821 0.886741911134 -0.037119037979 0
0.092261962771 0.747989884400 -0.032641250836 0
0.065892972245 0.557214033586 0.041321949342 0
0.059734689049 0.560338423893 -0.098594909537 0
0.109600370370 0.609748148148 -0.031576148148 0
-0.020066053885 0.739970904936 0.085064141881 0
0.104953357061 0.728931813008 -0.171377093630 0
-0.126610305116 0.753240020641 0.056956373558 0
0.031400355847 0.640504075938 -0.173523652356 0
-0.211869217500 0.766878160709 0.017209708656 0
-0.036600176500 0.569779861822 -0.178779692185 0
-0.035482280744 0.316948933407 0.085317573040 0
0.010077233480 0.296549228273 -0.104450563136 0
0.204187404713 0.145681506600 0.084687318170 0
0.057400979645 0.017437461155 -0.093992442160 0
0.172867582191 0.120265645962 0.094650200875 0
0.015433801525 0.020852157538 -0.089631389855 0
0.048063849200 0.993120632432 -0.035866038200 0
0.034112220720 0.934216982410 0.111226472104 0
0.044410472103 0.920216358832 -0.179376132287 0
0.040088384267 0.904074611647 -0.031883801435 0
0.091419410954 0.765478544689 -0.028790123473 0
0.065829769717 0.575289879397 0.044732355260 0
0.062723970631 0.576810010569 -0.095312126526 0
0.110666296296 0.627407407407 -0.027778000000 0
0.007185425524 0.751236648373 0.094116012522 0
0.089149278169 0.743671109671 -0.168628396597 0
-0.100304759728 0.738989363623 0.069343898509 0
0.004193953391 0.666375876026 -0.162135628843 0
-0.187460457816 0.729413437211 0.032437265120 0
-0.073956119478 0.607197091093 -0.159736053565 0
-0.039594486389 0.334725472842 0.075625197642 0
0.028466271121 0.310592800804 -0.101612804918 0
0.180384065826 0.137026557577 0.079703292384 0
0.058432242710 0.020855854083 -0.094735787176 0
0.146471368703 0.114028875612 0.086572927352 0
0.016453115295 0.023330591186 -0.089882797823 0
0.048029560333 1.010427915707 -0.031816152013 0
0.036860289261 0.953177699592 0.117455805567 0
0.039592593863 0.940523817953 -0.173378097050 0
0.039070714224 0.923697402796 -0.025899883404 0
0.090399909868 0.785079627913 -0.024380813776 0
0.065429314379 0.594484276564 0.047766151220 0
0.066036989005 0.594398868021 -0.092319669269 0
0.110727407407 0.647051851852 -0.024129851852 0
0.033050334823 0.768181168893 0.101288225431 0
0.077052313227 0.762153274606 -0.165252933479 0
-0.068078510096 0.724892656432 0.086562229503 0
-0.018139656375 0.699292148533 -0.150384035156 0
-0.152865049926 0.689494228935 0.060246439395 0
-0.104132601040 0.653087186398 -0.141567227068 0
-0.039691579885 0.352580160986 0.067050124958 0
0.044644657297 0.326881199117 -0.100165449467 0
0.153367448270 0.125202455596 0.071714886218 0
0.060981262192 0.026916463640 -0.096162893362 0
0.115562953339 0.108167555821 0.074320387947 0
0.018995503091 0.028723668712 -0.091078307789 0
0.047891050163 1.030043865462 -0.026004337538 0
0.038346295749 0.970344794447 0.124873330344 0
0.035457510410 0.959877637191 -0.166045968877 0
0.037762832407 0.941942297898 -0.018715614908 0
0.089134735139 0.803340201221 -0.018983372550 0
0.065524915002 0.611632792729 0.050773423247 0
0.070361330275 0.610467996134 -0.089225383896 0
0.110862962963 0.665388888889 -0.020212814815 0
0.059199668593 0.786488547589 0.108698037351 0
0.067459965548 0.780341481551 -0.160762856626 0
-0.026115568411 0.715510071078 0.109774953826 0
-0.034484648897 0.732077382233 -0.138135689593 0
-0.099468621075 0.655616374126 0.096855577001 0
-0.125487744557 0.699351138221 -0.122570513908 0
-0.035770587143 0.367497639874 0.059555426066 0
0.059266799846 0.342404652092 -0.099415883138 0
0.124528806082 0.110664837063 0.064526092794 0
0.064986559088 0.033889975504 -0.101462345927 0
0.083799424088 0.102560564966 0.063263356598 0
0.022835821208 0.035887915040 -0.098108765500 0
0.046640217724 1.048256889182 -0.019214489970 0
0.035850176881 0.980792050794 0.132710139403 0
0.034766374760 0.973765072950 -0.158324896419 0
0.036109522850 0.954087389456 -0.011205187233 0
0.087432111081 0.815493517558 -0.012881860920 0
0.065174763035 0.622473644585 0.053634486416 0
0.074482795717 0.620999037134 -0.086135323363 0
0.110644074074 0.677681481481 -0.016143296296 0
0.081016769180 0.801291067016 0.117250561996 0
0.061608104064 0.793316581448 -0.156546392962 0
0.017737844257 0.711781233835 0.134616072826 0
-0.044111534576 0.758975432892 -0.126912630007 0
-0.036934566613 0.633168473017 0.137942881197 0
-0.137378292950 0.740166340508 -0.104427990638 0
-0.029762793304 0.375643533318 0.054911888405 0
0.063224515577 0.353098950842 -0.099835184380 0
0.094970743796 0.094482226215 0.059878154922 0
0.072276791117 0.044156462675 -0.109759813116 0
0.053823780744 0.090195627454 0.056042950989 0
0.029977532277 0.045740236085 -0.110192630980 0
0.044650469122 1.060385092209 -0.011850258464 0
0.031984119289 0.983774916532 0.140539485216 0
0.035574840289 0.981698260767 -0.150552835782 0
0.034452229858 0.959518039450 -0.003787711745 0
0.085378477327 0.820817016500 -0.006932583469 0
0.063191360943 0.626487247121 0.056193762398 0
0.076818983273 0.625962872618 -0.083227995610 0
0.109481481481 0.683100000000 -0.011898259259 0
0.099389658047 0.811129245290 0.128308854941 0
0.058620715663 0.800718230136 -0.151197609197 0
0.061066821116 0.711141112554 0.157489790902 0
-0.049239283232 0.782611440961 -0.115525754614 0
0.028078725931 0.622750796323 0.176194309765 0
-0.142873911661 0.779063952819 -0.088357200081 0
-0.021108750333 0.375840487394 0.053100501236 0
0.061322803956 0.358532077278 -0.101270429731 0
0.069035786600 0.078065091711 0.057559629776 0
0.090859430469 0.055189257321 -0.115791131566 0
0.028023084656 0.074081072319 0.052245294886 0
0.048678414604 0.056847520319 -0.118943120198 0
0.043207192932 1.065852472319 -0.003645619397 0
0.029009758116 0.981035455300 0.147071567213 0
0.038316113760 0.983308583131 -0.143892639787 0
0.034293058945 0.958937115024 0.002473581309 0
0.084853986835 0.820103646401 -0.001568756693 0
0.059564655625 0.624763464644 0.058392723569 0
0.076922913568 0.626199520226 -0.080607428556 0
0.107744444444 0.682255555556 -0.007619925926 0
0.110143755812 0.814092500273 0.140219782376 0
0.064130408244 0.802714547471 -0.146064292703 0
0.091613149337 0.710891055398 0.176604833445 0
-0.043932341398 0.795345547978 -0.107305340555 0
0.076262380529 0.619724669728 0.203256674338 0
-0.136470832104 0.802919126192 -0.078777583856 0
-0.010044662772 0.369678636218 0.053279184040 0
0.056343951370 0.359455490860 -0.103168909257 0
0.052945392050 0.061313125072 0.057102908162 0
0.114186537587 0.065630087682 -0.121646230361 0
0.011985481204 0.057617208089 0.051205265608 0
0.072232515566 0.063892218719 -0.127009327936 0
0.042375475933 1.065365789002 0.004347642923 0
