0.038054899343 0.953894017586 0.154309322532 0
0.108609554345 0.949269727306 -0.158720068414 0
0.076278353655 0.947703377656 -0.013119176371 0
0.099043143363 0.800507058954 -0.004857597643 0
0.047166847467 0.596683040597 0.058071782868 0
0.064127663992 0.591701710422 -0.063804897654 0
0.097878518519 0.655651851852 0.001327470370 0
0.090615415500 0.792727543227 0.161872681034 0
0.179726268720 0.799920363066 -0.129769026807 0
-0.010222220778 0.773486963748 0.086549037630 0
0.073217418508 0.737517978530 -0.129375053773 0
-0.094144882767 0.764913255042 0.029432897546 0
-0.024046507349 0.703661705915 -0.137971421613 0
0.049076916074 0.349127973392 0.069154201483 0
0.049997039765 0.350693900936 -0.072721162770 0
0.064128548128 0.027278341436 0.104214194416 0
0.049607560225 0.028751460945 -0.106813943034 0
0.014452995529 0.042486482486 0.096297680109 0
0.004095663580 0.043998023510 -0.101063063346 0
0.066812420611 1.062167250763 -0.009980298911 0
0.042901561301 0.951668101404 0.159880285164 0
0.100119877416 0.949510670184 -0.155885692723 0
0.074046098079 0.946804607686 -0.009051721824 0
0.099523249509 0.800004065957 -0.001802936893 0
0.051514390679 0.596473276371 0.064129632139 0
0.066184433181 0.591016888170 -0.058023656328 0
0.101086296296 0.655262962963 0.006204592593 0
0.102509860901 0.792935799124 0.166614640332 0
0.176143299532 0.801185605790 -0.135365043736 0
-0.000027945427 0.766449867448 0.095928193672 0
0.070515238314 0.738250068239 -0.124402435435 0
-0.085433849210 0.751712973038 0.042294810179 0
-0.027094046115 0.703778147327 -0.121309413802 0
0.047201472597 0.348863044435 0.073104677592 0
0.051768302523 0.350122826505 -0.069255966397 0
0.062851687651 0.026492702722 0.104158017986 0
0.049691655321 0.028697676864 -0.107013408492 0
0.013022386149 0.041386743511 0.096619613654 0
0.004230303568 0.043948259135 -0.100885744933 0
0.061413088753 1.060946320404 -0.005655259595 0
0.046225084715 0.949233716377 0.165896718623 0
0.092281869021 0.949132977472 -0.151696583369 0
0.071461513394 0.945480325978 -0.004046487935 0
0.099902404239 0.799186731249 0.002216373719 0
0.055711704722 0.596050359526 0.070252539900 0
0.068527455995 0.590121827654 -0.052087221550 0
0.104407777778 0.654607407407 0.011357074074 0
0.111621441815 0.792722239388 0.170578465804 0
0.173527605786 0.802692616504 -0.139233300911 0
0.007260757146 0.759239725125 0.105772225530 0
0.071111495548 0.736990911882 -0.118434878910 0
-0.080027499500 0.738723726020 0.057392615042 0
-0.024711315973 0.700014070495 -0.104292693621 0
0.044570301715 0.348593955431 0.077406341293 0
0.052147251781 0.349515092836 -0.066371010548 0
0.061520105782 0.026023698496 0.103986174779 0
0.049146543401 0.028192793121 -0.107297878189 0
0.011542158768 0.040620188537 0.096861108478 0
0.003693130342 0.043372392415 -0.100939416895 0
0.055344228751 1.059150663959 -0.000252911485 0
0.046677028444 0.947088141031 0.172488845042 0
0.085428776760 0.948585000158 -0.146074813298 0
0.068080486919 0.944202635313 0.002003583071 0
0.099912612131 0.798580453898 0.007471156671 0
0.059389671231 0.596043588277 0.076585588628 0
0.070929515053 0.589641662818 -0.045857277875 0
0.107693703704 0.654214814815 0.016989111111 0
0.117994028119 0.793139981206 0.175368836640 0
0.171760747619 0.804638785103 -0.140853659057 0
0.011827523566 0.753970314596 0.117003688024 0
0.074155712096 0.734698007025 -0.112219892515 0
-0.077208820319 0.729270315519 0.074285146935 0
-0.018354014380 0.693433106437 -0.089437580588 0
0.043037152854 0.348826329283 0.081704344499 0
0.050549521011 0.349685577530 -0.065084121985 0
0.060830116582 0.026018303397 0.103874110444 0
0.047981740911 0.027199544976 -0.107783305028 0
0.010692523596 0.040241825148 0.097126334692 0
0.002351179460 0.041870796051 -0.101500847151 0
0.047723031257 1.057154729631 0.006004782124 0
0.045552118443 0.944581212553 0.178242411277 0
0.079848302614 0.947236514439 -0.140824139967 0
0.064664279818 0.942333713748 0.007475515293 0
0.100412778211 0.797600981755 0.012363198307 0
0.063014433875 0.595922490384 0.081676993909 0
0.073984825598 0.588994515001 -0.040789580571 0
0.111499259259 0.653514814815 0.021666518519 0
0.121932813719 0.793063268166 0.179899706002 0
0.168529028959 0.804634096688 -0.139700886128 0
0.014325056305 0.750043161251 0.127155787016 0
0.076075657495 0.729479042111 -0.107414048866 0
-0.075894287686 0.722970861221 0.088743613063 0
-0.013036097413 0.683780355586 -0.080477486146 0
0.041610071934 0.349074523173 0.085909491615 0
0.044712554063 0.350442011058 -0.065279895800 0
0.060169242273 0.026120692840 0.103761831991 0
0.046182201890 0.026401616758 -0.108217847097 0
0.009826686227 0.039754606882 0.097330446627 0
0.000315731670 0.040472334786 -0.102289539821 0
0.038949600597 1.054129517810 0.012434632416 0
0.042531804104 0.939318381071 0.183053251823 0
0.075877875004 0.943507802447 -0.136097545298 0
0.061270187232 0.937922343848 0.012235855739 0
0.102148242678 0.794544807604 0.016845055279 0
0.066990197552 0.593930765363 0.085800197694 0
0.078655884473 0.586444656201 -0.036569235257 0
0.116372962963 0.650851851852 0.025881555556 0
0.122640975642 0.789731888245 0.183973310254 0
0.166416004465 0.802087604632 -0.134058615176 0
0.013306656807 0.746379244732 0.135202057760 0
0.078716667144 0.720667588536 -0.103760839740 0
-0.078153653993 0.718817523783 0.100157282228 0
-0.007447710975 0.669559277632 -0.077522900347 0
0.037743055808 0.347883864001 0.089738051580 0
0.033143073732 0.351186587894 -0.067329012780 0
0.059226190576 0.025922587323 0.103721059358 0
0.043630381066 0.026028146278 -0.108649298454 0
0.008664896203 0.038833343365 0.097517256592 0
-0.002600098718 0.039040412394 -0.103145963744 0
0.029614571282 1.048065126786 0.018830984712 0
0.037150556407 0.931403573359 0.187846193412 0
0.074688584438 0.937418402374 -0.130809516223 0
0.058274494408 0.931022256331 0.017302086015 0
0.104593918485 0.789308329310 0.022061551740 0
0.071093192201 0.590231252271 0.089719955129 0
0.085281117958 0.581684614465 -0.032313097555 0
0.122403333333 0.646125925926 0.030458111111 0
0.118384267027 0.782430855533 0.189476626034 0
0.169601281984 0.798908805222 -0.128042963448 0
0.006838170673 0.743026859720 0.142392939403 0
0.087002604335 0.710648543946 -0.103024316119 0
-0.086114912664 0.717322786698 0.109707472652 0
0.003970851421 0.652541550432 -0.081310567106 0
0.031741632812 0.345595197959 0.093545574991 0
0.015330489979 0.353675181534 -0.070816950585 0
0.057647899510 0.025472735611 0.103621333925 0
0.040671195263 0.026614244155 -0.108883245948 0
0.006857211183 0.037524633390 0.097565178519 0
-0.006167403193 0.037700338630 -0.104399137629 0
0.020651448518 1.039079940465 0.025057112047 0
0.028986281204 0.922627835656 0.191818309163 0
0.075354075973 0.931937491334 -0.125593254770 0
0.054980830641 0.924054736208 0.021953933611 0
0.106540758755 0.784154313466 0.026717651701 0
0.074581579731 0.586436088532 0.092271617561 0
0.089583961406 0.577173935368 -0.029611725293 0
0.127050370370 0.641411111111 0.033164222222 0
0.109853333401 0.773479333573 0.194931009481 0
0.177362031232 0.798580733785 -0.122226542317 0
-0.003664043641 0.740537308472 0.147594890753 0
0.100122871623 0.703457761030 -0.107257231673 0
-0.097987230848 0.720024826980 0.115294032738 0
0.019749789432 0.640066743268 -0.094520575305 0
0.024818793513 0.343737751430 0.097853905498 0
-0.007843275782 0.360845494160 -0.075151570887 0
0.055408715816 0.025347151167 0.103439537255 0
0.039236397080 0.030211411821 -0.108747390422 0
0.004346980924 0.036277715035 0.097536886796 0
-0.008624152653 0.036758104528 -0.106911194001 0
0.011324924189 1.029682373211 0.030794034095 0
0.019876495636 0.911032205052 0.194405458122 0
0.077346020141 0.925892131381 -0.120972377722 0
0.051917245496 0.915465987293 0.025629302666 0
0.107538735632 0.777108378019 0.029940013857 0
0.078016402902 0.580595713714 0.093311270445 0
0.092998189019 0.571054090027 -0.028553046337 0
0.131185185185 0.634888888889 0.034199148148 0
0.097708881742 0.760420068590 0.201654508524 0
0.187387210259 0.799061604014 -0.118535929941 0
-0.017050355419 0.737127587661 0.151655929916 0
0.115704434494 0.698617788265 -0.115224205253 0
-0.112042588493 0.724773811717 0.117344221027 0
0.038192076792 0.631539560274 -0.112679882710 0
0.017697733184 0.340338034055 0.100231177336 0
-0.031269788139 0.370762996039 -0.081514221554 0
0.054027678483 0.024475281940 0.103409017011 0
0.038747712270 0.039258579196 -0.106532449853 0
0.002770253108 0.034414999228 0.097451027149 0
-0.009531292056 0.041043323715 -0.108210380655 0
0.004481347878 1.019237410462 0.035215285869 0
0.010451456607 0.904449802094 0.195029550772 0
0.081304644698 0.924950565755 -0.117294459553 0
0.049711134908 0.911923508913 0.027893438297 0
0.107843301976 0.774591017728 0.032016716376 0
0.081225141376 0.578625392388 0.092856612379 0
0.095659860326 0.569986298451 -0.029140982463 0
0.134670000000 0.632929629630 0.034004185185 0
0.083499937075 0.751840522628 0.208020779749 0
0.204881718140 0.811251394123 -0.118773568119 0
-0.031243486678 0.739286744645 0.154276669297 0
0.139175500006 0.706925122205 -0.124862071249 0
-0.125786983842 0.735874142694 0.116822192227 0
0.065507413554 0.636088416875 -0.130497258766 0
0.015833835849 0.339728384315 0.100741811073 0
-0.050018638946 0.386246636212 -0.087291218302 0
0.053328251818 0.024439152842 0.103492922268 0
0.036118496998 0.056753456454 -0.100172976105 0
0.002012721361 0.033894220786 0.097252946057 0
-0.011984008494 0.054136731235 -0.104193515625 0
-0.001225881139 1.013826165932 0.037640294436 0
0.003048006841 0.901386531198 0.193530152711 0
0.084393336039 0.927240723777 -0.115826019270 0
0.047962511285 0.911740725612 0.027979143425 0
0.107971944614 0.775211180096 0.031840652539 0
0.084453570707 0.579198472393 0.090900335969 0
0.097517634186 0.572362887623 -0.031365821363 0
0.137567407407 0.634107407407 0.032309888889 0
0.074097394679 0.748274129300 0.210937667782 0
0.219416976266 0.827612867608 -0.122450921341 0
-0.040541947822 0.745947367784 0.155579855539 0
0.158924008066 0.720808492879 -0.135557191649 0
-0.134173248677 0.751563953825 0.116176978809 0
0.088869990440 0.647194553424 -0.147392719516 0
0.018065987911 0.340576546749 0.098789893327 0
-0.063242101891 0.402399241902 -0.091636916821 0
0.053311327669 0.023686638747 0.103892370975 0
0.032415177943 0.073885121306 -0.094001441391 0
0.002047231454 0.033095797577 0.097178247915 0
-0.015256633931 0.067229901272 -0.098470157358 0
-0.005590109520 1.012060378756 0.038085436193 0
0.000279944018 0.907562055085 0.190677654625 0
0.084212409016 0.935620994271 -0.117794030057 0
0.046608126808 0.919107847346 0.025595696532 0
0.107902633913 0.783146373566 0.029282760805 0
0.087227433110 0.586506671614 0.088003316722 0
0.097656169943 0.581744799960 -0.034613868977 0
0.139090000000 0.642400000000 0.029223037037 0
0.067993910194 0.753169020142 0.209966362557 0
0.229271955707 0.851750569757 -0.128950296378 0
-0.045985810256 0.760927573222 0.153747964993 0
0.173883266345 0.742710013940 -0.145701363868 0
-0.138675558828 0.774389720102 0.113992344240 0
0.108197559077 0.665268326810 -0.161309894330 0
0.026430481479 0.346374407274 0.095088933041 0
-0.068210405221 0.415648165778 -0.091746398371 0
0.054928346155 0.024694377542 0.104672619984 0
0.029896496235 0.084105651640 -0.088439028713 0
0.003704293697 0.033857828608 0.097341392708 0
-0.017781925033 0.076893977127 -0.091848269023 0
-0.010670127937 1.017188667915 0.036719817750 0
0.001610745788 0.920822015003 0.185982293255 0
0.081631626847 0.948263419664 -0.123582515636 0
0.045866720315 0.932045990717 0.020310660756 0
0.107722051873 0.796334926935 0.023923711824 0
0.089348264353 0.598546736911 0.084508340310 0
0.095017452838 0.595463350595 -0.038474427723 0
0.138552222222 0.655537037037 0.024508444444 0
0.067513602858 0.765732437530 0.205944284565 0
0.235137575335 0.881744417943 -0.138147152998 0
-0.045171703680 0.779948020810 0.148394141847 0
0.187739412265 0.769026006822 -0.155068202490 0
-0.136888197341 0.799072453049 0.109317702710 0
0.127383879715 0.687652116057 -0.170702051087 0
0.035694000038 0.356740758939 0.092322980492 0
-0.066057103715 0.422324003122 -0.087887909144 0
0.056062165273 0.026924382131 0.105742559836 0
0.029732193417 0.084126503046 -0.085927294058 0
0.004657925276 0.034626948642 0.098003447578 0
-0.017631135684 0.074662657459 -0.087930717768 0
-0.014074315124 1.028241371743 0.033503688907 0
0.006022923782 0.935368848620 0.182132692235 0
0.077260399210 0.960274124823 -0.129783470076 0
0.045591032484 0.945240878746 0.015193881523 0
0.107563818723 0.809573310230 0.018170627234 0
0.092026164336 0.610953467017 0.081192499706 0
0.091265514150 0.607980619974 -0.041921235491 0
0.137319629630 0.668555555556 0.018747222222 0
0.073408133261 0.781018208682 0.202858478160 0
0.234911877160 0.904537629803 -0.145289504246 0
-0.038754089563 0.794583761856 0.144141431380 0
0.192779555074 0.789423810631 -0.159850550066 0
-0.129877119064 0.814909009129 0.105277404005 0
0.135924236300 0.705518303435 -0.173878607616 0
0.040143970883 0.368888673499 0.092276425225 0
-0.057045820937 0.421445678933 -0.081574762620 0
0.056952795004 0.029107616014 0.106751883268 0
0.030878567247 0.076379020632 -0.087049372645 0
0.005138046466 0.033082645582 0.098938417145 0
-0.015719590581 0.063537579172 -0.087805740104 0
-0.017090395923 1.039623337542 0.028953095171 0
0.013078775541 0.947292794016 0.178935333487 0
0.070797365189 0.967630924504 -0.136091122317 0
0.045403152563 0.954717018016 0.010318388089 0
0.106904302970 0.818823928687 0.012264729130 0
0.093949311583 0.620894043562 0.078662010828 0
0.086272221038 0.615946816193 -0.044150836320 0
0.135501111111 0.677570370370 0.012858111111 0
0.083013138779 0.794094704799 0.199767400275 0
0.229907305138 0.916225949137 -0.151664753539 0
-0.029667591014 0.803715812621 0.141264686987 0
0.187370596241 0.800654491422 -0.160162667522 0
-0.121456066034 0.820571550539 0.102009207880 0
0.130830110431 0.715874170695 -0.171311344759 0
0.037819350055 0.380049410267 0.094576460079 0
-0.043134219821 0.414129887204 -0.073947460224 0
0.056437394901 0.030501734370 0.108413678016 0
0.032805810621 0.064086671148 -0.092781683681 0
0.004396256931 0.028760345446 0.101320949174 0
-0.012762225541 0.047990882578 -0.093940430480 0
-0.018746644002 1.048210041470 0.023584790068 0
0.023163011917 0.953147415157 0.175158064259 0
0.063029836258 0.966715316156 -0.142982300012 0
0.045879560805 0.956926599623 0.004860281248 0
0.105726183952 0.820283606446 0.005775592748 0
0.095379454656 0.622653513204 0.074333746880 0
0.081760788734 0.617006402739 -0.047932561989 0
0.133800000000 0.678859259259 0.006262555556 0
0.097055629026 0.801681888491 0.194970183695 0
0.220480945144 0.910972392101 -0.160385092921 0
-0.016762979938 0.802742588875 0.137906366677 0
0.173052374105 0.797003839561 -0.160603416298 0
-0.109704656256 0.812689074125 0.098659267222 0
0.112754381018 0.714568902374 -0.166547912210 0
0.026190922575 0.385829038084 0.097509050025 0
-0.024826731130 0.401120006485 -0.067834900543 0
0.057872011665 0.031812011042 0.111248997915 0
0.040435475472 0.050495812984 -0.099534089237 0
0.006025345084 0.024875061056 0.106207056985 0
-0.004694084331 0.033273806820 -0.101428385708 0
-0.015852410289 1.052008478454 0.017424697555 0
0.038343932375 0.955497920240 0.170458466118 0
0.052109771347 0.959612402367 -0.150135226448 0
0.047002086022 0.954183758645 -0.001166031206 0
0.103861089974 0.816263287563 -0.001233481248 0
0.095300723366 0.618524679464 0.069781686628 0
0.075203616172 0.612786439621 -0.051583823664 0
0.130342592593 0.674448148148 -0.000314991852 0
0.116838033656 0.806224125726 0.189178910647 0
0.204286983780 0.891763087169 -0.171100648355 0
0.002108625494 0.795293721370 0.135051568131 0
0.150569512446 0.780904974439 -0.163147026571 0
-0.091877609333 0.795845162406 0.096828130563 0
0.085517704008 0.701974570462 -0.162181153776 0
0.010572287242 0.387711827156 0.100709004397 0
-0.004862667151 0.385189740212 -0.063956020356 0
0.061225453246 0.035817549725 0.115185977586 0
0.046351102096 0.040409479884 -0.103666837083 0
0.009778026334 0.025282291440 0.113239217183 0
-0.001263785637 0.032065242246 -0.103910122633 0
-0.009747986498 1.052078810431 0.010963250078 0
0.056178735976 0.950285330375 0.164657701199 0
0.043074483379 0.945871929767 -0.155959739777 0
0.050339689989 0.944366629092 -0.006988834578 0
0.102890839661 0.804744079755 -0.007596096327 0
0.093411761051 0.606191303269 0.065651211760 0
0.068242935399 0.601385609070 -0.054805600920 0
0.125980000000 0.662270370370 -0.005506074074 0
0.138592875954 0.803077996968 0.182888313665 0
0.186753292764 0.863523418579 -0.183818399314 0
0.023576881505 0.779372516782 0.133680069697 0
0.126806177321 0.757013830338 -0.166486378461 0
-0.070881562479 0.769130992461 0.097497355073 0
0.057134874377 0.682695497510 -0.157125917867 0
-0.007564772163 0.383157102922 0.103984811624 0
0.013001318918 0.366393141570 -0.064336738591 0
0.064109052296 0.039173691070 0.118353794393 0
0.053548289143 0.033882860488 -0.101141406333 0
0.012509161346 0.029220458050 0.118414502000 0
0.005408455017 0.033023942159 -0.096819178547 0
-0.002027990600 1.044798155746 0.004912799900 0
0.073784600930 0.940191765279 0.158223864099 0
0.036201517446 0.931438252126 -0.160363064137 0
0.054727304344 0.931914162422 -0.012363238183 0
0.102930755894 0.790733122957 -0.013502420738 0
0.090033341445 0.590935042755 0.061454466290 0
0.063507900748 0.588348321058 -0.058779131632 0
0.122528518519 0.647729629630 -0.009166703704 0
0.162377445596 0.796388288771 0.174542954945 0
0.165430407669 0.829573512549 -0.193895902297 0
0.049045370629 0.756255033099 0.132623477165 0
0.097997069940 0.729846802060 -0.166588830650 0
-0.044715115216 0.732993825368 0.100901026127 0
0.022944376603 0.662785750063 -0.148976698069 0
-0.023040615392 0.374772076150 0.105018577858 0
0.019971345866 0.350889512062 -0.067824626491 0
0.067611765273 0.040063643526 0.121766200422 0
0.058582365175 0.028725562974 -0.096290189367 0
0.015897716269 0.030740330877 0.122359711900 0
0.010878870796 0.031771984449 -0.089081932736 0
0.006031823813 1.034667390564 -0.001747914139 0
0.084741057510 0.932042258293 0.151327883234 0
0.033071626689 0.920535590782 -0.165191641472 0
0.058056541099 0.922266402888 -0.018153761678 0
0.103410256731 0.780165119366 -0.018154505722 0
0.085704474572 0.578027236801 0.056322733572 0
0.062928085799 0.581176608875 -0.064663735806 0
0.121584444444 0.637055555556 -0.010738407407 0
0.181854014331 0.793270010981 0.161612906387 0
0.142152712649 0.797660801508 -0.199891574025 0
0.071797857607 0.737895750337 0.129466154299 0
0.064585987000 0.708932871923 -0.163161401581 0
-0.019563133553 0.699162584615 0.105640937261 0
-0.016993927633 0.652560410472 -0.138120284910 0
-0.034520102391 0.366404805947 0.102927213145 0
0.020124878840 0.343569766709 -0.073313162861 0
0.071262343307 0.039351433008 0.124621045062 0
0.058309360083 0.025345863530 -0.093366420857 0
0.019833254177 0.028590924180 0.123683217781 0
0.010780671826 0.029598295772 -0.085633139795 0
0.015450090619 1.027726402805 -0.008514981494 0
0.090741932635 0.927330365202 0.148811019571 0
0.033990532902 0.914321675616 -0.166778580421 0
0.061272078020 0.916733443305 -0.020159071399 0
0.104537414871 0.774013916201 -0.019016655660 0
0.082067109771 0.571082558156 0.053882000945 0
0.065322361928 0.576746944909 -0.067994725072 0
0.121942222222 0.630840740741 -0.010210481481 0
0.196630359569 0.794766096332 0.151777561026 0
0.122970622208 0.774180123383 -0.192153203915 0
0.091066562436 0.727322030360 0.128981448540 0
0.031677359911 0.703090317391 -0.149140092806 0
0.003442452689 0.676922813700 0.114405491637 0
-0.057986218679 0.663899209705 -0.119288751234 0
-0.041542130142 0.361203924193 0.099507591102 0
0.017455630920 0.340168320527 -0.078156865904 0
0.074074788960 0.038951705990 0.124907641314 0
0.056226335124 0.023578134984 -0.092212177879 0
0.023414224382 0.025291542432 0.121987640077 0
0.008680554602 0.028069066332 -0.084722630919 0
0.023303250957 1.024189755141 -0.011715512117 0
0.093866850013 0.929265680996 0.151219248246 0
0.037566691207 0.916651478464 -0.164467173718 0
0.064584843159 0.918866851167 -0.017795801794 0
0.106106804917 0.775645922487 -0.016213971915 0
0.079154008513 0.573228856772 0.054595999955 0
0.069549961176 0.578161621386 -0.068081782510 0
0.123004074074 0.632359259259 -0.007449777778 0
0.210441895414 0.806048538459 0.146503393834 0
0.115172257750 0.768488760798 -0.179506043617 0
0.109912749111 0.729628209117 0.130196829162 0
0.013929798023 0.716990251677 -0.131171626368 0
0.025376995857 0.673319304175 0.122062725807 0
-0.080734304897 0.696698981518 -0.099885766593 0
-0.042196268054 0.361048857074 0.095384941695 0
0.019645243650 0.342108364135 -0.080423478825 0
0.076580396478 0.040312138065 0.121965483516 0
0.055738689093 0.024166209267 -0.092746577571 0
0.026653957244 0.024463673736 0.117746938415 0
0.008149590561 0.028749662599 -0.085595865723 0
0.028357378168 1.027164374434 -0.011758100605 0
0.094292490359 0.938871799511 0.156529204044 0
0.043518146754 0.927892120918 -0.160153848373 0
0.067928127741 0.929338682992 -0.013016361514 0
0.107983283853 0.785705866674 -0.011190950878 0
0.076565818465 0.584253334848 0.057684402726 0
0.074423148237 0.586866583041 -0.065421194631 0
0.124083333333 0.642270370370 -0.002689603704 0
0.218099262528 0.823260623678 0.146510027658 0
0.116371925809 0.776725456912 -0.166630656479 0
0.119936519824 0.743230036937 0.133423348353 0
0.009736394833 0.742916934119 -0.114436832094 0
0.037591238707 0.683323917142 0.127030815700 0
-0.086691571619 0.737799653719 -0.083575618715 0
-0.037008516996 0.366793060240 0.092639787936 0
0.028470423490 0.350172282765 -0.080523971304 0
0.080046475091 0.044087195727 0.118686507222 0
0.056391285682 0.025951861167 -0.095279263846 0
0.030848101266 0.026142634660 0.114312490753 0
0.008736526266 0.030017447706 -0.088253743612 0
0.030397955258 1.037356889414 -0.008143392549 0
0.092871181538 0.949863014385 0.163832728373 0
0.051442700507 0.942056733502 -0.154301655084 0
0.071478014427 0.942021769713 -0.006497850239 0
0.110041326462 0.797980008341 -0.004709340782 0
0.074040056731 0.597503733136 0.062945825292 0
0.078725201242 0.597009923913 -0.060116003786 0
0.124485555556 0.654340740741 0.003838148148 0
0.223005274120 0.841240747979 0.156037480019 0
0.124201429252 0.790744913740 -0.157748837205 0
0.125451380165 0.760720778203 0.141482333643 0
0.015722419510 0.770907830118 -0.102276839377 0
0.043798473563 0.700025566613 0.132248835702 0
-0.080218961152 0.777179907101 -0.070214193998 0
-0.028107330708 0.373463090952 0.090904393790 0
0.035999726397 0.360053026293 -0.079861915454 0
0.085707365372 0.047313751463 0.115857086580 0
0.057924819754 0.027041776069 -0.098953145319 0
0.037069197204 0.027686115242 0.112585424518 0
0.010102554461 0.028752675508 -0.092099913323 0
0.032236813766 1.049527687189 -0.002574426601 0
0.089548615248 0.958645949796 0.171785938640 0
0.061651371359 0.954519688948 -0.147888052723 0
0.075375432273 0.952769782865 0.000624464371 0
0.112444256330 0.808330117220 0.002426684852 0
0.072535998504 0.608185773751 0.069164810970 0
0.082845059823 0.604756423987 -0.053506991076 0
0.124670000000 0.664448148148 0.010979740741 0
0.223751928854 0.854800659044 0.171519642193 0
0.135566362456 0.803867521881 -0.154328636683 0
0.126065809074 0.775309153028 0.152795259211 0
0.027454939974 0.792125525534 -0.095912938152 0
0.044219048342 0.715941521625 0.138135793906 0
-0.067223488754 0.804293504680 -0.060040306112 0
-0.016593068062 0.377898698342 0.089993926550 0
0.036619368094 0.369118229347 -0.079997842493 0
0.095216036966 0.048788366162 0.116224109502 0
0.058661318233 0.030395802404 -0.105017748879 0
0.046591473795 0.028881493813 0.115230344575 0
0.010727116080 0.033713815947 -0.099710576987 0
0.036119708620 1.060257315474 0.004336386051 0
0.082459069756 0.963809437448 0.180934048458 0
0.075371240455 0.963961144433 -0.139903110643 0
0.079405516121 0.960219237644 0.009150914819 0
0.115019197090 0.815406316102 0.011179268701 0
0.071343544223 0.614871056086 0.075604129334 0
0.087424392618 0.609698989272 -0.046383838279 0
0.125002962963 0.671262962963 0.018951407407 0
0.218405962944 0.862476472434 0.187606165214 0
0.150213793291 0.814168189140 -0.152617091222 0
0.119430389974 0.786070912781 0.163562320809 0
0.043132503910 0.803584951415 -0.092119648897 0
0.036853747684 0.729431138125 0.143319290630 0
-0.049920055076 0.816896513019 -0.051238340977 0
-0.003309824537 0.379025125100 0.090217514744 0
0.031549866715 0.377272849941 -0.081313276702 0
0.106207913136 0.048401687840 0.119319996889 0
0.059410346494 0.035698333185 -0.111032036310 0
0.056802349479 0.030499354796 0.119784787454 0
0.011229341043 0.038999878141 -0.108898134227 0
0.042046903469 1.068336422567 0.012343096935 0
0.073266001236 0.960226476575 0.190158507966 0
0.090979715123 0.967713976045 -0.130180226331 0
0.083469743311 0.960559753434 0.018614253322 0
0.117827640528 0.815441338864 0.020092272656 0
0.070628901144 0.614366134860 0.081449928903 0
0.092435098158 0.608689509252 -0.039623081698 0
0.126155185185 0.671111111111 0.026991222222 0
0.208272835362 0.858891114303 0.207442714641 0
0.167115718130 0.818873538461 -0.146017387007 0
0.107078452553 0.788685696085 0.175147572822 0
0.059831434256 0.806096078854 -0.086308368061 0
0.023207044369 0.736195528904 0.149363096656 0
-0.032455573640 0.818452558119 -0.043198725837 0
0.012254401610 0.373747987767 0.091711739493 0
0.023132354065 0.381497528277 -0.083723784641 0
0.115703917401 0.043196629166 0.124333826875 0
0.065496181619 0.041529503322 -0.111372731522 0
0.064419913755 0.031726242567 0.124311912667 0
0.017181576299 0.041271980244 -0.112952484058 0
0.048257509686 1.069463282281 0.020720831591 0
0.064106518033 0.950884130122 0.196638123356 0
0.104104637393 0.959490154777 -0.121658640352 0
0.086223767156 0.951812703717 0.026222091922 0
0.119852112635 0.806518612515 0.028880520009 0
0.069555341405 0.605743004012 0.086615422075 0
0.095645190430 0.599981680234 -0.033603275009 0
0.127446296296 0.662085185185 0.034240740741 0
0.194931776913 0.846295563512 0.223848931526 0
0.181878378813 0.811633002529 -0.138702411856 0
0.091697860325 0.783175789824 0.184216461507 0
0.073320530972 0.794099537686 -0.082612134026 0
0.006235318637 0.736394277051 0.153215177346 0
-0.020270487850 0.802380405353 -0.040981325410 0
0.029016335105 0.361396496692 0.094448237121 0
0.011259836549 0.380247448408 -0.088008403190 0
0.120171862117 0.036257693845 0.131398301704 0
0.075567479977 0.046179400036 -0.108527023069 0
0.067856690031 0.032037303574 0.128765745033 0
0.027656185815 0.041802590145 -0.113240243877 0
0.054708135454 1.061936499978 0.027738060836 0
0.054233470655 0.938628117412 0.200496710703 0
0.114821317443 0.947524689103 -0.114521871023 0
0.087382574399 0.939714073383 0.031879937078 0
0.121393286421 0.794522184667 0.035927873301 0
0.068744357335 0.595014544953 0.090869529718 0
0.097017403909 0.588933401305 -0.028838710315 0
0.128949629630 0.650103703704 0.039787037037 0
0.174339887061 0.823920108329 0.235295648880 0
0.196703731419 0.801449888873 -0.127107795370 0
0.068311602301 0.770894689784 0.188837195791 0
0.086507897211 0.772602520290 -0.079536213169 0
-0.019458767940 0.733511134769 0.152338077543 0
-0.009737567409 0.770961117998 -0.042929769716 0
0.042344791113 0.348709156423 0.097703134007 0
-0.000835403863 0.377581150463 -0.093018088879 0
0.121220426816 0.032790948919 0.134621576332 0
0.085340595985 0.048934970719 -0.105332678747 0
0.069085287888 0.035531630443 0.128618640988 0
0.038435801305 0.039891988338 -0.112750746499 0
0.059567772128 1.050903096534 0.033593909797 0
0.046532460590 0.926200163521 0.203065916879 0
0.123098727439 0.935071254590 -0.108455596862 0
0.088236531716 0.927273137502 0.036358754749 0
0.122595716833 0.782185837448 0.041471803709 0
0.069729508156 0.583700296727 0.094687019405 0
0.098720883926 0.577118079324 -0.024822740646 0
0.131133333333 0.637818518519 0.043994814815 0
0.151776042112 0.799071066290 0.242517480773 0
0.209578784744 0.791149184557 -0.111391566644 0
0.043419032952 0.758861860737 0.189094092645 0
0.099037907449 0.746996530477 -0.078686741791 0
-0.046497142838 0.733089076698 0.148496877670 0
0.000525491274 0.731347857783 -0.051843462650 0
0.051214091876 0.336661401010 0.100927454138 0
-0.011271024203 0.374102121062 -0.095887777023 0
0.122783420292 0.030192371411 0.135547794125 0
0.092990961884 0.050978789724 -0.102347553538 0
0.071534745888 0.038977337092 0.127930903097 0
0.047075435513 0.038978915372 -0.111547035976 0
0.063345709467 1.039218877451 0.038131809837 0
0.041411276764 0.918480134619 0.204516750427 0
0.130233887390 0.926782309292 -0.103749953478 0
0.089663019412 0.919246600447 0.039583913827 0
0.123825391129 0.774137050686 0.045358187161 0
0.072660543653 0.575715794753 0.097649776418 0
0.100940368783 0.568612076945 -0.022000534432 0
0.133554074074 0.629788888889 0.046298148148 0
0.129900671447 0.778215765116 0.240433019505 0
0.221155466362 0.785911573097 -0.094279756359 0
0.018435059517 0.755384822737 0.183281943647 0
0.113429707497 0.727698401622 -0.078635731048 0
-0.074070478647 0.743918288798 0.142469394022 0
0.014832995426 0.697575016203 -0.066412380131 0
0.057484862594 0.328432712028 0.103195528422 0
-0.018340539258 0.372075567563 -0.096225894080 0
0.123831244044 0.027808950596 0.135159457208 0
0.096881511789 0.053074932550 -0.098491460176 0
0.072945725620 0.038477883788 0.127513729098 0
0.051277279414 0.040471049526 -0.108404035308 0
0.067120244438 1.031662140976 0.042102392566 0
0.037415429717 0.917798779326 0.204481941157 0
0.136177964246 0.924715401919 -0.100780020287 0
0.090972656262 0.917821612091 0.041192989630 0
0.124648103563 0.772633653665 0.047467233919 0
0.075788768780 0.573741352929 0.099056297865 0
0.101884020861 0.566267744246 -0.021066935502 0
0.134985185185 0.628281481481 0.046235185185 0
0.113124511721 0.768562196635 0.232607054432 0
0.233055877630 0.789108740406 -0.080128489489 0
-0.000209112310 0.764355488111 0.174728964348 0
0.130001455044 0.721152588412 -0.079819660039 0
-0.093891496626 0.768664873813 0.136274224631 0
0.034034913885 0.681464277739 -0.083410197915 0
0.062248437448 0.326377773150 0.105212472777 0
-0.022539349595 0.372448589324 -0.093984002284 0
0.124420018457 0.026429016595 0.134861307937 0
0.096812005792 0.054545791179 -0.093432633232 0
0.073468946797 0.036850520405 0.127311484493 0
0.051122478399 0.041998657722 -0.103019058641 0
0.070842092058 1.030594686777 0.045149979825 0
0.034668189129 0.923385061731 0.202166305825 0
0.140226791471 0.928686841533 -0.100845270855 0
0.091847494356 0.922541630400 0.040112381452 0
0.124867998170 0.777245655602 0.046755978510 0
0.078867509011 0.577739996140 0.099118550516 0
0.100748337307 0.569922546665 -0.021821620805 0
0.135252962963 0.632870370370 0.043889629630 0
0.100721800592 0.768215309528 0.220973568305 0
0.249411154393 0.803674987528 -0.075315019697 0
-0.011953252019 0.782793168656 0.163494019013 0
0.153096979417 0.727011432693 -0.084514315468 0
-0.104071127525 0.803045874404 0.127446513480 0
0.061366179461 0.682162957631 -0.098048690965 0
0.065727333808 0.330415130300 0.107348143212 0
-0.022838710379 0.373640502042 -0.089375593010 0
0.124529589247 0.025523004007 0.135132065545 0
0.095411868339 0.053823332245 -0.088704861480 0
0.073256584711 0.034426506316 0.127822761103 0
0.049047777818 0.042766592172 -0.096766042076 0
0.073398439360 1.035444738524 0.046660115452 0
0.032549615405 0.937585200233 0.196813961635 0
0.140509911825 0.941354994489 -0.105373242011 0
0.091003744983 0.935920620438 0.035221874463 0
0.123672609691 0.790582497368 0.042357911798 0
0.081586184198 0.590501541219 0.097827556305 0
0.097467707833 0.582623304178 -0.024041712957 0
0.134425925926 0.646181481481 0.039718888889 0
0.092938900511 0.779506713655 0.209414399472 0
0.262036262942 0.828465729505 -0.079136963538 0
-0.016203698104 0.809807931280 0.151261072632 0
0.171813183120 0.745467531518 -0.093609108585 0
-0.104564430019 0.842976875760 0.116251050458 0
0.083744370214 0.696089720874 -0.111486651546 0
0.066421624620 0.343446210962 0.109814198336 0
-0.014927928007 0.376833865465 -0.082195530685 0
0.123059676656 0.028036642361 0.136030923086 0
0.095918347852 0.051855897956 -0.084670185768 0
0.071360686916 0.034524176596 0.129193844873 0
0.049351376628 0.040206491987 -0.090386089461 0
0.072760095273 1.048581901028 0.045931934841 0
0.034169764451 0.951062943251 0.191977616982 0
0.138150152847 0.954105019237 -0.111610208205 0
0.090492874860 0.949008674079 0.029634936398 0
0.123061060128 0.803641522954 0.036655578804 0
0.084364543803 0.603118741120 0.095553159054 0
0.093679519762 0.595426405584 -0.027004857409 0
0.133605925926 0.659192592593 0.034726185185 0
0.091825992078 0.791940761815 0.204238754729 0
0.270898067110 0.853496944280 -0.090232907510 0
-0.013289637572 0.830337451564 0.143505908064 0
0.186544437891 0.764258750954 -0.102856618276 0
-0.097300992980 0.871348746131 0.107108054262 0
0.101964290080 0.708715800391 -0.119323318490 0
0.059433668175 0.357175443117 0.112883054352 0
-0.001485232987 0.378303068944 -0.073535117230 0
0.122058050786 0.030933168745 0.136457995459 0
0.098981421598 0.048962523448 -0.084810068663 0
0.069894851352 0.032254793198 0.130223156833 0
0.052020570759 0.038456341920 -0.089410249269 0
0.071440309546 1.061419008573 0.041735105952 0
0.040466406548 0.958242917314 0.188060129497 0
0.132347534869 0.961820578064 -0.119400114439 0
0.090323924142 0.956476075216 0.023613284177 0
0.123177342262 0.811110585508 0.029677696464 0
0.087275622087 0.609747649311 0.091400370510 0
0.090915373292 0.603196043307 -0.031523332950 0
0.133357407407 0.666622222222 0.028865074074 0
0.095954245498 0.798526786431 0.202423345443 0
0.273093138222 0.871049133305 -0.107063079719 0
-0.007015414535 0.838725539023 0.139230074857 0
0.192733584852 0.777562340977 -0.113459158714 0
-0.088000397023 0.882404541388 0.098954476786 0
0.111021591705 0.715779740417 -0.124992373293 0
0.042184069744 0.367332275581 0.116129263525 0
0.014828749598 0.376639560559 -0.066835149356 0
0.121918723161 0.036077574420 0.138041365985 0
0.103639278795 0.044449271460 -0.089338715784 0
0.069698430584 0.032530637374 0.133342476769 0
0.056446656140 0.034917387219 -0.093681822180 0
0.070947847870 1.068877143151 0.035019399020 0
0.049780553832 0.959327685608 0.183991369850 0
0.123121856786 0.962061418930 -0.128419134106 0
0.089730852528 0.957111330235 0.016866505961 0
0.123229583294 0.811844284453 0.022180895268 0
0.089191956127 0.609689465295 0.086039558304 0
0.088887338947 0.604838084420 -0.037016443233 0
0.133342962963 0.667370370370 0.022853222222 0
0.105411902525 0.799904925645 0.200843116237 0
0.268482995689 0.877989050709 -0.126699055291 0
0.002930079655 0.838168269501 0.135685825450 0
0.191289068874 0.781667463421 -0.125435144948 0
-0.077066203090 0.879920052061 0.090330034703 0
0.111392006900 0.716532738329 -0.129972799045 0
0.018950202296 0.374552626945 0.120488693748 0
0.033372888697 0.371120704550 -0.062673230219 0
0.121481613741 0.046428067882 0.143603113576 0
0.108248602655 0.039105040649 -0.092747262908 0
0.070381191435 0.034193747061 0.142773949372 0
0.060332527631 0.033478799351 -0.095789989754 0
0.070782325987 1.069689666689 0.027006974816 0
0.059540830320 0.955126936719 0.179724203331 0
0.111357040290 0.957768503325 -0.136969411239 0
0.087986153268 0.952863511292 0.010262115432 0
0.122070002629 0.807681516686 0.014455226502 0
0.087993624925 0.605182331760 0.080405466642 0
0.084724647874 0.602292711797 -0.042669193983 0
0.131465185185 0.663240740741 0.017093888889 0
0.118045191739 0.797148757883 0.200085426642 0
0.253934159688 0.869708024471 -0.147836773409 0
0.014336567175 0.828902035157 0.133389620043 0
0.176946415783 0.773662008511 -0.138541716076 0
-0.066671156047 0.864979637009 0.084423040217 0
0.096599189279 0.709268453241 -0.134762076410 0
-0.005336835262 0.380250609358 0.126287109176 0
0.050835933143 0.363817241195 -0.061241848428 0
0.118049413125 0.061850241294 0.149168156641 0
0.111554031172 0.035408396906 -0.093774094656 0
0.067622740697 0.047340179498 0.152036622009 0
0.063222077842 0.034897520467 -0.094564231418 0
0.068996921563 1.065579458098 0.019781579162 0
0.068854373655 0.944081085580 0.175571943546 0
0.100135920777 0.947921149957 -0.143792208660 0
0.086318525382 0.942460804253 0.004621550683 0
0.120934779670 0.797377884752 0.007497341607 0
0.085276522080 0.595308365901 0.075600937717 0
0.081177983595 0.594134979736 -0.047477221798 0
0.129847037037 0.653059259259 0.012774074074 0
0.133743977947 0.789217063556 0.200085585572 0
0.233636789805 0.848133847532 -0.164310364424 0
0.027500014406 0.807684104394 0.132385743191 0
0.155414726381 0.754115465509 -0.147571170315 0
-0.056592528936 0.832682425895 0.081380620123 0
0.074455898289 0.691013633321 -0.135967547591 0
-0.026940507990 0.381678631687 0.131989362815 0
0.062350445524 0.353777631284 -0.062898227392 0
0.114165312007 0.072687715800 0.151205413830 0
0.114271995616 0.030937775330 -0.091326464347 0
0.064375046377 0.056449789555 0.155550350972 0
0.066112288600 0.035092154186 -0.090829694871 0
0.068052490452 1.055399405327 0.013554580226 0
0.075120792172 0.932948776614 0.171661209310 0
0.090172099249 0.937688076741 -0.148866075314 0
0.083900949684 0.931810879849 0.000041651124 0
0.119109692997 0.786891374071 0.002179444079 0
0.081157116313 0.585952992128 0.071887005336 0
0.079563712004 0.585629919159 -0.051254234259 0
0.128600370370 0.642811111111 0.010363000000 0
0.149118666183 0.782443915557 0.197488445865 0
0.210961503850 0.823615557164 -0.173327524293 0
0.039868067000 0.783571563916 0.132104082048 0
0.131153533066 0.731928149861 -0.151822754464 0
-0.048208866320 0.793767236788 0.082375015507 0
0.049019617453 0.671791051033 -0.135317431156 0
-0.044808450778 0.382417118760 0.136041536143 0
0.068467105543 0.344743013463 -0.065893310311 0
0.109163580130 0.077648635489 0.149925763752 0
0.115919609691 0.027975062519 -0.088533534791 0
0.060047887048 0.059220094833 0.153033312858 0
0.068130154577 0.035208536470 -0.087692191839 0
0.066374170531 1.044911660913 0.008509948152 0
0.078719186703 0.924379352290 0.169454791844 0
0.082073964481 0.929931747299 -0.151395109785 0
0.081239460706 0.923677527901 -0.002373070823 0
0.117106289853 0.778976901432 -0.000538986322 0
0.076953137493 0.579355937789 0.069895964023 0
0.080537019990 0.579010467841 -0.053203364322 0
0.128080370370 0.635218518519 0.010446074074 0
0.163204761125 0.778968865907 0.192091551163 0
0.187410716820 0.800847993956 -0.172431642346 0
0.052052934430 0.759869294697 0.132993684481 0
0.099356549137 0.718055428804 -0.147327804125 0
-0.039464565458 0.751907126369 0.089032066474 0
0.011584237438 0.668255823156 -0.128747020153 0
-0.058495842012 0.382520711185 0.135618465358 0
0.070867042881 0.338127896875 -0.068888296767 0
0.101138134946 0.077934409894 0.145742052132 0
0.115959200394 0.025202890161 -0.086913710686 0
0.053140756039 0.056550306343 0.146510825466 0
0.068420832589 0.033916687497 -0.085895699949 0
0.062637142187 1.036684365175 0.005068710866 0
0.074993254306 0.924678559156 0.170703734706 0
0.079097721356 0.929503520128 -0.150149216193 0
0.077911464159 0.923586480780 -0.001115793122 0
0.114074685440 0.778993453259 0.001432221866 0
0.072354687841 0.580292035422 0.070778545912 0
0.081885212025 0.578640541943 -0.051992989390 0
0.126465185185 0.635396296296 0.013293888889 0
0.172299248969 0.786737615119 0.187974637077 0
0.170845075844 0.789586857186 -0.164527423598 0
0.062100024682 0.748505599840 0.136920508755 0
0.071498270126 0.722736569113 -0.134534104969 0
-0.029779998305 0.722632091038 0.101215918214 0
-0.022854660861 0.689132493827 -0.114633851827 0
-0.064489733532 0.382073221099 0.129027027871 0
0.069623815112 0.338148477442 -0.071413690087 0
0.088090396961 0.073966922963 0.139649476970 0
0.114855688412 0.023541402912 -0.087095058108 0
0.039425150154 0.054213881050 0.137880192558 0
0.067040336154 0.030612756382 -0.086352715880 0
0.058950785376 1.036618205630 0.004397268738 0
0.068852696581 0.934215994508 0.174140477977 0
0.079753007267 0.938243546674 -0.146564534534 0
0.075401179116 0.932695231339 0.002424248741 0
0.111145720401 0.787999802768 0.005809434260 0
0.067930511250 0.588971745143 0.072973119981 0
0.083232616771 0.585736129288 -0.049181636615 0
0.123600000000 0.644311111111 0.017229296296 0
0.177891805159 0.804556602641 0.183802755627 0
0.162553859513 0.792173862073 -0.149505381395 0
0.069271994156 0.754550409409 0.140062644282 0
0.053550162777 0.744032680281 -0.117272344033 0
-0.021563357158 0.718658526987 0.111167605507 0
-0.045215792989 0.727198072942 -0.098228770542 0
-0.062951339776 0.383236824555 0.117166594454 0
0.069028825270 0.345762623168 -0.073158859682 0
0.071988907433 0.067816853024 0.132755974354 0
0.115493588523 0.024088819966 -0.088739861713 0
0.021735682081 0.053167517105 0.128105213360 0
0.067230094896 0.026809481559 -0.088429689501 0
0.055825180941 1.045597382718 0.007416042467 0
0.060955727270 0.944830465875 0.179280868351 0
0.083155080739 0.949962163547 -0.140824735136 0
0.073536370360 0.943897527860 0.007896750728 0
0.108528975274 0.799024973969 0.011833078848 0
0.064330679504 0.598857574778 0.076148336152 0
0.086430890029 0.594624744774 -0.044930448312 0
0.121277407407 0.655225925926 0.022776148148 0
0.181342132845 0.825273315581 0.182045985771 0
0.159508880321 0.800458838444 -0.136371023745 0
0.074462341761 0.767618363996 0.143774627550 0
0.044309131809 0.772207791941 -0.102176809346 0
-0.015091593107 0.726518012850 0.117767739017 0
-0.056054278731 0.771869774004 -0.083985477060 0
-0.055102143459 0.383505591679 0.103884663197 0
0.067108717483 0.355634997230 -0.074502272319 0
0.056065935001 0.059545673783 0.126629959178 0
0.116252756633 0.024977821716 -0.091896534599 0
0.005076562915 0.048878716025 0.119707587803 0
0.068007118240 0.022007717917 -0.092528897577 0
0.053972302494 1.056627607504 0.012757156757 0
0.051779855795 0.954095681982 0.184957067537 0
0.088001996869 0.961321531377 -0.133825752885 0
0.071845540917 0.954279729611 0.014284887219 0
0.105802719627 0.809163891934 0.018558595181 0
0.060112675081 0.607670780151 0.079427051875 0
0.088838286498 0.603312280059 -0.040248555197 0
0.118374814815 0.665211111111 0.028795592593 0
0.180200279048 0.843192440105 0.186720739982 0
0.161180612852 0.810394537135 -0.125645591247 0
0.075295821915 0.781663568541 0.149020171260 0
0.043304657121 0.797559661918 -0.091310870880 0
-0.012552508496 0.737481432086 0.121849552190 0
-0.057228348563 0.808117630884 -0.072736535765 0
-0.044100034479 0.383185669379 0.091922085724 0
0.059092639334 0.366344543523 -0.076654967730 0
0.041784515615 0.051013576290 0.122000596065 0
0.114466015743 0.028533062226 -0.096406717737 0
-0.009782425883 0.044335698712 0.114392983126 0
0.066539276624 0.022851088545 -0.099164592999 0
0.050241071223 1.066639341643 0.019742907829 0
0.041861071824 0.958063288572 0.191157675784 0
0.092934994587 0.968045334266 -0.125510219931 0
0.069855531562 0.959718901615 0.021613498955 0
0.102837990626 0.814355076840 0.025672749046 0
0.055290634729 0.612192310951 0.082524147909 0
0.089084945344 0.607807593429 -0.035819111404 0
0.115025925926 0.670211111111 0.034208259259 0
0.174302900614 0.852349463071 0.200000401191 0
0.165244422667 0.816562624745 -0.120478540346 0
0.071256202138 0.791280437358 0.156825963430 0
0.047017546799 0.812370180872 -0.085219821979 0
-0.014971093102 0.746773649520 0.125110092665 0
-0.052026337207 0.830544695760 -0.063693443910 0
-0.032148775879 0.380331469854 0.084733107266 0
0.044894672018 0.374370422261 -0.079616890097 0
0.031290466638 0.042409258077 0.119680850547 0
0.111846265780 0.036236220379 -0.099988080168 0
-0.020493781915 0.037053470061 0.112516604909 0
0.063976732951 0.032819415525 -0.105792931141 0
0.045282242762 1.071571060868 0.027080071373 0
0.030584510938 0.954746753499 0.197318737710 0
0.099316604751 0.966940233917 -0.115912744287 0
0.068009440294 0.957582275086 0.029619622605 0
0.100102752628 0.811993897767 0.033623597038 0
0.050893212405 0.609378596032 0.085762416313 0
0.088886460086 0.605397608401 -0.031314793556 0
0.112147407407 0.667685185185 0.039749629630 0
0.163040608553 0.850666904866 0.217744506273 0
0.173108601077 0.816110047116 -0.118357841535 0
0.061904633234 0.792733158509 0.166487549927 0
0.055232182698 0.814101395371 -0.081759162700 0
-0.023110313162 0.751392323464 0.128114000145 0
-0.041565639743 0.836391912237 -0.056789012248 0
-0.021347702667 0.372371863659 0.081399084720 0
0.027759593161 0.377919028534 -0.084989185959 0
0.026693646403 0.035666931852 0.118525386678 0
0.108476213139 0.045825030692 -0.103219601554 0
-0.025318392634 0.035739547222 0.111017936960 0
0.061179353594 0.042677865377 -0.112704613474 0
0.042014816986 1.069194953915 0.034991249748 0
0.018475349427 0.946164099619 0.202168666918 0
0.105389051334 0.959762934083 -0.106453793576 0
0.065617871448 0.949749285833 0.036952481923 0
0.097082220355 0.804013836105 0.041280185770 0
0.046013491558 0.601661827854 0.089640581624 0
0.086881282073 0.597731220996 -0.026466189198 0
0.108856666667 0.659614814815 0.045356296296 0
0.144397618737 0.837077104670 0.234387517494 0
0.180175044922 0.809428979145 -0.109235812339 0
0.043348982443 0.787160850399 0.175145465647 0
0.061317220568 0.802128536454 -0.076710912488 0
-0.041468827415 0.753384983962 0.129766010688 0
-0.036698059695 0.820461464450 -0.053488552709 0
-0.012530250897 0.360991265174 0.081875908935 0
0.011834753615 0.378130578383 -0.093604217829 0
0.026617538869 0.032517442790 0.119901909370 0
0.108904398882 0.053739812629 -0.104662894263 0
-0.024749450779 0.039053822376 0.110939354187 0
0.063148910566 0.045462914887 -0.117883759447 0
0.040594631569 1.061589545260 0.042100723066 0
