-0.363729104485 0.863775768513 -1.458990489315 0
-0.518028294833 0.888435539272 -1.213357428256 0
-0.446793326267 0.853774008287 -1.338885837904 0
-0.527483835607 0.734374464172 -1.370906716043 0
-0.515829325388 0.557782970054 -1.445200086899 0
-0.585728387776 0.542589734306 -1.324752171475 0
-0.585062962963 0.609507407407 -1.395044444444 0
-0.456159451644 0.708636781984 -1.502443320681 0
-0.607650974464 0.732377873555 -1.243342088643 0
-0.483540307555 0.603812143566 -1.526523965441 0
-0.545073860048 0.638435231859 -1.221138458131 0
-0.490717917988 0.512561355593 -1.548678538079 0
-0.480791358978 0.573587165979 -1.193197236070 0
-0.495616120124 0.295468596662 -1.418321265643 0
-0.509259685115 0.290113016584 -1.274822863244 0
-0.560629434512 0.024160402753 -1.433932274101 0
-0.653964994031 0.062650286943 -1.374092050615 0
-0.524016639965 0.029193487988 -1.414949976688 0
-0.628727836417 0.042326871486 -1.346852967891 0
-0.406401168740 0.952764859206 -1.338013976145 0
-0.339426336620 0.859947017346 -1.440608030707 0
-0.504757595600 0.886399161659 -1.202453030789 0
-0.428004702670 0.850865147563 -1.324434797355 0
-0.508427401284 0.731864349372 -1.358465586849 0
-0.499414993696 0.554676302435 -1.432112913011 0
-0.566175351444 0.541614685797 -1.309651235457 0
-0.567292592593 0.607322222222 -1.381070370370 0
-0.423753886210 0.700079049788 -1.483394945764 0
-0.607148762993 0.742043945912 -1.246757885132 0
-0.436122979361 0.590667978218 -1.497323926141 0
-0.566919109318 0.636522484608 -1.224828166603 0
-0.431315387345 0.497674346604 -1.512236405716 0
-0.520157101046 0.559095933474 -1.194548098053 0
-0.490906624881 0.291065836584 -1.412696292776 0
-0.466271897515 0.299233896275 -1.251722451054 0
-0.559120367571 0.022012663376 -1.433011569970 0
-0.602573184690 0.064217753009 -1.339182318006 0
-0.522555671381 0.027783840357 -1.414146978923 0
-0.574615226576 0.045616723792 -1.313408741265 0
-0.387110684066 0.949567935297 -1.320942365713 0
-0.315083488195 0.860833173757 -1.419642711755 0
-0.491818131790 0.888704165680 -1.189990760570 0
-0.409247310980 0.852453412463 -1.307893968954 0
-0.488348479031 0.733159662044 -1.343948437544 0
-0.480557790530 0.553890582794 -1.416674078100 0
-0.544458534388 0.543567191806 -1.292438269261 0
-0.546629629630 0.608096296296 -1.364900000000 0
-0.387293992319 0.693999460775 -1.457744917437 0
-0.607335736883 0.759979154827 -1.248049817456 0
-0.384477850294 0.583051928092 -1.458457572691 0
-0.591028089009 0.647521721112 -1.230119323643 0
-0.367287523166 0.490244802902 -1.461250016740 0
-0.563943674084 0.561455121514 -1.200117648971 0
-0.490097895459 0.289724785816 -1.408593651621 0
-0.423781534493 0.311725826660 -1.231025449732 0
-0.558542377249 0.020478893084 -1.432531945863 0
-0.542390680877 0.063786766194 -1.303470241184 0
-0.522136874849 0.027610948487 -1.413825544089 0
-0.510784676326 0.050912116211 -1.278425744141 0
-0.367843314649 0.950852046188 -1.302880582991 0
-0.290357939655 0.865731093929 -1.396342208941 0
-0.478428571866 0.894254482161 -1.175961178124 0
-0.389938702312 0.857633754751 -1.289370566693 0
-0.466694863981 0.737350822294 -1.327210258595 0
-0.458911022395 0.555027225807 -1.398524573710 0
-0.519912260613 0.547609563397 -1.272634777120 0
-0.522862962963 0.611048148148 -1.346025925926 0
-0.348771826651 0.692064156406 -1.426792748973 0
-0.603313986251 0.781718883156 -1.246846097695 0
-0.331849346612 0.583878539941 -1.408701436106 0
-0.605961025487 0.667523614335 -1.233187761508 0
-0.301885976785 0.495932864458 -1.393529714333 0
-0.594733084306 0.577341749650 -1.205401999581 0
-0.492960529090 0.292874084721 -1.406023700316 0
-0.383566562701 0.323739636421 -1.214522835529 0
-0.558292242941 0.020633714329 -1.432291257685 0
-0.478216531435 0.062719270319 -1.267091821579 0
-0.522285237579 0.030165306990 -1.413884720999 0
-0.443777051356 0.058099900301 -1.242915250267 0
-0.349424703262 0.956335242397 -1.283301176630 0
-0.265287251465 0.873932822799 -1.370883878315 0
-0.464560239779 0.902277413146 -1.160553648802 0
-0.370094990791 0.865671689080 -1.269041260098 0
-0.443610233982 0.743852394791 -1.308391949334 0
-0.434708467382 0.558010811643 -1.377679227889 0
-0.493038353703 0.553448781792 -1.250395191534 0
-0.496533333333 0.615870370370 -1.324629629630 0
-0.309585403634 0.695263753476 -1.395676218914 0
-0.593949928416 0.804363448152 -1.243959065445 0
-0.280901904617 0.595897971227 -1.355408468242 0
-0.609720899354 0.690842153075 -1.234044004920 0
-0.241431206680 0.518119987705 -1.320371061996 0
-0.609992651295 0.598800822090 -1.209365421331 0
-0.499561119407 0.303085519535 -1.405012433997 0
-0.346986785258 0.333963177428 -1.199602474236 0
-0.558574395372 0.022912790041 -1.432019419529 0
-0.412860291608 0.063157535563 -1.232616924093 0
-0.522848477135 0.032971815931 -1.413347755145 0
-0.377246566463 0.065108105200 -1.209818221778 0
-0.332468297620 0.965402146110 -1.261869042156 0
-0.239535240686 0.885958311873 -1.344017710153 0
-0.449101699926 0.912475549086 -1.143691275520 0
-0.348907994163 0.876658960046 -1.247188219342 0
-0.418313818454 0.752853538165 -1.287649883313 0
-0.408396123678 0.564001152990 -1.355359555809 0
-0.464750046125 0.561780057662 -1.227126503027 0
-0.468374074074 0.623466666667 -1.301966666667 0
-0.269417057076 0.703330426474 -1.359947408672 0
-0.578931774450 0.827458905734 -1.239616359278 0
-0.234739778036 0.616677698059 -1.299892562751 0
-0.601786814611 0.714910983996 -1.232928397172 0
-0.191405719923 0.551001303640 -1.248259526424 0
-0.609548664432 0.622554564566 -1.210188698980 0
-0.509871476009 0.325604005598 -1.408363595015 0
-0.314496587739 0.343527916112 -1.183827631790 0
-0.557825883323 0.029501987191 -1.431670267839 0
-0.346543423058 0.066611881645 -1.200855576512 0
-0.521759358331 0.035976398668 -1.412088540194 0
-0.311231364869 0.076673085699 -1.179790114558 0
-0.314688688910 0.977548389666 -1.239754606882 0
-0.214095536743 0.899468567451 -1.316664100099 0
-0.432048158129 0.921696806939 -1.124949454542 0
-0.326915865610 0.887884522696 -1.224131885494 0
-0.391590284664 0.761934534559 -1.265614895150 0
-0.380823953989 0.570435641396 -1.332732071786 0
-0.436202470535 0.570023841249 -1.204056262128 0
-0.439133333333 0.631400000000 -1.279181481481 0
-0.229909581795 0.714475643003 -1.321875304776 0
-0.559807381362 0.845213893328 -1.230368828455 0
-0.194722826439 0.641404653426 -1.246110429856 0
-0.586696348396 0.733404446081 -1.227246754856 0
-0.151930674507 0.590586250436 -1.179938196374 0
-0.598719806221 0.640973857011 -1.206835912118 0
-0.489297914149 0.337420565585 -1.394999636371 0
-0.285962201174 0.350578077721 -1.167228152883 0
-0.554047582514 0.038436613044 -1.432549315417 0
-0.278477571223 0.071922858573 -1.174474662033 0
-0.517942841342 0.037550754561 -1.412011077756 0
-0.245311186091 0.090631485373 -1.155984092857 0
-0.295866525627 0.989775219748 -1.216817329467 0
-0.189076026534 0.910947359378 -1.288654174246 0
-0.413524281719 0.927081952601 -1.103952791558 0
-0.304307019568 0.896187854115 -1.199610349715 0
-0.363979925537 0.768170190811 -1.242051643874 0
-0.351724191683 0.575027321191 -1.309874055945 0
-0.406812809000 0.575000351912 -1.181073212858 0
-0.409037037037 0.636648148148 -1.256000000000 0
-0.191260206905 0.725270408632 -1.284304221525 0
-0.538439312609 0.854874511647 -1.215611289312 0
-0.158596838019 0.665902271577 -1.196404721085 0
-0.565404545334 0.743050341810 -1.214079085087 0
-0.120355676367 0.629364174076 -1.119134653764 0
-0.577447810797 0.650511710066 -1.194662917364 0
-0.466497318439 0.347527003248 -1.380659717615 0
-0.261092713506 0.351688673889 -1.149729321478 0
-0.550922624940 0.046568017213 -1.433904136513 0
-0.219281794654 0.076055019592 -1.153892131343 0
-0.516405347661 0.036050932320 -1.413310332076 0
-0.187132946078 0.097956410373 -1.137197713564 0
-0.277211455882 0.999233624967 -1.193645525863 0
-0.164053979151 0.917793840675 -1.261595817884 0
-0.392777793532 0.927248615056 -1.081740406242 0
-0.280611354501 0.899598048882 -1.174946415976 0
-0.335295113370 0.769563048872 -1.217904076534 0
-0.319147687185 0.575837679376 -1.286730595957 0
-0.374627733659 0.574147407611 -1.158108976119 0
-0.376637037037 0.636751851852 -1.232244444444 0
-0.153631280707 0.732694970808 -1.250220471644 0
-0.512073831699 0.849823096115 -1.196016579989 0
-0.126478652917 0.686178788094 -1.153180412432 0
-0.534389467724 0.737033900578 -1.192179114142 0
-0.094336859549 0.660372566742 -1.068789757075 0
-0.543552811683 0.644649446251 -1.170459560582 0
-0.439996576558 0.354099846136 -1.365265648225 0
-0.234811594495 0.346657412733 -1.130097536343 0
-0.546184344870 0.054280183241 -1.436160396934 0
-0.178011534473 0.074613777494 -1.134065277508 0
-0.516147890105 0.032024363250 -1.418031796652 0
-0.146612533293 0.096777349785 -1.116322623927 0
-0.256879844820 1.003545615798 -1.169365563705 0
-0.138432099594 0.919318942016 -1.234838433708 0
-0.370071132636 0.922131419828 -1.058522259008 0
-0.255706633546 0.897741971787 -1.149950593116 0
-0.305789533138 0.766026481352 -1.193380231964 0
-0.284804968018 0.572410239701 -1.263072771776 0
-0.341481485684 0.568366456737 -1.135026554223 0
-0.343291111111 0.632051851852 -1.208240740741 0
-0.121309146431 0.735176542365 -1.217575644348 0
-0.482578191894 0.834651918562 -1.172429230117 0
-0.099822081115 0.696826985954 -1.115666807199 0
-0.497328479165 0.720817853210 -1.164790449056 0
-0.072826125618 0.679361576610 -1.027709295451 0
-0.501424307253 0.628563709649 -1.140186791221 0
-0.408842435562 0.354538512437 -1.347254077847 0
-0.207126670268 0.337419690269 -1.108620760701 0
-0.540132511089 0.062015587233 -1.437054384918 0
-0.158759976249 0.064452852406 -1.115835276627 0
-0.515546034763 0.032183564947 -1.421832298506 0
-0.130874657221 0.088313998663 -1.094740783272 0
-0.236265946683 1.002653245711 -1.144890135538 0
-0.113291488910 0.916343535256 -1.208642733444 0
-0.346600961073 0.912051284165 -1.034573172922 0
-0.230678473785 0.891183579069 -1.124904451727 0
-0.276539840277 0.758183435083 -1.169024917743 0
-0.251047868354 0.564272852224 -1.237962013121 0
-0.310135873276 0.560011406009 -1.111017689043 0
-0.311204074074 0.623455555556 -1.184455555556 0
-0.095872794156 0.732551829779 -1.188226542771 0
-0.451574770907 0.812707680164 -1.145913404577 0
-0.077422372222 0.696645807600 -1.084843115454 0
-0.455166023512 0.698396377973 -1.133497870697 0
-0.054001495099 0.681534300242 -0.995381710927 0
-0.450410756039 0.607198727036 -1.105160504730 0
-0.341887803041 0.326734542962 -1.310512223917 0
-0.181121453246 0.325821908389 -1.086615846328 0
-0.524794135275 0.076752575500 -1.430986273986 0
-0.151250226936 0.048052704734 -1.108010723216 0
-0.505692268957 0.042393523449 -1.417542668374 0
-0.122316653268 0.066917520661 -1.083538494001 0
-0.215551098908 0.996856866522 -1.119884613941 0
-0.088206022987 0.907435593438 -1.182372433108 0
-0.321921165699 0.897375786885 -1.009086607144 0
-0.205256001620 0.879388911592 -1.099080695356 0
-0.247874346287 0.745765120022 -1.144657794386 0
-0.217660980310 0.550167932479 -1.210624925462 0
-0.282022817430 0.550240902075 -1.086198391864 0
-0.280502592593 0.610785185185 -1.162037037037 0
-0.075745242931 0.722769852789 -1.166786671598 0
-0.414890362892 0.778638802825 -1.111768429203 0
-0.058423115273 0.683078874851 -1.064598787259 0
-0.402544683510 0.665930946055 -1.092309765112 0
-0.036323663272 0.664259604027 -0.975369255080 0
-0.385134990654 0.578256737059 -1.058410640429 0
-0.281293011523 0.302004321660 -1.276242469275 0
-0.158269138806 0.313156816260 -1.062511801158 0
-0.492559585333 0.090738850820 -1.417403766261 0
-0.145250913951 0.034821852344 -1.105518385992 0
-0.476093220376 0.054683584147 -1.404952547170 0
-0.113887654198 0.045345990249 -1.079107944366 0
-0.194086024250 0.985583668610 -1.093995536373 0
-0.063216429298 0.900093291451 -1.155923925742 0
-0.296329630553 0.884526640430 -0.982234951142 0
-0.179495685589 0.869307274751 -1.072520189792 0
-0.219306390623 0.735421653621 -1.119933178603 0
-0.184770728537 0.538166281707 -1.182546406023 0
-0.255454792970 0.543670857495 -1.061724734350 0
-0.250396296296 0.600511111111 -1.140229629630 0
-0.059661025447 0.714416367585 -1.152597994603 0
-0.372305052187 0.743213422558 -1.069088905307 0
-0.041641217141 0.665635760543 -1.054549371833 0
-0.342593371458 0.635665069536 -1.041076690545 0
-0.018693332558 0.639347355259 -0.967617771233 0
-0.310710790426 0.554079972603 -1.002000799630 0
-0.216164282977 0.281091466796 -1.236089467811 0
-0.140584183931 0.301803820663 -1.041977051648 0
-0.440072696002 0.100170838559 -1.388866509791 0
-0.139511395609 0.028402708429 -1.104509834520 0
-0.421589306551 0.065275784466 -1.375949242247 0
-0.106431393010 0.030314464091 -1.078166304266 0
-0.171305271619 0.975798535564 -1.068049850894 0
-0.039942809664 0.896867676479 -1.130538962095 0
-0.271035003547 0.876419504817 -0.954669080299 0
-0.154819503119 0.863661305114 -1.046126228222 0
-0.191896433902 0.729302307004 -1.094633278883 0
-0.151105685370 0.531372035452 -1.153927443325 0
-0.228140283352 0.539111314961 -1.037179047483 0
-0.219543333333 0.593981481481 -1.116770370370 0
-0.048527624004 0.711839138310 -1.144336200827 0
-0.326960402244 0.715400164642 -1.019710770484 0
-0.028523675582 0.647829415530 -1.055903226325 0
-0.277972935200 0.617116977916 -0.985436003307 0
-0.002173310172 0.606073161442 -0.975983763363 0
-0.229595490360 0.546051222928 -0.942983099479 0
-0.148940878050 0.268974425439 -1.186831592852 0
-0.125329814262 0.291279093662 -1.027479107782 0
-0.367697641048 0.104342929067 -1.352077892274 0
-0.136031342609 0.024485397355 -1.103098495472 0
-0.349368280702 0.068325006982 -1.342439421206 0
-0.102675420025 0.020873363249 -1.077286509766 0
-0.148243949210 0.970261995728 -1.042538960913 0
-0.017373384732 0.898339020488 -1.107665399382 0
-0.244598800449 0.873627625347 -0.927360373043 0
-0.129964850581 0.863017893722 -1.021060507718 0
-0.164694674299 0.728100771530 -1.069947828014 0
-0.117637798096 0.530199667034 -1.125321814416 0
-0.202230561607 0.538376276400 -1.013959248506 0
-0.189065185185 0.592407407407 -1.093500000000 0
-0.040897854385 0.716978964970 -1.140142350609 0
-0.276139436086 0.698785748557 -0.968842971999 0
-0.018935168069 0.637343629144 -1.066023208414 0
-0.207794260040 0.615400263064 -0.928719237057 0
0.011803355249 0.577216547613 -0.999987961878 0
-0.143241867354 0.560476463329 -0.884283527089 0
-0.081722613191 0.268230290296 -1.130014397085 0
-0.116475860142 0.283998094768 -1.018730326492 0
-0.285246467114 0.103005745560 -1.301489979495 0
-0.134117463869 0.023838006857 -1.101589271348 0
-0.262899691245 0.069304305920 -1.291951066509 0
-0.100502855379 0.019754893950 -1.076186333469 0
-0.125624551918 0.969702996577 -1.017321021091 0
0.007221088193 0.904828180513 -1.086080301848 0
-0.214389243068 0.876683839291 -0.899402230677 0
-0.102254591010 0.867800894969 -0.996253339154 0
-0.135242056936 0.732350086717 -1.044950800798 0
-0.083039045477 0.535367853558 -1.097179456673 0
-0.175404703276 0.542061585608 -0.992069072429 0
-0.157350000000 0.596537037037 -1.070337037037 0
-0.029555038039 0.731410579320 -1.141519231374 0
-0.224407670939 0.696111390449 -0.923454702777 0
-0.008095504816 0.638067149807 -1.085445296766 0
-0.139736624951 0.631258801517 -0.880337744796 0
0.023830243574 0.565141137289 -1.034962008568 0
-0.063510437263 0.593557326456 -0.836067327862 0
-0.021167306198 0.279954520403 -1.067585668266 0
-0.114328746556 0.281693581853 -1.015799252170 0
-0.197229437976 0.094009918061 -1.238500144707 0
-0.133931299224 0.022520072610 -1.101397146437 0
-0.170849833461 0.064258741452 -1.226452728279 0
-0.100045295963 0.017325340190 -1.076564174283 0
-0.101412290374 0.974543070901 -0.991587369603 0
0.033091742637 0.916649743051 -1.063790513862 0
-0.181635015807 0.885938136678 -0.869622644319 0
-0.072626475776 0.878339170004 -0.970084667052 0
-0.103986059250 0.742047006936 -1.017536801465 0
-0.046423111058 0.546912094607 -1.067711361281 0
-0.145404348688 0.548748646076 -0.968596501945 0
-0.123451481481 0.605929629630 -1.043881481481 0
-0.015679132686 0.755377840588 -1.141972340184 0
-0.177247447670 0.703990259554 -0.882311964549 0
0.005927965577 0.653905586209 -1.102547621569 0
-0.080404136925 0.659187008822 -0.839321753184 0
0.038401660136 0.573608913724 -1.065562785211 0
0.003446430692 0.639286912625 -0.797071072908 0
0.030327662608 0.301333196317 -1.006554197810 0
-0.115350886082 0.285540192992 -1.012219785972 0
-0.106153143671 0.080820603511 -1.163229877730 0
-0.134836672498 0.024385304616 -1.101093772689 0
-0.076332242206 0.058078162948 -1.145351076885 0
-0.100905134376 0.017533726075 -1.076729258328 0
-0.075022765348 0.985059350798 -0.965113766502 0
0.059789051102 0.930933059288 -1.040464308585 0
-0.147393342186 0.899548623925 -0.838369236282 0
-0.041904061578 0.892269969805 -0.942543402832 0
-0.071968018839 0.755105992381 -0.988241835923 0
-0.009790534483 0.561643205175 -1.037181424575 0
-0.114204576076 0.559333842628 -0.943817681998 0
-0.088977407407 0.618859259259 -1.016203703704 0
0.000944929028 0.783498983673 -1.136901777525 0
-0.140678630966 0.717277010468 -0.842525096353 0
0.022650294017 0.677692183621 -1.111375482542 0
-0.035993160098 0.688498203808 -0.804487629802 0
0.055897825150 0.592737844366 -1.087928531128 0
0.052724786208 0.682652637866 -0.768258972881 0
0.073556416859 0.324944217577 -0.953714364250 0
-0.116639027731 0.298927747755 -1.009144785845 0
-0.015560445372 0.067422744505 -1.078991258970 0
-0.134218413245 0.028609442756 -1.099465664679 0
0.014482084663 0.052414834030 -1.054529752500 0
-0.100591448037 0.020565907907 -1.075043303491 0
-0.046545026581 0.998864009627 -0.938120003816 0
0.089315910007 0.945394747567 -1.015212770167 0
-0.112091810020 0.915460223682 -0.807148357751 0
-0.009374568317 0.907427027393 -0.914002745213 0
-0.038886687515 0.769522607550 -0.957695026400 0
0.026729791216 0.577741893370 -1.005622557474 0
-0.081501017717 0.571412216388 -0.916907052333 0
-0.054201481481 0.633177777778 -0.986614814815 0
0.023559585200 0.810995196262 -1.125269524290 0
-0.108211218237 0.733073017235 -0.804879542234 0
0.044672957818 0.702951918306 -1.111174520665 0
0.000966558942 0.715540104915 -0.773147439544 0
0.078409568352 0.616704077430 -1.096028956689 0
0.091741675060 0.720543040196 -0.743387591203 0
0.113296150148 0.345787318640 -0.912653659716 0
-0.116488610855 0.320042626228 -1.004508928843 0
0.073086606957 0.060640254822 -0.987279560491 0
-0.133122688804 0.034285586329 -1.096481280308 0
0.101167502878 0.060656920486 -0.956658990719 0
-0.099972920659 0.020435192213 -1.074094176372 0
-0.016307115659 1.013764008247 -0.910720816279 0
0.120414614848 0.953852306413 -0.987362868351 0
-0.078555121116 0.925662834589 -0.776724925498 0
0.023034555080 0.916732134608 -0.884581331861 0
-0.005748830294 0.778131890649 -0.926507662837 0
0.063110169822 0.587628988472 -0.973437177401 0
-0.046960912110 0.578080268271 -0.887311730929 0
-0.019059074074 0.641503703704 -0.955270370370 0
0.055380016395 0.829189569183 -1.108727301861 0
-0.078670513835 0.743240303542 -0.774021882250 0
0.074941187724 0.720427903655 -1.098429038420 0
0.032077640925 0.729735934934 -0.745975587822 0
0.107980663822 0.633862853303 -1.085326095251 0
0.123260468677 0.739453337443 -0.720189129977 0
0.150297504057 0.356237469667 -0.879649070683 0
-0.102761636023 0.336508791400 -0.990337902711 0
0.157781321037 0.061945481348 -0.896192375921 0
-0.134942350591 0.042846006315 -1.091366576120 0
0.179268689041 0.077411308841 -0.864172733781 0
-0.103690004874 0.022620051637 -1.071214042470 0
0.015150948365 1.022823639979 -0.882152185642 0
0.154626400474 0.958670471344 -0.955286284247 0
-0.048862505467 0.931060664194 -0.748932440501 0
0.055117564577 0.921832706224 -0.854460701790 0
0.027703899562 0.782554494736 -0.895280859046 0
0.099210104615 0.592630812037 -0.939165031054 0
-0.011006764493 0.580853924767 -0.853503135468 0
0.016215814815 0.645185185185 -0.920881481481 0
0.096893080985 0.834785056823 -1.081059455713 0
-0.055505977651 0.748749320590 -0.750865795780 0
0.117214963184 0.726735271347 -1.065891776116 0
0.054819647920 0.731910474278 -0.722958341888 0
0.150383291250 0.640747892576 -1.048832495320 0
0.147071779564 0.737616964889 -0.698172726226 0
0.186209689199 0.358625737099 -0.851914974476 0
-0.077568246267 0.346005135446 -0.965308799892 0
0.233087924519 0.072346981749 -0.819632907444 0
-0.134054087384 0.055451456425 -1.083523659374 0
0.248005304235 0.095200894925 -0.788306772643 0
-0.105472186604 0.030888889957 -1.064244700788 0
0.045961371733 1.027767697224 -0.851748386307 0
0.189528053410 0.958207320745 -0.920487719132 0
-0.022301612183 0.930337492251 -0.722741896028 0
0.086020639869 0.921242410228 -0.823820050437 0
0.060460710317 0.781414997444 -0.864179360831 0
0.134145860930 0.591771612636 -0.903282689784 0
0.023974094309 0.579388509681 -0.817648267581 0
0.050384074074 0.643340740741 -0.885707407407 0
0.146878831455 0.828225762443 -1.046127924237 0
-0.036108025274 0.748772974218 -0.734100079911 0
0.167158466482 0.722242862409 -1.020163432221 0
0.070616730962 0.718751266850 -0.703397638990 0
0.199574483737 0.639751732551 -0.990739082533 0
0.162060773489 0.713941316689 -0.676281544552 0
0.222298452414 0.355315448945 -0.824178464520 0
-0.037329557636 0.342401083947 -0.927937494622 0
0.291763378229 0.081405790640 -0.768608391235 0
-0.126721568399 0.069725287738 -1.068722224548 0
0.302072085251 0.110762964479 -0.741075807079 0
-0.101096719406 0.043248019125 -1.047883694639 0
0.075836015315 1.027098345090 -0.820692027032 0
0.225355577147 0.950426827257 -0.884469520893 0
0.003199543635 0.922130415918 -0.698464265590 0
0.116840846296 0.913253496834 -0.793543594273 0
0.092888770748 0.773213349699 -0.834157955678 0
0.168491996360 0.585819700946 -0.868241440316 0
0.057655517069 0.571099816864 -0.783843492852 0
0.082821851852 0.634811111111 -0.852596296296 0
0.201709182515 0.811731151169 -1.005729490489 0
-0.016850023514 0.742450654742 -0.722928481761 0
0.220707908341 0.710100412180 -0.965380576606 0
0.082059652751 0.695122118513 -0.688129027959 0
0.251468950430 0.633357159153 -0.922581135933 0
0.169361124641 0.676567987321 -0.655432854067 0
0.257597815816 0.347150474223 -0.797269415251 0
0.014689776010 0.325205265480 -0.882710605654 0
0.333229828309 0.070463522049 -0.746367516348 0
-0.111412417169 0.083168448135 -1.043445749846 0
0.345536933317 0.098392606804 -0.718177843104 0
-0.091468368583 0.051514685428 -1.023641780537 0
0.105535923511 1.019027458575 -0.790638686092 0
0.260571338892 0.935944302086 -0.847123157927 0
0.027159979458 0.907086096056 -0.675547266986 0
0.146584193810 0.898496490735 -0.763281523762 0
0.124315346265 0.758498993253 -0.804815328996 0
0.202202506746 0.575354962981 -0.835373077501 0
0.090627476215 0.556070530164 -0.752889522303 0
0.113844444444 0.620074074074 -0.822055555556 0
0.257541544416 0.782860639253 -0.952269890115 0
0.002472640697 0.730192092252 -0.712754071671 0
0.274584605824 0.689558230955 -0.894633198627 0
0.090108651141 0.666840030382 -0.673504074020 0
0.302378106052 0.620549755477 -0.838110121865 0
0.169651597238 0.632375429725 -0.633669222357 0
0.293867325934 0.336373256587 -0.768851050173 0
0.071044894549 0.300443199810 -0.832614560843 0
0.355107709902 0.043399585561 -0.740210380525 0
-0.084320070747 0.091564152214 -1.006569600917 0
0.371264682951 0.066976613437 -0.710056902037 0
-0.070566551673 0.055797810972 -0.988582591296 0
0.135996274427 1.004280591483 -0.761279318915 0
0.294278908512 0.920027865986 -0.808016102758 0
0.049283760245 0.891195394086 -0.653426287407 0
0.174589723008 0.882592609547 -0.732531482556 0
0.154087703078 0.742695800390 -0.775111240269 0
0.235294557951 0.565452718935 -0.804066455145 0
0.124076413180 0.538811088501 -0.723164282946 0
0.144018888889 0.604274074074 -0.791985185185 0
0.309350394154 0.753752815135 -0.889410700590 0
0.021414714299 0.719398130608 -0.708146632174 0
0.322388188651 0.671051549298 -0.816552550149 0
0.091109387930 0.638805328077 -0.664769575646 0
0.345336882376 0.612090656707 -0.747576436923 0
0.156375538658 0.587193719214 -0.617798683130 0
0.330989417700 0.327840009914 -0.738320204174 0
0.130830745284 0.275187311673 -0.773580298138 0
0.362846529518 0.025739398393 -0.735787957260 0
-0.036713087693 0.095471846991 -0.960128054770 0
0.382433270573 0.042238148916 -0.703072409082 0
-0.026820467461 0.057913431488 -0.943292839960 0
0.166871783732 0.988442679023 -0.730922730903 0
0.325897974611 0.906992121849 -0.764747042152 0
0.067391642619 0.876766389558 -0.634313815756 0
0.199687018506 0.868876717001 -0.701163727434 0
0.182387727418 0.729159465326 -0.745343704007 0
0.264921789104 0.555772552738 -0.771944285403 0
0.153220315903 0.525315001138 -0.693080275231 0
0.171848148148 0.590807407407 -0.762240740741 0
0.357416343488 0.732123704411 -0.818851124964 0
0.036499175967 0.711334858379 -0.704764959026 0
0.362760267936 0.660526785715 -0.734215923973 0
0.087609957822 0.617841402622 -0.661397020477 0
0.378691657516 0.612765392610 -0.655554402457 0
0.135181826952 0.551987062029 -0.610687172411 0
0.361612880591 0.317560602020 -0.709929976173 0
0.190134315162 0.259781521561 -0.707716503618 0
0.365423017954 0.020349296233 -0.728578732731 0
0.027921844576 0.093776882272 -0.899156939980 0
0.386239478359 0.035466903937 -0.695955287173 0
0.038740199941 0.057921653456 -0.879426539029 0
0.193671957496 0.974787880195 -0.699015011222 0
0.352739982130 0.903026974548 -0.719388345525 0
0.083321090972 0.871106725610 -0.613811340854 0
0.221329651478 0.864085005649 -0.668010573149 0
0.207882153154 0.724351655434 -0.713154940772 0
0.291380539347 0.552329122879 -0.736376354106 0
0.178311035808 0.520727593807 -0.659949628446 0
0.197539259259 0.585903703704 -0.729244444444 0
0.400812366232 0.724743707059 -0.739481757167 0
0.046776300260 0.715465341687 -0.701706377541 0
0.394481981350 0.668317003913 -0.644120617591 0
0.082617402184 0.614132676445 -0.660703661128 0
0.398879101369 0.634655233697 -0.557027923628 0
0.116254470335 0.539876955152 -0.610389815812 0
0.377200864036 0.307323646356 -0.685907913161 0
0.243667574273 0.261108918095 -0.639662750910 0
0.367427894696 0.018820983261 -0.724779899669 0
0.099154923037 0.088127265994 -0.830959449958 0
0.388752142495 0.034217545921 -0.692618142866 0
0.109651330469 0.053035911785 -0.809738110259 0
0.215394402896 0.970034253912 -0.665246968981 0
0.374717141045 0.903440838522 -0.672316637518 0
0.096798030373 0.869328732594 -0.592634285185 0
0.239346255050 0.863430712961 -0.633603067343 0
0.230467831360 0.723488508740 -0.678996158379 0
0.314787579542 0.550625651402 -0.697442824761 0
0.199309167909 0.520140767517 -0.624232019777 0
0.220982222222 0.584796296296 -0.693292592593 0
0.427067530158 0.725517046163 -0.662208044980 0
0.055848793050 0.725478289019 -0.697111600607 0
0.410243006687 0.683827628080 -0.560735283256 0
0.081476706369 0.620313823411 -0.658153140452 0
0.402230070924 0.664982446088 -0.469571169200 0
0.107166243657 0.542384567573 -0.608940974498 0
0.383248602696 0.297192339809 -0.665434699683 0
0.289442135413 0.272235561262 -0.574192553559 0
0.368915976590 0.017163172318 -0.723466864651 0
0.172631775241 0.076607822941 -0.754950295441 0
0.389637839219 0.033737259803 -0.691497186521 0
0.183700277616 0.044557411882 -0.729608977914 0
0.231496837157 0.969394745104 -0.631482818859 0
0.391917541347 0.908907248948 -0.623959314672 0
0.108262238440 0.872050797648 -0.569800139538 0
0.253995873264 0.867561510658 -0.597634975426 0
0.250335305406 0.727414968623 -0.643005311751 0
0.335539602737 0.551853308672 -0.657296803252 0
0.216585139173 0.525102435188 -0.588313906593 0
0.242600370370 0.588548148148 -0.656996296296 0
0.446726247118 0.734280593155 -0.592318208036 0
0.068415853529 0.738251986458 -0.687254144686 0
0.416029996590 0.705007835880 -0.489757789613 0
0.086954035790 0.631242722131 -0.649313802937 0
0.395047525135 0.698162254061 -0.399164793775 0
0.105693529219 0.550715193052 -0.600805544751 0
0.383431592470 0.291814952382 -0.652169838763 0
0.324188916900 0.291716576051 -0.510613462110 0
0.368617244481 0.016820307721 -0.725176788924 0
0.247810828170 0.064569192102 -0.666242706978 0
0.388979236828 0.032038692329 -0.692314252135 0
0.259956951516 0.040283325061 -0.633768235195 0
0.244273679310 0.973496556807 -0.596217357997 0
0.406436227295 0.921064797348 -0.575078970269 0
0.119668073686 0.880915420459 -0.545012398604 0
0.267281569175 0.878119815290 -0.560363771403 0
0.268965389546 0.737666602910 -0.604847714851 0
0.355553849112 0.559362284831 -0.615323651050 0
0.233578389909 0.535524449643 -0.550684973535 0
0.263682222222 0.598559259259 -0.618062962963 0
0.462548507524 0.750563389080 -0.527326435707 0
0.085749666616 0.754774819051 -0.672383470399 0
0.417491465954 0.729452398240 -0.428119668737 0
0.098450978704 0.646587643869 -0.635392550126 0
0.384716913198 0.729839267053 -0.340924552306 0
0.110940059279 0.564417444271 -0.587460165279 0
0.379447007819 0.297414484196 -0.642752502591 0
0.348761409579 0.313758353647 -0.452513888459 0
0.367301860210 0.022156232367 -0.726813753661 0
0.321881164478 0.057836142003 -0.569398118742 0
0.387095486679 0.036483714619 -0.693211791068 0
0.334513674839 0.045196283803 -0.531023952503 0
0.254689728113 0.983874168727 -0.559314406234 0
0.418585072259 0.937309993412 -0.525011580383 0
0.130978419414 0.892864013530 -0.517336084825 0
0.279368463693 0.892284280230 -0.520980638796 0
0.286237304577 0.751402796714 -0.563436075318 0
0.374128513997 0.571221930111 -0.570434682837 0
0.250065482680 0.548006362813 -0.509657916219 0
0.282997777778 0.611970370370 -0.574800000000 0
0.476283820734 0.771427369029 -0.464567952734 0
0.105153888708 0.773250268630 -0.652654026122 0
0.416809165605 0.755978736080 -0.372145559997 0
0.114831435082 0.664495370820 -0.616420979276 0
0.371745064016 0.761881133281 -0.291065659853 0
0.123915465927 0.582049262472 -0.568529683547 0
0.376969062687 0.314047941325 -0.632024827848 0
0.366786920972 0.330923499426 -0.403187133533 0
0.366650320540 0.029659439934 -0.726681413611 0
0.386228243107 0.057417871674 -0.468445734100 0
0.386126115619 0.039756145207 -0.691398184802 0
0.396427041678 0.055547101092 -0.427404197907 0
0.263164708166 0.997570319209 -0.520872868635 0
0.428843631123 0.951706620003 -0.476587730038 0
0.142153883632 0.902291065143 -0.487498126079 0
0.290443092515 0.904285474396 -0.481208693190 0
0.302174327554 0.762880520045 -0.520638959511 0
0.391995005387 0.581525993428 -0.524965158261 0
0.266351935143 0.557603702216 -0.467816610177 0
0.301303333333 0.623129629630 -0.530300000000 0
0.486071196240 0.787414628312 -0.411527988048 0
0.127634685500 0.786150062589 -0.627447259707 0
0.417423131693 0.773856924772 -0.325380292486 0
0.135521109965 0.677422729505 -0.590700998198 0
0.362339450058 0.781708729028 -0.250827576925 0
0.141630426910 0.595052618314 -0.542273723132 0
0.383150109401 0.332142703109 -0.612541510729 0
0.380372538798 0.339173038820 -0.361175911898 0
0.370011785776 0.038938859756 -0.725179325978 0
0.439759724125 0.062920775785 -0.368835871141 0
0.388978958003 0.038628076472 -0.688215748256 0
0.446620732263 0.069642361425 -0.327608819080 0
0.270890729715 1.008972430021 -0.482575989543 0
0.437967616806 0.961585511395 -0.429721869805 0
0.153331676629 0.905629027009 -0.454281970275 0
0.301038812713 0.911022368965 -0.440616761974 0
0.317668530832 0.769338989604 -0.477144530829 0
0.410384767688 0.587521587449 -0.478860479941 0
0.283487748944 0.562109733975 -0.425234012574 0
0.319851851852 0.629355555556 -0.485025925926 0
0.495157847753 0.797175270052 -0.364928561533 0
0.151208109477 0.792391774725 -0.597313836478 0
0.420744290737 0.784216106442 -0.283611428327 0
0.157884506941 0.684596101843 -0.557695216991 0
0.358742917578 0.791643453161 -0.214164239654 0
0.161438098905 0.603097401597 -0.507382463506 0
0.401260951396 0.341106461584 -0.574444039764 0
0.393980748137 0.339227749824 -0.324239905967 0
0.377914114982 0.053680409369 -0.721829006205 0
0.475642472633 0.072779901490 -0.283304729693 0
0.395159318778 0.039535612304 -0.686776417875 0
0.480629037244 0.086379033171 -0.243528848071 0
0.280008921215 1.015348734105 -0.444113768035 0
0.446970732165 0.965941225440 -0.384530949855 0
0.164358860061 0.904043607920 -0.416952544695 0
0.311449040584 0.912537477209 -0.398909344214 0
0.331935429643 0.770744265882 -0.432980161054 0
0.428022888620 0.589212199774 -0.431927088928 0
0.300129095011 0.561948155697 -0.381685043567 0
0.337411851852 0.630707407407 -0.439144444444 0
0.503187443109 0.799547101354 -0.324096690932 0
0.173521722345 0.788889216619 -0.558164469512 0
0.424939455141 0.784869315048 -0.246768762536 0
0.180564708705 0.683041445936 -0.513658715166 0
0.359545029171 0.790485520083 -0.180186096622 0
0.182974052804 0.603802805160 -0.459806187468 0
0.423858818842 0.342594630413 -0.527333117002 0
0.408011850445 0.335041140519 -0.287030889711 0
0.392597496709 0.072249359937 -0.710876902341 0
0.497493873082 0.076270242223 -0.226200214322 0
0.407887577911 0.046780772987 -0.681830030183 0
0.500279672083 0.096186826043 -0.188951160900 0
0.289943632208 1.016675135978 -0.404821511646 0
0.456125826049 0.962577500591 -0.343025657174 0
0.174413185308 0.896500427469 -0.375021806556 0
0.321352865727 0.907187267433 -0.356918053473 0
0.344443257063 0.765309668837 -0.389293663063 0
0.444645304031 0.585355693605 -0.384441425769 0
0.316040902549 0.556111478313 -0.337217518090 0
0.353584074074 0.625396296296 -0.393870370370 0
0.510990072076 0.792146273357 -0.293601634042 0
0.193101637164 0.775944560759 -0.510676973656 0
0.432994774296 0.772872128088 -0.217031180273 0
0.202177140570 0.673527091876 -0.459078391400 0
0.367419785618 0.774086392158 -0.150203539079 0
0.204698009745 0.597599758840 -0.400459631871 0
0.452561341311 0.335362998831 -0.470353381284 0
0.422677725596 0.327120358729 -0.246241991596 0
0.417012390140 0.090486051247 -0.684731465748 0
0.512551826406 0.062730861188 -0.197340042641 0
0.433930672354 0.061679004424 -0.660031626338 0
0.516239970288 0.079025506927 -0.158445247580 0
0.300471814199 1.011247456527 -0.364945615077 0
0.465873118126 0.951693361671 -0.301910402743 0
0.184472399893 0.882486831278 -0.329767844298 0
0.331515476416 0.894817801419 -0.313658687654 0
0.356411743918 0.753177672617 -0.346054902391 0
0.457293548148 0.572180304295 -0.336092237313 0
0.326420491697 0.547328501303 -0.292744288705 0
0.367494814815 0.613522222222 -0.350629629630 0
0.520791337709 0.777567468079 -0.267796107945 0
0.210344392575 0.752341501454 -0.454980194772 0
0.446798750868 0.750850304037 -0.189507642766 0
0.222622356580 0.655266949168 -0.394483093322 0
0.383834635735 0.745550538533 -0.120361784387 0
0.226557203073 0.583650648687 -0.330252005845 0
0.485727089201 0.317748052384 -0.402391846045 0
0.432923573155 0.315178610583 -0.209989148821 0
0.448689821962 0.102334939162 -0.641155206336 0
0.524465386780 0.038477348245 -0.188287944922 0
0.467990531888 0.071404847930 -0.621231142010 0
0.532443026881 0.040058499808 -0.146745434333 0
0.310380066949 0.998714382542 -0.323114385977 0
0.474596750002 0.938053685128 -0.259587473864 0
0.193533000019 0.866488036644 -0.284756334046 0
0.340618096959 0.880050629230 -0.270084781779 0
0.367288946397 0.738946162253 -0.303692011460 0
0.467840998548 0.556626294865 -0.288481729783 0
0.334296065044 0.537151295957 -0.250919929796 0
0.380103703704 0.599640740741 -0.309367777778 0
0.526847123634 0.760541089249 -0.243500226420 0
0.224154864879 0.724288368912 -0.394878336758 0
0.459821348836 0.723684794294 -0.163082861523 0
0.240963264059 0.633745336217 -0.325932319231 0
0.403444082724 0.708740548622 -0.089628053218 0
0.247805138686 0.567864002501 -0.255891045448 0
0.517456415414 0.299720839379 -0.326923536950 0
0.441363468574 0.303648543720 -0.172830704560 0
0.482624588046 0.105602156768 -0.578915874955 0
0.531922118198 0.023086015528 -0.182488297140 0
0.502843937423 0.074142456582 -0.560815558340 0
0.542198598470 0.014463530306 -0.142338955056 0
0.318979490890 0.983855968417 -0.280016801858 0
0.482658891071 0.927370919067 -0.216650751718 0
0.201984471098 0.854437985781 -0.242235949310 0
0.348996663100 0.868707092383 -0.227503939775 0
0.377247263427 0.728096371728 -0.262190276343 0
0.477081377919 0.545426140206 -0.242026737886 0
0.341468865146 0.528570722139 -0.211211888762 0
0.391185185185 0.589003703704 -0.268618888889 0
0.529907431435 0.747791893765 -0.220960261681 0
0.235391133395 0.698599021064 -0.331025090436 0
0.476833779416 0.694956833424 -0.139049106140 0
0.257691002003 0.615993213945 -0.254128322782 0
0.432831388012 0.664421199524 -0.061750482666 0
0.269415931603 0.558494571422 -0.177870023068 0
0.540863261057 0.288782086157 -0.244388112989 0
0.448538799773 0.293475462844 -0.138060405831 0
0.517801147931 0.103747423118 -0.499512298289 0
0.536020056509 0.019652078539 -0.177926957662 0
0.537648087050 0.071992635998 -0.481515387745 0
0.546423645245 0.008565378994 -0.138420332869 0
0.326966285124 0.972453711052 -0.237445455875 0
0.491057166352 0.919778639262 -0.176331272793 0
0.210517193423 0.846509542610 -0.202425490267 0
0.357497695503 0.860948551108 -0.187543583556 0
0.386652759937 0.720634348776 -0.222912842196 0
0.485204965973 0.537744511613 -0.197599625644 0
0.347911773245 0.521883390734 -0.174721300958 0
0.401300000000 0.581707407407 -0.229404074074 0
0.532495268669 0.740633442664 -0.202589699690 0
0.243960927262 0.678359169711 -0.264813536820 0
0.499020179258 0.670972901007 -0.122936571271 0
0.272788927404 0.609810838429 -0.177040026741 0
0.470934645857 0.624257872418 -0.046025985313 0
0.291189355092 0.566836529060 -0.093144422658 0
0.550430290649 0.284673870001 -0.157093051336 0
0.453296943199 0.282341704783 -0.114732652494 0
0.550702693799 0.094621846044 -0.403443749398 0
0.537156910069 0.017167652128 -0.175205996841 0
0.569251035163 0.065506370992 -0.380326560302 0
0.546838298525 0.006865933151 -0.135305266628 0
0.334239555741 0.964460686949 -0.197384912721 0
0.497078603387 0.920309590925 -0.136733160475 0
0.216411575119 0.847427010124 -0.162541953161 0
0.363421707993 0.861666079962 -0.147760416438 0
0.393409312108 0.721408123924 -0.182965703860 0
0.491407803497 0.538334244876 -0.152604954403 0
0.352894426828 0.522692171506 -0.138684333381 0
0.409814814815 0.582696296296 -0.189468148148 0
0.536220218235 0.745461375394 -0.185678622818 0
0.249066051660 0.671265122959 -0.196979930224 0
0.519738374176 0.663216451727 -0.113001839116 0
0.284851438616 0.622683478954 -0.099034300758 0
0.506375566641 0.604180629745 -0.040611050807 0
0.309798561653 0.597941301649 -0.009533308836 0
0.545655743393 0.292298416762 -0.072209634336 0
0.453861226104 0.276644461204 -0.101926735558 0
0.571916877530 0.080546486387 -0.293331867454 0
0.537374492393 0.017597828367 -0.172509123234 0
0.587493509719 0.055666132802 -0.263929608668 0
0.547169928824 0.007581752789 -0.132563527444 0
0.339709248123 0.965057643137 -0.157506941263 0
0.501522174070 0.926866648165 -0.097272866136 0
0.220339451338 0.855157090502 -0.120638672292 0
0.367504536946 0.868797638384 -0.106869244676 0
0.397920864263 0.728282243059 -0.140933364857 0
0.495952840113 0.545655736753 -0.104461506760 0
0.356950671747 0.528585914656 -0.101080378481 0
0.416874074074 0.589888888889 -0.146583703704 0
0.541661812531 0.760168348109 -0.168687913246 0
0.253892085376 0.676019296257 -0.128955583623 0
0.536867158597 0.669078807897 -0.105462123416 0
0.295695879793 0.645621211533 -0.026181483759 0
0.536412186420 0.601796893092 -0.039658379864 0
0.325229409462 0.636743495754 0.064928537130 0
0.535312102762 0.307922672178 0.004505064439 0
0.450581958515 0.277071974955 -0.093411508076 0
0.581278365421 0.065233655249 -0.173356441763 0
0.536918795848 0.020269009925 -0.169637730117 0
0.593220039431 0.044952833113 -0.139118437120 0
0.546646563444 0.010164358411 -0.129697906341 0
0.344168255313 0.972200405259 -0.116625235238 0
0.505856450234 0.938397064803 -0.057588162809 0
0.223971660245 0.868545275398 -0.077926250481 0
0.371329415612 0.881241220675 -0.065367229341 0
0.401837547937 0.740223521952 -0.097445745910 0
0.499859256907 0.558474780357 -0.055034748542 0
0.361436953822 0.538318118876 -0.062610279664 0
0.423159259259 0.602033333333 -0.101982222222 0
0.549080891389 0.782817905554 -0.149383563919 0
0.258991231510 0.689642900162 -0.070655118846 0
0.550769362406 0.685812876450 -0.095485818733 0
0.304341453813 0.678899539963 0.034521180452 0
0.559429914094 0.613289712464 -0.036883825230 0
0.336402754564 0.687236959803 0.124742053559 0
0.523852370593 0.325935571697 0.068616867374 0
0.445727390091 0.284710468163 -0.088362428157 0
0.577015532767 0.053309792245 -0.047648530589 0
0.535487435713 0.024341953079 -0.168169207987 0
0.582306808508 0.044011568521 -0.007502525518 0
0.545621551902 0.011850135958 -0.129013401751 0
0.347022332666 0.984314824004 -0.075775065921 0
0.509405048432 0.951301284608 -0.015719141395 0
0.226841993704 0.883758247897 -0.034373991040 0
0.374335856331 0.895284158306 -0.022293511660 0
0.404413428049 0.753692985633 -0.052227187575 0
0.501325540768 0.572627305076 -0.005122958065 0
0.364159459834 0.549698144249 -0.021979217732 0
0.426814814815 0.615533333333 -0.056030000000 0
0.554832736117 0.808970132807 -0.126072171211 0
0.261869880527 0.705348660788 -0.019262208740 0
0.560905776103 0.708393971409 -0.079538876832 0
0.308783868580 0.709683286387 0.085687327377 0
0.574386709478 0.631958731475 -0.027204047067 0
0.342244860271 0.731172533458 0.173075146278 0
0.513421927257 0.340237879318 0.120530165322 0
0.440218205925 0.298797916717 -0.079850058976 0
0.562829331364 0.049284741125 0.075296803519 0
0.532865801280 0.029161472647 -0.168419070897 0
0.561598090111 0.054342969070 0.116516394269 0
0.544158015073 0.009890278550 -0.132460345202 0
0.349074273757 0.997990423898 -0.033477158596 0
0.510759643286 0.962344359097 0.028479974510 0
0.227740722630 0.897142773119 0.008455268334 0
0.375232509891 0.907483408176 0.021587977976 0
0.404804629469 0.765312737490 -0.006050478217 0
0.499682151995 0.583122658734 0.044396512144 0
0.363440961925 0.560247876448 0.021169456176 0
0.427259259259 0.627018518519 -0.008635370370 0
0.560208182543 0.829885764598 -0.091974105867 0
0.261526975735 0.718870397650 0.027501234768 0
0.569063033379 0.727234820088 -0.050716758040 0
0.309096168583 0.732519264126 0.131352073575 0
0.583782403998 0.647799871592 -0.002836943626 0
0.343423568898 0.761908885813 0.216021557407 0
0.506116392502 0.348035763445 0.165361909674 0
0.436158549253 0.314301431137 -0.058249621074 0
0.541237621987 0.056534301030 0.192204304876 0
0.527521522186 0.036222641686 -0.165532211584 0
0.534215183456 0.076667973486 0.227862079302 0
0.539046617259 0.008854738628 -0.135364463348 0
0.350182521467 1.010038168508 0.009500652837 0
0.510876305846 0.969381560743 0.075633893510 0
0.227804059166 0.906361245153 0.050129225250 0
0.375066919570 0.915588909540 0.066307119457 0
0.404056772927 0.772906413740 0.040691076699 0
0.495848406472 0.588750997548 0.093927966745 0
0.359891170292 0.568002426420 0.067290767348 0
0.425229629630 0.634333333333 0.039895185185 0
0.566135883538 0.840456896181 -0.046121733512 0
0.260392609375 0.727681909672 0.067362363656 0
0.575225095182 0.736844630533 -0.007396054939 0
0.306850275456 0.744544877610 0.171244229061 0
0.588449115233 0.656248478976 0.039085693152 0
0.340499923944 0.776950240674 0.254953487980 0
0.500578746883 0.350547885797 0.208718108390 0
0.432799234291 0.325328998654 -0.021472473689 0
0.517535153442 0.071104470950 0.286006232886 0
0.520031496601 0.049545699055 -0.157701010037 0
0.506144744079 0.100222967797 0.313365472687 0
0.529453691234 0.018006512085 -0.131084757455 0
0.350958007678 1.018103152927 0.053017316013 0
0.511702609838 0.967361243375 0.126074277939 0
0.229309808363 0.906646711428 0.089742523147 0
0.375917261933 0.914674879574 0.111537641398 0
0.404209045767 0.771677385832 0.086942059050 0
0.492576292879 0.587778661744 0.143238591156 0
0.357199519427 0.566884088726 0.113896476487 0
0.423211111111 0.632818518519 0.087165555556 0
0.575589382493 0.837673319668 0.009458903758 0
0.260995201279 0.727237283986 0.099416860996 0
0.580411826848 0.734360968280 0.049721735540 0
0.303752606483 0.739061730222 0.205558762038 0
0.589616010772 0.654787594640 0.098369435243 0
0.334468320407 0.766278925877 0.292565977892 0
0.497785771602 0.345412857821 0.248934161582 0
0.431223160050 0.320663278267 0.036561462262 0
0.506140602104 0.072606305443 0.346869031386 0
0.512386256212 0.065274800254 -0.138812401068 0
0.493732537808 0.103878828603 0.371245772805 0
0.517653800179 0.034653776377 -0.110062986374 0
0.352782723626 1.017235279316 0.097656712107 0
0.512114339084 0.957895684989 0.179534707675 0
0.231514950290 0.900070507900 0.127841603458 0
0.376836293724 0.906573777346 0.157382062737 0
0.404379628526 0.763505613417 0.132538682316 0
0.489660271413 0.582133623855 0.191523774623 0
0.355019260163 0.559046410849 0.160488434278 0
0.421033333333 0.624455555556 0.132502592593 0
0.585137589729 0.822304713026 0.075696776463 0
0.263252788882 0.720412275595 0.128805324568 0
0.582454749928 0.721016914195 0.120988913977 0
0.299464189637 0.719717817155 0.237994923744 0
0.585140072068 0.643821099664 0.173911146673 0
0.324718724169 0.735704103688 0.329670162354 0
0.495821608783 0.336278144983 0.288770865161 0
0.428364893045 0.306905302228 0.104540505100 0
0.504509748079 0.053469660057 0.378709309129 0
0.502603297908 0.080396872393 -0.105041205026 0
0.491784849568 0.081112868118 0.406995105786 0
0.503843426384 0.048144756331 -0.077651680409 0
0.355324013002 1.009386445416 0.143619940468 0
0.511317823136 0.944038728670 0.234092316068 0
0.234249514692 0.889115819427 0.163604220501 0
0.377420263180 0.894073871549 0.202472956033 0
0.404578241813 0.751126868941 0.176746231463 0
0.486592140141 0.573332484822 0.238003553338 0
0.352886339758 0.547059212063 0.205493743317 0
0.418677777778 0.611874074074 0.175661851852 0
0.587401854114 0.795801866432 0.152015061758 0
0.267756117882 0.710039704856 0.153890708029 0
0.578266957127 0.698236183339 0.204123455338 0
0.294889975364 0.690290362007 0.263926309634 0
0.573926815067 0.625182676669 0.262560539534 0
0.312375634457 0.690296201240 0.358690807102 0
0.493259521354 0.327089969655 0.334232680630 0
0.420482427832 0.288329863697 0.181519080225 0
0.508113193592 0.028565440100 0.394265762213 0
0.492436245013 0.091817673904 -0.050184422704 0
0.495726255729 0.047608776044 0.429051842950 0
0.490735570905 0.056640411022 -0.026698451325 0
0.357330897945 0.997151091461 0.189090173627 0
0.508067003498 0.929243217277 0.288967488889 0
0.236425421802 0.877251263922 0.198084965812 0
0.376530094648 0.880649809630 0.246996668290 0
0.403937581420 0.738079193555 0.219820852472 0
0.482736494867 0.563710046037 0.282576558331 0
0.350446943584 0.534134944510 0.247232511358 0
0.416148148148 0.598785185185 0.216849629630 0
0.586577888567 0.770047403378 0.234265052620 0
0.273561365508 0.699866983898 0.177084049704 0
0.566280730931 0.677232040480 0.291633400548 0
0.290811534004 0.656456905420 0.282213080702 0
0.552368562763 0.609089823064 0.354262499796 0
0.298741745767 0.634831759572 0.375914287678 0
0.491696903810 0.318993257024 0.382442866133 0
0.405327507113 0.271703418629 0.261470111914 0
0.508603633409 0.016366625101 0.402785352298 0
0.481595229950 0.097268510037 0.020956042216 0
0.497427765819 0.033922672962 0.438744237899 0
0.477984784131 0.058723277242 0.038077744167 0
0.357684398876 0.984208806904 0.234548488557 0
0.499819800628 0.917382033250 0.341705797361 0
0.235394314685 0.867557330806 0.230581513199 0
0.371631383691 0.869802710282 0.289468212929 0
0.400153549825 0.727644887094 0.261468183741 0
0.477470667670 0.555040074934 0.325064458709 0
0.345976569692 0.523914955442 0.288119326434 0
0.411766666667 0.588400000000 0.257578148148 0
0.573748873611 0.748406808498 0.319762954360 0
0.276916735890 0.692869555760 0.198249340700 0
0.539369971348 0.662582705645 0.381164159485 0
0.283692534132 0.627305955092 0.292534117896 0
0.511078788434 0.600578397461 0.445840102089 0
0.279819090192 0.585222813551 0.379085063876 0
0.489577845457 0.308801174469 0.420770755948 0
0.385220602797 0.263379970127 0.339755734047 0
0.506903425260 0.011799150737 0.409046819493 0
0.468710591555 0.095051682429 0.105342119015 0
0.496236980274 0.027160274454 0.446146942351 0
0.462274146229 0.057178264514 0.123121302207 0
0.355045338539 0.973899790393 0.277988358889 0
0.487261413637 0.912679144035 0.391505677643 0
0.232587798294 0.861802750103 0.259957635812 0
0.363848762750 0.864579692200 0.329211313752 0
0.394327332462 0.722726197034 0.302189464931 0
0.470159748153 0.550253253922 0.365424465723 0
0.338662210877 0.519495485893 0.328185090576 0
0.404900000000 0.583407407407 0.297407777778 0
0.545792200126 0.736738552119 0.402399617238 0
0.280052043460 0.692674917566 0.210680650475 0
0.497743819101 0.659351726683 0.465806445513 0
0.276891377764 0.611325183446 0.291960090287 0
0.453528585858 0.607285353143 0.529971973742 0
0.263128047417 0.555514474264 0.368855994854 0
0.486269228553 0.299406813689 0.447621930717 0
0.363903400726 0.266154823543 0.413427582527 0
0.504932275217 0.009980066473 0.412988847085 0
0.453028486295 0.084692295644 0.198436525606 0
0.494067071763 0.021592430205 0.451371872617 0
0.444084768826 0.049564465204 0.220299014355 0
0.348554600614 0.968937879821 0.317988152385 0
0.471282759854 0.914064606955 0.437904282229 0
0.228046395949 0.860578293951 0.287148749275 0
0.353554814957 0.864700300897 0.366293363257 0
0.386408353226 0.722997922413 0.341698123767 0
0.460206393962 0.549067293138 0.406540787380 0
0.328386740708 0.520766663053 0.368500453287 0
0.395911111111 0.583592592593 0.338288148148 0
0.511926275766 0.736184143371 0.472635652204 0
0.282498732931 0.701405093062 0.216550344846 0
0.448112625386 0.671043467123 0.535899416437 0
0.270672426525 0.613066737688 0.289286785727 0
0.390378657780 0.630842769061 0.597797780885 0
0.250071925370 0.549826890462 0.359016635936 0
0.479971756730 0.291828604351 0.464656728506 0
0.340215782121 0.276786217682 0.479938810034 0
0.503979773668 0.010638003122 0.413938652574 0
0.435918200222 0.070165774475 0.299606929671 0
0.492981833542 0.023626214406 0.451839944995 0
0.424049706270 0.041018452856 0.327917624852 0
0.337912658167 0.969029312030 0.354657437011 0
