-0.005654399105 0.936819331233 0.159962367952 0
0.000943276920 0.926561474759 -0.160721261270 0
-0.001680401412 0.927610488678 -0.011592472517 0
0.023121728702 0.780584591215 -0.006705357826 0
-0.001882790841 0.578589668212 0.069554530911 0
-0.015499061797 0.567740198818 -0.052360580464 0
0.031014888889 0.635755555556 -0.000579022222 0
0.015965390695 0.768518993064 0.158539142962 0
0.037006208232 0.762613194198 -0.156094301271 0
0.024829291959 0.646610729099 0.194202660397 0
0.047244369888 0.640752626342 -0.172932651304 0
0.037984705621 0.551624959336 0.228402854122 0
0.047927315801 0.539450834372 -0.200659493977 0
-0.046199910802 0.334779064131 0.071091371462 0
-0.031768272607 0.327313974630 -0.035200100849 0
-0.032952849776 0.019149255000 0.100738942776 0
-0.024883181337 0.035930551867 -0.078532846173 0
-0.084968347442 0.023686714571 0.094787578048 0
-0.068930480509 0.054019208922 -0.070196243446 0
0.002880237861 1.041919105176 -0.002820320750 0
-0.007163420173 0.936308524051 0.161706075020 0
-0.001132488570 0.926177296699 -0.158992738660 0
-0.003469095913 0.927170308382 -0.009858792333 0
0.022292983145 0.780304736455 -0.005149900589 0
-0.002030462444 0.578420381180 0.070774308653 0
-0.015732683407 0.567570332469 -0.051131121029 0
0.030922518519 0.635518518519 0.000611533333 0
0.016174191836 0.768250158050 0.159218869650 0
0.037247788500 0.762784246502 -0.153456679426 0
0.026498088481 0.646186184174 0.193944702747 0
0.047042446425 0.640820216373 -0.169802566213 0
0.040571514707 0.551080090293 0.227485358400 0
0.047183974051 0.539456897482 -0.197182620360 0
-0.047406039746 0.334811202172 0.073141701827 0
-0.034846106179 0.327128762921 -0.037475819447 0
-0.033184712013 0.018541460155 0.100833868956 0
-0.025340550417 0.032026119796 -0.080731941992 0
-0.085244638727 0.022754905212 0.095034714677 0
-0.069998052610 0.049045739506 -0.073458492587 0
0.000997457237 1.041434353714 -0.000531767418 0
-0.008690156787 0.935495866551 0.163313692896 0
-0.003409153917 0.925537237872 -0.157403752409 0
-0.005371987267 0.926453223844 -0.008263925374 0
0.021485960578 0.779779396530 -0.003768317495 0
-0.001958610041 0.578081356749 0.071817007175 0
-0.015726978782 0.567214462868 -0.050079468746 0
0.031127222222 0.635059259259 0.001619018519 0
0.017535249931 0.767903015203 0.158919500430 0
0.036556012506 0.762571681908 -0.150621753091 0
0.029112152902 0.645396055948 0.191631887936 0
0.045718524262 0.640470195844 -0.166294132086 0
0.043985184867 0.550261122482 0.224469874566 0
0.045389263394 0.539040190986 -0.193299688525 0
-0.049278752446 0.334866020725 0.075950299850 0
-0.039957479491 0.326990072661 -0.041769008881 0
-0.033690615975 0.017578204450 0.101017610449 0
-0.025933166140 0.026504486549 -0.083740510172 0
-0.085815202327 0.021418665651 0.095549737518 0
-0.071299451709 0.042223411046 -0.078112138315 0
-0.002061891544 1.040681172937 0.001584413350 0
-0.010213744028 0.933930551691 0.164793859718 0
-0.005803184494 0.924138246658 -0.155941858165 0
-0.007335801962 0.924980354869 -0.006796554215 0
0.020739537330 0.778531372576 -0.002547553940 0
-0.001577283388 0.577088247116 0.072595546796 0
-0.015393697076 0.566234569136 -0.049296670304 0
0.031736222222 0.633907407407 0.002376570370 0
0.018809937154 0.766866735703 0.158332278938 0
0.035933624183 0.761708748133 -0.147242474109 0
0.032143627096 0.643881452946 0.188480462667 0
0.044208545682 0.639421720329 -0.161931125817 0
0.047993148671 0.548731016282 0.220434037522 0
0.042876040738 0.537898755141 -0.188288169996 0
-0.052042084204 0.334539450183 0.078371760762 0
-0.046502967474 0.326673282191 -0.046739005267 0
-0.034255650755 0.016627391561 0.101074683600 0
-0.026768650422 0.021834700900 -0.086205281013 0
-0.086427221007 0.020305708032 0.095954476144 0
-0.072663607122 0.036458947390 -0.082125159991 0
-0.005602550839 1.039175518368 0.003334572311 0
-0.011828294732 0.930163268608 0.166145632400 0
-0.008424477923 0.920741156484 -0.154613437360 0
-0.009464339604 0.921414646125 -0.005463027195 0
0.020124342986 0.775265909018 -0.001559738925 0
-0.000056982272 0.574230188234 0.073091692270 0
-0.013899777665 0.563407069323 -0.048800248872 0
0.033584962963 0.630840740741 0.002860814815 0
0.018438973513 0.763402750160 0.157822972482 0
0.034591527778 0.758829357248 -0.142986959203 0
0.033520952585 0.640067701653 0.185627284404 0
0.042611438832 0.636306313383 -0.155720094434 0
0.050351912747 0.544505639741 0.215868496798 0
0.040688890307 0.534508380736 -0.180617226052 0
-0.057334101654 0.333255675130 0.080875990107 0
-0.056106541705 0.325560212686 -0.052176698980 0
-0.034963689200 0.015608009151 0.100889458079 0
-0.027912998052 0.017856148113 -0.087694751642 0
-0.087177614776 0.019031616712 0.096031046174 0
-0.074356983122 0.030948606581 -0.084795302464 0
-0.008819521083 1.035585311535 0.004749659868 0
-0.013292190958 0.921931086909 0.167369483836 0
-0.011017865703 0.913335310567 -0.153422790187 0
-0.011506942152 0.913628413916 -0.004268324455 0
0.019930345724 0.767878449399 -0.000884189436 0
0.002877632322 0.567466220262 0.073304425267 0
-0.010998388055 0.556670134786 -0.048586135480 0
0.036922037037 0.623811111111 0.003053851852 0
0.017378312737 0.755339155205 0.157324923015 0
0.030373334926 0.751211892056 -0.139148752438 0
0.033470192993 0.631641370932 0.182859010040 0
0.039659263915 0.628655757861 -0.150642815161 0
0.051040829932 0.535309643830 0.210537954247 0
0.039517893575 0.526452884705 -0.174395546366 0
-0.066747882719 0.329848297691 0.083303934827 0
-0.069868209483 0.322557571423 -0.058051353841 0
-0.035988561745 0.014289329999 0.100311500921 0
-0.029431052365 0.014486535487 -0.088168345444 0
-0.088233000831 0.017166104387 0.095426622955 0
-0.076522245331 0.025178257237 -0.085939073246 0
-0.011245587596 1.027795267987 0.005885381041 0
-0.014701978340 0.909988726237 0.168313205626 0
-0.013414871667 0.902089800148 -0.152502463135 0
-0.013420823211 0.902062692129 -0.003346910161 0
0.019909959661 0.756765139552 -0.000438976435 0
0.006173601632 0.557114823003 0.073168858380 0
-0.007672621371 0.546438349772 -0.048735625665 0
0.040741851852 0.613185185185 0.002954459259 0
0.014537470815 0.743205052132 0.157235959879 0
0.023632939821 0.738923980248 -0.138172168203 0
0.032647484151 0.619581134120 0.181756040564 0
0.036064977806 0.616666876028 -0.149876564104 0
0.051689866231 0.522534568350 0.206705193099 0
0.039329481275 0.513999043277 -0.172703352858 0
-0.078919043266 0.324689786232 0.085327136603 0
-0.085928328705 0.318356689103 -0.063525449672 0
-0.037159666545 0.012935289992 0.099326696594 0
-0.030759306911 0.011786279601 -0.088047249087 0
-0.089412997315 0.015071834987 0.094164925778 0
-0.078428904350 0.019540797858 -0.085963994410 0
-0.013936496804 1.016203677598 0.006685361495 0
-0.015746314000 0.895668930798 0.169036537663 0
-0.015864897298 0.888572753483 -0.151800450861 0
-0.015194527705 0.888176165941 -0.002646929025 0
0.019701106185 0.743273741908 -0.000263158933 0
0.008064424228 0.544378713770 0.072816010787 0
-0.005778617331 0.533896077079 -0.049105655585 0
0.043274074074 0.600118518519 0.002657148148 0
0.009931211103 0.728296486687 0.158010461068 0
0.015662916219 0.723975491570 -0.141089670388 0
0.030474885948 0.605529711570 0.184812632538 0
0.032199770615 0.602384890858 -0.154528652833 0
0.051415172270 0.508700918306 0.209707237060 0
0.040685102783 0.499797101469 -0.177869156706 0
-0.092358425056 0.318258547157 0.086776714767 0
-0.104025942715 0.314060608308 -0.068695660257 0
-0.038126750977 0.011347852677 0.098184586536 0
-0.032027193258 0.010352537153 -0.087969074463 0
-0.090369714895 0.012185654070 0.092564080429 0
-0.080114258045 0.014886439608 -0.085983891328 0
-0.016786388870 1.002253852345 0.007228807139 0
-0.016561986758 0.879012787659 0.169524813847 0
-0.017725000542 0.872635846924 -0.151325190088 0
-0.016537313503 0.871910339636 -0.002176127765 0
0.019892021285 0.727396953555 -0.000248173658 0
0.009016230220 0.529220476686 0.072308333558 0
-0.004602402084 0.518889584933 -0.049651552192 0
0.045071111111 0.584540740741 0.002246751852 0
0.004449355083 0.710723778696 0.163887643969 0
0.008786906793 0.706818812804 -0.149648157694 0
0.026192152708 0.589718303442 0.197008721163 0
0.024648387009 0.585650943868 -0.167115526325 0
0.049334829706 0.494092755715 0.224436436279 0
0.038074737416 0.484296339445 -0.194021897135 0
-0.106409446879 0.310441386698 0.087228203318 0
-0.122731453075 0.309524125332 -0.073642596271 0
-0.039039654852 0.009629039721 0.096589300686 0
-0.033340978218 0.010399656325 -0.087920252692 0
-0.091182536412 0.008868835704 0.090096129544 0
-0.081615047050 0.012150590510 -0.086073219568 0
-0.018987603036 0.985886295017 0.007643221200 0
-0.017063226375 0.862661439459 0.169668291018 0
-0.019525388628 0.857429792433 -0.151195092099 0
-0.017725299605 0.856173420615 -0.002055690992 0
0.019528807788 0.711896082238 -0.000657363684 0
0.008921459919 0.514528108082 0.071519384173 0
-0.004414789084 0.504622215289 -0.050506948858 0
0.046183703704 0.569329629630 0.001682218519 0
0.000865655933 0.693959774906 0.173238762153 0
0.005339427895 0.691829280466 -0.163812294964 0
0.021320066115 0.576802816404 0.218713416888 0
0.021797236604 0.572996621182 -0.192903317702 0
0.046403511362 0.484007789112 0.251972414937 0
0.040266175079 0.474760477618 -0.227713405869 0
-0.118931259827 0.302725700572 0.085781287599 0
-0.136271508928 0.303874558349 -0.076547728867 0
-0.040757426405 0.009006839703 0.095485053432 0
-0.033137025182 0.009116472968 -0.086992342338 0
-0.092864313216 0.008406132069 0.088693089338 0
-0.081422978863 0.008149434530 -0.084896027189 0
-0.019656522125 0.970121063079 0.007420912333 0
-0.016532170641 0.852529009361 0.169174153379 0
-0.020324170723 0.848734652226 -0.151696485023 0
-0.017928938284 0.846806256602 -0.002572630777 0
0.018784073070 0.702409650724 -0.001663387973 0
0.006447440751 0.505731286575 0.070458234676 0
-0.006629802892 0.496515498804 -0.051650172721 0
0.045280000000 0.559844444444 0.000940540741 0
0.000669027495 0.684596207307 0.186411829700 0
0.004699944079 0.685744409514 -0.183460567438 0
0.018789286811 0.576043299827 0.250443091787 0
0.020649911834 0.572312734866 -0.229473627531 0
0.044951453225 0.490053762125 0.296731522898 0
0.041416056843 0.480170162909 -0.277045700666 0
-0.126643974020 0.297083584405 0.083217206280 0
-0.142431758511 0.298195715782 -0.075961303302 0
-0.042773765762 0.009058740131 0.094928147208 0
-0.035459332334 0.008917895141 -0.086384640700 0
-0.094877573786 0.009745029456 0.088120689875 0
-0.083750086043 0.009672113702 -0.084311651547 0
-0.018723915492 0.960619156018 0.007296996449 0
-0.014658640894 0.853879851408 0.168104517513 0
-0.019474721177 0.851713764886 -0.152767507505 0
-0.016641128247 0.849022443577 -0.003663157153 0
0.018403253351 0.704191558097 -0.003220229751 0
0.002440077543 0.507576649882 0.069051065264 0
-0.010565784673 0.499115182380 -0.053119550345 0
0.042431111111 0.561229629630 -0.000165885556 0
0.005226314082 0.689109335988 0.203455762495 0
0.006044940670 0.694916480964 -0.207213270302 0
0.018351250028 0.594945119305 0.288148834215 0
0.018999294648 0.590564955703 -0.271876179862 0
0.042567286979 0.520059193220 0.350916094281 0
0.038774856492 0.508072227552 -0.334632386295 0
-0.126915409611 0.296422015604 0.078583013093 0
-0.140256916692 0.296022545727 -0.070368601659 0
-0.043028272686 0.009552395822 0.095110411220 0
-0.037720612499 0.011092958859 -0.087052613578 0
-0.095107403679 0.011692441820 0.088416862296 0
-0.085705371185 0.016692286337 -0.085328232803 0
-0.016777102335 0.962506968681 0.007282980110 0
-0.011163002936 0.866908686189 0.166973661459 0
-0.016608570888 0.866989341216 -0.153895598963 0
-0.013539157144 0.863245398222 -0.004818634467 0
0.018828890549 0.717759471167 -0.005116490732 0
-0.000680346310 0.520348891033 0.067013528833 0
-0.013765185258 0.512528460444 -0.055191364921 0
0.039400000000 0.574255555556 -0.001954207407 0
0.008897189435 0.708977864835 0.225709417660 0
0.005775395315 0.720164370470 -0.232268862867 0
0.017543642337 0.634187589430 0.328392101699 0
0.015950389043 0.628318866403 -0.314117631150 0
0.038292027177 0.573459528744 0.405953881925 0
0.034642011659 0.559006877060 -0.390945413761 0
-0.119606911387 0.303125259343 0.075977100540 0
-0.131116834321 0.301763366646 -0.068252921354 0
-0.041301918493 0.009767018551 0.095502018972 0
-0.036414583494 0.011470394139 -0.088064254347 0
-0.093401751329 0.011133133671 0.088767003983 0
-0.084298344150 0.017962945222 -0.086702171615 0
-0.012573100549 0.976445607331 0.007094305823 0
-0.005978016609 0.890275143641 0.165960041478 0
-0.011672505042 0.892961913246 -0.154893658936 0
-0.008561664794 0.887997231354 -0.005853213554 0
0.020240997926 0.741728810036 -0.007107262319 0
-0.001732976281 0.542561985806 0.064631232257 0
-0.014991040358 0.534964037638 -0.057569026020 0
0.036919518519 0.597651851852 -0.004216444444 0
0.012685855092 0.744356278849 0.250540118912 0
0.008319933132 0.761739340770 -0.257762125247 0
0.015630205818 0.690373059085 0.365819010420 0
0.012951972249 0.685420696682 -0.354676297391 0
0.033035375818 0.645638854211 0.454003142804 0
0.029218028474 0.630697655142 -0.442526237438 0
-0.107032233038 0.318813294209 0.080711319278 0
-0.119613452283 0.317820294859 -0.073899502223 0
-0.039126379390 0.008143841386 0.098015478110 0
-0.034757172019 0.013037574839 -0.090790553159 0
-0.091043756685 0.003449584843 0.091369489141 0
-0.082987879839 0.016101934203 -0.089662923620 0
-0.007377155290 1.001144736148 0.006743105567 0
0.000643714072 0.920687288192 0.165147031821 0
-0.004606973350 0.926985977005 -0.155663659709 0
-0.001799841366 0.920332800245 -0.006683006595 0
0.022501122851 0.773236143457 -0.009433760307 0
-0.001606744186 0.572604876144 0.061983545362 0
-0.015335960696 0.564142632037 -0.060107843528 0
0.034891814815 0.628625925926 -0.007287000000 0
0.013948562994 0.794593997349 0.277920733132 0
0.006886560671 0.816822224133 -0.281888968984 0
0.011061744528 0.764014690257 0.401487121367 0
0.006580303860 0.760262499438 -0.391612493049 0
0.025388569011 0.736527659841 0.496497798681 0
0.020928044707 0.720383685919 -0.487416585314 0
-0.092845629957 0.343565872181 0.087015126408 0
-0.105239685560 0.341244108622 -0.084551801333 0
-0.038061857630 0.009940892594 0.108517994729 0
-0.031741604325 0.013869082468 -0.102119314854 0
-0.088344778493 -0.004250339259 0.102873875052 0
-0.079297833131 0.005460960890 -0.099981180911 0
-0.001407676037 1.033641896228 0.006244613296 0
0.008567463104 0.947783376262 0.164170378299 0
0.003736618989 0.957254801603 -0.156568920893 0
0.006200902055 0.949116726566 -0.007655930201 0
0.024776943915 0.801225422484 -0.011783646601 0
-0.001224520534 0.599785794172 0.059173526495 0
-0.015556750163 0.590637968071 -0.062799063352 0
0.033771148148 0.656244444444 -0.010516037037 0
0.012364964013 0.851996070862 0.304187576597 0
0.004007788245 0.876478932107 -0.303797205699 0
0.003315275874 0.849401435607 0.431165728485 0
-0.002226146169 0.844458767590 -0.422852634429 0
0.012811265744 0.842363055336 0.530319858552 0
0.008743698819 0.825009818552 -0.524931940607 0
-0.082312473553 0.368247749008 0.094171486155 0
-0.091154937863 0.363425960000 -0.094792124523 0
-0.035378800608 0.012360667641 0.129679270029 0
-0.023707094893 0.015536915982 -0.127760922908 0
-0.082293355043 -0.010995102142 0.125786728568 0
-0.068824955512 -0.001816662112 -0.127452695836 0
0.004837356316 1.062567120798 0.006100509794 0
0.016254513056 0.967612892442 0.163094852999 0
0.012334843044 0.980115184922 -0.157553040911 0
0.014241743167 0.970564549994 -0.008715784629 0
0.027686078718 0.822164505474 -0.013994677280 0
-0.000300984340 0.619963466444 0.056614176865 0
-0.015143284669 0.610859239104 -0.065300659672 0
0.033683740741 0.676944444444 -0.013150555556 0
0.008496976247 0.911948342771 0.323206449207 0
0.000683622002 0.935093125758 -0.318916747207 0
-0.007004572959 0.942452113411 0.445849435119 0
-0.013468097667 0.933639904358 -0.441537972784 0
-0.003740812595 0.958489267614 0.544316122463 0
-0.008596110453 0.939627142124 -0.545661051607 0
-0.074734602513 0.387554355231 0.099691098458 0
-0.080540920790 0.381710182219 -0.105022158591 0
-0.031683591303 0.020316613356 0.156873647990 0
-0.019294369616 0.025165351537 -0.158141944518 0
-0.075823498037 -0.008151865624 0.155190312877 0
-0.063731348877 0.006295620985 -0.160622099063 0
0.010753830036 1.084225490023 0.005385924737 0
0.024560990054 0.981290623379 0.161651482386 0
0.021626124899 0.996650899520 -0.158882745869 0
0.022950605429 0.985772962032 -0.010130280409 0
0.031526696654 0.837056813938 -0.016393580359 0
0.001030811486 0.634285695516 0.054187065416 0
-0.014205422054 0.625375427144 -0.067693501155 0
0.034341851852 0.691681481481 -0.015562555556 0
0.007371873578 0.974038800914 0.330312058851 0
-0.002718068884 0.994095508012 -0.325020678551 0
-0.015409194450 1.038404500780 0.437783727977 0
-0.025191850990 1.024729722826 -0.442472038631 0
-0.018840877809 1.080221543443 0.528202924513 0
-0.026712211421 1.057035682880 -0.541665047996 0
-0.067723266572 0.401520668887 0.104220042456 0
-0.068535330033 0.394813024606 -0.115161155332 0
-0.032494934646 0.036301072872 0.180607467169 0
-0.016770599685 0.043282310428 -0.190935857697 0
-0.078525458789 0.011006491250 0.178877072240 0
-0.062553875679 0.028671547086 -0.196158908273 0
0.017955549913 1.099637994229 0.003715866351 0
0.032561860992 0.988408004689 0.159852440414 0
0.030608451398 1.006247758660 -0.160560840160 0
0.031364480480 0.994222093814 -0.011892781862 0
0.035591074145 0.845363275708 -0.018916677620 0
0.002438538016 0.642245184144 0.051856484636 0
-0.013054566328 0.633727456223 -0.070019765024 0
0.035518111111 0.699922222222 -0.017771185185 0
0.016525880320 1.029161631454 0.323792776931 0
-0.005240022864 1.045667410319 -0.319815229201 0
-0.018527825242 1.119859784069 0.405994740916 0
-0.034384896749 1.107150650946 -0.422813944884 0
-0.030753600074 1.186740915129 0.478875645583 0
-0.041534769153 1.165353865374 -0.509116445536 0
-0.060932579197 0.409702821864 0.109459704267 0
-0.054784341173 0.402414468919 -0.125848667522 0
-0.033425227357 0.056196003038 0.208184398339 0
-0.014119831395 0.064587197582 -0.227272703909 0
-0.080481960214 0.032893861545 0.210256444095 0
-0.060630102541 0.054405090001 -0.235638251502 0
0.024846037748 1.108211606804 0.001561880047 0
0.039203032240 0.989355499129 0.157881374137 0
0.038150976417 1.009359555161 -0.162408297754 0
0.038387393125 0.996335205186 -0.013822665313 0
0.038910576841 0.847470087998 -0.021434362713 0
0.002819044914 0.644544278842 0.049753189047 0
-0.012680501239 0.636477341075 -0.072152909187 0
0.036551592593 0.702033333333 -0.019716481481 0
0.015405387239 1.079089296406 0.299923489112 0
-0.008301140360 1.086427747917 -0.304195733674 0
-0.022718470246 1.187662054299 0.354426771382 0
-0.042014028119 1.174641673660 -0.383694743027 0
-0.038818613732 1.271737860319 0.406285605077 0
-0.052547364429 1.254112932935 -0.450458963170 0
-0.052486935333 0.412114327003 0.115537272989 0
-0.043376004425 0.405999364897 -0.137739700079 0
-0.026737516489 0.069087612442 0.237579805386 0
-0.008057824902 0.080016094321 -0.261029143334 0
-0.074127361804 0.047482070506 0.244581405041 0
-0.055325191943 0.075564069058 -0.270130709548 0
0.030780934640 1.110451396167 -0.001397783589 0
0.046354032449 0.981378927850 0.155141889157 0
0.046086764464 1.003024619838 -0.165042644488 0
0.045868089201 0.989245978429 -0.016525032821 0
0.042802999202 0.840435605531 -0.024302878514 0
0.003589398492 0.637277165884 0.047679429601 0
-0.011090576872 0.629726633552 -0.074361120984 0
0.037781851852 0.695062962963 -0.021317592593 0
0.000146291004 1.104479762205 0.262405461350 0
-0.012164857016 1.107400526294 -0.282997725849 0
-0.024534571228 1.225958131199 0.291490525394 0
-0.047333523747 1.215656742913 -0.330769102508 0
-0.035683904881 1.321023738439 0.323983054341 0
-0.057747273913 1.310400976717 -0.372515498850 0
-0.043093866250 0.405557324804 0.122087545462 0
-0.033511508512 0.401439670236 -0.150165492643 0
-0.014239279879 0.064386312673 0.260689738342 0
0.000248958712 0.083335186802 -0.292876285754 0
-0.060718366355 0.041474803055 0.269429104822 0
-0.046103993306 0.075564332593 -0.304184720109 0
0.036599327489 1.103302175455 -0.004704793468 0
0.052955941119 0.968433999216 0.151990750444 0
0.053147415272 0.991174279725 -0.168117959183 0
0.052645417514 0.976895072768 -0.019648325925 0
0.046503567010 0.828179303899 -0.027312624646 0
0.004622763343 0.624282332846 0.045390115335 0
-0.009043019903 0.617512271464 -0.076813897854 0
0.038749629630 0.682937037037 -0.022902592593 0
-0.007325077412 1.111959304744 0.219526890293 0
-0.019193891799 1.113013999062 -0.258244539923 0
-0.019439438992 1.238528810740 0.226270957307 0
-0.050622191448 1.231689258156 -0.271159370320 0
-0.024191120869 1.338871196339 0.240914305055 0
-0.057938022110 1.333678176406 -0.289035179780 0
-0.036191873783 0.393739294756 0.126593887708 0
-0.024763072714 0.392032503516 -0.162111569240 0
-0.004658049095 0.053782823533 0.275453111499 0
0.006593611668 0.077018933552 -0.320429180194 0
-0.049686832322 0.027585136887 0.282360294318 0
-0.040319596573 0.070577808876 -0.330151619647 0
0.041588598612 1.090769014151 -0.008113978533 0
0.058084383837 0.949815387124 0.148537097698 0
0.058449150529 0.973129808908 -0.171530157236 0
0.057817416854 0.958590111141 -0.023086303020 0
0.049639743198 0.809976362874 -0.030414521031 0
0.006375999947 0.605222070946 0.042920263219 0
-0.006268306335 0.599482674331 -0.079446354155 0
0.040471851852 0.664844444444 -0.024544962963 0
-0.004946108848 1.104761365898 0.177056308093 0
-0.025575918983 1.110304631267 -0.219736363031 0
-0.010581826912 1.231494068760 0.166141146536 0
-0.049985036060 1.230365490202 -0.204638908301 0
-0.010279782751 1.333136481981 0.165892220454 0
-0.052049954137 1.333769614534 -0.203072015093 0
-0.035144196704 0.375680387320 0.126566353451 0
-0.018267047896 0.376158125682 -0.170803426842 0
0.000791084416 0.041177530403 0.279916474200 0
0.011002736164 0.061127127295 -0.337476078629 0
-0.045187799544 0.015752476552 0.280978616103 0
-0.037201951238 0.058574200068 -0.340055555024 0
0.045746904125 1.072280165464 -0.011912467091 0
0.062261216622 0.921481769242 0.145303161911 0
0.062819628474 0.944375763636 -0.174794161095 0
0.062055646848 0.930036571996 -0.026331426147 0
0.052760500902 0.781511492049 -0.033098190783 0
0.009544135599 0.576223278379 0.040498466626 0
-0.002211225537 0.571548375018 -0.082002002620 0
0.044227777778 0.636362962963 -0.026203666667 0
-0.003743558491 1.077775305183 0.148488282564 0
-0.023989266923 1.087716137099 -0.185690742575 0
-0.001136423203 1.200068780723 0.113138760216 0
-0.041448660880 1.202623000233 -0.144098311153 0
0.003332237140 1.299841219871 0.095301555803 0
-0.037635680306 1.303098261036 -0.119926569993 0
-0.037161899998 0.348226251958 0.125621212383 0
-0.017718621026 0.349746626687 -0.176487153205 0
0.006896205124 0.025197303929 0.278384283609 0
0.019639051530 0.039978829625 -0.345202761608 0
-0.041606789353 0.006162730499 0.271545875893 0
-0.028516842779 0.039889502097 -0.340976074091 0
0.049902249576 1.043687056920 -0.016061999506 0
0.065927581701 0.889487726431 0.142453103036 0
0.064849344062 0.910341551538 -0.177782276616 0
0.064813711011 0.896952997434 -0.029228834709 0
0.055476793730 0.748472231761 -0.034987732268 0
0.012843859587 0.543657503557 0.038591891788 0
0.001734262322 0.539802056189 -0.083997343370 0
0.049409259259 0.603211111111 -0.027629333333 0
0.000591986679 1.045339439392 0.127092494382 0
-0.018579524643 1.054975373051 -0.159847282508 0
0.008992660703 1.161043527572 0.074613234681 0
-0.029798760775 1.162814059252 -0.100827840940 0
0.017269695521 1.257240094505 0.044495150212 0
-0.019611583821 1.258292802249 -0.064821366606 0
-0.042433886010 0.317386588871 0.123183993501 0
-0.021022205782 0.319387672711 -0.180244843460 0
0.011096741464 0.014249313937 0.270982532897 0
0.025418806495 0.027297023166 -0.347121492174 0
-0.038694457068 0.008130549458 0.255329528424 0
-0.021379522825 0.033236778513 -0.336562197563 0
0.052976386852 1.010692761604 -0.020103484136 0
0.065597725950 0.858742099267 0.141063342046 0
0.062289116112 0.877978935806 -0.179257965737 0
0.063264283312 0.865344072064 -0.030641718239 0
0.055057752665 0.716958205803 -0.035878249416 0
0.011934490893 0.515330174606 0.037447006712 0
0.001025276064 0.511615878650 -0.085164580178 0
0.053107777778 0.571596296296 -0.028944222222 0
0.007116777014 1.015609490004 0.113367764012 0
-0.010860960478 1.024517378900 -0.142156301852 0
0.014456957557 1.132973503248 0.064542666067 0
-0.019811591958 1.133413354024 -0.084711538974 0
0.026707024843 1.229293633965 0.036757556615 0
-0.005043613353 1.228167909012 -0.051150885107 0
-0.049002076822 0.289634360191 0.119654754120 0
-0.032006091186 0.293648392717 -0.183972689217 0
0.013337777503 0.009535326609 0.265629468356 0
0.027536653575 0.019344190904 -0.345906093695 0
-0.034919840573 0.013053748854 0.245124779100 0
-0.017431430162 0.029705937529 -0.331505792470 0
0.053104402157 0.979362584818 -0.023245075921 0
0.065095405814 0.843576525630 0.140864747161 0
0.059983084529 0.862480720479 -0.179452655718 0
0.061783680588 0.850001938020 -0.030830929193 0
0.054215848823 0.701701494766 -0.036193880126 0
0.012791039348 0.500975644005 0.036096553822 0
0.001991367996 0.497211449590 -0.086523208621 0
0.055160370370 0.556277777778 -0.030352111111 0
0.015148149296 1.003299673113 0.112789269736 0
-0.006083733753 1.013274924897 -0.146327651436 0
0.015816612973 1.125503435638 0.077041911435 0
-0.018682458154 1.127101403351 -0.100249967789 0
0.025455786534 1.224210109520 0.058235759511 0
-0.006459332035 1.224139696162 -0.069085661062 0
-0.048227660384 0.274754861368 0.116786425858 0
-0.038260443810 0.281543846318 -0.187672677744 0
0.012942739788 0.007220594188 0.263786744822 0
0.028024136177 0.013828573709 -0.346746875181 0
-0.033872007196 0.015419525437 0.241364071694 0
-0.016434430328 0.025231742730 -0.331572336502 0
0.052795584749 0.964220431080 -0.024264056090 0
0.067057481910 0.849481718387 0.141316581554 0
0.060352952491 0.868706619283 -0.178952360852 0
0.062891012989 0.856079234314 -0.030353951874 0
0.055563560019 0.707811287479 -0.036218642130 0
0.015608605739 0.506907555079 0.034590017314 0
0.004799121893 0.502987007405 -0.088023980938 0
0.057723703704 0.562333333333 -0.031917222222 0
0.025684388285 1.013242340805 0.125032528707 0
-0.004523225045 1.023142091662 -0.167046524805 0
0.016159107466 1.138170745583 0.102355607635 0
-0.024256949978 1.139796150859 -0.131822121941 0
0.017858364672 1.238839727884 0.091578069805 0
-0.018923841646 1.239366246910 -0.104864803629 0
-0.039816689096 0.279960907202 0.117253403241 0
-0.030954638556 0.287516252362 -0.191261381588 0
0.013265332077 0.008406898655 0.263764493202 0
0.027980322126 0.013126920981 -0.348047813480 0
-0.033794476218 0.016089624316 0.241674462677 0
-0.016572561460 0.024545609805 -0.333164361823 0
0.053709779468 0.970338442227 -0.023922544652 0
0.069128344348 0.872693567288 0.142111692362 0
0.061378277605 0.893039727768 -0.178064373605 0
0.064416192604 0.879889870960 -0.029520669291 0
0.057155403446 0.731582785940 -0.036284041741 0
0.018220586577 0.529652756673 0.032949618675 0
0.006690385543 0.525701360857 -0.089597715599 0
0.058740370370 0.586044444444 -0.033736481481 0
0.042572262052 1.040291941675 0.142047630360 0
-0.006915675929 1.045952335272 -0.190500323493 0
0.018915911446 1.165338195463 0.138061211656 0
-0.034983052435 1.165284347873 -0.175993734341 0
0.012217930836 1.265809939149 0.142026924317 0
-0.036372640848 1.267917064822 -0.165075595137 0
-0.029869988296 0.300908619233 0.115250261797 0
-0.014524448059 0.308535318643 -0.193293325451 0
0.011917648601 0.014392402694 0.267681096465 0
0.028378195957 0.016656549622 -0.351845425266 0
-0.036367170919 0.021116098085 0.248060000591 0
-0.017713204663 0.025005821451 -0.339898230103 0
0.054581095532 0.994037595014 -0.022236380079 0
0.070736828465 0.906901039612 0.143276330764 0
0.062239003817 0.929207284172 -0.176750170372 0
0.065664787971 0.915142204748 -0.028298773286 0
0.059051711364 0.766746865456 -0.036258703754 0
0.020796748321 0.563759398604 0.031671003667 0
0.008787678070 0.559402384640 -0.090816574738 0
0.059445555556 0.621181481481 -0.035246000000 0
0.056176639409 1.072921987974 0.175205789070 0
-0.010158463948 1.072633457036 -0.225622678711 0
0.010634226040 1.189399775714 0.199099168743 0
-0.043680510968 1.191051171678 -0.235207312603 0
-0.008172511349 1.283262223377 0.225796726207 0
-0.051027326311 1.293598972739 -0.247256587712 0
-0.020933467240 0.331919749869 0.108605690557 0
0.002083957649 0.339221656872 -0.190010555453 0
0.009543795257 0.024094281269 0.269149505648 0
0.026518071784 0.028247991137 -0.355671063822 0
-0.041291096912 0.022769587804 0.255895140165 0
-0.021509987624 0.030187767049 -0.350532406176 0
0.054730220457 1.029127919534 -0.019904502244 0
0.072118791985 0.941820374953 0.145872713721 0
0.064668087081 0.966881886053 -0.173975923383 0
0.067666441971 0.951531257233 -0.025642691045 0
0.062250579942 0.803058372194 -0.035121628734 0
0.025238215547 0.598596647521 0.031139919941 0
0.014829866644 0.593194369681 -0.091452452863 0
0.061936666667 0.657481481481 -0.035603703704 0
0.066743014878 1.094223245320 0.220296573015 0
-0.008247579244 1.090774900952 -0.260779200603 0
0.012069879847 1.201819388558 0.260867477745 0
-0.046982346157 1.201841485526 -0.298224889370 0
-0.013113287403 1.286751987403 0.304138707607 0
-0.060886322136 1.297881246478 -0.335641390268 0
-0.014791073043 0.363652962754 0.099030277919 0
0.005744528288 0.368500058211 -0.179735302715 0
0.010593657669 0.035816775974 0.262400278651 0
0.021064506615 0.048169264519 -0.347451425945 0
-0.040029170002 0.021718668658 0.261962137392 0
-0.027179950147 0.046204957428 -0.349791706444 0
0.054097322867 1.065262074795 -0.016392402511 0
0.073515966275 0.969904334320 0.148258033041 0
0.066619495827 0.995046591497 -0.171596697420 0
0.069418609150 0.979651887290 -0.023264139295 0
0.065657786344 0.831096875465 -0.033280968823 0
0.029389071961 0.626048238037 0.031138674353 0
0.021030029586 0.619783200204 -0.091569450537 0
0.065602222222 0.685529629630 -0.035340518519 0
0.074792453678 1.101610855390 0.255244983627 0
-0.001645245530 1.085836092608 -0.295282484995 0
0.017992997649 1.196348810692 0.318574452790 0
-0.043892591938 1.181154376145 -0.361372836252 0
-0.008190959626 1.269387632397 0.379196885080 0
-0.060551093846 1.265102778795 -0.420557996657 0
-0.015406728171 0.388618825451 0.086189469013 0
-0.001305482844 0.390542449648 -0.164464866901 0
0.015371693429 0.043308927333 0.227540642230 0
0.020359680026 0.067053307566 -0.322162742867 0
-0.030689961098 0.018122045955 0.229899512230 0
-0.027273044900 0.063078985562 -0.329387097800 0
0.053447272388 1.093089759539 -0.013367953512 0
0.074331851372 0.988630515933 0.149605573685 0
0.067817351586 1.012664104678 -0.170342376619 0
0.070502257213 0.997777370998 -0.021955867141 0
0.068536403685 0.849129774020 -0.032041080432 0
0.032577466174 0.643879266981 0.031084835041 0
0.024400180371 0.637263429898 -0.091617124597 0
0.068218518519 0.703600000000 -0.035488888889 0
0.081150697184 1.075697105778 0.295095631705 0
0.012534474859 1.060822843562 -0.321423553085 0
0.027705140757 1.160945217375 0.373123908707 0
-0.029562320152 1.133704789650 -0.411725434397 0
0.004130732942 1.224919114900 0.444330914951 0
-0.045915455088 1.201945726947 -0.488284097612 0
-0.018983253814 0.404697927094 0.070375526905 0
-0.009078978693 0.404732551828 -0.147941854607 0
0.016985487715 0.048611795542 0.177245130418 0
0.021566679497 0.077798085777 -0.282855807860 0
-0.027434252162 0.020636111058 0.174822927717 0
-0.025897450673 0.073130143985 -0.290744387586 0
0.052770656382 1.110886335010 -0.010984980680 0
0.073913949118 1.000126768395 0.150103666856 0
0.067857974520 1.022248436340 -0.169991162809 0
0.070393666454 1.008243310136 -0.021516227350 0
0.070461934483 0.859508994309 -0.031042030706 0
0.035255272064 0.653940255216 0.031666805154 0
0.026554593704 0.647716978866 -0.091019694633 0
0.070406666667 0.714003703704 -0.034858925926 0
0.073584829896 1.028766940591 0.317358194224 0
0.031840618426 1.018338130257 -0.333968118626 0
0.033965681733 1.104255201440 0.411930524306 0
-0.007637966049 1.067998366323 -0.439862643063 0
0.018339072964 1.157301869612 0.494577284397 0
-0.023526985546 1.117604669185 -0.530109720252 0
-0.025173965548 0.414706748843 0.054593129178 0
-0.013819953845 0.413341776785 -0.133470832640 0
0.020169819540 0.053538825222 0.127700480506 0
0.027421316924 0.080010682165 -0.238249623255 0
-0.025816185270 0.028335288124 0.124281656366 0
-0.020260492635 0.076176947500 -0.245221749126 0
0.052687087190 1.121261845941 -0.009585072404 0
0.071860155053 1.004862995090 0.149990831452 0
0.066724570412 1.024389416408 -0.170288870746 0
0.068891547870 1.011584399205 -0.021699788051 0
0.071333033947 0.862808445742 -0.030192602265 0
0.037354244081 0.656453642495 0.031512176354 0
0.027998146119 0.652497312347 -0.091220130253 0
0.072795185185 0.717329629630 -0.034115296296 0
0.058662861904 0.991010981341 0.318598061062 0
0.041633092258 0.981487088882 -0.330697070317 0
0.036574888236 1.043108290259 0.432659763079 0
0.011248553895 1.002263435946 -0.448525213030 0
0.030760385443 1.077322477699 0.527214777195 0
-0.000436311529 1.028547763941 -0.549338340702 0
-0.030761737051 0.418350141539 0.040282330862 0
-0.016930492289 0.416984124583 -0.120866283434 0
0.023598442075 0.057347775480 0.086849979519 0
0.034318791362 0.077999164404 -0.193708797213 0
-0.023871423887 0.034822391466 0.087765501037 0
-0.013206145158 0.072090114348 -0.200291088582 0
0.053116433962 1.124888900823 -0.009786035449 0
0.070017178930 1.003434587226 0.149429673459 0
0.066161514024 1.018830961063 -0.171093069135 0
0.067784273483 1.007939785226 -0.022344527314 0
0.072349186133 0.859144639949 -0.029378619308 0
0.040564777161 0.651583591218 0.030600440594 0
0.030617568390 0.650025557426 -0.092139258651 0
0.075712962963 0.713718518519 -0.033996518519 0
0.060265956773 0.946394407993 0.308946996429 0
0.057006915322 0.939694647685 -0.318926149669 0
0.046336580248 0.968184027443 0.433619627741 0
0.034316643594 0.930497477207 -0.439917519643 0
0.045387924267 0.980901043323 0.534199345842 0
0.026011690741 0.934410645278 -0.544444542088 0
-0.031547854872 0.414508889410 0.028290954259 0
-0.020475820391 0.414712260363 -0.111659924788 0
0.027247272371 0.058912173837 0.064297609190 0
0.043596777048 0.070586409583 -0.153763271518 0
-0.018970335178 0.035431898145 0.072913216242 0
-0.003266562996 0.060710702142 -0.160332958409 0
0.054100055785 1.121589476847 -0.011079802505 0
0.067723656340 0.996110354533 0.149244928494 0
0.067389341839 1.006503263475 -0.171502041369 0
0.067430572403 0.997932555778 -0.022592938146 0
0.073882663141 0.849133532408 -0.028160804624 0
0.045127869073 0.640776812351 0.030671845564 0
0.033743369261 0.639611402020 -0.091947252399 0
0.078466296296 0.703781481481 -0.034041925926 0
0.071026636271 0.894083701737 0.284796015361 0
0.075375663213 0.892218641798 -0.294287327099 0
0.059168861764 0.885410126670 0.411272267376 0
0.058580139061 0.853635542952 -0.410337328546 0
0.059574494186 0.875048031020 0.512268488705 0
0.052855328034 0.834540121956 -0.513229077485 0
-0.029798911603 0.404867177020 0.018730272860 0
-0.024775518342 0.405528814899 -0.103981402075 0
0.030967633397 0.058271682950 0.051684790698 0
0.052637838167 0.056766079226 -0.119356089352 0
-0.013339681984 0.033414498117 0.065123594398 0
0.005995046803 0.045517404138 -0.125253575765 0
0.054922905367 1.111768443972 -0.011658697467 0
0.065614718795 0.981933213431 0.148543484698 0
0.068589697399 0.987878564838 -0.172303122419 0
0.067155479001 0.981371661035 -0.023296468294 0
0.075572054499 0.832609560348 -0.027487103505 0
0.049670746482 0.623075688760 0.030007178797 0
0.036515978518 0.622930329926 -0.092440112529 0
0.080888888889 0.687337037037 -0.034528222222 0
0.080809036530 0.845758931638 0.248644146008 0
0.092484362162 0.846383602943 -0.259533869445 0
0.070129973842 0.806812356427 0.369396793780 0
0.080476938051 0.778837715809 -0.362158052178 0
0.070617133616 0.774504444651 0.465875925558 0
0.077719948455 0.734747321457 -0.457094114054 0
-0.030492456536 0.389393501728 0.010604189108 0
-0.027877703629 0.390137109754 -0.097410917271 0
0.039255778926 0.050428202107 0.042683426975 0
0.058907548712 0.040097179960 -0.096430764794 0
-0.005251394353 0.026697337556 0.057433914203 0
0.012046947284 0.028512973298 -0.099029459336 0
0.056223569111 1.095406625130 -0.012703025072 0
0.063130495132 0.960708273838 0.147604747015 0
0.068820299103 0.962814720795 -0.173253371180 0
0.066187944334 0.958090590477 -0.024195888797 0
0.076936811328 0.809450450596 -0.027021234289 0
0.053880809371 0.599032605954 0.029457429209 0
0.039411661038 0.600127796808 -0.092836693732 0
0.083823703704 0.664288888889 -0.034682666667 0
0.086083872460 0.804156928108 0.208917578682 0
0.104211171219 0.805286555058 -0.219441525971 0
0.075913768553 0.734494924241 0.315011189462 0
0.098151588956 0.712843844730 -0.301025683465 0
0.077285593897 0.681181364129 0.401502619255 0
0.099058392144 0.645370228423 -0.381225977406 0
-0.032384881157 0.368318676146 0.002267488183 0
-0.029861523142 0.368688482221 -0.091832614549 0
0.048018754630 0.039088639733 0.039264172064 0
0.062343866534 0.023286000398 -0.077542410691 0
-0.000222389006 0.022137627546 0.051391600709 0
0.016651080599 0.008006747798 -0.073595668112 0
0.057654710058 1.072328324701 -0.013578609839 0
0.060590633071 0.930303017920 0.146994708344 0
0.068825474162 0.929249401157 -0.173813365561 0
0.065070557691 0.925994155044 -0.024740619132 0
0.078643709037 0.777601102074 -0.026274334611 0
0.057185922203 0.567504392152 0.029682776925 0
0.042828161683 0.569629491286 -0.092610914119 0
0.088300000000 0.632640740741 -0.034020296296 0
0.086414674934 0.764219442939 0.170314435861 0
0.110001302615 0.766562136654 -0.180009137675 0
0.077687344918 0.668801291227 0.254167224002 0
0.108778993476 0.657006972829 -0.236881978501 0
0.082506665022 0.595253023354 0.323474311553 0
0.113216100774 0.571769194513 -0.297984126132 0
-0.033707404617 0.339635746306 -0.005306693536 0
-0.033096212932 0.340316972374 -0.088712636563 0
0.050813644038 0.027995546970 0.038033067682 0
0.066815019812 0.011803674091 -0.057500657947 0
-0.001188893132 0.021961583524 0.042609823298 0
0.023260938514 -0.007016534227 -0.048242970082 0
0.060000700537 1.040434297517 -0.014159458665 0
0.057434023563 0.899676883720 0.146534533466 0
0.067993879412 0.896464717453 -0.174191072670 0
0.063211251106 0.894213982725 -0.025129204935 0
0.079637919732 0.746151479065 -0.025489629787 0
0.059514993940 0.536758970034 0.030304724703 0
0.047741899817 0.539340364362 -0.092256031090 0
0.093019259259 0.601485185185 -0.032599111111 0
0.083091156386 0.732255473732 0.136227850159 0
0.111170664782 0.735397448019 -0.154339564048 0
0.077044391978 0.617920185974 0.191932056984 0
0.114807132042 0.615866912346 -0.184959412703 0
0.085943896248 0.529038036092 0.238590075192 0
0.123983873404 0.518504861639 -0.223783224014 0
-0.035985912447 0.311778005746 -0.010599092357 0
-0.039506302735 0.314118804771 -0.087065770485 0
0.051534316421 0.022690573647 0.034044107629 0
0.065304177864 0.009679391612 -0.045226672986 0
-0.000933978013 0.024657550661 0.031846754762 0
0.019292913004 -0.001533076812 -0.035525792551 0
0.062039908799 1.008790915135 -0.015306625847 0
