-0.112386953090 0.974629547259 0.285727112716 0
0.214709720822 1.006485489399 0.220689953930 0
0.050777328854 0.972661298575 0.257276866286 0
0.067248288366 0.833736396288 0.274263832994 0
0.026335123246 0.614088783750 0.241056601700 0
0.101864090653 0.617792296689 0.222026410420 0
0.071906666667 0.691488888889 0.267902222222 0
-0.094136772146 0.779340068639 0.319006951643 0
0.234130927916 0.812509883568 0.279535646229 0
-0.110169829527 0.646634723303 0.260274250464 0
0.248686547157 0.686175913793 0.257704408763 0
-0.125738593906 0.539813443658 0.216347304196 0
0.262314239656 0.577541428068 0.227078378241 0
-0.011874977694 0.329756313438 0.187194955261 0
0.119177481450 0.361593000747 0.093920263939 0
0.016871117893 0.019977000096 0.229762400588 0
0.169333019695 0.022590800240 0.096044292694 0
0.004329587673 0.026556968885 0.183191681158 0
0.157386762169 0.028589827174 0.049025078902 0
0.029371329327 1.084256827292 0.209962914670 0
-0.119895550921 0.971371566682 0.285940270502 0
0.207200126228 1.012235534906 0.226145444231 0
0.043633916021 0.973816819116 0.259710371355 0
0.062955472506 0.834944572878 0.274373065846 0
0.024674718347 0.614792548229 0.242004280671 0
0.100062933009 0.618813689434 0.222486682989 0
0.069866666667 0.692781481481 0.267765555556 0
-0.093807326347 0.776209989933 0.314400079754 0
0.230379379582 0.819587196755 0.287918208989 0
-0.106902056037 0.641862539561 0.258753081358 0
0.246621623800 0.693125547491 0.268109582882 0
-0.124094940760 0.534213106265 0.218532510248 0
0.261056030611 0.583726769179 0.240180103473 0
-0.015284321416 0.330428245870 0.189599499113 0
0.115145452723 0.363261030500 0.092816433435 0
0.015493087536 0.020625535653 0.229933728183 0
0.157385574323 0.022739517442 0.103524924034 0
0.002649007894 0.029198193057 0.183771437935 0
0.144394059650 0.026714512244 0.056568265066 0
0.020278837807 1.085408009020 0.213725832771 0
-0.126498368026 0.967580102861 0.285547999113 0
0.200444279636 1.016493806313 0.231208125068 0
0.037286119223 0.973982861203 0.261683384103 0
0.059188148959 0.835250412884 0.274274094553 0
0.023200839196 0.614793594583 0.242385303858 0
0.098501819254 0.619017038801 0.222575860985 0
0.068104814815 0.693203703704 0.267359629630 0
-0.095578012295 0.772613497905 0.310257345462 0
0.227485324891 0.825089544247 0.295237218290 0
-0.104428852136 0.636834027255 0.257314963747 0
0.245529593239 0.698746058354 0.276251201013 0
-0.123591294552 0.529147771225 0.220695454082 0
0.260957439399 0.588842326784 0.250281033232 0
-0.019462300300 0.330645154901 0.190950265221 0
0.110810582949 0.364244379837 0.091090485035 0
0.014510000480 0.020654439703 0.229437006205 0
0.144340493749 0.022445378399 0.112340159156 0
0.001467238418 0.030016964547 0.183484341820 0
0.129763008703 0.026104472102 0.065825475220 0
0.011945676980 1.085463362344 0.216727491679 0
-0.132522632552 0.962912566327 0.283876734359 0
0.194122730883 1.019281648732 0.235274262692 0
0.031435576597 0.973006259029 0.262623582887 0
0.055900101832 0.834557815410 0.273857838383 0
0.021861997141 0.614253270241 0.241740278831 0
0.097140950156 0.618438576214 0.221839234821 0
0.066818148148 0.692670370370 0.266598518519 0
-0.098579273569 0.768136670282 0.305985464407 0
0.225036353868 0.828962001677 0.300767119577 0
-0.102760668994 0.631348537325 0.255105012249 0
0.245443899921 0.703029079018 0.281449460436 0
-0.123371257022 0.524520543852 0.220545364029 0
0.262139219831 0.593067222409 0.256111403038 0
-0.022217155902 0.330236460462 0.190774383616 0
0.105583317711 0.364247828414 0.088930214544 0
0.014055710872 0.020458724708 0.229075980784 0
0.132651811639 0.022483714339 0.121501645517 0
0.000959187961 0.029852979827 0.183145087736 0
0.117016546621 0.026738517820 0.075382853320 0
0.004304132775 1.084498619917 0.218933673436 0
-0.137813799044 0.957607210705 0.281514646408 0
0.188229035233 1.021284692875 0.238177414861 0
0.026178499234 0.971338976076 0.262704060224 0
0.053205182966 0.833280189050 0.273019054889 0
0.020840500971 0.613338396840 0.240105963850 0
0.096148624613 0.617520050355 0.220314819539 0
0.065875185185 0.691566666667 0.265412962963 0
-0.103228565131 0.762807623281 0.302385189717 0
0.222892152923 0.832533747666 0.306280890536 0
-0.103497194473 0.625368549543 0.253113223592 0
0.245856965475 0.707210762515 0.285896885108 0
-0.123066153368 0.519585221033 0.216145135817 0
0.264160458951 0.597406483407 0.260614978335 0
-0.022180901328 0.329248778556 0.188644423138 0
0.100444764731 0.363713237904 0.086476623788 0
0.014006647454 0.019878042349 0.229196322281 0
0.123564876534 0.023074215009 0.129506414096 0
0.000971855423 0.027805927004 0.182972294770 0
0.107841048062 0.028157405256 0.083501737663 0
-0.002602319321 1.082892742277 0.220417751391 0
-0.141898333941 0.952890514764 0.278836694260 0
0.183587121445 1.021852600924 0.239589832454 0
0.022061555929 0.969261334069 0.261954034033 0
0.051043664850 0.831548834743 0.271746641107 0
0.020119086714 0.612109121717 0.237580235565 0
0.095580104024 0.616204150925 0.218361632387 0
0.065208518519 0.690007407407 0.263791481481 0
-0.108680234971 0.757904856047 0.300184950364 0
0.221449276734 0.834804581908 0.310625247732 0
-0.105239393398 0.620706879297 0.250363533457 0
0.246929016711 0.710196259561 0.288893019299 0
-0.118972357770 0.515667658996 0.207081833343 0
0.267315089791 0.601018386318 0.262500705568 0
-0.020439872495 0.327866998272 0.184973881077 0
0.096769513016 0.362886758344 0.083536184379 0
0.015014161609 0.018920191809 0.229269256370 0
0.117143087187 0.023210757806 0.135904063449 0
0.002423746960 0.023468040262 0.182469508387 0
0.101996742281 0.026376678335 0.089535183349 0
-0.008057047078 1.080845865000 0.220666015359 0
-0.145244219203 0.949318770875 0.274549226703 0
0.180314685622 1.020664021887 0.240518038005 0
0.018835551055 0.966878667935 0.260219103371 0
0.048825206610 0.829356173541 0.269994384266 0
0.019092803015 0.610647942509 0.234375117405 0
0.094769926499 0.614443459455 0.215961640328 0
0.064411851852 0.687985185185 0.261822592593 0
-0.116102022187 0.753902370683 0.297824967992 0
0.220586031052 0.835037095807 0.313916931019 0
-0.108832165417 0.617894728078 0.245228693095 0
0.248579043672 0.711144475455 0.291206784242 0
-0.113469684291 0.514018868620 0.195485187001 0
0.271839740176 0.602998476695 0.263229681079 0
-0.018971708465 0.326212887434 0.180953821507 0
0.094242747205 0.361885044462 0.079715588617 0
0.016664094394 0.017557055791 0.229316470387 0
0.111836738041 0.023070578522 0.140142503025 0
0.004810502812 0.017351668120 0.182105581174 0
0.097340300322 0.023196848053 0.093459045484 0
-0.011928062789 1.078768885890 0.220251534314 0
-0.147478201545 0.947287383163 0.269568902750 0
0.178357841643 1.019341949281 0.239973639315 0
0.016741294238 0.965200520517 0.257446603381 0
0.047063333390 0.827749597888 0.267533210115 0
0.017951747192 0.609769154020 0.230507095688 0
0.093842567194 0.613323131357 0.212944584751 0
0.063445925926 0.686474074074 0.259401111111 0
-0.123765555642 0.751374529249 0.294757418767 0
0.220040107729 0.834399461413 0.314306669118 0
-0.113102304804 0.617044274801 0.238552653677 0
0.250710953905 0.711312064343 0.290694537124 0
-0.107755675995 0.514587988892 0.184760492149 0
0.277314866954 0.604206468335 0.261753970670 0
-0.017877802316 0.324954519075 0.177564583960 0
0.093020697122 0.361987086701 0.074457998055 0
0.017996789739 0.016292409513 0.229201599880 0
0.107486003657 0.023895333465 0.139437661305 0
0.006743979689 0.011847332804 0.182052544356 0
0.093847886387 0.023756165598 0.092496312281 0
-0.014533730204 1.077318035667 0.218255627245 0
-0.148496881918 0.946411384760 0.265007539418 0
0.177355793633 1.019394282571 0.237981669952 0
0.015761496811 0.964792755220 0.254182399030 0
0.046198422127 0.827397353767 0.264561856897 0
0.017464551489 0.609411426369 0.226645433524 0
0.093531110642 0.613340942518 0.209944338130 0
0.062361851852 0.686096296296 0.256510000000 0
-0.130403441397 0.750112068421 0.291799386280 0
0.219306537594 0.834529254189 0.312356335041 0
-0.116971872010 0.617578901107 0.232034427455 0
0.252479823119 0.712185166140 0.288269032435 0
-0.105307262146 0.516741678092 0.175959979087 0
0.282221520830 0.606008228347 0.258964518925 0
-0.016684694890 0.324154483569 0.174989378691 0
0.092867632559 0.363531454662 0.068721829010 0
0.018467086890 0.015408284956 0.228974196878 0
0.103669801993 0.025150169232 0.134168435028 0
0.007331538524 0.008759829124 0.182057084058 0
0.090887682060 0.026284078665 0.087000230504 0
-0.015382733117 1.077136715651 0.215142892809 0
-0.148652234183 0.947431143321 0.259713361416 0
0.177650494823 1.019434157536 0.235651729214 0
0.015754843060 0.965328661323 0.250447012139 0
0.045631445744 0.827882228446 0.261379580751 0
0.016797363547 0.609650761700 0.223323888127 0
0.093017682778 0.613573548745 0.207337525687 0
0.061328888889 0.686533333333 0.253227777778 0
-0.134748337167 0.750948159975 0.287636759249 0
0.218807872317 0.833964147687 0.308955754813 0
-0.119330799877 0.619948224508 0.225037923403 0
0.254099554539 0.712153318185 0.285178457200 0
-0.105399228152 0.519837890203 0.167869755716 0
0.286288737524 0.606637595994 0.256118973210 0
-0.015339953047 0.323847785325 0.173425050244 0
0.093074942194 0.365554269825 0.062992620984 0
0.018661053694 0.015203314185 0.228703341864 0
0.099486424252 0.026977692108 0.125633543083 0
0.007364892206 0.008395481878 0.181847520105 0
0.087128274442 0.029224987551 0.078392314744 0
-0.014326911076 1.077985646185 0.211100118098 0
-0.147753643929 0.950086739265 0.253620536491 0
0.179448549836 1.018947167809 0.232791879937 0
0.016903776030 0.966413094712 0.246053661473 0
0.045411189708 0.828748335281 0.257644988985 0
0.016167036723 0.610203386535 0.219738851975 0
0.092533739655 0.614096289777 0.204459418298 0
0.060347407407 0.687303703704 0.249602962963 0
-0.137005261470 0.753566940463 0.282655656551 0
0.219357118292 0.832507920439 0.304305848140 0
-0.120303664534 0.623797285070 0.217862207836 0
0.256131424298 0.711128471317 0.280569364645 0
-0.106217509562 0.524990681495 0.158594928156 0
0.290151596579 0.606122757289 0.251726425606 0
-0.013562571766 0.323693851480 0.172468574349 0
0.093638172552 0.367734987371 0.057306754669 0
0.018908454513 0.015372068090 0.228596460950 0
0.095639082422 0.029049961958 0.113748298211 0
0.007429131669 0.009491968766 0.181659615542 0
0.083466650508 0.033371798734 0.066603187258 0
-0.012057383731 1.079234511044 0.205917446078 0
-0.145898369047 0.953600845997 0.247429513045 0
0.182334141361 1.017899445654 0.228299004686 0
0.019009409179 0.967645819982 0.240793489122 0
0.045671112080 0.829671680134 0.253049197983 0
0.015289901241 0.610942594743 0.215662342497 0
0.091794018079 0.614513248261 0.201004251011 0
0.059457777778 0.688077777778 0.245454814815 0
-0.138033012990 0.757183349465 0.278038343035 0
0.220893322436 0.830578354142 0.298231348232 0
-0.120981684455 0.628407840126 0.211379373743 0
0.258494996653 0.709512423371 0.274191893108 0
-0.108419207957 0.531190360303 0.149568614017 0
0.293485781075 0.604963584345 0.244941359746 0
-0.012257107914 0.323631302272 0.172079938360 0
0.094158987947 0.369628665272 0.051421613516 0
0.019170464334 0.015698773673 0.228649510095 0
0.092213285026 0.030436583658 0.098163734401 0
0.007527307904 0.011163068273 0.181603977229 0
0.079791081072 0.036332062347 0.051254886211 0
-0.009250676872 1.080493788176 0.199879470432 0
-0.143233153413 0.957548994063 0.241103612475 0
0.186110401522 1.016036055491 0.222423312021 0
0.021907808063 0.968687667695 0.234758045565 0
0.046326329640 0.830336283084 0.247580708665 0
0.014399875089 0.611443505415 0.211201727438 0
0.090994288762 0.614564323005 0.196917281446 0
0.058771111111 0.688570370370 0.240712222222 0
-0.138652593273 0.761343548920 0.273677206203 0
0.222932830481 0.827998896187 0.291362922486 0
-0.121517744301 0.633710883311 0.204876062189 0
0.260344655082 0.707040271381 0.266501157366 0
-0.109872643449 0.538041566892 0.140793218022 0
0.295205153677 0.602763667985 0.236260589696 0
-0.011545293974 0.323382186750 0.171786408889 0
0.094348443183 0.370832073744 0.045482946413 0
0.019303732887 0.015885407182 0.228786921575 0
0.089506632275 0.031237484577 0.080920869104 0
0.007585574594 0.012376447483 0.181672275807 0
0.076692108996 0.038138569929 0.034255347863 0
-0.005180983189 1.081835162269 0.193609661609 0
-0.139927239848 0.961809907418 0.234070162078 0
0.190490757844 1.013634749100 0.214705251976 0
0.025395931724 0.969635316500 0.227521472024 0
0.047300331260 0.830953043211 0.241419091948 0
0.013670914613 0.611837578074 0.206547007629 0
0.090335925912 0.614569989180 0.192564909150 0
0.058210740741 0.689000000000 0.235708518519 0
-0.139464303841 0.765858882359 0.268444261513 0
0.225063327895 0.825428433119 0.284344712552 0
-0.122325878540 0.639365824874 0.197570581041 0
0.261271350293 0.704304403065 0.258524384174 0
-0.110955665480 0.545000809571 0.131656355773 0
0.295199843450 0.600117555096 0.227100839599 0
-0.011222388944 0.323137946197 0.171349160573 0
0.094226860457 0.371944888614 0.039375683967 0
0.019330660344 0.015964713095 0.228810548251 0
0.087551183860 0.032110118923 0.063103273711 0
0.007627717791 0.012835662040 0.181665367661 0
0.074422775399 0.040729329601 0.016812216723 0
0.000043999368 1.083217150954 0.186330258303 0
-0.136142306347 0.965523089993 0.226559328957 0
0.195156042511 1.010646404531 0.205531783059 0
0.029278533695 0.970035883455 0.219386198389 0
0.048684680869 0.831133636923 0.234767632664 0
0.013277186781 0.611797990356 0.201520664805 0
0.089995617072 0.614229350792 0.187778028747 0
0.057938518519 0.689011111111 0.230360370370 0
-0.140413441727 0.769980411541 0.262938107790 0
0.226173434077 0.821834612369 0.275206477211 0
-0.123558410614 0.644589489550 0.190066148807 0
0.260543533474 0.700254532025 0.249020197770 0
-0.112112079875 0.551284828381 0.122661702407 0
0.292981958838 0.595923089604 0.216751715992 0
-0.011784931466 0.322656746564 0.170291290617 0
0.093581757258 0.372413158109 0.033307688347 0
0.019152860440 0.015793680683 0.228346595391 0
0.086766986757 0.033220323434 0.045972279588 0
0.007405545076 0.012649569999 0.181213453892 0
0.073747015555 0.044981556419 0.000347049647 0
0.006123629433 1.084070087686 0.177989756368 0
-0.131784306689 0.968827270258 0.217941736495 0
0.200363345163 1.006655229930 0.195945145999 0
0.033684783185 0.969747366655 0.210525056236 0
0.050334585807 0.830693709670 0.227671494139 0
0.013042771150 0.611176923953 0.195990952685 0
0.089815420131 0.613377982740 0.182514869631 0
0.057768518519 0.688425925926 0.224634074074 0
-0.140968966889 0.773837928953 0.256326577745 0
0.227862067669 0.817398253161 0.265889062456 0
-0.124648630858 0.649497563124 0.181557480822 0
0.259676149547 0.695174750965 0.239468982872 0
-0.113064444882 0.557081871681 0.112890510870 0
0.289946422519 0.590422405219 0.206628364945 0
-0.012199739020 0.321668759558 0.168534061489 0
0.093011178258 0.371925791059 0.027467638856 0
0.019283343827 0.015511515587 0.228086009226 0
0.086317331488 0.032548444152 0.031575934000 0
0.007607227951 0.011851233708 0.180972438650 0
0.073076137241 0.043489771923 -0.014189402009 0
0.013179823715 1.084222130004 0.168786919774 0
-0.126782437805 0.972004525217 0.207953723632 0
0.206235104210 1.001632014995 0.186543545748 0
0.038683274369 0.968895182897 0.201075968752 0
0.052195934292 0.829744960593 0.220071483589 0
0.012795158749 0.610212579262 0.189647019256 0
0.089628501875 0.612066475973 0.176467885867 0
0.057715925926 0.687370370370 0.218230740741 0
-0.140826705324 0.777743707538 0.248501109591 0
0.230398999407 0.812082721612 0.256926114551 0
-0.124923609422 0.654415358937 0.171986354349 0
0.258996636161 0.689138197129 0.230176161807 0
-0.113413464290 0.562837130759 0.102144034424 0
0.286205316566 0.583537479372 0.197250787653 0
-0.011784171929 0.320316445752 0.165937723098 0
0.092112544599 0.370472487040 0.021628641644 0
0.019673856360 0.015322049969 0.228006222474 0
0.086511409631 0.030328755811 0.019503019388 0
0.008126206761 0.011214881536 0.180897827957 0
0.073401593648 0.040944837207 -0.026376599173 0
0.020679200501 1.083560196322 0.158463579111 0
-0.120540628370 0.975372135530 0.197986609756 0
0.213195057436 0.995034563539 0.176289879549 0
0.044765718557 0.967375207278 0.191223900881 0
0.054547524143 0.828184301173 0.212086866114 0
0.012536918024 0.608741175330 0.182916210352 0
0.089413808643 0.610135694052 0.169935913277 0
0.057805185185 0.685733333333 0.211398148148 0
-0.139442889389 0.781950365143 0.240522718088 0
0.234063498587 0.805149215169 0.246820703185 0
-0.124252567067 0.659489840355 0.162484446876 0
0.258882769828 0.681386086833 0.220073128728 0
-0.113027799662 0.568760554479 0.091500637079 0
0.282272784219 0.574687006944 0.187539383006 0
-0.010828952057 0.318477972283 0.162733259197 0
0.090700760180 0.367977499972 0.015965882739 0
0.019974261878 0.015124442078 0.228129738262 0
0.085101323845 0.026171924030 0.011102433858 0
0.008408919735 0.011196560050 0.181010395295 0
0.071478309436 0.035901913744 -0.034824123135 0
0.028689042538 1.081990680599 0.147510540778 0
-0.113446484543 0.977519534171 0.188682854008 0
0.220548622604 0.988138605175 0.164779488345 0
0.051550321474 0.965106661986 0.181077064391 0
0.057834516801 0.826004097403 0.203671342001 0
0.012478036900 0.606676720047 0.175669277760 0
0.089366235874 0.607675471389 0.162719510966 0
0.058098518519 0.683522222222 0.203984814815 0
-0.137435446137 0.785120215333 0.233243252071 0
0.237048431593 0.797705368638 0.234989695366 0
-0.122999666563 0.663263456701 0.154124123908 0
0.257885217864 0.673048948837 0.209002270706 0
-0.112178899665 0.573441078644 0.082050722551 0
0.277365543637 0.565421909068 0.176976932794 0
-0.009768005343 0.316108814505 0.158892856250 0
0.089404511552 0.364644321728 0.010125682985 0
0.020067900961 0.015011228322 0.228153772614 0
0.082624347120 0.020523273681 0.006718214491 0
0.008312006018 0.011933780786 0.181018370542 0
0.068201267158 0.027835758154 -0.039412146377 0
0.037188778509 1.079614497711 0.136225720407 0
-0.105850144167 0.978302662952 0.179670376631 0
0.227991921192 0.982350764233 0.151922305887 0
0.058789779471 0.962700639810 0.170388897998 0
0.062242042398 0.823798585699 0.194529711027 0
0.012604769933 0.604656947531 0.167693635304 0
0.089489242264 0.605316113191 0.154700078409 0
0.058551851852 0.681377777778 0.195818518519 0
-0.134852596397 0.786948937814 0.225726938417 0
0.239755908722 0.791318003123 0.221453789580 0
-0.121791991200 0.664979903626 0.146541882448 0
0.256695107879 0.665890834363 0.196357380099 0
-0.111661052915 0.576014166196 0.073650247562 0
0.272183082990 0.557425634832 0.164997486882 0
-0.007775071472 0.313781565593 0.154194868985 0
0.088287920696 0.360960923263 0.004240397797 0
0.019836497788 0.015537373697 0.228196597249 0
0.079689095815 0.015737484987 0.005058393075 0
0.007698156781 0.014503352002 0.181069011331 0
0.064402148438 0.021722010482 -0.040985092383 0
0.045914591553 1.077006009925 0.124470251811 0
-0.097346351482 0.980550084502 0.168307658795 0
0.236460269324 0.975832745340 0.140240707148 0
0.066839674068 0.960693553939 0.159113060623 0
0.066521387524 0.822088595050 0.184798396404 0
0.013146324641 0.603012120238 0.158386420736 0
0.090033276263 0.603711568370 0.145409651172 0
0.059018888889 0.679833333333 0.186358518519 0
-0.129700559959 0.790215117059 0.216311852422 0
0.243074292774 0.784098904680 0.208511663521 0
-0.118272268617 0.667765063004 0.137618293497 0
0.256606487745 0.658065047001 0.184405910727 0
-0.109110358379 0.579496835498 0.064194486196 0
0.269147516999 0.549031537693 0.153766190148 0
-0.004833786387 0.311821531367 0.148857569532 0
0.087229409249 0.357496596954 -0.001965189586 0
0.019678914522 0.016358320502 0.228068100312 0
0.077620905269 0.011989165187 0.004376683204 0
0.007266942164 0.017304998170 0.181010001951 0
0.061529520471 0.016445941776 -0.041565806239 0
0.054991494277 1.074694385859 0.112096940900 0
-0.088830822024 0.983809344356 0.156565566467 0
0.244732198068 0.969839140394 0.128683454187 0
0.074766520504 0.959464406215 0.147671358705 0
0.070550320580 0.821227691614 0.174673900380 0
0.013865401162 0.602169684881 0.148826051357 0
0.090710599216 0.603080686799 0.135617163541 0
0.059573333333 0.679214814815 0.176449629630 0
-0.123833777696 0.794557423225 0.206935206983 0
0.246034921191 0.777524954281 0.195616937412 0
-0.113867723894 0.671314706490 0.129287229926 0
0.256651940060 0.651043943250 0.172409747597 0
-0.105823111896 0.583472094189 0.055718093978 0
0.266910353694 0.541502757240 0.142692497435 0
-0.001479900036 0.310708448635 0.144253093702 0
0.086347186753 0.354900576739 -0.008384958355 0
0.019703012762 0.017032377792 0.227971910550 0
0.076520075226 0.010266665042 0.004105395624 0
0.007237275743 0.019066862817 0.180962505650 0
0.060119576468 0.014672074339 -0.041732622090 0
0.064407942993 1.073099364785 0.099345401284 0
-0.080440892737 0.987850403587 0.144362034773 0
0.252718727624 0.965031100614 0.117514056642 0
0.082494571483 0.959213481297 0.136125857965 0
0.074545613023 0.821383461809 0.164319953722 0
0.014908775046 0.602359209896 0.140162281723 0
0.091635827549 0.603511240097 0.126301497247 0
0.060560740741 0.679662962963 0.167148518519 0
-0.116998335482 0.799497060399 0.196946906486 0
0.248663717839 0.772650370805 0.184145476696 0
-0.108490152841 0.675252287562 0.120735719327 0
0.257092565052 0.646032832779 0.160785371844 0
-0.101855032430 0.587423995760 0.047453247530 0
0.265523172314 0.536175599556 0.131444956401 0
0.001342491595 0.310773893359 0.140122556021 0
0.086043485430 0.353299721141 -0.014097715711 0
0.019768394370 0.017843706420 0.227857398229 0
0.076110113743 0.009967417273 0.004301473695 0
0.007350551849 0.020328208472 0.180856948077 0
0.059682816654 0.014575104749 -0.041507051549 0
0.074062378345 1.072511663620 0.086547742212 0
-0.072690488753 0.991694130708 0.132155678932 0
0.259970351749 0.961352318925 0.106601680982 0
0.089603313091 0.959427400580 0.124708972476 0
0.078510258750 0.822072530023 0.154136696816 0
0.016159165611 0.603188204169 0.132035283829 0
0.092754305552 0.604286106777 0.117458993044 0
0.062029629630 0.680659259259 0.158157407407 0
-0.109022889216 0.803917948247 0.186915693725 0
0.250584722215 0.769376590577 0.173860614423 0
-0.102384817098 0.678417288824 0.112600027271 0
0.257203768591 0.642701772048 0.150229713556 0
-0.097605043040 0.590367765752 0.039925543742 0
0.264501533117 0.532787617193 0.120775679878 0
0.003007088742 0.311596944747 0.134792591950 0
0.087039490299 0.351703439527 -0.018623168166 0
0.019907832045 0.019110984307 0.227532017956 0
0.075713859273 0.009452466870 0.004737914883 0
0.007603477779 0.021485184047 0.180496032589 0
0.059078009051 0.012310625727 -0.041137866025 0
0.083094751300 1.072463813726 0.074157078888 0
-0.065652659943 0.995545769889 0.120743028564 0
0.266394299305 0.958905217652 0.095461534479 0
0.096029461411 0.960270921189 0.113640204399 0
0.082399973284 0.823510561773 0.144668496267 0
0.017403901637 0.604885653822 0.124800513323 0
0.093930840734 0.605649953907 0.109849508557 0
0.063612222222 0.682440740741 0.150063703704 0
-0.101865410474 0.808508338915 0.178051259710 0
0.252310054743 0.767873250369 0.164562590734 0
-0.096497297696 0.681743800053 0.105807001462 0
0.257242672860 0.641249930955 0.140253227123 0
-0.093219628107 0.593303146776 0.033976613617 0
0.264261770984 0.531590203779 0.110003530179 0
0.003943479505 0.313316611849 0.128315231457 0
0.088039971502 0.350548113315 -0.021441641542 0
0.020034540569 0.020640676961 0.227210065671 0
0.075380455136 0.009201556403 0.005050782378 0
0.008037722886 0.021872487825 0.180051006253 0
0.058686095400 0.011726920529 -0.040823270720 0
0.091432412294 1.072978668945 0.062145332290 0
-0.059312535351 0.999809253088 0.110052182083 0
0.272041032942 0.957667614530 0.084249813266 0
0.101778335228 0.961929407823 0.102930232484 0
0.086026596754 0.825836275191 0.135761666378 0
0.018505381000 0.607561665031 0.118220390120 0
0.095042050284 0.607830450612 0.103302108888 0
0.065054074074 0.685151851852 0.142740000000 0
-0.095673140415 0.813742919111 0.170349968137 0
0.254105153108 0.767648706701 0.155226241230 0
-0.091418360465 0.685848677451 0.100048776145 0
0.257606393014 0.641147649887 0.130047582724 0
-0.089290339684 0.596760619882 0.029245379207 0
0.264249345245 0.531729542082 0.098996604454 0
0.003878906738 0.316035017963 0.120299511200 0
0.089173998385 0.350145530378 -0.022844890122 0
0.019635496782 0.022616938019 0.225804197430 0
0.075302944839 0.009323771802 0.004879849697 0
0.008061933068 0.021846647342 0.178529710092 0
0.058626558154 0.011971107303 -0.040993863913 0
0.099030086535 1.074049438930 0.049933008662 0
-0.053124608188 1.004681547276 0.099806004806 0
0.277334416422 0.956324962151 0.073436687675 0
0.107243138508 0.963856327782 0.092639366825 0
0.089267826164 0.828496101230 0.127311769167 0
0.019449566127 0.610650874989 0.112300942481 0
0.096032647619 0.610272892546 0.097625184780 0
0.066410740741 0.688214814815 0.136106666667 0
-0.090461005061 0.820023620812 0.163728152029 0
0.256675542306 0.767125763318 0.145848071625 0
-0.086844190438 0.690966085658 0.095549203155 0
0.258540865318 0.640617110023 0.120533607150 0
-0.085341587564 0.601021175105 0.026005545813 0
0.263978834958 0.531348936777 0.088940770079 0
0.003539832767 0.319185709327 0.111310975263 0
0.090417320799 0.350157626051 -0.023443117220 0
0.018478936246 0.024750758340 0.224872454108 0
0.075348743218 0.009404103902 0.004406748643 0
0.007114596082 0.021724561407 0.177637808111 0
0.058695322357 0.011803346453 -0.041488949057 0
0.106235652904 1.075345189854 0.038111058995 0
-0.046954461381 1.009088238686 0.090588291771 0
0.282410461556 0.954792771444 0.062169689887 0
0.112639362151 0.965464422137 0.082673271419 0
0.092641506853 0.830942540200 0.119435989639 0
0.020241786751 0.613710280953 0.107108253937 0
0.096912537894 0.612652018238 0.092932037763 0
0.067586666667 0.691196296296 0.130402222222 0
-0.086105530773 0.826220794392 0.158450570144 0
0.260353713325 0.766244502788 0.135855405524 0
-0.082866950726 0.695970534687 0.092559150037 0
0.260086053398 0.639717833020 0.110563685624 0
-0.081248998821 0.605088402673 0.024406230393 0
0.263732965939 0.530485526159 0.078718292920 0
0.003562844886 0.322348515086 0.101093544144 0
0.091891441672 0.350296025395 -0.023227934345 0
0.016803888309 0.027232878810 0.224460815675 0
0.075426214584 0.009435652206 0.004233861701 0
0.005330304833 0.024128255714 0.177257679387 0
0.058879503264 0.011933368083 -0.041695166358 0
0.112943489654 1.076422054025 0.026890774978 0
-0.041023008521 1.012884920168 0.081712543518 0
0.287130794108 0.952831424053 0.050963127558 0
0.117776853157 0.966593963257 0.073016299125 0
0.095893155723 0.833189922744 0.112562619486 0
0.020711343651 0.616770828969 0.102629788418 0
0.097525843953 0.615076239567 0.089320016973 0
0.068322962963 0.694129629630 0.125802592593 0
-0.081844820874 0.831881545850 0.153475733002 0
0.264349738690 0.764662071121 0.125393313477 0
-0.079660668157 0.700406993479 0.090017326520 0
0.261849354180 0.638196046446 0.099921101558 0
-0.077935523387 0.608476238308 0.023410677074 0
0.263553426267 0.528944692004 0.067959222700 0
0.004864162680 0.325668258171 0.087994127355 0
0.092730853956 0.350736582982 -0.022262112132 0
0.015605480485 0.032210108390 0.223990846735 0
0.075611103286 0.009577894582 0.004141222524 0
0.004263688025 0.028460501067 0.176802690736 0
0.059160288796 0.012310734064 -0.041808860714 0
0.118938006881 1.077056783813 0.016222644421 0
-0.035377558345 1.015717740729 0.073207408732 0
0.291434719078 0.949730122353 0.040401361970 0
0.122562669011 0.966690235582 0.063876720169 0
0.098809025900 0.834574135236 0.106561407572 0
0.020845754114 0.619264853132 0.099610453887 0
0.097807513845 0.616902990435 0.087289810663 0
0.068760740741 0.696381481481 0.122964444444 0
-0.077466037775 0.836707738292 0.149119042689 0
0.268464737807 0.761682301367 0.115080217259 0
-0.077368257134 0.703851863008 0.088566547784 0
0.264053283528 0.635366908557 0.089124456619 0
-0.077007901269 0.610766723232 0.023761517430 0
0.263646801871 0.526107424711 0.056976581572 0
0.006413829310 0.329114866059 0.071136834638 0
0.093430471659 0.351166302929 -0.020940831594 0
0.015356710565 0.040076493475 0.222256661098 0
0.075781626718 0.009555700001 0.004171580413 0
0.004536890635 0.032655928985 0.175381458730 0
0.059391741463 0.012383501246 -0.041794527318 0
0.124588999390 1.076658430024 0.006153733653 0
-0.029989957976 1.017866928764 0.065210950043 0
0.295430802800 0.946259373947 0.030417937729 0
0.127089499378 0.966261777310 0.055269830992 0
0.101584517547 0.835557074378 0.101258090437 0
0.021010803755 0.621492423392 0.098003546339 0
0.098075603205 0.618735560165 0.086431792081 0
0.069056666667 0.698462962963 0.121569629630 0
-0.073214679203 0.841390459405 0.146243514366 0
0.272932787413 0.758188788148 0.105183093418 0
-0.077044811972 0.707168036119 0.088911420669 0
0.267030800730 0.632127318851 0.078305344035 0
-0.079475287895 0.613562447399 0.025594233150 0
0.265148543044 0.522889059648 0.045895475763 0
0.007469952779 0.333870278592 0.050084973523 0
0.094250096617 0.351876114408 -0.019021606240 0
0.015380689303 0.050828499385 0.218510404630 0
0.075947653298 0.009542465255 0.004175796951 0
0.005081843168 0.038852072058 0.172467850025 0
0.059639999429 0.012394679029 -0.041818041337 0
0.129985106983 1.075699882489 -0.003380362081 0
-0.025184809400 1.019879893273 0.058063267400 0
0.298845594604 0.943420708038 0.020711461129 0
0.131088000820 0.966060286486 0.047194406449 0
0.104180935761 0.836772329024 0.096411760969 0
0.021091126970 0.624220412172 0.097147562052 0
0.098233278039 0.621154716085 0.086184937290 0
0.069256666667 0.701000000000 0.121089259259 0
-0.069395972532 0.846561658542 0.145153793910 0
0.277672514911 0.755264740022 0.095648547012 0
-0.078643218199 0.711322228723 0.090912823535 0
0.270573749915 0.629649084176 0.067029402335 0
-0.085189544801 0.618007063937 0.028595044899 0
0.267655576775 0.520818683735 0.033284948090 0
0.008175014632 0.341974421585 0.023823505398 0
0.095089395376 0.353086534226 -0.016180014646 0
0.016079965961 0.068396854850 0.210855068448 0
0.076230268319 0.009696565273 0.004154358517 0
0.006651701680 0.051386207764 0.166232612262 0
0.059991046819 0.012468523151 -0.041868590032 0
0.134925064662 1.074877512605 -0.012529651147 0
-0.021202892793 1.020722980842 0.052293662498 0
0.301298105033 0.939986338560 0.010922559648 0
0.134278994692 0.964991360259 0.039834025324 0
0.106515436625 0.837270194518 0.092581173290 0
0.020933423311 0.626495272412 0.096908238163 0
0.098148900012 0.623040541279 0.086596880524 0
0.069304074074 0.702955555556 0.121450740741 0
-0.066482674585 0.851173925329 0.146003087738 0
0.282145859673 0.751915922947 0.086614334058 0
-0.082044382668 0.715335659299 0.094786913330 0
0.273961252249 0.627032091519 0.055217172577 0
-0.095130406838 0.622665358318 0.033656488273 0
0.270239124465 0.519160247542 0.018731398455 0
0.008750830249 0.353378677922 -0.005390113171 0
0.095889280351 0.354101678981 -0.013482088161 0
0.018290046438 0.089769124191 0.197774164055 0
0.076506320765 0.009677004845 0.003991759012 0
0.010591694034 0.069696305972 0.154102259851 0
0.060374851292 0.012522113661 -0.042064607617 0
0.139285493494 1.072966023145 -0.021234436341 0
-0.017836783252 1.020710130251 0.047447466248 0
0.302794411527 0.935482371413 0.000877806435 0
0.136730486791 0.962986561188 0.032859045050 0
0.108419853171 0.837029060713 0.089421085601 0
0.020126160286 0.628545666899 0.096827696862 0
0.097411313207 0.624411746079 0.087319545494 0
0.068968148148 0.704348148148 0.122453333333 0
-0.064516283283 0.855213979746 0.147500680531 0
0.286092892897 0.747561823666 0.077516317997 0
-0.087433220886 0.719239011823 0.099511933235 0
0.277008545734 0.623649955260 0.042701602646 0
-0.107575758969 0.627188787456 0.040189864673 0
0.272797856160 0.516994992977 0.002979836396 0
0.008101871805 0.369101688521 -0.036402483709 0
0.096383474297 0.354911053602 -0.011257012623 0
0.021763437075 0.114626265338 0.175997635222 0
0.076784632562 0.009698265503 0.003811603926 0
0.016662652931 0.090747212346 0.133888364187 0
0.060737130950 0.012628425634 -0.042268757533 0
0.142676330199 1.070223099580 -0.029345686216 0
-0.014924070771 1.020274875240 0.042230206562 0
0.303540950087 0.929918189293 -0.009272870551 0
0.138581622220 0.960288367903 0.025692534895 0
0.109792070534 0.836418316699 0.086472300037 0
0.018577382151 0.630837965714 0.096774123649 0
0.095900790138 0.625676682427 0.088117286006 0
0.068216666667 0.705600000000 0.123881481481 0
-0.063137316996 0.859110064386 0.148437475024 0
0.289710835249 0.741949648496 0.067818568913 0
-0.094368837627 0.723862218457 0.103161542255 0
0.279553131452 0.619117465386 0.029637202437 0
-0.121454983027 0.633306725505 0.045240447204 0
0.274543534399 0.513796025621 -0.013292183876 0
0.006478486244 0.391829584398 -0.070362505560 0
0.096590054919 0.355716187901 -0.009195990673 0
0.022985929633 0.141801273335 0.144984019720 0
0.077054459377 0.009765891115 0.003618164277 0
0.019782320568 0.118765523146 0.102222951212 0
0.061069402821 0.012898157901 -0.042470605833 0
0.145272718802 1.066836398048 -0.037621261950 0
-0.012464846904 1.019384121535 0.036491864493 0
0.303561125838 0.923671833959 -0.020108574700 0
0.139882306397 0.957067043557 0.017977002877 0
0.110994176030 0.835620939628 0.083445182265 0
0.017115559092 0.633533163397 0.096500056168 0
0.094453800937 0.627065002272 0.088920587465 0
0.067710740741 0.706881481481 0.125627037037 0
-0.061660970372 0.863359224709 0.149693323183 0
0.292663199268 0.735176259638 0.056161918298 0
-0.101270079986 0.729626356469 0.106519995936 0
0.281161853956 0.613505175053 0.014778260509 0
-0.135369020971 0.641258089695 0.049782300069 0
0.275155831119 0.509574070274 -0.031184155514 0
0.004810871241 0.421520070682 -0.103762485560 0
0.096688748517 0.356506332297 -0.006693368728 0
0.022385324080 0.171255950011 0.108197006800 0
0.077478691084 0.009774463426 0.003605694116 0
0.021751679319 0.148991364555 0.064915317755 0
0.061586801809 0.013414556439 -0.042477984520 0
0.147083889231 1.062972772640 -0.046424561376 0
-0.010493645677 1.018283236561 0.030226438187 0
0.302804528010 0.917375739891 -0.032213922457 0
0.140630196970 0.953752451134 0.009412131981 0
0.112202920913 0.835125392912 0.080069828839 0
0.015746907912 0.637549840444 0.095593984893 0
0.093063794177 0.629470177468 0.089486018762 0
0.067358888889 0.708922222222 0.127694074074 0
-0.059696974436 0.868949317040 0.152115773909 0
0.295203733548 0.728018195924 0.042301062015 0
-0.108065419792 0.737540809903 0.110768518337 0
0.282560144885 0.607536069510 -0.002116702228 0
-0.148989123460 0.652340010128 0.054853976297 0
0.275765371676 0.504792394358 -0.050577692063 0
0.003636121085 0.459590892302 -0.135468742658 0
0.096688023395 0.357768846667 -0.002786779571 0
0.018059470823 0.203132719075 0.065498631238 0
0.077997956830 0.009710445156 0.003636070348 0
0.020759985918 0.181684865957 0.021885391360 0
0.062254652422 0.013764006206 -0.042464090907 0
0.148077284411 1.059262754927 -0.055754606033 0
-0.009287239773 1.017396806972 0.022409451781 0
0.301118789161 0.910604835640 -0.044526631297 0
0.140540222626 0.950408099600 0.000046133086 0
0.112912903183 0.835336786623 0.076724357278 0
0.013496436241 0.644021704010 0.095059868880 0
0.090574038456 0.632943770532 0.090959657613 0
0.066950000000 0.712262962963 0.130754074074 0
-0.058152653892 0.876168867869 0.153731337859 0
0.297161825056 0.720473138639 0.028280062593 0
-0.114235980647 0.747552934419 0.113359318829 0
0.284083597639 0.601145155965 -0.019033079540 0
-0.161989271645 0.667147956059 0.057757289415 0
0.276915187402 0.499578645833 -0.069885916689 0
0.003907411873 0.505877433951 -0.161903657144 0
0.096265528718 0.359754940919 0.003298447141 0
0.004225557266 0.241340068220 0.022876606872 0
0.078655336356 0.009559573059 0.003581801785 0
0.008701117348 0.227520423709 -0.023582027043 0
0.063167174412 0.013980453607 -0.042570993508 0
0.148104904144 1.055784882661 -0.065482386849 0
-0.009693133860 1.013922675177 0.012913100135 0
0.298264927947 0.901901923514 -0.056729203974 0
0.139095813933 0.944865602650 -0.010083490385 0
0.112951734678 0.833984031474 0.073153809781 0
0.011724579242 0.649879253945 0.094903786009 0
0.088352832180 0.635530642405 0.093255361213 0
0.066699629630 0.714666666667 0.134508888889 0
-0.058678210867 0.882154576054 0.153683223128 0
0.298521793142 0.711630512688 0.015819115696 0
-0.121348235018 0.756974658007 0.112213306462 0
0.285390166054 0.593665128783 -0.034781966012 0
-0.175108255019 0.681976951175 0.056199193811 0
0.278210408458 0.493762918864 -0.088735919665 0
0.000327393317 0.553344484173 -0.180336445104 0
0.094619984892 0.361360915523 0.008752691630 0
-0.019325201562 0.282464722276 -0.007747323263 0
0.078893768726 0.009601463730 0.003406207054 0
-0.012235380400 0.270640912362 -0.054430830338 0
0.063737087790 0.014609648491 -0.042796617177 0
0.146978707427 1.050049026844 -0.075996387520 0
-0.013171651326 1.008536938875 0.003054060998 0
0.293556281568 0.893851414702 -0.067671273111 0
0.135275321813 0.938698499684 -0.019792426794 0
0.111737089998 0.831833029423 0.069404869631 0
0.009432047891 0.655457145334 0.093564291827 0
0.085156317863 0.636894193928 0.094883715208 0
0.066016666667 0.716051851852 0.137321481481 0
-0.062995125779 0.887285185611 0.152701082242 0
0.298982409603 0.704382281928 0.006750090118 0
-0.131016933881 0.766245422256 0.107537965573 0
0.285847998090 0.588297283059 -0.048026740492 0
-0.188457481062 0.697814946948 0.049048760750 0
0.278893264381 0.490679087466 -0.105900588200 0
-0.016268785311 0.603764491420 -0.192570954427 0
0.092574889578 0.362311496216 0.011827562999 0
-0.056623158483 0.335196612207 -0.025262013719 0
0.078507695954 0.010251800696 0.002989787046 0
-0.049501223685 0.330401134938 -0.073175470287 0
0.064143718771 0.018167293426 -0.043059414825 0
0.144229255990 1.043055964212 -0.086776803568 0
-0.018552354324 0.999890506972 -0.006096058456 0
0.288719797286 0.886213328824 -0.076083137053 0
0.130443387426 0.930952199431 -0.028088150692 0
0.109619960264 0.827339011639 0.065614521904 0
0.005992798892 0.659029364873 0.091755354502 0
0.080237863658 0.635392124609 0.094827867531 0
0.065056296296 0.714540740741 0.138853333333 0
-0.068854959233 0.889130832259 0.151322300195 0
0.300715582241 0.699091556259 0.003340271461 0
-0.141516577562 0.773123938396 0.100528721905 0
0.287724650723 0.585349607693 -0.056180697404 0
-0.201197098005 0.711971602243 0.038452725096 0
0.281019280203 0.490817318901 -0.118761043620 0
-0.060010231027 0.671112646786 -0.192328500697 0
0.089855128124 0.361568738300 0.009520899217 0
-0.105452751951 0.400485871982 -0.038287484002 0
0.076798455712 0.011124535225 0.001268849724 0
-0.102386514022 0.400216369089 -0.086866732976 0
0.064020281269 0.024762476455 -0.043900085127 0
0.140424196451 1.034157710047 -0.096518457001 0
-0.021960530008 0.995566451830 -0.013167606921 0
0.285502697208 0.881973394766 -0.082448545525 0
0.127284016198 0.926957486055 -0.034492443856 0
0.108241078372 0.825710370519 0.062218776983 0
0.002694150044 0.664663373123 0.090595650229 0
0.075224469813 0.636255400686 0.094177398679 0
0.064518518519 0.715407407407 0.139493703704 0
-0.073558383721 0.893637946949 0.149703012370 0
0.305429923068 0.698660371751 0.003956174874 0
-0.150070150307 0.784475333857 0.090148236958 0
0.293899477646 0.585944693339 -0.057776843587 0
-0.211046985228 0.731439350581 0.023202113211 0
0.287750181359 0.494800721236 -0.124488972174 0
-0.105538703151 0.764939054557 -0.161270345188 0
0.086598102900 0.362618693294 0.008488365853 0
-0.160057317080 0.478768649266 -0.047753267084 0
0.074964333474 0.012818344655 0.000653075782 0
-0.162977158740 0.484323279075 -0.096023739322 0
0.063731760680 0.028486888719 -0.044267230249 0
0.136526279049 1.029267060574 -0.104412959204 0
-0.022849127259 0.992897937533 -0.019497982382 0
0.284385732409 0.878094320762 -0.087789546561 0
0.126339391905 0.923942327555 -0.040083973475 0
0.108214961177 0.824654440930 0.058873443148 0
0.000512390049 0.669528433876 0.089535391289 0
0.071373633973 0.637175632997 0.093066607871 0
0.064848148148 0.716388888889 0.139065555556 0
-0.078203077731 0.898495221181 0.146642514054 0
0.310730597753 0.699239639598 0.005930704933 0
-0.157429963022 0.797980118554 0.076377924192 0
0.302994253015 0.585494028146 -0.054491358467 0
-0.218651450687 0.754329685900 0.003972577174 0
0.300459881124 0.496019114622 -0.122517466780 0
-0.102712943948 0.838697793692 -0.124782831375 0
0.083421429060 0.362830123991 0.009769490095 0
-0.209310921727 0.556302761120 -0.050332206660 0
0.073949097059 0.011019181671 0.001354366822 0
-0.214807874405 0.568128986487 -0.097229347112 0
0.063518012216 0.019303437744 -0.045678296603 0
0.134864326002 1.025773527079 -0.110870367561 0
-0.020877472270 0.990854622748 -0.024078865976 0
0.285574626644 0.873977697980 -0.092370612807 0
0.127966225086 0.921096001830 -0.044454390316 0
0.110294740105 0.823310757010 0.056086602243 0
0.000005139300 0.672157034602 0.088381033959 0
0.069480062426 0.636889345034 0.091529721781 0
0.066491481481 0.716285185185 0.137579629630 0
-0.082070521294 0.900726393254 0.142387077215 0
0.317812138511 0.700296334114 0.008931218956 0
-0.162858675103 0.809533204492 0.061923580367 0
0.315161627709 0.583807671664 -0.046495374058 0
-0.223169292662 0.775099564210 -0.015432820024 0
0.317563254503 0.494352435731 -0.113017888586 0
-0.084377910443 0.861575075846 -0.117060804555 0
0.080786255273 0.362169648602 0.009369659074 0
-0.249178124605 0.614779825098 -0.047218442142 0
0.072913794890 0.010067414324 0.002035190086 0
-0.253032383111 0.633915249710 -0.091809899778 0
0.063672782553 0.012080241424 -0.045923751485 0
0.136114213530 1.022870969755 -0.115372247009 0
-0.015435125324 0.991579894883 -0.026355869402 0
0.290206293590 0.871841308243 -0.093310040825 0
0.132857436492 0.920464690887 -0.046048946812 0
0.114024525410 0.822869046018 0.054466583064 0
0.000989226092 0.672967641253 0.086846145030 0
0.069791042066 0.636349934614 0.089283927807 0
0.068875555556 0.715866666667 0.135212962963 0
-0.083105346373 0.902452197135 0.138129971693 0
0.327453315188 0.703081094638 0.014389467672 0
-0.164834641521 0.820867345650 0.048790550829 0
0.330027938976 0.583582849167 -0.034213840258 0
-0.223596069100 0.794987615632 -0.032710215015 0
0.337818436716 0.491034338603 -0.095609118256 0
-0.080688049627 0.852430185758 -0.128393396402 0
0.079509112569 0.361276566534 0.008109924659 0
-0.284645050796 0.625689197542 -0.042249585615 0
0.072383911519 0.010395703129 0.003055129715 0
-0.298248684558 0.631528355957 -0.088620516760 0
0.063446643200 0.012261309997 -0.044967288014 0
0.141014108379 1.021614429623 -0.117799552618 0
-0.006985622123 0.994305786623 -0.027353740651 0
0.297435087344 0.870008282631 -0.091502234837 0
0.140371648234 0.920931886902 -0.045737949635 0
0.118963436189 0.822782407729 0.053708698981 0
0.002593736667 0.672263236722 0.084716844267 0
0.071189501896 0.635189420353 0.085518241969 0
0.071827777778 0.714585185185 0.131660740741 0
-0.080302606838 0.901518387409 0.132626619214 0
0.335418165976 0.704981950527 0.021591221625 0
-0.163909459126 0.831180879290 0.035777112248 0
0.346525643040 0.582429505919 -0.017219384837 0
-0.220555336934 0.815139888295 -0.048882662301 0
0.360889417223 0.484480693235 -0.069364191606 0
-0.102792417222 0.821220763383 -0.143124013053 0
0.078950125811 0.359813464307 0.005163571561 0
-0.324038373811 0.619612783857 -0.041483772210 0
0.071898410762 0.010932533188 0.003782716161 0
-0.330933782569 0.633651210195 -0.087579257908 0
0.062919485756 0.017495946796 -0.043817791884 0
0.149454447043 1.021615149424 -0.117915638595 0
0.004518108668 0.999429897864 -0.027153506726 0
0.307987892921 0.870648139606 -0.086804289978 0
0.150900233674 0.923680110240 -0.043588730511 0
0.125529453189 0.823696384331 0.053021279783 0
0.004851338618 0.671062209336 0.080554550415 0
0.073532886814 0.634186389131 0.078681604197 0
0.075497037037 0.713092592593 0.125619629630 0
-0.074212129605 0.900325525018 0.126334180427 0
0.343148674230 0.708624728150 0.031427127345 0
-0.161077899426 0.842660824022 0.024126460121 0
0.364511814700 0.584118846339 0.005147048888 0
-0.215223534177 0.836839981275 -0.062402551652 0
0.386955839049 0.480764243562 -0.033824791541 0
-0.133802414203 0.781722805694 -0.151254447874 0
0.080083432606 0.358160946906 0.000476341572 0
-0.369327993554 0.588004140991 -0.049434751056 0
0.071959552205 0.010590556926 0.004245699930 0
-0.379231088182 0.603127590494 -0.094630191863 0
0.062520359909 0.017285211972 -0.043247363787 0
0.161803665745 1.023921904394 -0.115887481676 0
0.019646607121 1.005757149636 -0.025204658275 0
0.322495728685 0.872545918998 -0.077873859493 0
0.164977581948 0.927457680847 -0.038768373478 0
0.133149112139 0.824579618350 0.052621358177 0
0.005971158537 0.669759147532 0.073432098647 0
0.074798814615 0.633507581051 0.068040735898 0
0.077971481481 0.711244444444 0.116827407407 0
-0.067356264399 0.899390345209 0.118653607065 0
0.351390694477 0.713735867132 0.046267120133 0
-0.159105015778 0.853202896476 0.014893383484 0
0.381097924433 0.588716400372 0.034590034902 0
-0.213646740955 0.856291045097 -0.070733886920 0
0.412578757390 0.483324842179 0.009263575461 0
-0.173202084601 0.736060624207 -0.147264764899 0
0.081043692111 0.356468111943 -0.006518982246 0
-0.431775535773 0.541635247023 -0.076360055926 0
0.072346921896 0.010073053346 0.004348628132 0
-0.447213744912 0.555972739175 -0.120240756640 0
0.061800429930 0.014274718802 -0.043197406121 0
0.177018641775 1.026885702365 -0.111639392339 0
0.034158993836 1.011989429348 -0.021910754656 0
0.337453290622 0.876235476658 -0.064575740573 0
0.178837267203 0.931906086468 -0.031435923205 0
0.139970739392 0.824950837826 0.052089923542 0
0.004963722100 0.668782429625 0.064804042926 0
0.073608381728 0.632992223256 0.055451987619 0
0.078647407407 0.709396296296 0.106149629630 0
-0.064175989417 0.898585009870 0.108658253746 0
0.356323036312 0.720562937407 0.065333949847 0
-0.161967020760 0.861064652555 0.006940827641 0
0.391556670664 0.596488793303 0.068930986850 0
-0.217957672776 0.871184643705 -0.075779033453 0
0.432554318647 0.492171504727 0.058063686880 0
-0.212927290829 0.678556680075 -0.129190835764 0
0.081805515816 0.354756969574 -0.014311671324 0
-0.516880810168 0.496282742544 -0.125867780651 0
0.073243636729 0.008963501162 0.004735454168 0
-0.528253477800 0.514327618165 -0.169622354955 0
0.060867390361 0.010740464791 -0.042521066913 0
0.192071634088 1.030755928308 -0.104256317181 0
0.050149329197 1.017825233384 -0.015042066152 0
0.352481700560 0.877594312230 -0.049207738043 0
0.193446583505 0.934997648700 -0.021473360774 0
0.146625200696 0.824252148635 0.052119851091 0
0.001324561980 0.668074115785 0.056652595754 0
0.069331314137 0.632465410533 0.042956213856 0
0.077215925926 0.708137037037 0.094384444444 0
-0.064026481977 0.901493285840 0.099016512510 0
0.356303508011 0.725548185168 0.086195007416 0
-0.167300648013 0.869725978708 0.000819859691 0
0.394560735087 0.603225466897 0.101104000375 0
-0.224766999896 0.883511747994 -0.079668250528 0
0.442476196997 0.501368504262 0.105454813136 0
-0.242999752236 0.619075070616 -0.095369657553 0
0.081582682557 0.352963777136 -0.020901114689 0
-0.583411103209 0.486790288744 -0.175808495956 0
0.075687651445 0.006536419883 0.007828878908 0
-0.587788244129 0.509064096201 -0.218868175663 0
0.059704471063 0.002809655106 -0.038216284006 0
0.208040284579 1.033381010287 -0.094181877155 0
0.068345646537 1.018420661243 -0.009139671674 0
0.366398771202 0.867052369405 -0.031249449157 0
0.208283536210 0.929818368418 -0.010840896820 0
0.150926605265 0.817847312623 0.052350919991 0
-0.005629009629 0.663163242102 0.051021266876 0
0.061947582333 0.627992898220 0.034379745437 0
0.071677407407 0.704485185185 0.084254444444 0
-0.059969793824 0.903280962558 0.090140713072 0
0.358933276370 0.718709138864 0.108052692908 0
-0.167171595863 0.875435851793 -0.004989309758 0
0.399531417247 0.598549574352 0.131763680104 0
-0.226089636715 0.889834909868 -0.085255779846 0
0.450196540403 0.499285061748 0.149685539036 0
-0.258220287242 0.584076281268 -0.072059769618 0
0.079301064086 0.348691937570 -0.029172182618 0
-0.588068593677 0.501410121235 -0.204016865615 0
0.078754451490 0.004204848644 0.011782851705 0
-0.574692218299 0.532312762111 -0.239166790885 0
0.058336994773 0.001137935953 -0.032525492501 0
0.223972753014 1.028732155428 -0.082652674701 0
0.080932419289 1.017867213170 -0.004953865669 0
0.375227876786 0.858051998166 -0.014235455362 0
0.218057780896 0.925029041229 -0.001268426492 0
0.153082965810 0.813173288659 0.054017607004 0
-0.011370725626 0.661108085352 0.049268954095 0
0.055252719903 0.625172349322 0.030549218852 0
0.067476296296 0.702448148148 0.078635185185 0
-0.062414933224 0.907668604004 0.078030472063 0
0.360555730915 0.718100958191 0.132954792243 0
-0.171086333237 0.884547283406 -0.016696657896 0
0.403491432681 0.600521314640 0.164264436701 0
-0.229173704853 0.899233451461 -0.098665394051 0
0.453689642102 0.503158494860 0.193385400882 0
-0.262030980104 0.573365169743 -0.071878311787 0
0.074466670549 0.345680573302 -0.031613380403 0
-0.581845528708 0.484243270792 -0.187129037168 0
0.080722687287 0.007169961504 0.013546999777 0
-0.565047893660 0.518259536603 -0.217627414090 0
0.058163595980 0.017003238768 -0.028689263271 0
0.239399355946 1.024868235524 -0.070640250638 0
0.086581927494 1.016354420385 -0.004369584787 0
0.377796376038 0.850775537428 -0.000542623206 0
0.221532733929 0.920802412266 0.005324073667 0
0.151979992355 0.809853028859 0.056719585132 0
-0.015517140331 0.659373980158 0.048446209605 0
0.050557931221 0.622977100902 0.028701812788 0
0.064048148148 0.699992592593 0.076866666667 0
-0.072664513460 0.915733125128 0.059618876891 0
0.355083908890 0.720709523038 0.154484826561 0
-0.178842013167 0.899028391735 -0.039197054192 0
0.398668050026 0.606511802835 0.195813318449 0
-0.231184829981 0.914676730004 -0.125001492055 0
0.448612122868 0.512938671349 0.235759143420 0
-0.264748156489 0.558643451438 -0.065322431125 0
0.066701775766 0.343131983605 -0.032740063131 0
-0.591301282930 0.424531885965 -0.148593940186 0
0.078708425144 0.004801427532 0.016645133638 0
-0.596688780514 0.449566113030 -0.189990561097 0
0.054021630343 0.005104604384 -0.025544653098 0
0.253081280585 1.021096604367 -0.059434005422 0
0.089959588557 1.013902541779 -0.004097839664 0
0.378565464808 0.844338261448 0.009739435588 0
0.223173607220 0.916515965047 0.010246264738 0
0.150640015500 0.806510734373 0.059705123473 0
-0.018541751175 0.658304740578 0.048651773904 0
0.047188696776 0.621183165671 0.029107311915 0
0.061327407407 0.697470370370 0.078235555556 0
-0.080709994920 0.923513179501 0.043654162453 0
0.348697964878 0.720967566907 0.168969265145 0
-0.180893455744 0.913920559117 -0.062121797051 0
0.388314854725 0.610991005653 0.223598917476 0
-0.226605308778 0.930935545229 -0.152520746070 0
0.435755827140 0.522774459180 0.275947543086 0
-0.267664755660 0.548701108936 -0.056850903844 0
0.057531330013 0.341668984279 -0.035032144323 0
-0.589583107864 0.362134046102 -0.089785999694 0
0.072174630790 0.007521166549 0.013925136354 0
-0.606607978234 0.374205271395 -0.133761642800 0
0.050120543705 0.007068644521 -0.029697338647 0
0.261915384085 1.018112410069 -0.048855247444 0
0.090615853941 1.009798255781 -0.004064924167 0
0.378087530166 0.839057516472 0.017018302952 0
0.223054973130 0.911933334570 0.013773526776 0
0.149125551401 0.802757165977 0.063226805562 0
-0.020383665753 0.656675289592 0.049876466060 0
0.045471934087 0.618584862732 0.032769495051 0
0.058894444444 0.694618518519 0.082488148148 0
-0.087760399995 0.928563868390 0.030015621316 0
0.344797201351 0.717067868281 0.176632883070 0
-0.180798316656 0.924759709074 -0.082442247385 0
0.376173240449 0.610631642263 0.242478269100 0
-0.219810435040 0.943976344629 -0.176088451011 0
0.416116492407 0.526853696474 0.306582018407 0
-0.265284981645 0.536849570615 -0.054388508841 0
0.051116986376 0.339746575648 -0.034805356400 0
-0.571527266450 0.314012008987 -0.024342825129 0
0.070648550082 0.011409021338 0.012937763643 0
-0.599020806092 0.311470742911 -0.064431041882 0
0.052345140092 0.023364631647 -0.030783586101 0
0.266018882400 1.015520680745 -0.039403556542 0
0.088932066788 1.007353646127 -0.002073719839 0
0.376755011229 0.837755170542 0.023049514225 0
0.221503520697 0.910036695301 0.017677080593 0
0.147324281114 0.800885808656 0.066913213915 0
-0.021482899274 0.655376554554 0.051307790184 0
0.044738003049 0.616793596606 0.036932931669 0
0.056750000000 0.693111111111 0.086577407407 0
-0.090694421009 0.926678977585 0.026290341596 0
0.340146229427 0.714810540236 0.181198018544 0
-0.176093821580 0.927639987874 -0.092129743858 0
0.362583248151 0.610891049326 0.254314777907 0
-0.208392144929 0.950457870441 -0.187330644432 0
0.393645978589 0.529216460564 0.325774063834 0
-0.259886614353 0.525294013356 -0.055688674977 0
0.049485613499 0.338776265865 -0.034009590919 0
-0.541799485599 0.279724529355 0.030206343447 0
0.069063174342 0.012739578517 0.015357979525 0
-0.572349206625 0.265839654258 -0.005054721009 0
0.052952442819 0.024723429735 -0.029210389285 0
0.266178339369 1.014703486637 -0.032479047361 0
0.086272067953 1.005824414702 -0.000992560392 0
0.375069736886 0.838559298174 0.028250462172 0
0.219361382270 0.909670407910 0.020859552082 0
0.145572319763 0.800385520781 0.070281368363 0
-0.021810479476 0.653304289901 0.053016719886 0
0.044787648764 0.614829357089 0.040177017174 0
0.055710000000 0.691859259259 0.088965555556 0
-0.091236446486 0.919560665537 0.024065175442 0
0.331825615356 0.713348450296 0.182907256305 0
-0.170553288761 0.919619028918 -0.098515952480 0
0.347868301519 0.608813422792 0.256824785656 0
-0.198307579696 0.943388933303 -0.194400574681 0
0.373517190136 0.525720549407 0.328911804294 0
-0.251780457826 0.508707252460 -0.053808128656 0
0.047653226981 0.338198353632 -0.036086302292 0
-0.510547558199 0.254045806790 0.066060359651 0
0.065305468556 0.014684012904 0.015197578040 0
-0.542238090672 0.233297192826 0.035488754394 0
0.053970194088 0.027407291210 -0.030618768393 0
0.263448657493 1.015224285226 -0.027983436270 0
0.083269047776 1.005869801808 0.000599321057 0
0.373484596269 0.841570679613 0.032499180237 0
0.217151463468 0.911149599134 0.023825500267 0
0.144237021824 0.801384563745 0.073390562430 0
-0.021042887336 0.651549922696 0.055495996877 0
0.046110008845 0.613767094958 0.043519537953 0
0.055785555556 0.691581481481 0.091316296296 0
-0.089181093427 0.909987855867 0.026019755458 0
0.322736422994 0.713374454311 0.182355395231 0
-0.165343992330 0.903135348677 -0.098356905429 0
0.334310471129 0.605563200376 0.252294767795 0
-0.193141664081 0.924174331401 -0.195144323077 0
0.357512823076 0.518096787178 0.319901411106 0
-0.237542826354 0.487075845936 -0.050721218885 0
0.047498899596 0.338481786636 -0.037505689680 0
-0.479572645839 0.231077634384 0.084310545310 0
0.061931676532 0.016661725721 0.015165972143 0
-0.509633363176 0.206266647432 0.055152594809 0
0.055062453710 0.029419974016 -0.031519665229 0
0.259424532201 1.017531804236 -0.024566021261 0
0.079224727099 1.006640001012 0.004245090509 0
0.371674829196 0.846159789612 0.035162831200 0
0.214413613811 0.913679744931 0.027009736916 0
0.143134688792 0.802875843281 0.076602736885 0
-0.019212649775 0.649398317388 0.058916845445 0
0.048781472563 0.612838067122 0.047933379064 0
0.056547777778 0.691581481481 0.094542222222 0
-0.086381760626 0.900440277986 0.033820541412 0
0.314899056889 0.715359665267 0.180539492307 0
-0.163282890290 0.882463456602 -0.088981526759 0
0.322374616563 0.602813690196 0.243199371041 0
-0.194215276961 0.896266985459 -0.186790184326 0
0.343070307979 0.508943399880 0.302699709971 0
-0.219269474326 0.465488444150 -0.047668650384 0
0.049152199930 0.338691246029 -0.036874642694 0
-0.443454285184 0.205904487710 0.091466755215 0
0.061532609453 0.017420936344 0.016028267979 0
-0.468948998899 0.179682598062 0.059344333860 0
0.056435552003 0.030239653280 -0.030867449949 0
0.254201955476 1.020751460749 -0.021722722709 0
0.073832044968 1.007844465305 0.007537889110 0
0.369523640429 0.853002025427 0.036298388820 0
0.210946661383 0.917511255269 0.029340791601 0
0.142173613069 0.805462900903 0.079623946261 0
-0.016363567413 0.647625326503 0.062973209954 0
0.052658639763 0.612755474277 0.052947371931 0
0.058020370370 0.692425925926 0.098302592593 0
-0.083175673001 0.891619911631 0.045207862096 0
0.308862105097 0.718643890555 0.176778295459 0
-0.162602708645 0.860206925252 -0.073206107068 0
0.311849208299 0.600324653203 0.228162886406 0
-0.197519353245 0.863373501098 -0.171435887903 0
0.327808649413 0.499124834709 0.276621495416 0
-0.197848733516 0.446066049334 -0.044929684895 0
0.051450870559 0.339579515324 -0.034930123776 0
-0.403403031524 0.181036249744 0.090378941800 0
0.061560233091 0.017576240565 0.016192110044 0
-0.421319654711 0.159794149743 0.050414136296 0
0.055702882088 0.026005295694 -0.031600675264 0
0.247868774897 1.025367644344 -0.019762305187 0
0.066870246500 1.008645117175 0.010880823961 0
0.366585550562 0.861060629826 0.035909263027 0
0.206417540020 0.921713188013 0.031012043264 0
0.140915274869 0.808321160056 0.082557788656 0
-0.013563969890 0.646365625932 0.067303098188 0
0.056458933471 0.613231861741 0.058390422881 0
0.059269629630 0.693685185185 0.102578518519 0
-0.080178658170 0.883586573314 0.059001271653 0
0.303889325367 0.720723722239 0.169480480583 0
-0.163217866824 0.836953298090 -0.051665458964 0
0.301373297279 0.598001164835 0.209249619456 0
-0.202649183211 0.826797787343 -0.148531359737 0
0.312129108453 0.490336102904 0.243507512939 0
-0.173989733791 0.428439161872 -0.042139457447 0
0.053979793340 0.340753112907 -0.031599592157 0
-0.362782272023 0.157496023882 0.085503834698 0
0.062423628619 0.017568121221 0.016924042581 0
-0.377212729780 0.139710735863 0.042551962832 0
0.055994237598 0.023872644846 -0.031122016274 0
0.240501721058 1.030361584472 -0.018192685606 0
0.059338804056 1.008683070120 0.014462464231 0
0.363017350823 0.868642851539 0.034585698823 0
0.201328118008 0.925282085157 0.032328181621 0
0.139381081189 0.810511567842 0.085176103917 0
-0.010824920705 0.644636212517 0.071774316487 0
0.060133148152 0.613242591698 0.064035961249 0
0.060374444444 0.694370370370 0.107064444444 0
-0.077505768761 0.877094356355 0.073931536390 0
0.299952613101 0.722080475903 0.161111756805 0
-0.162929669923 0.814117693826 -0.026338074582 0
0.292223887324 0.595778933880 0.186349192896 0
-0.206521741425 0.790260241564 -0.119414081379 0
0.297459498932 0.483795891544 0.204225618021 0
-0.149619704990 0.412949619232 -0.038965797259 0
0.056659161879 0.341668632350 -0.028616796570 0
-0.315834987645 0.132149357839 0.076012435921 0
0.062760603389 0.017415352602 0.017691006352 0
-0.324908400255 0.119281980693 0.029952456907 0
0.056205477685 0.021612996891 -0.030567857787 0
0.232199883966 1.034720323998 -0.017087539549 0
0.051794632309 1.008636614849 0.016995538003 0
0.359098522622 0.876193401549 0.033119476922 0
0.196047713073 0.928833101626 0.033067917864 0
0.137670408878 0.812892480878 0.087396313793 0
-0.007748443801 0.643014073125 0.075740880432 0
0.064102362694 0.613348249250 0.069585427112 0
0.061607777778 0.695170370370 0.111204444444 0
-0.075126502719 0.872568340188 0.087387635266 0
0.297628095318 0.723013105868 0.152382706907 0
-0.161313190145 0.793594482023 -0.000089689994 0
0.284498764818 0.594963524613 0.161308306115 0
-0.207639049407 0.756374458249 -0.087274319835 0
0.283989527613 0.481483588302 0.162213335398 0
-0.123912811733 0.399788152538 -0.036299440981 0
0.059810367229 0.342732907629 -0.025797659244 0
-0.264297673177 0.107994982800 0.064447664627 0
0.063019136318 0.017414026827 0.018231909835 0
-0.268427112145 0.100165697429 0.016582563538 0
0.056463140266 0.020062409135 -0.030136601053 0
0.223203996255 1.038989623527 -0.016935303062 0
0.044125508544 1.008268292321 0.019215788147 0
0.354919214950 0.883769267173 0.031221284931 0
0.190593559763 0.932233335657 0.033416800940 0
0.135965184223 0.815110230626 0.089098642637 0
-0.004317532357 0.641169699072 0.079327532630 0
0.068376580583 0.613343923124 0.074660494763 0
0.063121481481 0.695759259259 0.114826666667 0
-0.072828866648 0.868740377435 0.099416987228 0
0.296517618792 0.724517480790 0.143891851381 0
-0.157605158192 0.775272336486 0.025973107218 0
0.279343994235 0.596839096045 0.136678143010 0
-0.205070415898 0.724943483812 -0.053930883580 0
0.273648309233 0.485049978396 0.119376875144 0
-0.097692057277 0.389313433750 -0.034933843868 0
0.063343015021 0.343616829308 -0.023170868242 0
-0.210334123061 0.089117743635 0.050880617568 0
0.063316132193 0.017408975824 0.018827734330 0
-0.209988913908 0.086755535203 0.002262527522 0
0.056861820334 0.018981981343 -0.029601341344 0
0.213805971372 1.042982290941 -0.017388507596 0
0.036474233939 1.008190941881 0.021430605968 0
0.350474342837 0.891604059727 0.028380259101 0
0.185038997874 0.935915800912 0.033291817626 0
0.134376763988 0.817579356211 0.090132187542 0
-0.000441764503 0.639438572299 0.082057812700 0
0.073016161498 0.613506826587 0.078598509640 0
0.065134074074 0.696411111111 0.117302222222 0
-0.069926523156 0.865726254417 0.110656661348 0
0.296048788038 0.726873880520 0.135002777770 0
-0.150775152833 0.759932958917 0.050751941133 0
0.276348325230 0.601346088111 0.112566066820 0
-0.197511313619 0.697328948636 -0.021266770138 0
0.265822191084 0.493354487893 0.080152275560 0
-0.073120753670 0.382171299817 -0.035148661048 0
0.067505327647 0.344318056191 -0.020679152055 0
-0.157739573258 0.074689147066 0.037536491252 0
0.063671878503 0.017300324076 0.019393448993 0
-0.154719281793 0.078761932115 -0.010875368237 0
0.057300880138 0.017674151770 -0.029070749043 0
0.204456947443 1.047048773741 -0.018371090863 0
0.028930620814 1.009322251334 0.023284131367 0
0.345802700981 0.900573386330 0.024907808716 0
0.179432419174 0.940787656163 0.032669832316 0
0.132853253567 0.821313074635 0.090608557619 0
0.004031084346 0.638894552668 0.084025344173 0
0.078213719091 0.614958815328 0.081902542710 0
0.067563333333 0.698255555556 0.119070370370 0
-0.066799054253 0.865125989181 0.121375234614 0
0.296551268558 0.731041605059 0.126395768533 0
-0.142189286369 0.749384270408 0.074073382279 0
0.274763858240 0.608956796795 0.090767840684 0
-0.186358519787 0.676451331649 0.009986848794 0
0.261183570425 0.506086631379 0.045780154327 0
-0.050143976212 0.378891153855 -0.037091697833 0
0.072954192763 0.345688991654 -0.017168729360 0
-0.109442593085 0.065837142465 0.024827636164 0
0.064343876550 0.017347120240 0.019857542958 0
-0.105452185881 0.076823014207 -0.022424931493 0
0.058056906437 0.016203985091 -0.028605588466 0
0.195466816071 1.051883863084 -0.020225024772 0
0.021129249109 1.009622223861 0.024698778665 0
0.340648702052 0.908970795411 0.021027770811 0
0.173470849825 0.944969209907 0.031619609907 0
0.131141193462 0.824427441461 0.090606009446 0
0.008806364225 0.637714489670 0.085451368443 0
0.083663870610 0.615890141139 0.084716076101 0
0.070137037037 0.699466666667 0.120285925926 0
-0.063705783181 0.864407074712 0.130972834752 0
0.297026869888 0.735779950334 0.118846998903 0
-0.131904799838 0.740527096735 0.094641815209 0
0.274839670614 0.617521698025 0.072248127145 0
-0.172661897161 0.659852722870 0.037639070772 0
0.260738115039 0.519338901619 0.017949969916 0
-0.028967048667 0.376246522489 -0.038700610445 0
0.079817024738 0.346560932131 -0.014258650270 0
-0.065331834512 0.058120534037 0.014054426728 0
0.065590836957 0.017082342759 0.020021929220 0
-0.060642773701 0.071455743563 -0.032524568252 0
0.059483291754 0.015742526418 -0.028459104622 0
0.186403357398 1.055911598036 -0.022378871619 0
0.012740623307 1.008802795225 0.025849216960 0
0.334694451128 0.916681031670 0.016042046738 0
0.166862404601 0.948255577965 0.029896986716 0
0.129310182282 0.826644156915 0.089958081465 0
0.014148180967 0.635637888618 0.086221927299 0
0.089653117390 0.616167505466 0.086852689859 0
0.073018888889 0.699796296296 0.120951851852 0
-0.061428566607 0.862823143513 0.138842445947 0
0.296710606404 0.741466268593 0.112600571915 0
-0.122290282463 0.732910777659 0.111714479953 0
0.276043173445 0.626503320370 0.057781609404 0
-0.158934150207 0.646408966923 0.060721784296 0
0.262974583932 0.532923306354 -0.004043002955 0
-0.010546838855 0.373113354535 -0.038986169266 0
0.087840479158 0.346840312218 -0.012185660433 0
-0.027520581752 0.049450727592 0.006301328896 0
0.066957938645 0.016514023955 0.020240294147 0
-0.021403696970 0.055727526319 -0.041579809311 0
0.060768029128 0.015804253967 -0.028243611485 0
0.177090631599 1.059119727283 -0.024765958040 0
0.005192827952 1.007128958879 0.026588755966 0
0.329083647879 0.923077673978 0.010249067149 0
0.160837161609 0.950473823532 0.027542939604 0
0.127734449080 0.828068595177 0.088627158968 0
0.019993928357 0.632956554654 0.086445395552 0
0.096157658343 0.616326793201 0.088185043317 0
0.076012222222 0.699651851852 0.121114074074 0
-0.058536532391 0.860524030588 0.145012405944 0
0.296945967804 0.747189743435 0.107702337248 0
-0.112146596380 0.726193895964 0.125045589255 0
0.278430035610 0.634614820036 0.047429725087 0
-0.144591666263 0.635122752680 0.078997995987 0
0.267565910681 0.543495553816 -0.018471444912 0
0.004245499556 0.369675754610 -0.038619586613 0
0.096981482945 0.346857537396 -0.010479332207 0
0.001339097494 0.042073789696 0.000329923676 0
0.068526462928 0.015565882590 0.020553338155 0
0.008225372520 0.043411956256 -0.047838597210 0
0.062103404556 0.015489976850 -0.027905370227 0
0.168006477169 1.061264741779 -0.027955219287 0
-0.001866655252 1.004951101909 0.027031997194 0
0.323605834515 0.928767378952 0.004658666673 0
0.155096340444 0.952086120965 0.025086438356 0
0.126205773219 0.828907681246 0.086767167905 0
0.026309495064 0.629531846892 0.086121887595 0
0.103099120548 0.616240659030 0.088802717516 0
0.079044074074 0.699029629630 0.120434444444 0
-0.055437556857 0.858247320117 0.150266554654 0
0.297604452739 0.753862832015 0.105648082212 0
-0.101234188435 0.720430655164 0.135215534928 0
0.282686608501 0.642706745984 0.041847428913 0
-0.129751613623 0.627372588458 0.091790497124 0
0.275917407512 0.552767713218 -0.026299582034 0
0.017264977273 0.364974283805 -0.036896545805 0
0.107485158602 0.346614191167 -0.009336713939 0
0.018704741050 0.037204560465 -0.003092341194 0
0.070080289478 0.014334364113 0.020772417155 0
0.023901374195 0.041372132016 -0.051311053631 0
0.063291604541 0.014632199528 -0.027635566789 0
0.159120917587 1.062873650312 -0.031116260559 0
-0.008872988391 1.001478055527 0.027071986598 0
0.317945400961 0.933136506154 -0.000424198008 0
0.149265042988 0.952399822936 0.022648917037 0
0.124490161550 0.828495375014 0.084698618097 0
0.032102117594 0.625482989065 0.085179660224 0
0.109316661493 0.615106579849 0.088455854369 0
0.081972962963 0.697218518519 0.119167037037 0
-0.053018359412 0.854921499619 0.154158411448 0
0.298218210022 0.759851600703 0.104693421470 0
-0.090636380746 0.714385162267 0.141840938003 0
0.288038644621 0.648251116277 0.040736801609 0
-0.115516997494 0.619693520635 0.100052073299 0
0.285568071196 0.558881188667 -0.028134178368 0
0.027173422353 0.358948638239 -0.033737076353 0
0.119066209861 0.345591922211 -0.009604398197 0
0.029769396627 0.031727713440 -0.002470358095 0
0.071291416002 0.012463850452 0.021103441503 0
0.033316108871 0.033386724545 -0.050989286280 0
0.064034031924 0.013253463490 -0.027230963905 0
0.150441854424 1.063122554443 -0.034092851637 0
-0.015061618678 0.996535161141 0.026810017990 0
0.312651537704 0.934667966844 -0.005023997799 0
0.143960403821 0.950640101947 0.020366934179 0
0.122783315681 0.826457603126 0.083179420203 0
0.037380245883 0.620242375774 0.084793394219 0
0.114931006905 0.612752150746 0.087997313651 0
0.084615555556 0.694000000000 0.118212962963 0
-0.051038809949 0.849882564944 0.156337061421 0
0.299513752308 0.763288539160 0.104168606374 0
-0.081476199751 0.707568005033 0.144614044024 0
0.294566649030 0.650097488219 0.042426780550 0
-0.103244588890 0.611248227871 0.103731032154 0
0.296282805144 0.559609568084 -0.024893695329 0
0.034243932232 0.351607599632 -0.029362477417 0
0.130545043149 0.343776409972 -0.010781582150 0
0.036525936687 0.026790823784 0.000175411003 0
0.071911179111 0.009856849898 0.021929950771 0
0.038223637838 0.023937836019 -0.048387910026 0
0.063602210842 0.008806100003 -0.026229833588 0
0.142435267166 1.061357532007 -0.036577495546 0
-0.019715122358 0.993336385714 0.027150537151 0
0.308320499433 0.935542087272 -0.008756524288 0
0.139784755061 0.949453281568 0.018787780379 0
0.121232367550 0.825151707375 0.082207114963 0
0.042195409446 0.616174542410 0.084985579451 0
0.120012610635 0.611788748818 0.087380807934 0
0.086799259259 0.691822222222 0.117790370370 0
-0.049008318069 0.845938827011 0.157513360136 0
0.302315843314 0.765895097903 0.103717372894 0
-0.073422485739 0.702600082488 0.144275137706 0
0.302672789824 0.650240901973 0.046509677143 0
-0.092436796213 0.605781069623 0.102680135248 0
0.308043555393 0.556790522525 -0.016720557827 0
0.039223236239 0.346107512923 -0.025743857537 0
0.138977565498 0.342811657843 -0.010806118517 0
0.039842243219 0.023909553314 0.003029317929 0
0.072068009034 0.007649315065 0.023315608501 0
0.039391394329 0.021326462463 -0.045576671976 0
0.062478515421 0.004468435693 -0.024511491319 0
0.136175689743 1.059950218823 -0.038547531502 0
-0.022809522526 0.992520183123 0.029262546521 0
0.304660052329 0.935817198496 -0.012990456157 0
0.136646244764 0.949174328019 0.017822767228 0
0.120037663591 0.824748641859 0.081570525144 0
0.045266738939 0.614015078264 0.085564092046 0
0.123205136811 0.611699484347 0.086420402574 0
0.088482962963 0.690814814815 0.117538888889 0
-0.047211751335 0.844221125005 0.159610227106 0
0.305990587367 0.767647436092 0.101829817027 0
-0.067748524112 0.700504477994 0.144083986953 0
0.311244154080 0.649228439144 0.050858431929 0
-0.085276363117 0.603661541831 0.101320024229 0
0.320227316203 0.552600464322 -0.007100615106 0
0.044036938803 0.343237628766 -0.023450140420 0
0.142659484876 0.342401736606 -0.010786947516 0
0.039724653536 0.022836040221 0.004738125568 0
0.071916340833 0.006263929059 0.024019664277 0
0.037985717820 0.020600490587 -0.043856074684 0
0.061296690597 0.002166960898 -0.023519222325 0
0.131337994866 1.059582504833 -0.039633696603 0
