-0.041838582133 0.950230294560 -0.028071496938 0
0.112474855620 0.939498113404 -0.294667560419 0
0.051072439259 0.931982948736 -0.154358443339 0
0.076967688923 0.791483156671 -0.141780006795 0
0.057763733008 0.571659877392 -0.100319711998 0
0.097883890870 0.586034626918 -0.207305877187 0
0.096418888889 0.650518518519 -0.141258518519 0
-0.047408669483 0.770452998937 -0.053484497654 0
0.168132975324 0.764083128865 -0.290756760067 0
-0.063335177428 0.697575397763 -0.145311480518 0
0.159946060239 0.646478197306 -0.287397212432 0
-0.090721880809 0.642805344307 -0.227022457281 0
0.140782686052 0.547100789479 -0.305804484616 0
0.020756055637 0.307007171239 -0.106360321097 0
-0.005722068847 0.349944244039 -0.236760561796 0
0.142334645691 0.020199022753 -0.085759115827 0
-0.029257093687 0.032359040967 -0.203298623672 0
0.096383307672 0.015954263393 -0.101721236051 0
-0.067743732390 0.002147102918 -0.215148997529 0
0.017478696735 1.034844914661 -0.167664217545 0
-0.034038485236 0.951271500349 -0.026264180599 0
0.117791492025 0.937281777328 -0.294132102347 0
0.057533048195 0.931239252139 -0.153257013678 0
0.081699588770 0.790464466544 -0.140410977102 0
0.063059139956 0.569636426841 -0.099456956685 0
0.098629050174 0.585716451164 -0.207801381265 0
0.099487777778 0.649300000000 -0.140876296296 0
-0.042955967628 0.772143681970 -0.055081288201 0
0.174019895646 0.762019917643 -0.291855127361 0
-0.051279076907 0.709460471766 -0.155073958935 0
0.164760649798 0.644475154202 -0.289261477463 0
-0.071299823420 0.664381662086 -0.244495820384 0
0.145871802940 0.545555425274 -0.309452912013 0
0.045969170975 0.302909943803 -0.102925129621 0
-0.006222418208 0.349973801903 -0.235586541332 0
0.170746864397 0.021502176456 -0.088047287953 0
-0.029182465066 0.033069191954 -0.202957809282 0
0.124469167244 0.016788321001 -0.102896094056 0
-0.067960530952 0.003209587500 -0.214751008504 0
0.023305986408 1.034004977723 -0.165074790239 0
-0.028475222697 0.952038633866 -0.025181217063 0
0.124336747972 0.935192835696 -0.292325370193 0
0.063404887058 0.930426410094 -0.151691191262 0
0.085818845326 0.789404519723 -0.138511662702 0
0.067918121035 0.567654386617 -0.098439000854 0
0.099651382032 0.585273536069 -0.207731570373 0
0.102234444444 0.648103703704 -0.140142592593 0
-0.042209315336 0.773800910599 -0.057421117868 0
0.181049380271 0.760072460555 -0.292588043475 0
-0.042522829297 0.721529301334 -0.163555814193 0
0.168241811034 0.642849252659 -0.290608708509 0
-0.054707864727 0.686688721449 -0.258742102227 0
0.148289352578 0.544484258849 -0.312267900124 0
0.064354564042 0.300400641740 -0.101577300965 0
-0.006776054862 0.350103750125 -0.234355144094 0
0.182257869200 0.022453470005 -0.088660634687 0
-0.029000170760 0.033698322518 -0.202681433187 0
0.135217418208 0.027612132314 -0.100698778374 0
-0.067860561524 0.003902168554 -0.214363605867 0
0.028260698564 1.032945964676 -0.162682734600 0
-0.023615107597 0.952176387203 -0.023993201348 0
0.130771355211 0.933034639328 -0.290075315434 0
0.068901313827 0.929322942674 -0.149819463300 0
0.089928608699 0.788131284289 -0.136397269590 0
0.072815464778 0.565544052920 -0.097588325731 0
0.101619627040 0.584400280263 -0.207484017001 0
0.105091481481 0.646737037037 -0.139479259259 0
-0.042189728647 0.775134518953 -0.060157864199 0
0.187388959684 0.757904027369 -0.292768467446 0
-0.035160252480 0.733413052159 -0.170642699645 0
0.168518627302 0.641490782095 -0.291720160897 0
-0.040020495890 0.708506483108 -0.269566289055 0
0.145322589467 0.544094659264 -0.314684027690 0
0.076617992679 0.298297251396 -0.101023420135 0
-0.007314805380 0.350270567073 -0.233116204906 0
0.185883541314 0.022564644602 -0.089255993422 0
-0.028779823549 0.034411252719 -0.202446777199 0
0.139340810986 0.032833248846 -0.099870264489 0
-0.067704161829 0.004664987001 -0.214042875043 0
0.033054153461 1.031623580155 -0.160582903498 0
-0.019923902513 0.951455560794 -0.023092480560 0
0.137387682272 0.930380656316 -0.287308663904 0
0.073914360219 0.927604529518 -0.147749309941 0
0.094115072333 0.786347498208 -0.134068466562 0
0.077610624611 0.563328395283 -0.097090087668 0
0.104806824197 0.582961080237 -0.207259159746 0
0.108721111111 0.644974074074 -0.138982962963 0
-0.044114994291 0.775990359880 -0.063384872481 0
0.193230812325 0.755050523776 -0.292251021494 0
-0.030242736281 0.744111684055 -0.176470254717 0
0.166616973788 0.640156043259 -0.292691488227 0
-0.027993065871 0.729060915420 -0.277417006852 0
0.138039590877 0.544565172293 -0.317175151330 0
0.086045426634 0.296210270726 -0.101976156054 0
-0.007752117052 0.350467167027 -0.232108853654 0
0.187860505162 0.022309097230 -0.090289575303 0
-0.028663784390 0.035152380235 -0.202364802006 0
0.141785003366 0.033880908925 -0.101580015426 0
-0.067654174546 0.005498921226 -0.213976682310 0
0.037701024401 1.029747555243 -0.158974539673 0
-0.017643471157 0.950350244236 -0.022893398271 0
0.144395201895 0.927269796696 -0.284067744684 0
0.078378407250 0.925494343341 -0.145676945274 0
0.098101879139 0.784260120095 -0.131317498483 0
0.081623787815 0.561215003423 -0.095903681239 0
0.109509634312 0.581267164757 -0.205824518317 0
0.113090370370 0.642992592593 -0.137270000000 0
-0.048034482820 0.776919572542 -0.067557825121 0
0.198507790305 0.751456027889 -0.290767291122 0
-0.027908673681 0.753607321975 -0.181787786034 0
0.163307204723 0.638916150550 -0.292986941811 0
-0.018762252802 0.747786804699 -0.283166535900 0
0.128140507833 0.546218125731 -0.319418916907 0
0.093721047503 0.294365049444 -0.105488585318 0
-0.007026730453 0.350887451252 -0.231995217870 0
0.189640273603 0.022829017471 -0.091171718729 0
-0.028387005274 0.035254136018 -0.202567075623 0
0.144360916958 0.036583807342 -0.103209922381 0
-0.067118907599 0.005235783673 -0.214106234371 0
0.042149572116 1.027550578208 -0.157864310992 0
-0.016364178020 0.949755026367 -0.023594007166 0
0.151472081355 0.924570660591 -0.280883757460 0
0.082338691624 0.923857363682 -0.144013569316 0
0.101348427292 0.782643979466 -0.128799165990 0
0.084114372175 0.559586496205 -0.094638182319 0
0.113355198482 0.579787907464 -0.204178937716 0
0.116120000000 0.641411111111 -0.135494814815 0
-0.051796296061 0.778757935141 -0.073606828558 0
0.203076700418 0.748056690597 -0.288841089761 0
-0.026810307309 0.762998016553 -0.188168246681 0
0.158367544337 0.638997790416 -0.292900611867 0
-0.012020961559 0.764645297241 -0.289015804989 0
0.115420097943 0.550549267490 -0.321428813009 0
0.099231710785 0.293134019541 -0.109526290655 0
-0.006392920310 0.351348650113 -0.232750531459 0
0.191614218545 0.024280618473 -0.091672791290 0
-0.028174338865 0.035067044189 -0.203196384591 0
0.147331980205 0.040663825766 -0.104122956597 0
-0.066658103663 0.004779718344 -0.214862217607 0
0.046470004553 1.025979745593 -0.156877051741 0
-0.015629760735 0.949690057325 -0.025096793915 0
0.158029143140 0.922508816645 -0.278286531280 0
0.085740032555 0.922785342262 -0.143054912214 0
0.103693920289 0.781551525044 -0.127027712376 0
0.084977404812 0.558416794425 -0.093803250599 0
0.115758382081 0.578680883333 -0.202909612338 0
0.117548148148 0.640266666667 -0.134159629630 0
-0.054640636669 0.781286285705 -0.080909371020 0
0.206418568039 0.745063251208 -0.285707603552 0
-0.025658267700 0.772544819870 -0.195279831604 0
0.152304070318 0.640452397329 -0.291824992972 0
-0.006451645622 0.780582792745 -0.295102707189 0
0.101547881959 0.557098813404 -0.322288833469 0
0.103130341219 0.292524384506 -0.114268080533 0
-0.006430300597 0.351951464618 -0.234597760546 0
0.192903756282 0.026514833577 -0.092594899297 0
-0.028435659595 0.034868715067 -0.204290323557 0
0.149409038952 0.044410430123 -0.105720824728 0
-0.066768268587 0.004543518583 -0.216348825372 0
0.050623885693 1.025099293644 -0.156536948811 0
-0.015563301986 0.950156853481 -0.027796698029 0
0.164183448621 0.920550400634 -0.276424615696 0
0.088549831607 0.922001663180 -0.143042335818 0
0.105131849821 0.780728158907 -0.126127456706 0
0.084860609990 0.557532734610 -0.093597976516 0
0.117417331457 0.577774003783 -0.202191949380 0
0.118060000000 0.639381481481 -0.133441111111 0
-0.056526265073 0.784189097036 -0.089225209128 0
0.209225588446 0.742174779959 -0.282497591710 0
-0.023914660218 0.781630751740 -0.202921872616 0
0.145628343332 0.643200945788 -0.290792326754 0
-0.001303292518 0.795453764534 -0.301319673918 0
0.087786045991 0.565291738497 -0.323056415225 0
0.106407143569 0.292398066133 -0.119798481838 0
-0.007211717577 0.352953413506 -0.237741134272 0
0.193732463751 0.029829179671 -0.094292494325 0
-0.029470407170 0.034331101165 -0.205821366105 0
0.150947779675 0.048641431423 -0.108431190243 0
-0.067338299605 0.003599522616 -0.218311631204 0
0.054413979722 1.024509959850 -0.157657835998 0
-0.016068892709 0.950779571094 -0.032068821212 0
0.170241566060 0.918015621641 -0.275412640563 0
0.090940323861 0.920967117390 -0.144202944163 0
0.105630652423 0.779631023779 -0.126234167417 0
0.083580396501 0.556328271579 -0.094045476617 0
0.118208192652 0.576542193043 -0.202002010211 0
0.117459629630 0.638188888889 -0.133287407407 0
-0.058709064682 0.787374629713 -0.098981924311 0
0.212343324122 0.738875771392 -0.279872850224 0
-0.022073473349 0.789515594632 -0.211455222951 0
0.139313856046 0.646844889108 -0.290180399133 0
0.003943455614 0.808085595035 -0.308047717520 0
0.074932731938 0.574886845408 -0.324093405539 0
0.109320621582 0.292156981340 -0.125637916265 0
-0.008920320143 0.354062486743 -0.243008884536 0
0.194443127239 0.033385257756 -0.096160026330 0
-0.030643328786 0.033277173991 -0.207239361674 0
0.152452592202 0.053132803140 -0.111364043837 0
-0.067011780716 0.000806440880 -0.219785321795 0
0.057826895732 1.023731550431 -0.159574841301 0
-0.017327375766 0.951421663554 -0.037993895878 0
0.176081579790 0.914801060869 -0.275171435322 0
0.092746123779 0.919557725948 -0.146540340015 0
0.104776789232 0.778135611321 -0.127326571382 0
0.079950289534 0.554639915111 -0.094774173358 0
0.117005608899 0.574775377290 -0.201936510503 0
0.114610000000 0.636500000000 -0.133329629630 0
-0.061004205282 0.790762049990 -0.110640613854 0
0.216354303685 0.735210207661 -0.278132955790 0
-0.020617531096 0.795954648174 -0.221721425259 0
0.134540342109 0.651102385228 -0.290031777698 0
0.008927125255 0.817903874209 -0.316402897731 0
0.064110237050 0.585879554175 -0.325446566366 0
0.112753169685 0.291976427594 -0.131908731330 0
-0.012030834212 0.354827726578 -0.250030891856 0
0.195738290590 0.037859772410 -0.098667642394 0
-0.032872464609 0.032846870781 -0.208854047594 0
0.154578451429 0.058292824811 -0.115180992737 0
-0.067533568463 -0.001496577098 -0.221245552238 0
0.060863110084 1.022428176875 -0.163886365637 0
-0.019972545153 0.952297477836 -0.045977391251 0
0.181684499056 0.911070769175 -0.275402919170 0
0.093632801375 0.918012021358 -0.150055002057 0
0.102728879086 0.776578803036 -0.129325301084 0
0.075235020804 0.552931021792 -0.096162665447 0
0.115137258566 0.572987700942 -0.202312752946 0
0.110821851852 0.634788888889 -0.133868888889 0
-0.064120504470 0.793790338045 -0.122939504160 0
0.220990034579 0.731246634755 -0.276778784845 0
-0.020120838856 0.800961723698 -0.232527796617 0
0.131086658932 0.656105295870 -0.290209879514 0
0.012840719318 0.825044266829 -0.325449445849 0
0.055434338492 0.598352328166 -0.327368061132 0
0.115854474514 0.292002414217 -0.137556309234 0
-0.015224611148 0.355736834307 -0.258422342978 0
0.196991964701 0.042627784891 -0.101020179847 0
-0.038710685132 0.033259897473 -0.211057503897 0
0.156739331820 0.063933185062 -0.118630920871 0
-0.072656664687 -0.001758200523 -0.223540180079 0
0.063097107699 1.020998727193 -0.169204296494 0
-0.024460659714 0.954073010770 -0.056064502803 0
0.186583574833 0.907331222176 -0.275784356505 0
0.093105405725 0.916911277132 -0.154609122987 0
0.098940407094 0.775546452542 -0.132264648073 0
0.069162019575 0.551827054345 -0.098659595945 0
0.112348858231 0.571774110016 -0.203537200656 0
0.105822962963 0.633670370370 -0.135354814815 0
-0.068932597687 0.797275783681 -0.136274220482 0
0.224717587917 0.727253895584 -0.274563314867 0
-0.021731296193 0.804661305998 -0.244507692142 0
0.127145383747 0.662776267724 -0.289779508375 0
0.014559268031 0.829712494258 -0.335728079336 0
0.047484134357 0.612564159860 -0.329016669888 0
0.111795408758 0.290661451147 -0.136369460028 0
-0.018613476905 0.357133970758 -0.267716010376 0
0.196182847164 0.040690757010 -0.099610865578 0
-0.050764458119 0.033704608348 -0.215159120274 0
0.155436927070 0.061590972227 -0.116560311861 0
-0.084383240429 -0.001525045863 -0.227928727158 0
0.064687806593 1.020203382080 -0.175451266743 0
-0.030537671272 0.955905204551 -0.068773010355 0
0.191208427959 0.902467240101 -0.276075517041 0
0.091449815930 0.915278286676 -0.160328036798 0
0.093284550249 0.774079852912 -0.136304546724 0
0.060657060166 0.550325010776 -0.102573829545 0
0.107685583739 0.570178236724 -0.205803996758 0
0.098631851852 0.632140740741 -0.137971481481 0
-0.075382208322 0.799997893247 -0.150495713926 0
0.227102240621 0.721974891672 -0.271870303605 0
-0.025907955909 0.804295294002 -0.257877387806 0
0.122727247537 0.670226046081 -0.290231944726 0
0.013760863680 0.828113384586 -0.347643164023 0
0.040106060708 0.628392242210 -0.332517606465 0
0.105425260044 0.288682870990 -0.133979417974 0
-0.023227423320 0.357723628327 -0.276974680160 0
0.194848304112 0.037176503629 -0.097730314442 0
-0.069670203986 0.034542115023 -0.222966673461 0
0.153204660676 0.056979173776 -0.113792504397 0
-0.103827578350 0.000407464188 -0.237197390547 0
0.065841288451 1.018895143723 -0.183082278925 0
-0.038086917405 0.958158421789 -0.085060932815 0
0.196563267806 0.896100262992 -0.275032913260 0
0.089087160131 0.913132015059 -0.166995010321 0
0.085861662112 0.772291619285 -0.141147341639 0
0.049851877309 0.548619627788 -0.107655183054 0
0.101558702751 0.568251062209 -0.208666623090 0
0.089502222222 0.630333333333 -0.141413333333 0
-0.084347438851 0.801553925605 -0.164633028619 0
0.228079590573 0.714946377549 -0.266458029146 0
-0.033892998045 0.800286067124 -0.271636463741 0
0.118837970478 0.677245411811 -0.289998158444 0
0.009562534185 0.819436873195 -0.360786744495 0
0.034359769490 0.645959702798 -0.336848940052 0
0.099890419718 0.287290858945 -0.133160689616 0
-0.029217461145 0.358184389256 -0.286833304571 0
0.193507783348 0.035123148372 -0.096440188747 0
-0.093898981610 0.037764829987 -0.237985045702 0
0.151253547670 0.054048340773 -0.111956289726 0
-0.129637129515 0.007308646340 -0.256140474142 0
0.067134810306 1.017051790000 -0.191932093567 0
-0.045217360186 0.960452816835 -0.103806492950 0
0.201764524889 0.888671616927 -0.273655501283 0
0.086641330563 0.910503818933 -0.174744491508 0
0.077341057246 0.770245274638 -0.147260666071 0
0.036397457292 0.546774752026 -0.113860147546 0
0.093350124267 0.566018014512 -0.212086369128 0
0.077987777778 0.628296296296 -0.145693703704 0
-0.095650555465 0.802401444264 -0.177786077584 0
0.225481620574 0.706570838867 -0.260992821812 0
-0.044840054321 0.793076499403 -0.284220712769 0
0.113472413293 0.684544880582 -0.290624337328 0
0.002425191731 0.804801133056 -0.372777186904 0
0.028500079909 0.663988459875 -0.342134438784 0
0.094919869010 0.286731581905 -0.133854872266 0
-0.036488357489 0.358234378648 -0.297575383305 0
0.192541311686 0.034677261930 -0.095420421085 0
-0.119348039036 0.041519307916 -0.258269786766 0
0.150014534293 0.053201652179 -0.110673384738 0
-0.154738035985 0.012113070635 -0.278696123805 0
0.068765087811 1.014652320435 -0.201680671704 0
-0.051103466385 0.961856320085 -0.124501317739 0
0.206334445412 0.879587207082 -0.272686311792 0
0.084376306975 0.906659965062 -0.183766904376 0
0.068424832277 0.767282968111 -0.154805245152 0
0.021104892033 0.544344123351 -0.121243793848 0
0.083546997113 0.562959115164 -0.216200445147 0
0.065082222222 0.625462962963 -0.150817777778 0
-0.108296598745 0.803017264640 -0.191552213155 0
0.219645048726 0.696425180639 -0.260115020777 0
-0.058655539063 0.782200345612 -0.296905970876 0
0.107470563911 0.690695212776 -0.296077285595 0
-0.011197827875 0.786236860807 -0.385279920484 0
0.023732725248 0.678634252548 -0.351845151150 0
0.089482046074 0.286337375644 -0.135533474017 0
-0.045495744935 0.357629516755 -0.308548531022 0
0.191261600014 0.034636530173 -0.094672194145 0
-0.144197085731 0.045201240021 -0.281540982874 0
0.148474299050 0.052566344084 -0.109907067926 0
-0.178997678697 0.017238836377 -0.304809773809 0
0.070694936113 1.010921068787 -0.212432747546 0
-0.056074060332 0.962803653024 -0.146655837703 0
0.209300204336 0.869600249207 -0.272714962783 0
0.081695598235 0.902175959391 -0.194170259723 0
0.058728416597 0.763987538620 -0.164071676733 0
0.004003850292 0.542106629554 -0.129719618035 0
0.071938389752 0.559548186929 -0.221059589886 0
0.050720740741 0.622507407407 -0.156961851852 0
-0.121538725209 0.803290145388 -0.203809499302 0
0.212477048625 0.685776067305 -0.263653215861 0
-0.074986073815 0.770094388627 -0.307385005921 0
0.102415683997 0.692110263834 -0.305553168565 0
-0.032152454697 0.766575704972 -0.397128634251 0
0.022173984971 0.684891699190 -0.365668692152 0
0.081235679393 0.286313001257 -0.136929078026 0
-0.055728893461 0.356454490775 -0.320026541954 0
0.189139285114 0.034475322913 -0.093636063684 0
-0.168955618236 0.048820841617 -0.306896473301 0
0.145757841475 0.050920304136 -0.108865826329 0
-0.202799133054 0.023613357410 -0.334348488977 0
0.072706076614 1.006545525269 -0.224002549229 0
-0.060197325685 0.964200154431 -0.170369898514 0
0.210903872487 0.858877604266 -0.272411941922 0
0.078570158512 0.897594299606 -0.205313593074 0
0.047778781866 0.760981815088 -0.174877486952 0
-0.015158787446 0.540546862758 -0.140512738038 0
0.057740100743 0.556689669079 -0.228190910565 0
0.034270777778 0.620103703704 -0.165338518519 0
-0.133640741468 0.804092129645 -0.214734384054 0
0.206573571020 0.674941126681 -0.266741126122 0
-0.091853896150 0.759794467044 -0.316166971699 0
0.098927280423 0.685672439158 -0.313712895509 0
-0.057029919729 0.748000702097 -0.408004685488 0
0.023186390048 0.678474056245 -0.377690431548 0
0.069802063668 0.287115642452 -0.139336996307 0
-0.067803805421 0.354406806507 -0.331442125362 0
0.187041151895 0.034052024679 -0.092708593514 0
-0.188209471825 0.050343965990 -0.330135085352 0
0.142363869900 0.045722299567 -0.108585554411 0
-0.219821075770 0.027471766020 -0.361946763780 0
0.075021449896 1.001721669855 -0.236711087361 0
-0.062427698917 0.966794128656 -0.194415120974 0
0.210954636217 0.847817092387 -0.272567801826 0
0.075568940189 0.893569019768 -0.216972323388 0
0.036481923596 0.759062020019 -0.186671578948 0
-0.035348411851 0.540324751264 -0.154941565478 0
0.043318781252 0.555372791379 -0.237690156106 0
0.017037444444 0.619018518519 -0.176199629630 0
-0.142382820904 0.806461228182 -0.224369452778 0
0.201976683311 0.664012632049 -0.268225662885 0
-0.108450378750 0.750544675210 -0.322954044187 0
0.096164637292 0.672456142008 -0.319623621238 0
-0.083595613715 0.729079016666 -0.415681789075 0
0.024759851109 0.664471006924 -0.387592065610 0
0.051309859707 0.287626421252 -0.145941010138 0
-0.079752475781 0.352150960744 -0.342068293032 0
0.183067268341 0.034019513466 -0.090841575705 0
-0.198001730953 0.047702811079 -0.345924300282 0
0.137415923937 0.039156107932 -0.107391587221 0
-0.226324018147 0.024597541930 -0.380542337568 0
0.077530775680 0.997115762308 -0.250005823451 0
-0.063631298195 0.969588887464 -0.215904560286 0
0.209163971100 0.838591437148 -0.274416840264 0
0.072445952300 0.890590900992 -0.228399214658 0
0.025420233689 0.758462220297 -0.198802722456 0
-0.057538696452 0.542138379320 -0.171682214504 0
0.027875117132 0.555903765445 -0.247690731308 0
-0.002004022222 0.619814814815 -0.188149259259 0
-0.149039187604 0.810035134896 -0.231551124389 0
0.200309535522 0.654744451459 -0.272088262824 0
-0.127374554160 0.741224192617 -0.325320474769 0
0.096178955509 0.658656474147 -0.327321861753 0
-0.113280529907 0.708374126036 -0.416671085997 0
0.028631896053 0.653104390440 -0.399454780317 0
0.014970234749 0.285227887386 -0.158023296285 0
-0.090684151023 0.350022479482 -0.352079611210 0
0.175988640169 0.033622847686 -0.086009370955 0
-0.203011643407 0.042623166149 -0.350992012500 0
0.131003825688 0.024361606842 -0.102590342395 0
-0.229758480833 0.017337024613 -0.385337778669 0
0.079595353499 0.993162019459 -0.263388335643 0
-0.065257095681 0.972562592323 -0.235106537877 0
0.205397889498 0.831142407113 -0.276909504996 0
0.068358393477 0.888629983332 -0.239110855793 0
0.014280789716 0.759040144696 -0.210180713310 0
-0.080247542126 0.546106768862 -0.189061055940 0
0.012865753855 0.557937616265 -0.255786202580 0
-0.021202000000 0.622285185185 -0.199029259259 0
-0.158166982588 0.816481385112 -0.236876331706 0
0.199694803368 0.647155998848 -0.277027111936 0
-0.150438521372 0.734225967079 -0.321559920916 0
0.097426943697 0.647422462542 -0.335767608542 0
-0.148597125873 0.688875387042 -0.408257531071 0
0.031805286087 0.643943884263 -0.410466961498 0
-0.041513384351 0.281934772168 -0.176414586044 0
-0.097895945062 0.347979954649 -0.360619730634 0
0.167355864180 0.044447140100 -0.073963870602 0
-0.206764047911 0.038596122016 -0.351398095475 0
0.127851664593 0.018823939293 -0.086894552145 0
-0.233377810568 0.013474016229 -0.385966887152 0
0.080869965371 0.989883000296 -0.276109426135 0
-0.068263317301 0.975558874452 -0.252617130465 0
0.199636078560 0.825623564925 -0.280014110261 0
0.062799609318 0.887663167138 -0.249350594258 0
0.003383900222 0.760363991584 -0.220561329041 0
-0.100564010645 0.551708816986 -0.205919194475 0
0.000430849232 0.560219971551 -0.260599159355 0
-0.037585185185 0.625333333333 -0.207330000000 0
-0.171131099026 0.826470339671 -0.238922212437 0
0.197485604550 0.641586418896 -0.283054141878 0
-0.176838321249 0.732245752203 -0.310239446827 0
0.096592263511 0.639579677394 -0.344092972049 0
-0.188748785897 0.673747922232 -0.388053455010 0
0.031000665880 0.637341046315 -0.419852457587 0
-0.109775002827 0.284577252493 -0.207650347696 0
-0.099923342280 0.346180334337 -0.367634257195 0
0.142252383406 0.079707761736 -0.069967014337 0
-0.208019098021 0.035395788768 -0.351852327166 0
0.116618016818 0.039468568221 -0.080360246977 0
-0.234711065360 0.008253123195 -0.384795133742 0
0.080850187131 0.987496523639 -0.287682580100 0
-0.070959143619 0.977326906444 -0.267562401587 0
0.194304294581 0.821174623895 -0.283469973874 0
0.057883385978 0.886598350631 -0.258520936883 0
-0.006233528872 0.761639898394 -0.229372787822 0
-0.119488415532 0.558116637276 -0.219597194485 0
-0.011635015502 0.562473191446 -0.259734017609 0
-0.054140370370 0.629285185185 -0.212278518519 0
-0.183344003975 0.838138428920 -0.236051556036 0
0.194394265299 0.637288487530 -0.291801732834 0
-0.202374014842 0.735320494495 -0.291398861634 0
0.094270806544 0.635879123324 -0.354111754223 0
-0.227043329082 0.664911777552 -0.356466901070 0
0.028443356562 0.637911471815 -0.430226173307 0
-0.179789842319 0.299237972445 -0.247751889288 0
-0.097570000903 0.345001933028 -0.372259002695 0
0.089738390270 0.131796385764 -0.084959396900 0
-0.208687290588 0.031659876899 -0.352901696198 0
0.070869743155 0.089686554472 -0.100930276477 0
-0.235209549518 0.002266448233 -0.383998481439 0
0.080666926411 0.985205853044 -0.297350275643 0
-0.072735583648 0.978188684804 -0.278321649818 0
0.190321894677 0.817852477807 -0.288034613852 0
0.054491745623 0.885565261090 -0.266159231360 0
-0.013806068062 0.762921869272 -0.236702851333 0
-0.137987720844 0.566050227882 -0.231350496362 0
-0.025510114885 0.564674231872 -0.256032368771 0
-0.071128148148 0.634637037037 -0.216703333333 0
-0.192260259317 0.851031252858 -0.227907743927 0
0.192849380649 0.635026041382 -0.309286517480 0
-0.224350084101 0.743150647168 -0.264363350509 0
0.091887289454 0.638513222136 -0.370144777216 0
-0.260775341665 0.665168307434 -0.314158690105 0
0.024877905386 0.648405228139 -0.444594287434 0
-0.253147278878 0.330455734119 -0.283125226864 0
-0.093766839368 0.344458794062 -0.375139978668 0
0.015277053912 0.187437483814 -0.107059926795 0
-0.209025849249 0.026432117871 -0.353615969247 0
-0.000798562350 0.144991509805 -0.125066774992 0
-0.234999154211 -0.007268276215 -0.380524792851 0
0.080021408632 0.983144869914 -0.305795053489 0
-0.075433343215 0.978818772883 -0.284664911931 0
0.186511951161 0.816675902725 -0.294443984422 0
0.051207465458 0.885399938966 -0.272464772371 0
-0.020134544224 0.764774532376 -0.242402232186 0
-0.157965377061 0.577738675727 -0.242026652919 0
-0.043628686490 0.567182514505 -0.250857773019 0
-0.088620370370 0.642088888889 -0.221069259259 0
-0.199871654789 0.864158375402 -0.218598109662 0
0.191054627281 0.637046692684 -0.334397062434 0
-0.244051630937 0.755512672148 -0.234129821163 0
0.088335910588 0.648221439209 -0.391258493536 0
-0.291023420511 0.674752852561 -0.267832110674 0
0.019395821029 0.669697061975 -0.461112141228 0
-0.334630229412 0.386011815895 -0.300996587458 0
-0.088009394943 0.344438143963 -0.376379644943 0
-0.069068177421 0.242866325004 -0.129884411166 0
-0.207954775337 0.020847563017 -0.356562166299 0
-0.087631626569 0.201032413213 -0.146903662318 0
-0.232200823574 -0.015993579046 -0.380837118745 0
0.077598154012 0.982138749589 -0.313662625683 0
-0.081009613156 0.977929546542 -0.288299948956 0
0.180646746014 0.815600487517 -0.301956601136 0
0.045741125419 0.884435018741 -0.277963610205 0
-0.027633552431 0.765547746969 -0.246975913161 0
-0.179477587124 0.591318029792 -0.252172788732 0
-0.066654422037 0.569446909752 -0.244764174781 0
-0.107332962963 0.649825925926 -0.224588888889 0
-0.208487445681 0.874631684230 -0.210353323908 0
0.187261442740 0.642214783062 -0.363415373714 0
-0.263430814575 0.769893662505 -0.207495665799 0
0.082272436894 0.660220468881 -0.414034895598 0
-0.318737210828 0.688995881397 -0.226130769138 0
0.011196616327 0.693211766481 -0.476177823121 0
-0.422467567341 0.485981755120 -0.288328711748 0
-0.084320009823 0.345259298488 -0.374256584544 0
-0.169915262405 0.296584210599 -0.159983496323 0
-0.208151739940 0.018324049545 -0.363637555176 0
-0.199815948606 0.261645811625 -0.176402691543 0
-0.229400451498 -0.019531545496 -0.389129908953 0
0.073463090268 0.979882671838 -0.321129082226 0
-0.090647428559 0.975956751935 -0.290405021529 0
0.171634074568 0.815252804880 -0.309999213658 0
0.036795190428 0.883122092222 -0.283061917386 0
-0.037245115917 0.765102043938 -0.251634734396 0
-0.200829974811 0.605509867681 -0.263283974466 0
-0.093489643091 0.570703521381 -0.240286768629 0
-0.126035185185 0.656270370370 -0.228384074074 0
-0.219926765800 0.883235370001 -0.202733356810 0
0.183766620815 0.654221596812 -0.398346759174 0
-0.283940066957 0.784963502384 -0.187179241593 0
0.075190801709 0.677186968126 -0.438260607546 0
-0.346214642334 0.706023787041 -0.193100338099 0
0.000354931393 0.719749296706 -0.488037894206 0
-0.466753318307 0.630015761170 -0.274744715491 0
-0.082201339757 0.346386724134 -0.370267501444 0
-0.293491339542 0.359101870811 -0.190475726920 0
-0.208907027386 0.021385700835 -0.380895662670 0
-0.335949502136 0.341439766596 -0.206897883708 0
-0.224208135162 -0.014738185640 -0.412444907458 0
0.065983015717 0.977260407874 -0.327849713172 0
-0.101642708162 0.973929034375 -0.294212752918 0
0.161739887789 0.815474952262 -0.317086096770 0
0.026600279987 0.882083735635 -0.288556477922 0
-0.047648065317 0.764582611548 -0.256943442920 0
-0.220598279144 0.621174169208 -0.275858335600 0
-0.122557205538 0.572853557902 -0.239590354652 0
-0.143923703704 0.662448148148 -0.233357037037 0
-0.231626916018 0.891519866177 -0.197726706233 0
0.182843195213 0.673152024643 -0.431900608653 0
-0.303820985292 0.800951483878 -0.173594203677 0
0.071752524503 0.700177124380 -0.460844328721 0
-0.372474180911 0.726180366312 -0.169526667681 0
-0.008017207204 0.749423505731 -0.495654366330 0
-0.457112835039 0.737631182115 -0.319968890016 0
-0.086797676504 0.348726195040 -0.365402212291 0
-0.401320806704 0.422238534374 -0.212882925007 0
-0.202558862057 0.025143482668 -0.404205529554 0
-0.443517065228 0.410898314105 -0.234682188771 0
-0.207488050193 -0.010912089890 -0.438992203895 0
0.055524230742 0.975789367075 -0.334359882966 0
-0.113985403170 0.970277147369 -0.299877683653 0
0.151664354681 0.815620688580 -0.322524179090 0
0.015522904548 0.880228863798 -0.294157437620 0
-0.058060945137 0.762447958532 -0.262971458122 0
-0.238605449173 0.636125711510 -0.288338206987 0
-0.153075965295 0.573946389289 -0.242723085497 0
-0.159957777778 0.665974074074 -0.240249629630 0
-0.247182752396 0.900136334020 -0.198214244000 0
0.185575110274 0.699127663883 -0.460954570628 0
-0.326197284475 0.817915282070 -0.166696066283 0
0.072104213006 0.723758779061 -0.481616025182 0
-0.400352039302 0.749029585083 -0.155602970264 0
-0.013608838775 0.772062971399 -0.503878009795 0
-0.443687598121 0.773316847209 -0.391134201486 0
-0.094857351161 0.349730559720 -0.359677337070 0
-0.507320509370 0.478160492706 -0.231405819663 0
-0.192203642279 0.030836503654 -0.428159819044 0
-0.546815135360 0.472062028875 -0.259464971228 0
-0.185208104340 -0.004419393813 -0.463408905027 0
0.043077812893 0.974600659870 -0.339579665264 0
-0.127173853662 0.963282955859 -0.307224936875 0
0.143342686799 0.816911876994 -0.327164506967 0
0.004973078969 0.877249381965 -0.300208619045 0
-0.066450815999 0.758369345884 -0.269567420796 0
-0.251380022755 0.646832880671 -0.300138917344 0
-0.178519080498 0.574942384241 -0.247362600217 0
-0.172719259259 0.667077777778 -0.247304074074 0
-0.263461001788 0.902748764725 -0.203503447012 0
0.195325884573 0.736788138929 -0.484522287825 0
-0.351341867577 0.832319048100 -0.167259804334 0
0.079325965097 0.750438426255 -0.500859986662 0
-0.432931281351 0.773081202539 -0.149530403940 0
-0.011585162004 0.791349041742 -0.514702156024 0
-0.443313232861 0.751581826818 -0.453880301349 0
-0.107518284850 0.348969759293 -0.353361194611 0
-0.624595125132 0.538840648063 -0.257287925133 0
-0.183121768987 0.037030839676 -0.443036004112 0
-0.655654586641 0.546165532788 -0.294247208734 0
-0.163374629707 0.005772323869 -0.477202795003 0
0.030320307087 0.972376280872 -0.345631868589 0
-0.134826605060 0.955646200959 -0.315919376135 0
0.140608832417 0.818148926570 -0.331121256433 0
-0.000092084426 0.873956299820 -0.306582066118 0
-0.070160803674 0.754907517850 -0.276404812128 0
-0.258909130756 0.655278442046 -0.310738328537 0
-0.194263924969 0.579065232516 -0.253512074993 0
-0.181655555556 0.670514814815 -0.254270370370 0
-0.275484978129 0.899327031567 -0.215719097968 0
0.211384917416 0.780697611605 -0.496867092727 0
-0.372612811137 0.844353113069 -0.176462945199 0
0.094667712321 0.778643431015 -0.513663117343 0
-0.461506912180 0.798650857836 -0.150636675020 0
-0.000323396370 0.808065472575 -0.524911027730 0
-0.464199367067 0.710340531321 -0.472822248828 0
-0.123555963251 0.348782324170 -0.350003569415 0
-0.748850534814 0.610008145027 -0.311532676273 0
-0.178552044298 0.036732570928 -0.448017869577 0
-0.776225761803 0.623758072696 -0.349557262611 0
-0.154958051770 0.003829249828 -0.477936240138 0
0.022258296101 0.970626277898 -0.350647995066 0
-0.137314866025 0.952901455182 -0.322938604123 0
0.141782989963 0.822416504882 -0.331846037835 0
-0.000780580180 0.874690160384 -0.310480734662 0
-0.069619003262 0.755097690102 -0.281550908760 0
-0.261270098256 0.661772551174 -0.319472280804 0
-0.199428576821 0.583189145914 -0.262353328809 0
-0.183928148148 0.674196296296 -0.262439259259 0
-0.285922295668 0.908450107098 -0.228404842914 0
0.233614341217 0.814529674837 -0.491183222094 0
-0.388852824323 0.864198920536 -0.190403106786 0
0.120209814344 0.797965896768 -0.519009228036 0
-0.482305365385 0.829377475948 -0.162847134770 0
0.022380559613 0.813497815953 -0.537233417972 0
-0.496683096368 0.677678038768 -0.445070241780 0
-0.135924620932 0.349258850298 -0.355004861995 0
-0.833433900847 0.687896859725 -0.424300791512 0
-0.176881084269 0.036987122626 -0.450797767684 0
-0.845305330047 0.706021196725 -0.468060479660 0
-0.150350814469 0.004048774678 -0.478103883092 0
0.019603037619 0.971631400800 -0.355160436302 0
-0.142306244226 0.950560191061 -0.330405369227 0
0.137577058013 0.821464697445 -0.329421243958 0
-0.005850556581 0.873159643769 -0.313003732959 0
-0.074909639483 0.753121857918 -0.286269821916 0
-0.269094831080 0.660788207678 -0.325962715194 0
-0.206345497659 0.580769983175 -0.271908067517 0
-0.189396296296 0.671518518519 -0.271908148148 0
-0.299778254510 0.915554079574 -0.246895725258 0
0.254382060439 0.819732377610 -0.471678503616 0
-0.407854967179 0.880589286553 -0.213821859173 0
0.147785783425 0.795412256505 -0.515893857308 0
-0.505488362016 0.855212580062 -0.191439830701 0
0.051278502078 0.801713426062 -0.546317011026 0
-0.531218090297 0.688194142319 -0.370543246152 0
-0.139574446092 0.348564683699 -0.366579962979 0
-0.807088595811 0.744160752910 -0.514976723747 0
-0.177464842682 0.037819883681 -0.452616182435 0
-0.802701903871 0.756959619638 -0.561894510076 0
-0.148177854653 0.006368400637 -0.478836221841 0
0.016882553770 0.968300905453 -0.360284106467 0
-0.145681611588 0.950572812785 -0.335772933649 0
0.132807797898 0.819122766607 -0.322896132373 0
-0.010687034615 0.872168805734 -0.312468594503 0
-0.081368097033 0.752388230696 -0.288156226916 0
-0.277299449780 0.659135658877 -0.328841997809 0
-0.212563291451 0.578732591136 -0.277784417220 0
-0.195498148148 0.669459259259 -0.277941481481 0
-0.311362765391 0.924603144085 -0.265972832775 0
0.271900381234 0.809430232026 -0.443074522624 0
-0.424713459844 0.898267455897 -0.244641054019 0
0.175974772862 0.778944236132 -0.504540885610 0
-0.525898543166 0.881841540767 -0.231651099458 0
0.085683293711 0.780244250098 -0.549823606253 0
-0.536346149250 0.704149376726 -0.376963559668 0
-0.142107493613 0.347700789515 -0.372656591292 0
-0.782089804123 0.760744421621 -0.521837333273 0
-0.178420402613 0.036974961711 -0.452501047402 0
-0.770934649136 0.765715861815 -0.569115023883 0
-0.148477937425 0.005731646277 -0.478224926172 0
0.016176566188 0.965006548112 -0.362173726939 0
-0.143385292601 0.953901120323 -0.338729903342 0
0.132597513416 0.819134673542 -0.312792026560 0
-0.010483674362 0.874143912077 -0.308900991882 0
-0.083118082570 0.755101901151 -0.285645264348 0
-0.277875401192 0.660051708185 -0.330065572540 0
-0.213027281755 0.580324708776 -0.278098015317 0
-0.196854444444 0.671214814815 -0.278105185185 0
-0.316312312750 0.939120792979 -0.285115445161 0
0.290130054806 0.789721091492 -0.403356241586 0
-0.432864989004 0.919898712357 -0.278559648881 0
0.207146491559 0.752398356720 -0.478389392699 0
-0.535758549321 0.911705671842 -0.277400787799 0
0.127249180155 0.748480508440 -0.540088951171 0
-0.538598590150 0.681533027960 -0.384920687675 0
-0.141295146916 0.347581902685 -0.367684449930 0
-0.834262652108 0.754774257847 -0.488774141694 0
-0.176155116498 0.036830616234 -0.451513114658 0
-0.815701982043 0.770986586893 -0.530928555975 0
-0.146787911690 0.004626047845 -0.476709284536 0
0.019882231248 0.964698961171 -0.360593892703 0
-0.149194775183 0.950458937768 -0.346803015417 0
0.123929943870 0.813841318852 -0.305092202783 0
-0.018581485739 0.870310023041 -0.308985870555 0
-0.093217400565 0.752642608153 -0.284482822911 0
-0.282334568319 0.654722867734 -0.336605009915 0
-0.220883350305 0.577446272247 -0.277322840358 0
-0.207004444444 0.668714814815 -0.277288148148 0
-0.327271641924 0.945461140693 -0.311301268187 0
0.288293633787 0.755004337266 -0.363455928538 0
-0.444554593372 0.932709300574 -0.320194696275 0
0.220183593454 0.708788362038 -0.447920939671 0
-0.546761683878 0.931458294672 -0.333166313866 0
0.154496845380 0.696999176633 -0.524043364890 0
-0.532683543130 0.668498382685 -0.429248077737 0
-0.138179280882 0.344716285838 -0.356929577190 0
-0.864570621926 0.719597122505 -0.419346490809 0
-0.171221120262 0.034837001556 -0.451669978607 0
-0.866629128426 0.732717531546 -0.466335320837 0
-0.140926929310 0.002699595116 -0.475833236287 0
0.012431868461 0.959154744030 -0.363197286302 0
-0.153074862655 0.947274157279 -0.354571283339 0
0.117481050470 0.812271080659 -0.294780439360 0
-0.024575740162 0.868565035486 -0.307596119453 0
-0.100218661770 0.751679010921 -0.281831916855 0
-0.282659639731 0.649725721048 -0.341797601732 0
-0.225188013937 0.575005915810 -0.275644272514 0
-0.213211111111 0.666540740741 -0.276352592593 0
-0.333905136692 0.951047434688 -0.337751745018 0
0.277981857842 0.725971197167 -0.320768097803 0
-0.449098402793 0.943226390584 -0.363565228009 0
0.228537359930 0.668145486211 -0.410882807172 0
-0.547976343081 0.946567839341 -0.391955988058 0
0.180217903176 0.646114023916 -0.496843355085 0
-0.524008578685 0.664316289473 -0.455748981695 0
-0.137677338513 0.342467196423 -0.350531306742 0
-0.841940726905 0.664452972189 -0.345325825227 0
-0.167226507777 0.035611132293 -0.451681640583 0
-0.852850738828 0.675223235816 -0.391686431252 0
-0.134816562552 0.004106392186 -0.473850553980 0
0.005266214637 0.956351428283 -0.364287616454 0
-0.155569982340 0.944674203350 -0.360058757376 0
0.111893661271 0.813055788903 -0.281693776854 0
-0.029458020297 0.868240537182 -0.303778351703 0
-0.105725187476 0.751686672264 -0.277851657264 0
-0.283065236975 0.644911525974 -0.344180525965 0
-0.227136983858 0.572845912785 -0.273889147176 0
-0.217391481481 0.664629629630 -0.275718518519 0
-0.337051973918 0.951946728051 -0.362908251557 0
0.258469095186 0.701873753630 -0.275550922955 0
-0.447224673810 0.947707056688 -0.405815064248 0
0.226394887305 0.631555574824 -0.364634204127 0
-0.540520959361 0.953095723343 -0.449174408940 0
0.197910718163 0.597265458319 -0.455236910079 0
-0.520097015352 0.659384352075 -0.466873579397 0
-0.138365391543 0.341623298575 -0.351323953935 0
-0.791105456016 0.604513595049 -0.276576482734 0
-0.166343119862 0.037879277153 -0.451236631429 0
-0.817927394851 0.613819472940 -0.316304520234 0
-0.133065583492 0.006054040132 -0.471587891380 0
-0.000272018411 0.954885313161 -0.362623573062 0
-0.154756027761 0.944697264559 -0.362908581196 0
0.108299327411 0.815857517908 -0.266973823965 0
-0.031734508992 0.870095261691 -0.297992763057 0
-0.108489025689 0.753376993897 -0.273337910785 0
-0.281810380309 0.639142447190 -0.343555973480 0
-0.222670233135 0.570509623368 -0.272462524280 0
-0.217326666667 0.662633333333 -0.275153333333 0
-0.334834891931 0.951168600970 -0.385853013735 0
0.234268262692 0.686824858625 -0.230015230491 0
-0.436477606881 0.948924624812 -0.446356866989 0
0.215864120608 0.602726853467 -0.310625683588 0
-0.521500386514 0.954327387300 -0.504608831001 0
0.205425979119 0.553937292372 -0.398157051884 0
-0.518763723666 0.648814683491 -0.466871312889 0
-0.135360384989 0.340289437031 -0.354414329886 0
-0.721882023236 0.534906820459 -0.219014211821 0
-0.166661129572 0.039631288820 -0.451263031744 0
-0.760134220206 0.537613342978 -0.249242954642 0
-0.131276702763 0.009307034186 -0.470310232069 0
-0.001097804126 0.955626527939 -0.357674689579 0
-0.151962425190 0.945676550966 -0.362962002510 0
0.104306213262 0.815466515842 -0.251727971988 0
-0.033329502058 0.870648595499 -0.290775772491 0
-0.111416370067 0.753920668664 -0.269016882855 0
-0.280708999574 0.630940535419 -0.341375827048 0
-0.215391764623 0.566524751340 -0.271758547492 0
-0.216572222222 0.658800000000 -0.274299629630 0
-0.328417478697 0.949371947238 -0.405935024725 0
0.206384050003 0.676467238823 -0.187362968427 0
-0.417638106357 0.947459392984 -0.483607509726 0
0.199548259497 0.580115686274 -0.255030407831 0
-0.489824805479 0.952928156983 -0.557001996459 0
0.202725737785 0.516835895128 -0.333648291444 0
-0.524740277374 0.632268554672 -0.450435828132 0
-0.128385327038 0.337897977614 -0.358361782861 0
-0.638361068184 0.458883426934 -0.173598065108 0
-0.166453371680 0.039883026301 -0.451925781124 0
-0.681675373008 0.452261877624 -0.195147051444 0
-0.130210741429 0.010262786461 -0.470460264235 0
-0.000558611440 0.955681666061 -0.349976289154 0
-0.147795635051 0.948573274249 -0.361401436840 0
0.100563306530 0.816086543131 -0.235837190093 0
-0.034138441515 0.872456179884 -0.282648362870 0
-0.113137579629 0.755273892838 -0.265030316849 0
-0.277550850959 0.621816750907 -0.337270677484 0
-0.204882408709 0.563191421953 -0.269856522153 0
-0.213587037037 0.655059259259 -0.272521481481 0
-0.318289577067 0.949732901337 -0.424068760867 0
0.178515737582 0.674655179036 -0.147496230214 0
-0.390988727387 0.946402301049 -0.517346485082 0
0.177441442735 0.567249513261 -0.196200448881 0
-0.445661762323 0.951419632788 -0.604170821329 0
0.190334682001 0.489728278199 -0.259662550847 0
-0.527406857246 0.589800614360 -0.426680157626 0
-0.121306328616 0.335729855777 -0.362682795217 0
-0.547134006129 0.383949091262 -0.135176666867 0
-0.167022574635 0.040775820658 -0.452643928770 0
-0.590512484185 0.365090086136 -0.147300127469 0
-0.131425576435 0.010522635859 -0.471405923560 0
0.000392277974 0.958097880304 -0.339930587006 0
-0.143848503728 0.950692419485 -0.359809098803 0
0.094972034608 0.816505896336 -0.218529215871 0
-0.036044787864 0.873736013569 -0.273961054030 0
-0.115346463132 0.755779417469 -0.260847648906 0
-0.273341561059 0.610369322783 -0.330871691307 0
-0.193571384286 0.559067528194 -0.265548304970 0
-0.209936666667 0.649851851852 -0.269147777778 0
-0.306617175359 0.949283452925 -0.440438478364 0
0.145941606472 0.675383939255 -0.111897919234 0
-0.358446743973 0.943894546342 -0.546653584132 0
0.147395619471 0.560696588319 -0.139355694954 0
-0.393442609984 0.948050396730 -0.642953857169 0
0.166439385636 0.472239485590 -0.184289583171 0
-0.514988370665 0.523535083676 -0.405126296164 0
-0.115251827544 0.333111061327 -0.366296328944 0
-0.454011057023 0.321579900054 -0.099202475736 0
-0.167915325744 0.041796214825 -0.453398470106 0
-0.491038530897 0.289787718294 -0.097603698936 0
-0.133286015947 0.010757463891 -0.472681124575 0
-0.000281087372 0.960487304829 -0.328792595709 0
-0.140237045450 0.952345079388 -0.356017742440 0
0.089621075214 0.817836658888 -0.200859735794 0
-0.037807069872 0.875250869687 -0.263939518682 0
-0.116726430417 0.756404878012 -0.254809137304 0
-0.266844333036 0.599094929425 -0.322978641539 0
-0.180835451917 0.556145216812 -0.259574425685 0
-0.204971851852 0.645125925926 -0.264311481481 0
-0.293788040486 0.947370573276 -0.452940746481 0
0.115123586745 0.681174910148 -0.080208478917 0
-0.322092929002 0.940011743838 -0.567577887520 0
0.114947049777 0.563529594004 -0.088501879305 0
-0.335160931473 0.943375454490 -0.668986674934 0
0.134976569366 0.468192919406 -0.115871792453 0
-0.475793238985 0.447056270685 -0.391328571807 0
-0.111143850866 0.331300360238 -0.368791244158 0
-0.375461156837 0.264943299126 -0.074438855139 0
-0.169066998786 0.043852737933 -0.453563927279 0
-0.401847142174 0.224891999877 -0.065273379917 0
-0.134612316555 0.012927107499 -0.473334971117 0
-0.002091490028 0.962979799912 -0.317386793912 0
-0.137479183145 0.952142518210 -0.350931264439 0
0.083498273468 0.818421513712 -0.182738118110 0
-0.040271003497 0.875425449212 -0.253059524439 0
-0.118281995540 0.755580947721 -0.247726890093 0
-0.259434095085 0.587193986288 -0.314387787620 0
-0.168330388327 0.553148242379 -0.252716870896 0
-0.200145925926 0.639618518519 -0.258481851852 0
-0.280430167886 0.942333588520 -0.462580372630 0
0.086068966539 0.689660180726 -0.051218354904 0
-0.283534139345 0.932898529177 -0.580471586071 0
0.079226649995 0.572155309187 -0.043800812524 0
-0.273706166674 0.935302407961 -0.682010290219 0
0.095546553727 0.472917908787 -0.055856036387 0
-0.422188191685 0.384363391141 -0.376177477122 0
-0.109031042814 0.329482780912 -0.370180870449 0
-0.307287904608 0.203654316896 -0.062808521290 0
-0.170321047298 0.045473492618 -0.453549448680 0
-0.320544693561 0.157141152975 -0.056091687322 0
-0.135297431997 0.015389442178 -0.473617089303 0
-0.004649890500 0.964319662376 -0.304715927592 0
-0.136063773524 0.951000072626 -0.345361969596 0
0.076328612129 0.819962205731 -0.164475735173 0
-0.043811118035 0.875598632061 -0.241834742873 0
-0.120110071818 0.754434784452 -0.239580620372 0
-0.251364482550 0.576000160701 -0.304642636401 0
-0.156150387696 0.550459345538 -0.245109091782 0
-0.194992962963 0.633981481481 -0.251263703704 0
-0.266456851830 0.935340112462 -0.470857520424 0
0.058924428652 0.698850718958 -0.026952502161 0
-0.243782600954 0.923596281735 -0.586377882167 0
0.043725461005 0.583650219128 -0.006776568793 0
-0.212219398409 0.925174040405 -0.683247854333 0
0.054895238454 0.483002353308 -0.005159996340 0
-0.366861455421 0.340378754071 -0.355535799128 0
-0.108747083586 0.328187478841 -0.370363178569 0
-0.246786910066 0.141994623185 -0.062971673324 0
-0.171253610230 0.046651496538 -0.453391911438 0
-0.252733366436 0.094371243394 -0.071970900162 0
-0.135073026088 0.018051073731 -0.473575941417 0
-0.008510069743 0.965738741172 -0.291616785382 0
-0.136252991028 0.950109875969 -0.339344377499 0
0.068237672005 0.824358375432 -0.146027521813 0
-0.048468648664 0.877220674914 -0.230280680687 0
-0.121782196165 0.754111343079 -0.230404769371 0
-0.242321340164 0.566606902450 -0.293343217159 0
-0.143505854509 0.549010745001 -0.236879289998 0
-0.188854814815 0.629240740741 -0.242282222222 0
-0.253207916392 0.926706547088 -0.476350042091 0
0.033346888451 0.709731227541 -0.006289239161 0
-0.206780337204 0.913877912380 -0.584409744165 0
0.010287322662 0.597732432746 0.022585636702 0
-0.155558715933 0.915620918417 -0.672246562650 0
0.015742123263 0.497207908204 0.034545917542 0
-0.315904370105 0.312038900432 -0.328382938477 0
-0.108487459722 0.327300185443 -0.367104410575 0
-0.199671003402 0.089293658001 -0.066515658700 0
-0.171230091641 0.048251935584 -0.452977280589 0
-0.206555085699 0.049005861913 -0.093233361204 0
-0.134526568992 0.020817776867 -0.473825116939 0
-0.013096409390 0.968296706695 -0.278352743355 0
-0.138255315803 0.949515696384 -0.331206249026 0
0.060799085339 0.830388601898 -0.128259559986 0
-0.053460682474 0.879710095644 -0.217844594924 0
-0.122805068254 0.754266617778 -0.219260014184 0
-0.232094578462 0.558960659186 -0.279918687467 0
-0.130120255116 0.548397675884 -0.227459552946 0
-0.181243703704 0.625196296296 -0.230766666667 0
-0.241414842406 0.914775510438 -0.476629610462 0
0.010367249078 0.721363932998 0.011217280069 0
-0.174967631832 0.902935985549 -0.573797439745 0
-0.019810098119 0.611905697392 0.043114841733 0
-0.108153360005 0.906483535712 -0.650234938856 0
-0.020184302506 0.511820419392 0.060896438382 0
-0.270257916889 0.295024958313 -0.298046495437 0
-0.109482954843 0.327665236650 -0.362336290486 0
-0.166625934163 0.051860141961 -0.068101962753 0
-0.171725691936 0.052854377490 -0.451976686793 0
-0.174553361419 0.019405477764 -0.103713525464 0
-0.135368446374 0.026250250641 -0.474444108756 0
-0.018550702063 0.971437448597 -0.265147747803 0
-0.141032537901 0.946949481185 -0.321181675214 0
0.053978718834 0.834583145123 -0.110597501749 0
-0.058394899983 0.880274010409 -0.204394609350 0
-0.123599370587 0.752589414551 -0.206107340305 0
-0.222508761200 0.551235735409 -0.263703346570 0
-0.117968453037 0.546402872443 -0.215638105098 0
-0.173674444444 0.620018518519 -0.216027037037 0
-0.229545365751 0.899271382540 -0.472472787694 0
-0.010650930407 0.730524026846 0.026800627028 0
-0.146412996392 0.889966284614 -0.556135309216 0
-0.047521848003 0.622886708078 0.057848575595 0
-0.067767368015 0.896743401710 -0.620065194741 0
-0.052905002197 0.523494437977 0.078824532669 0
-0.235428703864 0.284293002504 -0.268368584772 0
-0.109871649671 0.328665816417 -0.356582982375 0
-0.141743825205 0.033643014159 -0.070014861015 0
-0.172664977239 0.058156593381 -0.449857067956 0
-0.149433003899 0.008160572064 -0.110952061770 0
-0.136121722906 0.033286157310 -0.473949927734 0
-0.025111673228 0.972481942007 -0.252144069161 0
-0.145058631670 0.944490598628 -0.310206138119 0
0.047766189935 0.839763869854 -0.093752498047 0
-0.063493405886 0.881331578811 -0.190741212239 0
-0.124282751258 0.751456942008 -0.191838083649 0
-0.215460954839 0.546232310808 -0.245650361604 0
-0.108868947949 0.544870654931 -0.202077549056 0
-0.167274074074 0.616307407407 -0.199213333333 0
-0.220093903416 0.884821471014 -0.464498152507 0
-0.030523443043 0.737419632485 0.037700641492 0
-0.124125380336 0.879186572371 -0.533456717495 0
-0.071705098466 0.630873095709 0.067045808446 0
-0.036924136114 0.890051216393 -0.584326102701 0
-0.080441488117 0.532179475032 0.090286872138 0
-0.210187827651 0.279014317185 -0.241928798693 0
-0.109931780351 0.331808769670 -0.350212439136 0
-0.130243715657 0.028332389469 -0.069266939552 0
-0.175663311871 0.061824604647 -0.447185270806 0
-0.137185462786 0.007816340590 -0.113030355952 0
-0.141092793615 0.037224623084 -0.474280179819 0
-0.032663918202 0.974103799886 -0.239205540083 0
-0.149826800888 0.941315866662 -0.298563402234 0
0.042717210418 0.843828249506 -0.078508304456 0
-0.068266484963 0.881504295374 -0.177384579155 0
-0.125135039364 0.749853192355 -0.177138624540 0
-0.211223760005 0.542246304562 -0.226631794326 0
-0.102817137306 0.543016598367 -0.187776796766 0
-0.162715555556 0.612988888889 -0.181561481481 0
-0.212204269600 0.867207574469 -0.452231014063 0
-0.046570791567 0.740487423771 0.044909133077 0
-0.107739895324 0.867127987577 -0.507766420454 0
-0.089206338069 0.633606773373 0.070754225667 0
-0.015346803055 0.883322565385 -0.546365950315 0
-0.099089074285 0.535115856391 0.094470310888 0
-0.193925346871 0.275600297899 -0.219719193495 0
-0.103349909507 0.335803411877 -0.343990924555 0
-0.124505790615 0.025885135342 -0.066824688503 0
-0.180278170394 0.061306875820 -0.444066582130 0
-0.130359054734 0.011847021645 -0.113225156094 0
-0.152446140758 0.034274381268 -0.476145177556 0
-0.040582656557 0.974853172439 -0.226769768378 0
-0.155062882621 0.940421513785 -0.286827982177 0
0.039982620692 0.849457372096 -0.066183348408 0
-0.071995035684 0.883706094600 -0.165185430458 0
-0.125735528275 0.750779345423 -0.162388223469 0
-0.208090438747 0.541436150145 -0.206358763675 0
-0.098002222334 0.544107636298 -0.172657906095 0
-0.158963703704 0.612740740741 -0.162871851852 0
-0.206573149536 0.851246385007 -0.436464913814 0
-0.055759758628 0.742260829696 0.048820284355 0
-0.096853414457 0.857877131191 -0.480221126282 0
-0.098177513710 0.634093452209 0.069063420660 0
-0.002213928575 0.880569599178 -0.508108363207 0
-0.107574613282 0.535402039797 0.091328975958 0
-0.185267854335 0.275203700390 -0.199537887277 0
-0.092842201455 0.344958693155 -0.338951366134 0
-0.120421732163 0.023842529532 -0.063123602267 0
-0.182972695741 0.058424943988 -0.437106520141 0
-0.125506651882 0.014826020010 -0.110843397711 0
-0.163375899055 0.029431035958 -0.473296750545 0
-0.047756405511 0.977538175464 -0.215508889895 0
-0.161205463477 0.941154642167 -0.274996285045 0
0.040281379103 0.857464120083 -0.057280354008 0
-0.074453633415 0.888002889510 -0.154319744131 0
-0.125349513968 0.754095213037 -0.147895732636 0
-0.204964410172 0.543355589793 -0.186781173427 0
-0.093284479227 0.547995573275 -0.159061800954 0
-0.154984074074 0.615281481481 -0.145338148148 0
-0.203458074891 0.838051824304 -0.418457946396 0
-0.058051224731 0.744771225818 0.050025508155 0
-0.090945107599 0.850403837889 -0.452885451995 0
-0.099638656414 0.635248922145 0.063611625712 0
0.003955823648 0.878767126029 -0.473032672534 0
-0.106582063895 0.536694425310 0.083339714993 0
-0.177439925673 0.277538082089 -0.181252397065 0
-0.085181210557 0.356656328828 -0.334173401923 0
-0.120066853025 0.024754323225 -0.060280440756 0
-0.183003238547 0.052860209928 -0.424762035849 0
-0.127857493080 0.027154211225 -0.108424798628 0
-0.172791629759 0.021723624173 -0.462980486803 0
-0.052981909316 0.982139412476 -0.205298651006 0
-0.168466567475 0.941486843376 -0.262055966302 0
0.043388848390 0.864646388661 -0.051784462919 0
-0.075819711331 0.891698830295 -0.144363442508 0
-0.124201408187 0.757114928925 -0.133786821741 0
-0.202285132912 0.545394931534 -0.168238734587 0
-0.089628813179 0.552052643939 -0.145292525259 0
-0.151982222222 0.618003703704 -0.128408148148 0
-0.202586950482 0.825408486801 -0.397548907440 0
-0.053230036469 0.744986221346 0.049357876860 0
-0.089102807136 0.842893587183 -0.426055286793 0
-0.091748639174 0.633699922246 0.055753886900 0
0.005149748196 0.875852591016 -0.441385780491 0
-0.094702592651 0.534862062932 0.071009853503 0
-0.170008287958 0.280057699070 -0.167026148670 0
-0.081146564471 0.366710242954 -0.326722093071 0
-0.120630024001 0.025322255552 -0.058654103850 0
-0.178436245253 0.045549868231 -0.403684561802 0
-0.130368132403 0.037945466213 -0.104807722637 0
-0.176557497898 0.011842830355 -0.441030509721 0
-0.057653757018 0.986399666470 -0.195462746336 0
-0.175883510962 0.943871945380 -0.248473092190 0
0.047595805625 0.871808317873 -0.048810610748 0
-0.076586981082 0.896359506464 -0.135351106445 0
-0.122654258631 0.761249083222 -0.121487418473 0
-0.199502388846 0.548669395785 -0.152858621103 0
-0.086316883162 0.557317155426 -0.133453529273 0
-0.149314444444 0.622003703704 -0.114230370370 0
-0.203243393710 0.816606476168 -0.375168236779 0
-0.041065226175 0.744897548217 0.050770589459 0
-0.089830457507 0.838733227884 -0.400563235313 0
-0.074580124376 0.631855398556 0.048040009946 0
0.003281814127 0.875675715582 -0.413442903278 0
-0.073355276685 0.531937460376 0.055060255764 0
-0.162543451116 0.283957462886 -0.155815227144 0
-0.077791094320 0.374459283553 -0.317384907349 0
-0.119920661068 0.026078536105 -0.056012100604 0
-0.163893930650 0.038650298779 -0.375318162676 0
-0.129945835596 0.043668899019 -0.100446408723 0
-0.167234635755 0.001732830683 -0.409382134240 0
-0.062349367952 0.992239849521 -0.185277316701 0
-0.183871742289 0.948276831688 -0.234630689972 0
0.050996055306 0.879108958478 -0.047403018899 0
-0.077996146003 0.902060677947 -0.127074929544 0
-0.121743277064 0.766434864961 -0.110875485245 0
-0.196796312936 0.552912740682 -0.140046002558 0
-0.083297380812 0.563332047563 -0.123561752989 0
-0.146800000000 0.626955555556 -0.102537037037 0
-0.206702145023 0.812667295048 -0.353313244644 0
-0.021489013614 0.743088228133 0.053234017768 0
-0.093774977441 0.838490207657 -0.377347079053 0
-0.052190279449 0.629979446064 0.040078495698 0
-0.002324377240 0.879173267921 -0.389429054499 0
-0.047584794035 0.530114477446 0.035189057450 0
-0.155007774576 0.289001396954 -0.147231594380 0
-0.075187195131 0.379203288575 -0.306239795523 0
-0.118533436192 0.026647680316 -0.054482134879 0
-0.139548778827 0.033021467435 -0.343314912376 0
-0.127919965016 0.045525007598 -0.098526116546 0
-0.144495009593 -0.005683439292 -0.375124956644 0
-0.066704189808 0.998951951113 -0.175570350044 0
-0.192171956905 0.953348343160 -0.220287583430 0
0.053793464522 0.885826849548 -0.047246729266 0
-0.079802086404 0.907758415121 -0.119251020633 0
-0.121193259284 0.771594670522 -0.101442188365 0
-0.194197923821 0.556973624314 -0.128531970978 0
-0.080508820587 0.569039409558 -0.114693449921 0
-0.144402962963 0.631837037037 -0.092409629630 0
-0.213725361108 0.811963608508 -0.332281021071 0
0.002442913427 0.738758376838 0.050822239761 0
-0.101405184333 0.839886948853 -0.356805664662 0
-0.025090090344 0.626082838902 0.029482396267 0
-0.011745786836 0.883391770873 -0.369525733935 0
-0.017717521784 0.527636410907 0.011272143980 0
-0.148393726915 0.293952272229 -0.141526427857 0
-0.072878525980 0.379724004751 -0.292012084953 0
-0.118252440183 0.028638325835 -0.053902102102 0
-0.111391355693 0.026242847087 -0.307659187649 0
-0.127024773982 0.048786856966 -0.097507326362 0
-0.117004661759 -0.015336235317 -0.335481563920 0
-0.070627536020 1.005584798970 -0.166154850739 0
-0.199313220270 0.958852936868 -0.205241587575 0
0.056217857880 0.889802014593 -0.047326686191 0
-0.081288166942 0.912241956146 -0.111372957992 0
-0.120947648963 0.775629894404 -0.093083919414 0
-0.191817069566 0.559827748533 -0.117279492756 0
-0.077978427060 0.573257329034 -0.106202043914 0
-0.142027037037 0.635596296296 -0.083089259259 0
-0.221540388543 0.813402663867 -0.311763386162 0
0.024789490919 0.732432047062 0.042842535378 0
-0.110101324211 0.843000650790 -0.338264089946 0
0.004663892772 0.619556756686 0.015213543579 0
-0.021843945501 0.888340877957 -0.353417272882 0
0.016105728994 0.523876604216 -0.015165729999 0
-0.144145671579 0.297557611232 -0.137000672008 0
-0.069613097004 0.375756688313 -0.274320931580 0
-0.118390902135 0.030684065909 -0.053261360252 0
-0.084044476863 0.019279015043 -0.267932480631 0
-0.126766682633 0.051603626361 -0.096580536391 0
-0.089732723102 -0.025676306027 -0.289865945520 0
-0.073605194558 1.011117388401 -0.156294904492 0
-0.204957127980 0.962697375612 -0.191095692150 0
0.058368988339 0.891199685897 -0.047747463431 0
-0.082265697616 0.914698488855 -0.104166202664 0
-0.120815006331 0.777856742636 -0.085313228737 0
-0.189804601490 0.561038958218 -0.106291282964 0
-0.075818972721 0.575390398724 -0.098315530817 0
-0.139700370370 0.637588888889 -0.074376296296 0
-0.228680057987 0.815801721981 -0.295285960584 0
0.045071242634 0.726756151789 0.033892180727 0
-0.118600216074 0.847750593780 -0.324589393579 0
0.032105553146 0.615049578556 -0.001643216536 0
-0.031671114563 0.894817071858 -0.342618825402 0
0.048159956193 0.523810092795 -0.042142606830 0
-0.142444202554 0.299430128571 -0.133948558317 0
-0.064833007474 0.368233102172 -0.254218081390 0
-0.118731403841 0.031764391628 -0.052846143576 0
-0.063212536435 0.013108929465 -0.227653379443 0
-0.127064812940 0.052847021363 -0.096094377598 0
-0.070520095077 -0.033032925977 -0.246413514915 0
-0.075581983465 1.014744406899 -0.146668581145 0
-0.210043004719 0.965435755054 -0.177864626917 0
0.060280641069 0.892230740982 -0.049150096698 0
-0.083060471567 0.916387306210 -0.097967804095 0
-0.120355526286 0.779254956227 -0.078763606748 0
-0.188334950342 0.561750143846 -0.096833581015 0
-0.074208679083 0.576552518023 -0.092545928963 0
-0.137538888889 0.638803703704 -0.067314074074 0
-0.236081520341 0.819586008503 -0.282967289277 0
0.062004034706 0.723543589002 0.024505942567 0
-0.127499706356 0.853004899885 -0.315984868847 0
0.053210347092 0.614489555318 -0.019529507487 0
-0.041965655143 0.901365270098 -0.336610589619 0
0.072326575171 0.528299822995 -0.068406277649 0
-0.142413701706 0.300699830179 -0.131345675627 0
-0.059669335762 0.359108046518 -0.233425137969 0
-0.119515834721 0.032165815057 -0.052376815403 0
-0.046711007406 0.007598607039 -0.191789878777 0
-0.128184547595 0.053752241616 -0.095309464230 0
-0.057610181396 -0.038118352091 -0.209833757908 0
-0.077564350479 1.017282025439 -0.138647894319 0
-0.214649680350 0.969038542069 -0.166608830595 0
0.061341506086 0.894710346222 -0.051259525618 0
-0.084102400506 0.919219896877 -0.093196797022 0
-0.120016058605 0.781714808986 -0.074112822448 0
-0.187393007405 0.563621339811 -0.089686652888 0
-0.073209483180 0.578573011170 -0.090619579426 0
-0.135441851852 0.641007407407 -0.063203333333 0
-0.242841830001 0.825086099009 -0.273751816064 0
0.074353036086 0.723225810683 0.014370434057 0
-0.136233783799 0.860183188766 -0.311167213504 0
0.068067146709 0.617377736636 -0.037261967411 0
-0.052467770832 0.910058821313 -0.334535482266 0
0.087897228055 0.535882143580 -0.093617321703 0
-0.144174585438 0.302634330254 -0.127962766350 0
-0.055905711243 0.351900088013 -0.215761129705 0
-0.120714546030 0.032279816195 -0.051964595570 0
-0.031289264093 0.001897474060 -0.167583359582 0
-0.130007998919 0.054519293669 -0.094430700935 0
-0.043408464897 -0.044787239014 -0.182008215107 0
-0.079669823720 1.021050533255 -0.131686987740 0
-0.218873737565 0.970976001958 -0.156491724417 0
0.061716707916 0.895622837636 -0.053573405454 0
-0.085358495060 0.920441209106 -0.089158737800 0
-0.120281891774 0.782666494244 -0.070182595905 0
-0.187189401370 0.564028068447 -0.083386377476 0
-0.073135685843 0.579384092391 -0.087657505660 0
-0.134822222222 0.641862962963 -0.059131481481 0
-0.249967081641 0.829272340072 -0.265807773844 0
0.082818026954 0.722293978918 0.004696471152 0
-0.145543998615 0.865611404374 -0.307906293143 0
0.076185661258 0.620096684168 -0.053792474273 0
-0.063750192969 0.916804682336 -0.334327307091 0
0.094497178544 0.543324682703 -0.116946075161 0
-0.145043685329 0.303465568681 -0.125553122095 0
-0.051876224491 0.346951867897 -0.201075928069 0
-0.121435783569 0.032433133971 -0.051587889706 0
-0.016940177390 -0.006279130434 -0.155832146073 0
-0.131033374106 0.055377394298 -0.093609073694 0
-0.025033563467 -0.055197661194 -0.164543539182 0
-0.081980351657 1.023161642564 -0.125390182294 0
-0.223425509506 0.973113612065 -0.147155401635 0
0.061061463415 0.896996932836 -0.056190071822 0
-0.087321274947 0.921997566198 -0.085701324905 0
-0.121304831506 0.783971649057 -0.066829465104 0
-0.187552296355 0.564836306269 -0.077920264095 0
-0.073658411723 0.580591982384 -0.084419629166 0
-0.135068518519 0.643107407407 -0.055381851852 0
-0.257645738141 0.833505793674 -0.258220047207 0
0.088944811105 0.722599813964 -0.004308463326 0
-0.155486616621 0.870235020188 -0.305246327093 0
0.077669331830 0.624656363325 -0.069032308314 0
-0.075486209313 0.922003030471 -0.335251322560 0
0.091747459106 0.552694391535 -0.138264824043 0
-0.145903201185 0.304691552693 -0.123055306749 0
-0.049495462542 0.345555866938 -0.191725819785 0
-0.122136007419 0.032983729312 -0.051267809761 0
-0.018137823143 -0.005932200649 -0.155073085903 0
-0.131951587971 0.056464181964 -0.092941008000 0
-0.028503209271 -0.053859793845 -0.166471265616 0
-0.085048537707 1.025377974424 -0.120126483683 0
-0.228126347508 0.975020650153 -0.138603772690 0
0.059579518788 0.898343336172 -0.058934444423 0
-0.089809997492 0.923450800430 -0.082720373772 0
-0.122859238674 0.785197380740 -0.063864056550 0
-0.188260153633 0.565676879523 -0.073052543786 0
-0.074495828998 0.581615014803 -0.081173770123 0
-0.135667407407 0.644270370370 -0.051934814815 0
-0.265369256752 0.837082704158 -0.250776903455 0
0.090392405911 0.722531802325 -0.013941022654 0
-0.165671294592 0.874671461214 -0.302200583547 0
0.074751216864 0.628280122236 -0.083087288436 0
-0.087344665626 0.926913623527 -0.335946194774 0
0.083503906871 0.560516272392 -0.157360397024 0
-0.147053878776 0.305892492837 -0.120604908218 0
-0.049842330472 0.345403197449 -0.185752088024 0
-0.122740057201 0.033426959308 -0.051104300174 0
-0.022448103716 -0.003389256402 -0.158368883778 0
-0.132763210435 0.057240252200 -0.092538539767 0
-0.035033827719 -0.049579004063 -0.173941959332 0
-0.088398718599 1.027084921069 -0.116428408443 0
-0.232982395874 0.976151863690 -0.130554483939 0
0.057464133966 0.899211124396 -0.061836118215 0
-0.092706654535 0.924293229615 -0.080084544170 0
-0.124793006262 0.785822141881 -0.061177101629 0
-0.189225373498 0.565960504915 -0.068693414621 0
-0.075589711065 0.582078843828 -0.078150444118 0
-0.136589259259 0.644837037037 -0.048772962963 0
-0.272743742921 0.839282794859 -0.243171604210 0
0.089306414604 0.722052438379 -0.023308120838 0
-0.175671126503 0.878191894678 -0.298488710815 0
0.067902921250 0.631881917878 -0.096249191372 0
-0.099067213502 0.930981225162 -0.335914805017 0
0.070458360140 0.568232482265 -0.174627772287 0
-0.148599326857 0.306571095357 -0.118830931113 0
-0.051202715978 0.345661399995 -0.182325820021 0
-0.123105967618 0.033586132562 -0.051132047084 0
-0.026826761731 -0.000759299037 -0.162108262759 0
-0.133326375659 0.057640654632 -0.092378331247 0
-0.040724817295 -0.045261654951 -0.181102953848 0
-0.092324652305 1.027820999920 -0.114097929488 0
