-0.037832176614 0.979982492040 -0.031160888836 0
0.038868903880 0.918778676696 0.289163797062 0
-0.008461644288 0.933832207884 0.125182951882 0
-0.064624515360 0.804664486273 0.115963859583 0
-0.091861596551 0.580640985628 0.073651715972 0
-0.060839823087 0.589439449287 0.144649784356 0
-0.097775185185 0.666455555556 0.110922592593 0
-0.135390588212 0.819400244367 -0.096538983808 0
0.003742775628 0.718219870761 0.292139518877 0
-0.053745450497 0.698894579600 -0.107929947065 0
0.084091038652 0.620167909317 0.268083118772 0
0.027162301229 0.626791219353 -0.125995640167 0
0.166626660244 0.547627025886 0.243892748516 0
0.036154635886 0.333406433935 -0.014057822430 0
-0.016462400551 0.305947641426 0.148122067938 0
0.000725906516 0.023262050010 0.021901438852 0
-0.105547210034 0.015324794193 0.210027716276 0
0.025846178947 0.027957605466 -0.019527313842 0
-0.066366597216 0.037514162135 0.191000909185 0
0.021579252701 1.055739638263 0.126215281694 0
-0.031708653965 0.976414736964 -0.031208406856 0
0.045499347107 0.915327986674 0.289016827419 0
-0.002325933748 0.930440575512 0.125185025418 0
-0.061246097918 0.802377250489 0.116532964556 0
-0.093503639206 0.580004944909 0.072697293595 0
-0.062240548724 0.587902670588 0.143695421798 0
-0.099125185185 0.665385185185 0.110996666667 0
-0.147667731173 0.825667698502 -0.089581517542 0
0.004521069256 0.715866515913 0.287455779579 0
-0.086662771837 0.693409979344 -0.099759359028 0
0.087500288954 0.619986053441 0.263578449024 0
-0.020998095441 0.606795609987 -0.120479171032 0
0.172197700539 0.549328566905 0.241038242905 0
0.038174649788 0.333333520565 -0.011088618492 0
-0.019643704625 0.304250243177 0.134987562998 0
0.004165844258 0.022938334452 0.024390945412 0
-0.105413294601 0.017491002729 0.212793523244 0
0.031761440525 0.026291946694 -0.015567210569 0
-0.070361277133 0.045568685050 0.193493065077 0
0.028895509798 1.051970105606 0.126689509371 0
-0.035624062033 0.975819075734 -0.034123712184 0
0.050482330689 0.921347838779 0.285024279560 0
-0.001495210028 0.932881129430 0.122169050461 0
-0.058194155013 0.803588569627 0.116518232501 0
-0.091269696010 0.582073787306 0.071351303897 0
-0.057264143652 0.588492739710 0.141229115573 0
-0.095932592593 0.666459259259 0.111917037037 0
-0.160771135896 0.831558540481 -0.089852565710 0
0.000773274910 0.723875765477 0.284454644823 0
-0.116261396839 0.692549453452 -0.093409903183 0
0.083610309173 0.627643376460 0.261517906639 0
-0.063964223392 0.593728020700 -0.106992664297 0
0.168392519026 0.556466990893 0.240936784730 0
0.037362866461 0.333422226970 -0.011305261838 0
-0.015309548761 0.305501354581 0.118763465821 0
0.007411819570 0.022892686935 0.025439418618 0
-0.103626011247 0.021615773368 0.213983388435 0
0.036375965588 0.023438506896 -0.013678329320 0
-0.070385853953 0.050432169259 0.192671065017 0
0.028452730830 1.054621377079 0.121725356073 0
-0.048281172037 0.978219615334 -0.038847403687 0
0.056874340855 0.933311515821 0.276053291554 0
-0.004108211035 0.939645031285 0.116061035105 0
-0.055645069164 0.808071863048 0.115550411820 0
-0.086559154572 0.586858150280 0.069844676794 0
-0.047488403962 0.591353519083 0.137177857410 0
-0.089152962963 0.669722222222 0.113605925926 0
-0.177188664195 0.838584696343 -0.097699294968 0
-0.006173776130 0.739812351552 0.283091957364 0
-0.141364069695 0.697083732680 -0.094326831652 0
0.074520387789 0.641430262081 0.261687348501 0
-0.096148642735 0.592537231300 -0.096514799989 0
0.157795695678 0.568102990418 0.242632183210 0
0.033320120678 0.334124814695 -0.013587109084 0
0.005532670963 0.311928350060 0.098976312433 0
0.008753687842 0.021889479546 0.024523816950 0
-0.099119070531 0.029262564624 0.213275521835 0
0.037696479393 0.021592579089 -0.014612413644 0
-0.064262515776 0.052986992622 0.188543357243 0
0.019171071136 1.063032319301 0.111849445230 0
-0.069246586343 0.979938210664 -0.043831576964 0
0.063593946397 0.948993840445 0.262163040587 0
-0.010501559030 0.947857105359 0.107679801736 0
-0.054250530392 0.813675412115 0.114476629407 0
-0.079851466410 0.592866070212 0.069201839148 0
-0.035249727893 0.595255361775 0.133119483918 0
-0.080180740741 0.673655555556 0.116753703704 0
-0.195287898686 0.844772765184 -0.117469116129 0
-0.015297446849 0.762341883501 0.282256061391 0
-0.156881454188 0.704115675566 -0.109864777969 0
0.060437834058 0.659490107583 0.263968898777 0
-0.109260767582 0.601208375558 -0.100191756084 0
0.140300058000 0.582157732194 0.247054669046 0
0.027874052641 0.335290937333 -0.015982114229 0
0.041819728722 0.325548817443 0.072557975434 0
0.009747646887 0.021233321822 0.023227751767 0
-0.093765524642 0.042547147840 0.215074712753 0
0.038451632712 0.019182231107 -0.016031541431 0
-0.054932390042 0.045328205221 0.185515260195 0
0.003223106339 1.072738998479 0.098379527276 0
-0.098013610622 0.976965066991 -0.045314129753 0
0.073259468107 0.966157366147 0.242410727119 0
-0.019097602186 0.954478841844 0.098569527130 0
-0.052936200852 0.818289217576 0.114972219619 0
-0.072073018427 0.598666798788 0.070330846825 0
-0.022233449576 0.599454378967 0.130296555359 0
-0.070535185185 0.677081481481 0.121682592593 0
-0.213527662912 0.846064973668 -0.140709446907 0
-0.017280175998 0.788554970760 0.283961857584 0
-0.159115190516 0.710591794364 -0.138812519187 0
0.049789100094 0.679276922646 0.269513283091 0
-0.099336480912 0.615695836334 -0.127618469274 0
0.124032142777 0.596501731370 0.255509890165 0
0.023121316800 0.336653746509 -0.016232664086 0
0.089569863499 0.349538017359 0.044326508861 0
0.010201536660 0.020625083809 0.022348419469 0
-0.082946464034 0.079252788116 0.211597304036 0
0.038437363619 0.017385137613 -0.017169408183 0
-0.050010330640 0.061610164980 0.180078153913 0
-0.015638401366 1.079582088125 0.083053668995 0
-0.129450521099 0.971380106149 -0.043638239904 0
0.079456676422 0.986363965596 0.217838592601 0
-0.030320475095 0.961375559054 0.088683400215 0
-0.051708020919 0.824157683831 0.115002025099 0
-0.063247199726 0.605807783270 0.074368150709 0
-0.008343923536 0.607248636672 0.129721951941 0
-0.060826666667 0.682588888889 0.128099259259 0
-0.228541432955 0.846173068396 -0.162309155162 0
-0.015116879007 0.819820532121 0.287017070644 0
-0.151814864391 0.722839516317 -0.177113425003 0
0.040546788524 0.703777785495 0.277831322317 0
-0.074941902274 0.642866512261 -0.175292424224 0
0.105622666723 0.613173571593 0.266458262682 0
0.019834729721 0.339479871047 -0.011497317410 0
0.141027714414 0.389468091926 0.017433191973 0
0.009843976030 0.020531225398 0.021583099197 0
-0.048060025986 0.141263086497 0.201367077510 0
0.037509237301 0.016982704780 -0.018309997925 0
-0.022223238063 0.113789893981 0.170267367842 0
-0.036130306009 1.085416905196 0.067563381903 0
-0.157135802897 0.964567498042 -0.039278278882 0
0.083260063585 1.004917025607 0.190544718576 0
-0.041008454792 0.967125769909 0.078805452827 0
-0.051391944639 0.830856716636 0.115050952376 0
-0.052295499007 0.613335276021 0.081734650442 0
0.006979238366 0.619302122142 0.132047584788 0
-0.051575185185 0.689948148148 0.135754814815 0
-0.236778329155 0.847566642887 -0.179086952247 0
0.000164543688 0.847448039143 0.289363680924 0
-0.138054185110 0.747149932809 -0.217652811726 0
0.041191174862 0.725126440272 0.287636578118 0
-0.046760382585 0.686465625471 -0.231013172400 0
0.093809529853 0.626828228804 0.277571699968 0
0.017610890885 0.342969659813 -0.003245186400 0
0.192552915392 0.447513340614 -0.003599171327 0
0.009411478074 0.020364457775 0.021158556355 0
0.004465266399 0.212530499366 0.187144363446 0
0.036457561137 0.016929785908 -0.019166749569 0
0.031783717571 0.192642552950 0.151821854029 0
-0.055217968697 1.089286402341 0.053226586826 0
-0.177598134322 0.956252672749 -0.035300552585 0
0.083585973280 1.020985412237 0.164272495524 0
-0.049948855040 0.971123602970 0.069200118993 0
-0.050833310559 0.837430961485 0.115288301869 0
-0.038893154710 0.621571595084 0.090186914056 0
0.023762818959 0.634594076460 0.134741745985 0
-0.041723333333 0.698311111111 0.143957407407 0
-0.240985937929 0.851516138207 -0.192115226418 0
0.027629785195 0.872366713181 0.291739831538 0
-0.129791102245 0.780942852709 -0.255142345095 0
0.059898693480 0.747743896554 0.300492661596 0
-0.030581757931 0.746118266082 -0.287396052039 0
0.100944562148 0.644389305063 0.291092649806 0
0.016515189562 0.347129535118 0.007618678324 0
0.251098920612 0.531341358502 -0.006701495733 0
0.009196657159 0.020705484584 0.021464528301 0
0.068435026168 0.286882421209 0.178668652138 0
0.035505848534 0.016484777296 -0.019271573095 0
0.094100381972 0.267298362258 0.141963584299 0
-0.069315077889 1.090659375423 0.038412718776 0
-0.189075280138 0.948365616859 -0.034085729278 0
0.083985709698 1.029935727712 0.142041724578 0
-0.054778783039 0.971940190918 0.059959811562 0
-0.049483849816 0.841649719745 0.114787320389 0
-0.024190923432 0.628969366501 0.098285708008 0
0.040321610369 0.650594072865 0.136377625301 0
-0.031613777778 0.705537037037 0.151862962963 0
-0.240970314612 0.859865269389 -0.204535695949 0
0.065709617672 0.890502037968 0.289319574470 0
-0.128411957372 0.823820680890 -0.290260264497 0
0.101477878359 0.768322641456 0.310333081919 0
-0.029738704705 0.815033341843 -0.337578207909 0
0.137903328684 0.663516164643 0.305332986390 0
0.016415970092 0.351424508842 0.017502203315 0
0.306571457405 0.662318931330 0.029970087243 0
0.008607336179 0.021379510364 0.020748758466 0
0.163510764317 0.366310471211 0.163894350566 0
0.032881307385 0.020780882177 -0.021439318570 0
0.193884831950 0.353720609853 0.127722272039 0
-0.074967512477 1.089311810539 0.024136594116 0
-0.193998269617 0.941569659677 -0.034590225892 0
0.087809149128 1.033393354743 0.121582290645 0
-0.054929370042 0.970638305232 0.050560983399 0
-0.046032641969 0.844065856101 0.113192559379 0
-0.009806289268 0.635008793689 0.106755769247 0
0.054676638053 0.665250802164 0.138502613394 0
-0.021721888889 0.711851851852 0.159114074074 0
-0.242322908041 0.877835917104 -0.216747675979 0
0.112300097857 0.911266946442 0.282678126314 0
-0.136418736462 0.875305004098 -0.317222542085 0
0.158221931784 0.794220144450 0.311660400417 0
-0.044347528368 0.892414389131 -0.373280424810 0
0.199291166696 0.691198205285 0.312467566772 0
0.016759669807 0.355610018233 0.026527242296 0
0.296265531038 0.789897356810 0.046594720862 0
0.008576878379 0.021409468192 0.019180311149 0
0.282432987236 0.462589902252 0.147198311806 0
0.029314873285 0.024820637569 -0.024725467156 0
0.312878376357 0.478107254211 0.112244085624 0
-0.071996648899 1.086156008368 0.009329871694 0
-0.197297037484 0.935055559627 -0.036263951989 0
0.093287724775 1.034330701202 0.097683087417 0
-0.053631144859 0.968450747687 0.039106772685 0
-0.042457795561 0.846849137480 0.110593882154 0
0.003411041633 0.640956788338 0.115655041395 0
0.066371518023 0.679254244243 0.141145674767 0
-0.012912407407 0.719096296296 0.164807777778 0
-0.248697535384 0.904814744835 -0.226058786428 0
0.157843770303 0.938930747658 0.265605391755 0
-0.156906997634 0.931288245749 -0.336471415806 0
0.217093398478 0.829957356464 0.301144419213 0
-0.075710731463 0.969496700855 -0.397288931025 0
0.266906565098 0.730590950640 0.310335723745 0
0.017879569088 0.360514046084 0.035977111734 0
0.263585749431 0.849319108644 0.020590681777 0
0.009951886059 0.021710718384 0.017452734903 0
0.394169487015 0.554610819945 0.136827547220 0
0.023571695748 0.019657511214 -0.029234554610 0
0.415411740674 0.581643263127 0.102078136669 0
-0.066754367925 1.081281814607 -0.008129981977 0
-0.199771839314 0.928738107250 -0.038305540666 0
0.099714188230 1.029135747688 0.073342568398 0
-0.051614332716 0.963390471013 0.027150095850 0
-0.039214930759 0.846850072157 0.106392879660 0
0.015492232950 0.644589455406 0.120517708572 0
0.076039304124 0.689004255629 0.141538336514 0
-0.005251333333 0.723329629630 0.166971111111 0
-0.259676665474 0.933453502325 -0.227957258547 0
0.195474777725 0.962544927082 0.240262029681 0
-0.188589764572 0.981849523870 -0.345947831968 0
0.267465685069 0.864839493759 0.284076393296 0
-0.119422032026 1.033420953715 -0.409522512394 0
0.325767457072 0.771291059932 0.306742083344 0
0.023241408688 0.364038959711 0.040284223754 0
0.258989914976 0.855744179879 -0.003637037288 0
0.016146071519 0.023249799077 0.015910358480 0
0.510897373972 0.638346133718 0.108889808525 0
0.017710056484 0.020945447993 -0.032686573470 0
0.527338202503 0.667594155605 0.073340403024 0
-0.061081341461 1.072636553950 -0.026781738056 0
-0.206019317934 0.922366205771 -0.039249609630 0
0.101678215310 1.020429112530 0.049872562194 0
-0.053642458739 0.956529956161 0.015977235007 0
-0.038896945705 0.844788829238 0.101403805970 0
0.024866381478 0.646483072749 0.123126811520 0
0.083512450193 0.694189711735 0.142237131421 0
0.000919314815 0.725803703704 0.166978888889 0
-0.279683394862 0.957129367480 -0.220753669093 0
0.219683027353 0.979935968682 0.210812625821 0
-0.229369477971 1.021468723210 -0.341775381479 0
0.299518358873 0.894439233359 0.265267827504 0
-0.172397241495 1.082898567708 -0.407951893458 0
0.364119169049 0.810242239064 0.305500021331 0
0.030234931235 0.365362317427 0.044715447257 0
0.281269691205 0.839413705771 -0.006595266570 0
0.022940876573 0.025273156624 0.017039480480 0
0.626666929369 0.728072147383 0.046705618618 0
0.015470322307 0.020219250051 -0.030794259966 0
0.648514532970 0.752089558626 0.010163122362 0
-0.058991908729 1.061225077174 -0.046010949121 0
-0.214468807273 0.919022690004 -0.037807726907 0
0.100460707176 1.010304353823 0.030923095413 0
-0.058416458241 0.950390039142 0.008013962249 0
-0.041301336338 0.842474784224 0.097640965156 0
0.032537861322 0.648307203980 0.123607458264 0
0.089272033632 0.697798212492 0.143914178201 0
0.005135333333 0.727477777778 0.165671111111 0
-0.307622483310 0.971627099769 -0.205538958218 0
0.231469010251 0.978569725933 0.183554259867 0
-0.270157998886 1.045887211086 -0.325535400130 0
0.317385445002 0.910407346228 0.251532176374 0
-0.222066414388 1.114354096885 -0.393037713829 0
0.386856981360 0.841648380772 0.309838672017 0
0.037203906556 0.365942021091 0.049755078757 0
0.321153015918 0.808000283072 0.015712262452 0
0.024969345529 0.027209613576 0.017999253408 0
0.687188404416 0.832632158140 -0.021605797571 0
0.014860206837 0.022781926138 -0.029409804552 0
0.682841308396 0.862101594222 -0.060363544561 0
-0.060533693494 1.049875219440 -0.062379611014 0
-0.218803372485 0.909351128635 -0.033833405831 0
0.099966451073 1.000886283471 0.013537283159 0
-0.060282045470 0.941361233177 0.001974631198 0
-0.038400778962 0.837083454699 0.094723829498 0
0.043283293505 0.646690554638 0.122277939570 0
0.098321402904 0.697170044895 0.144708202230 0
0.012949481481 0.724970370370 0.163995555556 0
-0.339923656536 0.965625184587 -0.181284091355 0
0.233391625621 0.967504556320 0.163703582753 0
-0.309642900214 1.042683654644 -0.301543668048 0
0.322790983211 0.913936285841 0.239775497152 0
-0.263931159985 1.111368385403 -0.369143492814 0
0.395764780860 0.861052218704 0.309698323241 0
0.045071654491 0.364524820887 0.047542787823 0
0.372109390909 0.759262489848 0.085263409250 0
0.025299368060 0.027304111618 0.017681567707 0
0.686510243693 0.907993835725 -0.040964488345 0
0.015450060057 0.027315604271 -0.029988222281 0
0.664670795713 0.943492658883 -0.066506217435 0
-0.066802113876 1.034735135991 -0.076024212700 0
-0.221887499023 0.897209964764 -0.028922898765 0
0.097174271624 0.994231290319 0.003066412834 0
-0.062537382723 0.932291181592 -0.000414617715 0
-0.035373312035 0.830680877359 0.093832216771 0
0.051360582978 0.642648581202 0.120998609873 0
0.105776019530 0.692935996136 0.145301393045 0
0.019934148148 0.720344444444 0.162998148148 0
-0.374850424690 0.939611368599 -0.148852301196 0
0.226958136548 0.952304902565 0.154277724778 0
-0.349728777935 1.014364789737 -0.271726735844 0
0.317386646543 0.906496837761 0.234109088784 0
-0.304279322132 1.079021568375 -0.341745264526 0
0.391094230172 0.863592055310 0.309881856071 0
0.053886601552 0.362273810093 0.039821954359 0
0.378641198832 0.754815484191 0.081547644990 0
0.026699471081 0.028218352953 0.017449934054 0
0.683686654946 0.906854593823 -0.044695143052 0
0.017005646006 0.030269612442 -0.030207593869 0
0.659890146813 0.943321710974 -0.066907379004 0
-0.078226091810 1.020232893409 -0.083435972354 0
-0.225105145946 0.881275282653 -0.018520227655 0
0.091045622057 0.991670020408 -0.008592442189 0
-0.065910279275 0.923412052710 -0.000705613937 0
-0.030362477756 0.824967833326 0.094142283113 0
0.057520624150 0.637311366538 0.119667458401 0
0.112470082339 0.686469856102 0.145054247371 0
0.026899888889 0.714903703704 0.162446296296 0
-0.403610487521 0.887470703378 -0.106133337602 0
0.214319869555 0.940922852438 0.145338449094 0
-0.387649380432 0.955398355292 -0.234384555777 0
0.301228884022 0.894871433118 0.228853902053 0
-0.347561231865 1.017027808210 -0.308681204441 0
0.371657587712 0.851222010335 0.307280504117 0
0.064032398653 0.359290872196 0.030964335775 0
0.374515914475 0.755518789882 0.050644268492 0
0.028479871369 0.029580498345 0.017544365138 0
0.709043938013 0.857537653308 -0.051371482675 0
0.019472849707 0.032919324695 -0.030175061485 0
0.689319171108 0.890835840572 -0.081232362670 0
-0.092287174860 1.006894465987 -0.085851246581 0
-0.225898943415 0.864134158334 -0.010116309312 0
0.085547122300 0.987445659107 -0.015816229034 0
-0.068005278895 0.913125858007 0.000144172869 0
-0.025311965647 0.817975634398 0.095318960528 0
0.064087612712 0.630411594589 0.118749380500 0
0.119985227095 0.678511878320 0.144093186785 0
0.034991962963 0.708396296296 0.161877777778 0
-0.413021154787 0.816101793276 -0.057621752805 0
0.202122703518 0.931361900788 0.141445592019 0
-0.410246496628 0.869532307773 -0.193470121180 0
0.285385137607 0.881387524274 0.226408346574 0
-0.380427228197 0.926281416359 -0.275163735048 0
0.351003646417 0.829176881144 0.303254803702 0
0.070456153477 0.355704956121 0.020251934265 0
0.370685554515 0.751977647783 0.025344948663 0
0.029698565390 0.028998312423 0.016993684966 0
0.733907834231 0.771102699841 -0.029131009854 0
0.021237242301 0.033209419632 -0.030756607865 0
0.726961079857 0.803684460609 -0.064903615679 0
-0.103022187863 0.994881268582 -0.083899422489 0
-0.226250348358 0.846531186126 -0.001164961169 0
0.079137364241 0.982828958537 -0.021118141037 0
-0.070334093951 0.902348187196 0.002068833913 0
-0.020477680537 0.810203100720 0.096647091066 0
0.069443600215 0.622495435998 0.117771523423 0
0.126952482636 0.669190354603 0.142119051531 0
0.043048888889 0.701233333333 0.161267407407 0
-0.398782202189 0.747549956458 -0.004916338256 0
0.187312080897 0.919284735604 0.139277921423 0
-0.417139558990 0.770473326297 -0.147936701716 0
0.265428641618 0.862987695353 0.225168474454 0
-0.405179905315 0.813836047479 -0.240326933791 0
0.326544999780 0.802348416051 0.299018522114 0
0.070253163128 0.352060546524 0.007906344190 0
0.370361462894 0.739118938769 0.007170620808 0
0.029851722181 0.026629511776 0.015732535395 0
0.731751435611 0.671491621511 0.004491381251 0
0.021336862726 0.031532038777 -0.031942198744 0
0.738405399938 0.700610351825 -0.034203995246 0
-0.113961971133 0.983510249126 -0.078410954223 0
-0.229230958137 0.832666479093 0.009344290873 0
0.069920755321 0.979762363597 -0.023941145196 0
-0.075423348546 0.894036777644 0.005769502072 0
-0.018578028010 0.803900541214 0.098346475252 0
0.070569896438 0.616125775743 0.116924452644 0
0.130504388439 0.660863418536 0.138990016126 0
0.048507777778 0.695866666667 0.161002592593 0
-0.367626393744 0.695143043227 0.048236516755 0
0.170498910614 0.909487922089 0.138576767642 0
-0.411048206755 0.671845906664 -0.089201059549 0
0.243922088815 0.846801290784 0.224181464117 0
-0.421235474819 0.688443656429 -0.189066434730 0
0.301410613089 0.779578289995 0.294878125668 0
0.064639662901 0.349537435493 -0.001825417326 0
0.370567792477 0.716953813003 -0.007885601995 0
0.029555026306 0.025263149370 0.014787868709 0
0.701228632181 0.568595896663 0.036952382326 0
0.020679057845 0.030173372550 -0.032820163911 0
0.715277202410 0.592813303550 -0.003118339364 0
-0.126588851310 0.975268760752 -0.069975771429 0
-0.233172298151 0.819426304335 0.022362586426 0
0.058243589526 0.977269344777 -0.026619268897 0
-0.082123389208 0.886396733971 0.010740964822 0
-0.017657717515 0.798603511275 0.100508132311 0
0.069988661720 0.610256635620 0.115607215028 0
0.132634805978 0.652847238922 0.134100192767 0
0.053268148148 0.691170370370 0.159897407407 0
-0.325143317537 0.656221722312 0.089326705498 0
0.151956987317 0.899530579807 0.136601495529 0
-0.379034759756 0.587808516623 -0.027859656936 0
0.222143849191 0.832045859438 0.221267650733 0
-0.406155908530 0.571176082171 -0.126362471055 0
0.277101102951 0.760532403753 0.289598463153 0
0.056522151225 0.347012697163 -0.009801414683 0
0.372426313913 0.684789549146 -0.020265409128 0
0.028702683497 0.024436545794 0.013849689321 0
0.654437465945 0.472343319330 0.067344004578 0
0.019331240781 0.029528382370 -0.033644174909 0
0.675833287264 0.490042807260 0.027113980770 0
-0.138897946438 0.968561268905 -0.059869962761 0
-0.235884528627 0.809101948291 0.036134509497 0
0.048120934347 0.975518907665 -0.026180495043 0
-0.087596923522 0.880532006121 0.017576318915 0
-0.016478539215 0.794426044287 0.103787670343 0
0.068611085696 0.604896310667 0.113951187420 0
0.134028859498 0.645148218933 0.127396924938 0
0.058241481481 0.686940740741 0.158103333333 0
-0.281314169754 0.631266755977 0.112876866282 0
0.137559628664 0.895399542930 0.138282697793 0
-0.329034879281 0.526680528732 0.022867129306 0
0.205479558365 0.821842746275 0.219676934169 0
-0.360597646360 0.479678668403 -0.064741707187 0
0.258298769906 0.745415731383 0.284234440000 0
0.045134078109 0.344707505711 -0.016266546916 0
0.373001712860 0.646666051268 -0.031469966042 0
0.026840450280 0.023756879660 0.012675082899 0
0.597490617583 0.389022952464 0.091807383083 0
0.016630220723 0.029694403747 -0.034546891836 0
0.623816486995 0.399260474044 0.051911899502 0
-0.149385895900 0.962664609520 -0.048552790082 0
-0.236770075589 0.800429137678 0.049661993108 0
0.040630038762 0.974288275780 -0.021464962498 0
-0.091019907478 0.875567305442 0.026273584271 0
-0.014375047862 0.789837875045 0.107894988614 0
0.068266614158 0.599111387516 0.112273391333 0
0.135784687778 0.637319373691 0.120144136707 0
0.063947037037 0.681974074074 0.155900740741 0
-0.242063180550 0.615899332741 0.123819469962 0
0.130952480383 0.896181893403 0.143482859604 0
-0.271561946376 0.492024033277 0.052390968684 0
0.195631212756 0.814590023063 0.219694205039 0
-0.299705850646 0.427072845920 -0.024719138629 0
0.245412722597 0.731733974116 0.278375160455 0
0.032916664042 0.342197003081 -0.021709527511 0
0.370154890913 0.597208842694 -0.040513171542 0
0.024025174068 0.023251428650 0.011497358142 0
0.540587477554 0.315579267837 0.109043540119 0
0.012634825161 0.030673677661 -0.035242218762 0
0.568575722093 0.316494284618 0.068976985857 0
-0.158120915333 0.957092982349 -0.035086654577 0
-0.237448124121 0.795469626284 0.065126763068 0
0.033528826555 0.975341364484 -0.015213246618 0
-0.094162629231 0.873498544845 0.036550054900 0
-0.012359097351 0.787296947119 0.112356397801 0
0.066924745041 0.595042163649 0.110731106261 0
0.136029363474 0.631106554357 0.112828852623 0
0.068622592593 0.678533333333 0.153328888889 0
-0.211919923262 0.608699161100 0.128716868738 0
0.128483117240 0.899321696675 0.148100032791 0
-0.221079266777 0.476624625297 0.067156157107 0
0.189379226654 0.810059452070 0.218617097721 0
-0.239493583230 0.402358333892 -0.004156596399 0
0.235200786410 0.721395820781 0.271794500714 0
0.020449276320 0.340370453515 -0.024133245254 0
0.355531284582 0.541035110653 -0.048586943281 0
0.020423425813 0.023019157904 0.010702003874 0
0.490368754041 0.253431129576 0.121163362331 0
0.007561140136 0.032660896436 -0.035243794225 0
0.514556288531 0.248064145646 0.079024704102 0
-0.165415210366 0.954547833481 -0.020445798653 0
-0.237633121966 0.798091333120 0.079805129064 0
0.029906219208 0.980386050600 -0.006381900471 0
-0.095598610039 0.876991558233 0.047605356922 0
-0.010651872654 0.788527770587 0.117010128331 0
0.063972423415 0.594641469805 0.109238430217 0
0.134319228466 0.628041882154 0.105209959065 0
0.072217777778 0.678555555556 0.150210000000 0
-0.186658030982 0.612249966461 0.129233094640 0
0.130950697875 0.904689929172 0.153388700630 0
-0.177368674801 0.480471226209 0.067061000604 0
0.189265164881 0.808365703258 0.216395107764 0
-0.184734619717 0.406387889431 -0.005142946760 0
0.231883879219 0.714640197265 0.263356211470 0
0.007976573061 0.340136998377 -0.022283359656 0
0.327886116484 0.487673210684 -0.053464277789 0
0.016674244775 0.023185733528 0.010315014251 0
0.443653396797 0.202479280778 0.128425538257 0
0.002177998129 0.034444582623 -0.034768408733 0
0.459667455891 0.194986740507 0.082852304773 0
-0.170548759472 0.957256752648 -0.005336227937 0
-0.236482917109 0.803160477416 0.098782719376 0
0.026567199502 0.986714113748 0.002089566063 0
-0.096129276015 0.882310217600 0.060415448327 0
-0.007640491836 0.791243563562 0.121469930703 0
0.060554346868 0.595209611004 0.107614775020 0
0.131619721081 0.625603985994 0.097300529401 0
0.075504444444 0.679262962963 0.146341481481 0
-0.169063321199 0.619024071626 0.132353233124 0
0.131866670728 0.907487979229 0.157337031141 0
-0.142169595794 0.494013408086 0.061880831911 0
0.189283040890 0.805495204996 0.211647024160 0
-0.137774665008 0.424534643125 -0.015447057270 0
0.230232300950 0.707604800413 0.250937615448 0
-0.003761050495 0.340079360850 -0.018789843421 0
0.292206478551 0.440390475296 -0.051886823576 0
0.012988820367 0.023212195967 0.010071000588 0
0.404845035626 0.162493076423 0.135675538584 0
-0.003130860879 0.035485513360 -0.034188907167 0
0.412779252341 0.152728566665 0.088439848551 0
-0.172911770139 0.962900934521 0.010825085130 0
-0.232936465808 0.810615279620 0.118264256835 0
0.027077673587 0.992878502697 0.011448377933 0
-0.093743905855 0.888656508635 0.073869761064 0
-0.003318115865 0.794135259863 0.126074964034 0
0.056759618405 0.595677936904 0.106062191385 0
0.127986814747 0.622743434266 0.089490092555 0
0.078443333333 0.679503703704 0.141996666667 0
-0.157029384346 0.627524687159 0.135426633697 0
0.136499799252 0.908420054782 0.160981328934 0
-0.115556056617 0.514197566856 0.053242543458 0
0.193179823229 0.801589150530 0.205962143497 0
-0.100258514713 0.455752372927 -0.031085592584 0
0.232655886023 0.700124792656 0.236413907075 0
-0.013309220170 0.339738663659 -0.015558073031 0
0.253667169883 0.401098663671 -0.042521503562 0
0.010493065940 0.023319574589 0.009963340674 0
0.372048060111 0.131016128365 0.142155480117 0
-0.006727049061 0.036052911451 -0.033748758904 0
0.371913398922 0.125254072462 0.093613864603 0
-0.170791635271 0.970802798578 0.027246645052 0
-0.227678148836 0.819781802230 0.136273636594 0
0.031826021621 0.998247065717 0.022060667097 0
-0.088685924653 0.895325266981 0.087179645340 0
0.001619105929 0.796375626961 0.130570274833 0
0.053062290008 0.595628832233 0.105580556653 0
0.123803292487 0.619458086766 0.083033576756 0
0.080820370370 0.679048148148 0.138121851852 0
-0.148291067725 0.637370277055 0.134749143468 0
0.144678707365 0.906412013674 0.164528659927 0
-0.096846642410 0.537617037865 0.041367881039 0
0.200192631014 0.795501755478 0.200107583578 0
-0.072043675303 0.492020694356 -0.048714560267 0
0.238154613477 0.691271674851 0.221483464380 0
-0.021639992772 0.339140787513 -0.012060823432 0
0.217879069689 0.372108544675 -0.027948267165 0
0.008365689923 0.023033014755 0.009664457691 0
0.337441720296 0.104380549836 0.148176991768 0
-0.009522689068 0.035934745946 -0.033728734253 0
0.331000118145 0.101092729363 0.099832355490 0
-0.164638562302 0.980079028642 0.043124566055 0
-0.221202746989 0.831366777727 0.152443448315 0
0.038409084879 1.004774946930 0.030919085470 0
-0.082250819340 0.903851230777 0.098831515916 0
0.006527553973 0.800630614684 0.134608725742 0
0.048107951053 0.597325573724 0.106262100611 0
0.118270419536 0.617731182988 0.079034757136 0
0.081192592593 0.680074074074 0.135353703704 0
-0.145628995227 0.648433556483 0.132377510672 0
0.153314189274 0.903669166029 0.165235772805 0
-0.086098834877 0.564852509847 0.028513818992 0
0.207349661745 0.789581241130 0.191935098773 0
-0.052644470381 0.534208392852 -0.065419385552 0
0.243874005260 0.683492264920 0.204881722755 0
-0.028993615883 0.339372788827 -0.006528641848 0
0.186525908781 0.354800602635 -0.013473164748 0
0.006665107906 0.023263858621 0.009983048877 0
0.298574578808 0.085918610601 0.153892149075 0
-0.011680532601 0.036592002062 -0.033089168904 0
0.286954757351 0.089806607129 0.106570155342 0
-0.156366106211 0.991963112851 0.058220844402 0
-0.213857841688 0.842848854850 0.166325807276 0
0.046450503703 1.011352738983 0.039507537657 0
-0.074760031578 0.912404232805 0.109319473880 0
0.011473335419 0.805167022826 0.138845383409 0
0.042640580813 0.599345598024 0.108770115489 0
0.112606469993 0.616209080576 0.078755345570 0
0.080186666667 0.681129629630 0.135035925926 0
-0.148769244054 0.658613680532 0.128916286490 0
0.162765101804 0.900612452378 0.164703534541 0
-0.082054733779 0.592584475161 0.017083304082 0
0.215113524341 0.784210720969 0.183651370375 0
-0.041829645432 0.576523136201 -0.078414769034 0
0.249884636932 0.676900310556 0.189908908419 0
-0.035123866330 0.339964478459 -0.000226068015 0
0.162004468035 0.344888071446 -0.000577909136 0
0.005029369508 0.023752133486 0.010394704660 0
0.258819624213 0.071418945628 0.160374976399 0
-0.013509587048 0.038003131600 -0.032297613389 0
0.245114185512 0.079838398807 0.114214586271 0
-0.146099632389 1.004071168528 0.072031655562 0
-0.205577568708 0.856723192856 0.177887906646 0
0.057382958669 1.017873618009 0.047047665621 0
-0.065561560513 0.922114372550 0.118260861653 0
0.016693019541 0.810620788776 0.142921603408 0
0.037588770235 0.602306539678 0.112271559820 0
0.107518004120 0.616061878879 0.080630099717 0
0.078594074074 0.683103703704 0.136325925926 0
-0.155102873128 0.671530159912 0.125596005760 0
0.174251058100 0.898337823194 0.163321375194 0
-0.082909992851 0.621194769169 0.009097790007 0
0.224119659592 0.779892656497 0.174836841811 0
-0.036420280316 0.617596136621 -0.085591843310 0
0.256474608926 0.671532711082 0.175439497683 0
-0.039981990692 0.341174048691 0.007397150903 0
0.144892939022 0.340650360381 0.009211424090 0
0.003211878965 0.024606120603 0.011338575548 0
0.220636849590 0.061279794753 0.167267861497 0
-0.015388988529 0.040716963095 -0.030659833475 0
0.206372944087 0.067393345643 0.120914076820 0
-0.133805537143 1.017073828472 0.084279984331 0
-0.197291115615 0.873178158713 0.186735872021 0
0.070771151913 1.024294909718 0.054285068134 0
-0.055378782126 0.933015670378 0.125774940035 0
0.021507667844 0.816951650327 0.146698609198 0
0.033422470287 0.606459305053 0.116319761490 0
0.103628471011 0.617742466768 0.084315123858 0
0.076787777778 0.686392592593 0.139087037037 0
-0.163401940132 0.687617430676 0.123511373297 0
0.186865656879 0.895943660531 0.161590972879 0
-0.087719673367 0.651076528236 0.004120189604 0
0.233431554243 0.775724051778 0.166844902264 0
-0.037096339973 0.657984712750 -0.088796753102 0
0.262851715892 0.666555877543 0.162277437770 0
-0.042040854727 0.343196088718 0.015305861715 0
0.132696632446 0.339987157439 0.018314762960 0
0.000966229877 0.026347365703 0.012672175449 0
0.188004350039 0.054590161049 0.172654729736 0
-0.017662232291 0.046086079398 -0.027735515115 0
0.173977120612 0.061588328216 0.126353862039 0
-0.119481643746 1.031791316200 0.094795057907 0
-0.188552655803 0.889390575569 0.192898509033 0
0.086628084418 1.028765560761 0.062181100584 0
-0.043922732950 0.942831054653 0.132382609981 0
0.026555280007 0.822257670962 0.150695686120 0
0.030030135883 0.609861537967 0.121042639032 0
0.100875668140 0.618853145212 0.089728893422 0
0.075188148148 0.688977777778 0.143169629630 0
-0.172352016703 0.702679151916 0.126152866376 0
0.200571091094 0.891501621445 0.160375482487 0
-0.095373034306 0.675139535273 0.005185500604 0
0.243302486570 0.769753978025 0.159846273200 0
-0.042437131073 0.689679098090 -0.085144697511 0
0.269546221774 0.660051664727 0.150194446524 0
-0.042974387622 0.345001259381 0.022425121215 0
0.124323252081 0.339520396190 0.028308671676 0
-0.001290521933 0.028332323373 0.014110469294 0
0.160040139056 0.047326191612 0.177253031760 0
-0.019838551894 0.052203773664 -0.024041101097 0
0.145983478204 0.054757202722 0.131028598631 0
-0.103350710903 1.045141733798 0.102996066030 0
-0.179336461639 0.904541552619 0.196726807563 0
0.104301092333 1.031792171272 0.071851328839 0
-0.031455807086 0.951401014030 0.138663253483 0
0.031890515439 0.826474178870 0.154438281908 0
0.027448319902 0.612424298491 0.125838478842 0
0.099126711012 0.619229211132 0.095898697320 0
0.073981111111 0.690844444444 0.147591851852 0
-0.179321999519 0.716533106812 0.131677431397 0
0.214420938327 0.885721739567 0.161314074965 0
-0.103650024583 0.692704586053 0.009108056734 0
0.253142361031 0.762824762251 0.154552027174 0
-0.051510491660 0.710169275631 -0.081038685530 0
0.276146414425 0.652945051052 0.139454410022 0
-0.041921695765 0.346396232598 0.027742038902 0
0.118097099244 0.338878751077 0.037651281705 0
-0.003188717120 0.030615397955 0.015904908485 0
0.137754936161 0.039725853092 0.179337634842 0
-0.021379687404 0.058632689525 -0.019500427992 0
0.123693050470 0.046190491861 0.132969761535 0
-0.085855010677 1.056579958023 0.108822091347 0
-0.170173739702 0.918351882185 0.197892854152 0
0.122322604898 1.032673777944 0.081216979599 0
-0.018863718202 0.958351972535 0.143660542816 0
0.037350929914 0.829860181208 0.158264037566 0
0.025660350572 0.614487473080 0.130752299808 0
0.098223887358 0.619224739742 0.102599492852 0
0.073254444444 0.692344444444 0.152230740741 0
-0.186434564892 0.729609735026 0.137142671491 0
0.226475851224 0.877327803314 0.161754324292 0
-0.114072817310 0.705965958511 0.012555163624 0
0.261509602952 0.753939732851 0.147727164661 0
-0.064370494944 0.722465270089 -0.079998083592 0
0.281498361575 0.644370526770 0.126640282957 0
-0.039667455876 0.347639684802 0.032108607456 0
0.112736942555 0.338316448774 0.045775899137 0
-0.004872388117 0.032786184688 0.017976740012 0
0.123395763282 0.034268491383 0.175565207493 0
-0.022594368600 0.064291696222 -0.014623137724 0
0.111324106163 0.044221587276 0.129254098296 0
-0.067461909860 1.066427666248 0.112450137576 0
-0.160450513723 0.929453900438 0.199539246176 0
0.139692796778 1.030523793487 0.090288447381 0
-0.006289537076 0.962514198271 0.148772294194 0
0.042938445734 0.831020374396 0.162350530265 0
0.024228828122 0.614725577448 0.135733168131 0
0.097744827109 0.617399726092 0.109873239132 0
0.072781111111 0.691959259259 0.157317037037 0
-0.192682865916 0.740001791724 0.148084691282 0
0.235528564225 0.865976419087 0.162442461133 0
-0.126240775257 0.713223671279 0.020861742677 0
0.266540495617 0.742731233864 0.140134943778 0
-0.080033863185 0.726907598140 -0.074351518849 0
0.283501856627 0.634595641438 0.110800947340 0
-0.040475013371 0.348124786027 0.036016201899 0
0.107835816275 0.336154956484 0.053761128012 0
-0.006241400359 0.033727176958 0.019456031840 0
0.116956170636 0.031174710440 0.169362968283 0
-0.023955658585 0.066867713438 -0.011484682035 0
0.108740521929 0.049525419808 0.124806684321 0
-0.048810673762 1.072984421123 0.115225009886 0
-0.150129886078 0.937548104426 0.200492641155 0
0.157332371842 1.024371793814 0.099668665468 0
0.006701079627 0.963255768564 0.153812478045 0
0.048778208405 0.829253551936 0.167231400607 0
0.023215871843 0.612539968973 0.139853040047 0
0.097774255700 0.613600872772 0.117040521871 0
0.072375185185 0.688925925926 0.163021481481 0
-0.197752758873 0.748413453763 0.161265824451 0
0.244201211923 0.851981380470 0.164490609706 0
-0.140476127592 0.714194844439 0.031397537011 0
0.270809071015 0.729772264396 0.132777920085 0
-0.099042933518 0.722200128510 -0.066790847931 0
0.284600147719 0.624167401695 0.094217546878 0
-0.037658077798 0.347409370958 0.033993837819 0
0.106195367336 0.332008186220 0.062417621294 0
-0.005483520251 0.033173202324 0.021310221370 0
0.112207599659 0.027132857000 0.166534397156 0
-0.022942092878 0.065828819204 -0.010284506130 0
0.107257800569 0.049583483148 0.123395357608 0
-0.029360222339 1.075476857944 0.117087514956 0
-0.139162549417 0.943615852969 0.197865530592 0
0.176631893151 1.013694700593 0.110689316430 0
0.020706659623 0.960807128942 0.158089036799 0
0.054764661994 0.824700530185 0.173104761848 0
0.022118456144 0.608431441943 0.142821895679 0
0.097807308854 0.608115996627 0.124071237678 0
0.071613333333 0.683355555556 0.169745185185 0
-0.200049147096 0.755808017344 0.173378057381 0
0.251985685492 0.833090610183 0.166996535787 0
-0.153479710691 0.713748022966 0.041546565456 0
0.275055281114 0.713203720964 0.125239279519 0
-0.118026553166 0.714932961790 -0.059849764688 0
0.286387542096 0.611267614266 0.077294958851 0
-0.033026640104 0.346161266640 0.027152470372 0
0.107311526131 0.326446454202 0.070025366119 0
-0.003052390807 0.031734833370 0.021440903957 0
0.107514519888 0.022284244052 0.165959761066 0
-0.020127464872 0.062347808619 -0.012333427566 0
0.105128756396 0.042887872393 0.121695706910 0
-0.009579640346 1.074070203863 0.118000919727 0
-0.127663369358 0.947455520365 0.194415070910 0
0.194838790816 1.000021182501 0.120482162106 0
0.034463086643 0.955866906250 0.161549674533 0
0.060502045002 0.818382321531 0.179559164732 0
0.021007983562 0.603074068132 0.145862535422 0
0.097718430322 0.601363012661 0.131967617183 0
0.070289629630 0.676348148148 0.177334074074 0
-0.199924591232 0.762293077525 0.185942596753 0
0.257979518411 0.812382055033 0.168140747966 0
-0.165590763585 0.710862304414 0.053680124170 0
0.277274262498 0.696051115426 0.115761684965 0
-0.138071615516 0.704111595588 -0.050316984190 0
0.286496186134 0.599508525175 0.057589794898 0
-0.030195905411 0.344888510304 0.019670531207 0
0.110013692449 0.320422623726 0.074780713939 0
0.000672455572 0.029993435923 0.020136837808 0
0.105051605986 0.018457010496 0.165434718024 0
-0.015968465796 0.057324838018 -0.016544111924 0
0.105274339179 0.037988163400 0.120624090771 0
0.009770544059 1.069972987982 0.119080124873 0
-0.115223676613 0.949529212237 0.187303212556 0
0.213022104323 0.982620325402 0.129023261590 0
0.048616732259 0.948367737368 0.162995912745 0
0.066327920924 0.810544465949 0.186733620979 0
0.021797295407 0.596354538196 0.148865760650 0
0.099184176838 0.594018821100 0.139575759902 0
0.069887037037 0.668248148148 0.185017037037 0
-0.194823007636 0.767365316902 0.194975173207 0
0.264651428766 0.789424212026 0.167444727964 0
-0.175326638683 0.704024940043 0.064878339831 0
0.280283395404 0.677947777363 0.104378199330 0
-0.158292046431 0.687479120025 -0.040407090341 0
0.287748129473 0.588402447565 0.036067041067 0
-0.026865925164 0.343704675508 0.011003582034 0
0.115288572729 0.314759535983 0.075513933378 0
0.004864975544 0.028769820959 0.017957073550 0
0.104937237022 0.014805776271 0.165771945309 0
-0.010934968091 0.052797549548 -0.021316937166 0
0.107068139344 0.034168528327 0.120938353587 0
0.028674240663 1.063379353739 0.119598066173 0
-0.101457228766 0.949792227307 0.179316364172 0
0.230495067007 0.965445469240 0.136895655726 0
0.063151073410 0.940155779156 0.163596340354 0
0.072516333173 0.802694152557 0.192876191820 0
0.024000700332 0.589205877739 0.151774058871 0
0.101796447765 0.587736845132 0.146660084851 0
0.069381111111 0.660440740741 0.192448888889 0
-0.184724912394 0.770847837834 0.204296267752 0
0.271811411479 0.768312779735 0.166865588198 0
-0.180798373882 0.694086545417 0.080160921942 0
0.284009897122 0.662938669516 0.093406519708 0
-0.174630054876 0.666490829494 -0.023940487193 0
0.290662521039 0.580832242072 0.016307294838 0
-0.023188295856 0.342885339541 0.002424021891 0
0.121793483703 0.311163754115 0.072792220475 0
0.007951662793 0.027908879748 0.015889813366 0
0.104662382713 0.013132092714 0.165400350718 0
-0.007148366541 0.048366149064 -0.025618103036 0
0.106912826933 0.029861309478 0.119524685428 0
0.047427125865 1.056266941282 0.120500185347 0
-0.087812471619 0.950656256090 0.171358405969 0
0.246202596077 0.951169798643 0.145463657789 0
0.076808116789 0.933713856010 0.164366240436 0
0.078165025892 0.797021248067 0.197934588241 0
0.026321963172 0.584053201291 0.154610778554 0
0.104285875786 0.583774521795 0.153182572193 0
0.068656296296 0.655118518519 0.198721481481 0
-0.172158092883 0.775514978085 0.213666161236 0
0.274619235671 0.750697328437 0.167138936979 0
-0.183284241540 0.684500678837 0.100044402995 0
0.286014689393 0.650856172908 0.086202985775 0
-0.186671122991 0.643147876273 -0.000115887399 0
0.293699334963 0.575892923068 0.002556952439 0
-0.016974558950 0.343026578893 -0.004252750654 0
0.128314121721 0.309854628793 0.071087790852 0
0.009378427626 0.028170797182 0.015109278711 0
0.104920016379 0.012365247182 0.163876995988 0
-0.005210820929 0.047098125986 -0.027297418032 0
0.107492606575 0.028476912860 0.117797674515 0
0.065211553451 1.050824568336 0.121793034916 0
-0.076264077150 0.954208191116 0.164711145092 0
0.258388087509 0.941917257284 0.155029781988 0
0.087742508308 0.931050879939 0.165916256142 0
0.082124445466 0.794925325770 0.201312022276 0
0.027683069575 0.582518648155 0.156718739985 0
0.105636453748 0.582895791182 0.158620519370 0
0.067481851852 0.653492592593 0.203269629630 0
-0.160371435174 0.783623445677 0.223066900532 0
0.272755389882 0.739513350914 0.172140414747 0
-0.183522257232 0.678643554116 0.124271356080 0
0.284335038893 0.643983898865 0.086182422565 0
-0.195183288174 0.622947999147 0.031383689002 0
0.294278663422 0.574957760058 -0.001807236372 0
-0.010967958126 0.344490289276 -0.007764210109 0
0.135765010359 0.310610739335 0.073167970398 0
0.010716192495 0.029918799531 0.014876183840 0
0.105308046370 0.011312906680 0.163415054792 0
-0.003396916509 0.047644154900 -0.028205712695 0
0.108266128782 0.026299771417 0.116980676446 0
0.080867104371 1.049029647705 0.124361883978 0
-0.066459768558 0.960996317920 0.160253309291 0
0.267741459400 0.937953310310 0.164180928053 0
0.096532971782 0.932570816002 0.168078324587 0
0.084919144580 0.796730049958 0.203320044306 0
0.028018188642 0.584212825428 0.159340963336 0
0.105819569930 0.584483318003 0.164571738537 0
0.065957037037 0.655800000000 0.206501851852 0
-0.150169010403 0.794891539376 0.230826410526 0
0.269304565928 0.735026744077 0.181059904888 0
-0.181785087703 0.677747601057 0.149616687162 0
0.281503961756 0.641220031955 0.093309027955 0
-0.199702630449 0.608934426227 0.066671740616 0
0.294882319376 0.574722646176 0.004066516445 0
-0.005370183310 0.347616731631 -0.008329986634 0
0.142303985646 0.313342324584 0.077966504252 0
0.011908666363 0.032947800064 0.014505964487 0
0.107485827832 0.011113224831 0.162745522228 0
-0.001764544695 0.050877776759 -0.028633079462 0
0.111413734815 0.027334010709 0.116800277525 0
0.094810142946 1.051287633886 0.128114076509 0
-0.058179494429 0.970304539296 0.155962099828 0
0.274882170043 0.937636781058 0.171441518021 0
0.103556687995 0.937214340198 0.169464671646 0
0.086787992639 0.801921972660 0.204827740965 0
0.027250989825 0.589259727329 0.162077606628 0
0.104782934717 0.588803971720 0.170388979192 0
0.064145925926 0.661533333333 0.209019259259 0
-0.140707373989 0.807719760117 0.235548128237 0
0.265987088149 0.735115704976 0.190745033373 0
-0.176094041285 0.681176648107 0.171893416094 0
0.278798445345 0.640280300948 0.104195301024 0
-0.197285937983 0.601299083532 0.099892814400 0
0.295206874947 0.573059292204 0.016169049197 0
-0.000993650268 0.352401580743 -0.006167753327 0
0.145397894838 0.317804792813 0.085189873829 0
0.012757659027 0.036921031794 0.014566122522 0
0.109480348945 0.011582052967 0.162531375334 0
-0.000206041590 0.056258922253 -0.028182050968 0
0.114152248914 0.029799078130 0.117411299941 0
0.106178253824 1.056582236960 0.132088584558 0
-0.051031612291 0.981564384821 0.152210972135 0
0.280331884786 0.939177813569 0.177479105022 0
0.109199048142 0.943774001468 0.170483788295 0
0.087660373121 0.809071719162 0.205637298524 0
0.025561253001 0.596362293149 0.164180220896 0
0.102728052414 0.594853945009 0.175293233984 0
0.061997777778 0.669200000000 0.210605185185 0
-0.131674441303 0.821685191989 0.238894160075 0
0.262678403711 0.737475662646 0.199184665685 0
-0.168007048309 0.688443108372 0.191525535236 0
0.275175805285 0.639351932253 0.116333658524 0
-0.189922853908 0.600231693714 0.130136168040 0
0.293488769051 0.569185150802 0.031275528448 0
0.002123376909 0.357825727234 -0.002424146186 0
0.145177437794 0.323029772629 0.093692458871 0
0.012703322033 0.039328516360 0.016605186087 0
0.110419312224 0.012181927153 0.162748703121 0
0.000801824797 0.055843984762 -0.027610326403 0
0.115272543886 0.031799507579 0.118239102592 0
0.115450086726 1.063474599670 0.135091518159 0
-0.045091361631 0.994112232655 0.148908147213 0
0.284018063600 0.941780923323 0.183336151007 0
0.113368606126 0.951469434694 0.171444868976 0
0.087450158151 0.817099911885 0.205302465509 0
0.023602631056 0.604705333593 0.164663644350 0
0.100365898076 0.602030344826 0.178107392985 0
0.059925555556 0.677585185185 0.211111481481 0
-0.122115025190 0.835875387504 0.241682353389 0
0.259972211910 0.741163128160 0.208650805356 0
-0.158330708156 0.698373863828 0.208530383737 0
0.271724423133 0.638627782372 0.131209670966 0
-0.178970262426 0.604286651232 0.156543863038 0
0.290619167528 0.563619171519 0.050517219481 0
0.004428455098 0.363365950996 0.001587907869 0
0.143649711543 0.328546634809 0.102727094794 0
0.010070057862 0.040497923142 0.021673957821 0
0.110910197713 0.012933734911 0.163071042204 0
0.000067021014 0.055518460737 -0.023533791315 0
0.115769044561 0.033494294386 0.118989721218 0
0.122221864160 1.071118570166 0.136786542114 0
-0.041007625155 1.004570381436 0.145495079564 0
0.285929711624 0.944628403222 0.187397397213 0
0.115868673568 0.958255866754 0.171584657094 0
0.086697438945 0.824322409627 0.204694919784 0
0.021594307399 0.612339105128 0.164020845985 0
0.097917756605 0.608336770243 0.179486987149 0
0.058120000000 0.685014814815 0.210629259259 0
-0.115106891919 0.848128778912 0.243545683377 0
0.257356349606 0.745193277201 0.216990097940 0
-0.149438253454 0.707976388441 0.221275459806 0
0.268161182655 0.637756759645 0.146354475352 0
-0.167392559652 0.609741372473 0.176838140119 0
0.286585115236 0.557138020965 0.071016546137 0
0.006787170608 0.367654350098 0.005540052824 0
0.142306392672 0.333398936437 0.110292666296 0
0.006559933233 0.040064546859 0.028997198176 0
0.111661821266 0.013910587003 0.163164941665 0
-0.000884731402 0.054032360751 -0.017034258691 0
0.116542797508 0.035104932045 0.119387279921 0
0.126418614003 1.077960888859 0.137585195125 0
-0.039313754926 1.010765278082 0.144061308808 0
0.286533186745 0.947344605226 0.189210572542 0
0.116796069334 0.962767258861 0.171661786117 0
0.086123080806 0.829007015002 0.204153701567 0
0.019780054236 0.617307944187 0.163454430504 0
0.095748926046 0.612242400783 0.180293667178 0
0.056663703704 0.689862962963 0.209968888889 0
-0.111480956684 0.855639553831 0.245582252013 0
0.254541594689 0.749048082487 0.222700295618 0
-0.143457683074 0.714011614469 0.230209758435 0
0.264192789074 0.637618411290 0.158365050815 0
-0.158540879449 0.612048916917 0.191995729161 0
0.281366358782 0.552174160834 0.088006170385 0
0.008891163205 0.369006926453 0.010372494636 0
0.139844358759 0.336371122524 0.114721964792 0
0.002227555943 0.039229153191 0.038031632500 0
0.111994915987 0.014429091171 0.163288152481 0
-0.001794328058 0.050977506688 -0.009034475443 0
0.116760367359 0.035268825137 0.119327899752 0
0.128223527797 1.082846173921 0.139195627924 0
-0.038912394765 1.013220913417 0.142549724174 0
0.286286244264 0.948879846260 0.190953643519 0
0.116780243968 0.964770132001 0.171673553793 0
0.085430650785 0.831025741007 0.203585326175 0
0.018252432619 0.619389734590 0.162910644150 0
0.093994984341 0.613760042493 0.180570245823 0
0.055342222222 0.691992592593 0.209185925926 0
-0.110367733075 0.858637274189 0.245392469923 0
0.251275723581 0.751875118814 0.228768128179 0
-0.139192575156 0.715951310815 0.234116737900 0
0.259396799231 0.636915773308 0.170741083526 0
-0.151713154305 0.610880063120 0.200871750201 0
0.275081891643 0.547258040769 0.105335278114 0
0.010217592303 0.367339719385 0.015899509806 0
0.137541007458 0.337436668983 0.116553414982 0
-0.003571153825 0.037538014823 0.047830496616 0
0.111443593632 0.013781819618 0.163612936884 0
-0.004494743979 0.047803461457 0.000257547744 0
0.115857782706 0.032254233336 0.118570815211 0
0.128797428953 1.085012750153 0.140057042583 0
-0.039565063803 1.012541261116 0.141048812048 0
0.285367285688 0.949075275295 0.192311898725 0
0.115996254262 0.964505779418 0.171530646757 0
0.084614029859 0.830681963900 0.203044064758 0
0.016865922234 0.618998008494 0.162465655923 0
0.092502550776 0.613065482293 0.180476615404 0
0.054171481481 0.691703703704 0.208404814815 0
-0.111350438981 0.858003592256 0.243730680249 0
0.247655420387 0.753690749918 0.235546571190 0
-0.136863806648 0.714514424499 0.234942927158 0
0.254195722613 0.635956485326 0.183157561965 0
-0.146605715186 0.608332845653 0.203935829026 0
0.268448262967 0.542738088561 0.122402894880 0
0.010528680539 0.363490268910 0.021463255854 0
0.133613032016 0.336622952976 0.115373053093 0
-0.011270002002 0.035872749167 0.057595680935 0
0.110268903635 0.013029037671 0.164356286145 0
-0.009794414214 0.043406627069 0.009528215824 0
0.114102619165 0.028917737717 0.118287210892 0
0.128079579041 1.084895600584 0.140314973879 0
-0.041094563249 1.009668695637 0.140129149663 0
0.284098542793 0.948611875656 0.192649390268 0
0.114702848543 0.962775426647 0.171178485070 0
0.083879241981 0.828740387409 0.202324778537 0
0.015971661448 0.616875532587 0.161846425819 0
0.091665585398 0.611242813720 0.179712355992 0
0.053124814815 0.689814814815 0.207538148148 0
-0.112948191910 0.853752006924 0.240655959383 0
0.244152285601 0.755121058715 0.241966068383 0
-0.136212049164 0.709823831124 0.232860386647 0
0.249307942399 0.635167273249 0.194708799574 0
-0.143608311850 0.602874672025 0.203244911997 0
0.262101823432 0.539132167133 0.138056987669 0
0.009485953114 0.358181385491 0.026786008633 0
0.130417683895 0.334989649508 0.112396075396 0
-0.020064155211 0.033799040754 0.066868431139 0
0.109191979576 0.012312287950 0.164756911692 0
-0.017131839742 0.039299692232 0.018592534078 0
0.112621634227 0.025935556232 0.117936489985 0
0.125602439787 1.083495809549 0.140560986392 0
-0.043449253004 1.005276812164 0.138908068151 0
0.282232324630 0.947763157811 0.192392240672 0
0.112759396500 0.960073858281 0.170394957604 0
0.083001724004 0.825736620309 0.201205239185 0
0.014899130216 0.613651057149 0.160919814424 0
0.090756088063 0.608189890708 0.178135699909 0
0.052329259259 0.686770370370 0.206094814815 0
-0.114889075256 0.846812742557 0.235676284438 0
0.241476457944 0.755901625183 0.247115600151 0
-0.136514278200 0.702684114045 0.226924893785 0
0.245350336696 0.634139203791 0.204599171559 0
-0.142276609632 0.595330324077 0.197398006672 0
0.256615476549 0.535717126069 0.151736658389 0
0.006853897817 0.352160102920 0.031444729805 0
0.127255667049 0.332494994143 0.107360547135 0
-0.028668584256 0.031740319343 0.075581215456 0
0.108685212715 0.011641008836 0.164417777048 0
-0.025163319417 0.037794467337 0.027409872437 0
0.111885722538 0.023986546698 0.117228241234 0
0.121955772061 1.081250087891 0.141078277515 0
-0.046665971094 1.001154337633 0.137177708607 0
0.279596251771 0.946600356907 0.190221956878 0
0.109978101092 0.957405734898 0.168555532541 0
0.081441833069 0.822961046245 0.199829538116 0
0.013758736683 0.611055956491 0.158444761618 0
0.089928729517 0.605509441546 0.174188251365 0
0.051938888889 0.683729629630 0.203711111111 0
-0.117289477023 0.839228206971 0.228670035403 0
0.239276680102 0.755965574240 0.249376383784 0
-0.137232430817 0.695052161378 0.217144226600 0
0.242032405580 0.632592155130 0.211691554818 0
-0.141600816047 0.587750209523 0.186239929192 0
0.252282651164 0.532059178043 0.162725393443 0
0.002873529985 0.347262485189 0.033943519783 0
0.123851629611 0.329759515941 0.102353490376 0
-0.035974423007 0.031014198287 0.081587210481 0
0.108006470203 0.011483530880 0.164619182641 0
-0.032688044157 0.039887463540 0.033839092658 0
0.110879649137 0.023702842310 0.117375758447 0
0.117502890380 1.078969214681 0.140805162327 0
-0.051284277598 0.998360572389 0.136398833336 0
0.275798026254 0.947069467925 0.187616567244 0
0.105966407261 0.956165207548 0.166856126792 0
0.079271819673 0.821273760167 0.197743648845 0
0.013159981195 0.609285406675 0.155091114769 0
0.089888091859 0.604201516413 0.168030983372 0
0.052265925926 0.681525925926 0.200260370370 0
-0.120380536565 0.832435784447 0.221682295897 0
0.235989266184 0.756600752920 0.247645440885 0
-0.138955940495 0.688411332710 0.206542630500 0
0.238220915772 0.631195599857 0.217358344204 0
-0.142262824291 0.581477547187 0.173511478201 0
0.247727661431 0.527918134368 0.174311812220 0
-0.002716066383 0.344051055744 0.034241072799 0
0.120462343511 0.327519053197 0.098309772878 0
-0.041606589225 0.030525385377 0.083062889473 0
0.107071852112 0.011778347133 0.165143039456 0
-0.039148996228 0.041197756664 0.035634220869 0
0.109581368699 0.024038311822 0.117889431647 0
0.112034623464 1.077724195556 0.139582686258 0
-0.057534760078 0.997288247153 0.136573020417 0
0.270525196755 0.950165179231 0.185490791723 0
0.100465099795 0.957050291946 0.165776182372 0
0.076053022860 0.821487152809 0.195512645365 0
0.011358519634 0.608720490801 0.153061119503 0
0.088485872247 0.604033184747 0.163543950546 0
0.051542222222 0.681251851852 0.196795555556 0
-0.124186241987 0.827202152616 0.215356887091 0
0.231755923493 0.759281634050 0.244878922476 0
-0.141567451446 0.683584314374 0.195631069140 0
0.233556555844 0.632096272170 0.223213688887 0
-0.144642467354 0.577105524939 0.159879820218 0
0.242533179311 0.525785837319 0.187775065971 0
-0.008629364117 0.342697798884 0.034577136057 0
0.117500056198 0.326460696502 0.096755415547 0
-0.045571600360 0.029758996476 0.081136574530 0
0.106202288409 0.011914317136 0.165643037722 0
-0.043998941082 0.040982088064 0.033797512057 0
0.108455694416 0.024281038619 0.118404343628 0
0.104735041510 1.078660518809 0.138414635380 0
-0.065110453608 0.996725358808 0.135791708322 0
0.263956998084 0.954903742577 0.182721781944 0
0.093704954127 0.959002728429 0.163908302186 0
0.071924839782 0.822794569800 0.192691499598 0
0.009375078668 0.609469930777 0.149836992184 0
0.086707924096 0.605160172546 0.158867280538 0
0.049996296296 0.682118518519 0.192968518519 0
-0.129002144321 0.822748941635 0.208101150090 0
0.226566248690 0.763570994931 0.241545637501 0
-0.144175728627 0.679728012157 0.182960070794 0
0.228098905860 0.635240207787 0.228218937501 0
-0.146213478090 0.574518228780 0.143237437128 0
0.236881576863 0.526498880729 0.200475025132 0
-0.013131946139 0.342289599373 0.034450048423 0
0.115740120994 0.326462441072 0.096950210820 0
-0.046160193206 0.028289200728 0.076931789264 0
0.105887539363 0.011917580519 0.166034460506 0
-0.044959779492 0.034988348900 0.028733259219 0
0.108024018135 0.023988412411 0.118713869486 0
0.095905777825 1.080852506931 0.136948089370 0
-0.074026462666 0.995928712911 0.135188599701 0
0.256201779263 0.960573234461 0.179190480722 0
0.085760543861 0.961273890654 0.161703298769 0
0.067197616580 0.824320521656 0.189194100618 0
0.007581375857 0.610464622629 0.145409015975 0
0.085011151457 0.606551963040 0.153764256922 0
0.048175185185 0.683211111111 0.188401111111 0
-0.134746175622 0.818516117147 0.201645236435 0
0.220325360585 0.768974741922 0.238092388027 0
-0.146482564439 0.676263263457 0.170925851803 0
0.222071820590 0.640089700099 0.232232629357 0
-0.146694847091 0.573108841622 0.126486165216 0
0.230950881239 0.529723567223 0.211336682129 0
-0.017081621997 0.342157865862 0.033118040136 0
0.115050230038 0.326803218610 0.097307979538 0
-0.047275915977 0.025943687755 0.071416180198 0
0.106040095796 0.011924038766 0.165999859887 0
-0.046928332166 0.031009513412 0.023005081536 0
0.108265350540 0.023309784254 0.118513852479 0
0.086184260707 1.083147590056 0.135186020423 0
-0.083964561295 0.994009039511 0.134868771440 0
0.247377091969 0.966256277630 0.175848768728 0
0.076837331863 0.962965506708 0.159666425665 0
0.062004693332 0.825199114969 0.185310893820 0
0.006058627050 0.610384954453 0.140879820120 0
0.083527098774 0.607009661299 0.149109789177 0
0.046281111111 0.683670370370 0.183301851852 0
-0.142061081279 0.813793342749 0.195907236769 0
0.214403061154 0.773790413796 0.233608088277 0
-0.149223699200 0.672764073087 0.158802792286 0
0.217127548080 0.644789187984 0.233650633586 0
-0.146994692779 0.572045821524 0.109313119511 0
0.226356825979 0.533178728438 0.219012505474 0
-0.020488992104 0.340767600235 0.032216354933 0
0.114850196551 0.326652446082 0.096500731691 0
-0.048031817209 0.023257038904 0.068156195453 0
0.106298918824 0.011944613483 0.165571709231 0
-0.048254105228 0.028040900163 0.019715684130 0
0.108736682180 0.022202492893 0.117839737992 0
0.074304483722 1.084915015207 0.132750785577 0
-0.095072445242 0.990471575570 0.134465485796 0
0.237344073186 0.971175940274 0.171395201366 0
0.066780627430 0.963477063246 0.157065322039 0
0.056129435016 0.825026894924 0.181134018528 0
0.004413930639 0.609477897405 0.135947164795 0
0.081912000099 0.606670312239 0.144111465204 0
0.044152222222 0.683129629630 0.178190740741 0
-0.151695356928 0.808167396996 0.190480033818 0
0.207904582396 0.777380714342 0.226560962781 0
-0.152908537800 0.669176076103 0.145789557136 0
0.212235759478 0.648505026836 0.231147789031 0
-0.147303776875 0.571184473242 0.091005059659 0
0.221777829430 0.536262743608 0.220920953752 0
-0.022711297253 0.338609078219 0.030588979306 0
0.114106493948 0.325835517752 0.094671094256 0
-0.048695748767 0.020771198654 0.066519790540 0
0.106491428879 0.012457361365 0.165257216486 0
-0.049082636611 0.027213809411 0.018272915385 0
0.109111362001 0.022008326390 0.117388407475 0
0.061665512352 1.085427068439 0.129880704373 0
-0.106277502042 0.985189489391 0.133088780679 0
0.226948453389 0.975298590714 0.166247488551 0
0.056527111229 0.962759802673 0.153763414380 0
0.050330084551 0.823932984964 0.177180644890 0
0.002728296187 0.608055514183 0.131205812701 0
0.080280931134 0.605602345605 0.138955643827 0
0.042327777778 0.681770370370 0.173469629630 0
-0.161795395083 0.801126245993 0.184246216362 0
0.200909936606 0.780886757949 0.220951870178 0
-0.156548656288 0.665036576597 0.131621398898 0
0.207382309786 0.652154073196 0.226846372829 0
-0.146664859078 0.570463087334 0.071452745026 0
0.217517546922 0.539606005980 0.218499405083 0
-0.024842021948 0.336398410762 0.028015027435 0
0.112483995018 0.324338600012 0.092022866373 0
-0.049152020738 0.019287091722 0.066358720792 0
0.106427886218 0.012790761588 0.165706381460 0
-0.049626918036 0.027203870937 0.018332509644 0
0.109034533103 0.021820445592 0.117735785702 0
0.048719228597 1.084682776690 0.126656454464 0
-0.117131170641 0.978440972733 0.131155520621 0
0.216563268097 0.978203188868 0.160901649291 0
0.046458611799 0.960732134736 0.150146401727 0
0.044761537427 0.821760527134 0.173440841535 0
0.001116146688 0.605871125849 0.126878659603 0
0.078742293281 0.603647517965 0.133930328832 0
0.040822962963 0.679444444444 0.169288148148 0
-0.171373969820 0.792682580866 0.177308915204 0
0.194333049060 0.783635840756 0.216721886257 0
-0.159871870277 0.660128367386 0.117189201362 0
0.203121576709 0.654994443810 0.221506619613 0
-0.145302351824 0.569772475928 0.051843822572 0
0.214494574356 0.542319896745 0.213415800725 0
-0.027329231126 0.334111418360 0.024196799903 0
0.110112631022 0.322142290204 0.087889844888 0
-0.049118704193 0.018293593652 0.065955674534 0
0.105687590267 0.012190164771 0.166327378361 0
-0.049611673539 0.026732921966 0.018018709709 0
0.107922931299 0.020102397017 0.118141200987 0
0.035800245220 1.082539436590 0.123161531012 0
-0.127127147474 0.972076060210 0.127939920558 0
0.206612248502 0.981051673733 0.155766546158 0
0.036990416202 0.958905468962 0.146046114148 0
0.039496696147 0.820018485733 0.169779799832 0
-0.000355219778 0.604325930205 0.123065924675 0
0.077354342517 0.602302169894 0.129199229481 0
0.039600370370 0.677659259259 0.165657037037 0
-0.179400659240 0.784475921079 0.168587983357 0
0.187901329142 0.786602884945 0.213265280753 0
-0.162141004086 0.655941402115 0.101518768838 0
0.199268443146 0.658092978866 0.215440978086 0
-0.142993218066 0.570398113514 0.031388796727 0
0.212435963182 0.545816272869 0.204929799215 0
-0.029614067436 0.332574286345 0.020591506709 0
0.107888073531 0.321022384395 0.081257691666 0
-0.049011473719 0.017517645217 0.064858505541 0
0.105531907802 0.013218359354 0.165977250945 0
-0.049492062237 0.026042918497 0.016936625069 0
0.107585348427 0.021724817753 0.117884305457 0
0.023082135912 1.080472867035 0.119079665915 0
-0.136338806509 0.965632735624 0.124741035152 0
0.197173063154 0.984627345299 0.150155691432 0
0.028219612071 0.957417308725 0.141738301476 0
0.035057847013 0.818781235732 0.166149240573 0
-0.001578067805 0.603383852158 0.119748214208 0
0.076214289545 0.601614698910 0.124818553503 0
0.038661111111 0.676470370370 0.162496296296 0
-0.186014158061 0.776180222753 0.159650948623 0
0.181872044615 0.790405952187 0.209404857956 0
-0.164098756589 0.651946560414 0.086145777937 0
0.195558318863 0.662109332659 0.208219862227 0
-0.141097607878 0.571097577277 0.011888284922 0
0.210478189014 0.550480188553 0.194328597312 0
-0.031478711260 0.331364952199 0.018172075125 0
0.106033230642 0.321063583317 0.072369341880 0
-0.048760945720 0.016618088233 0.064326165327 0
0.105979543932 0.015760292074 0.165096718948 0
-0.049172822205 0.024430412459 0.016282270546 0
0.108033417716 0.026202161812 0.117386585670 0
0.010701919395 1.078463730873 0.114081926087 0
-0.144732217557 0.959417811616 0.122855836596 0
0.188334130653 0.989299883563 0.143122474774 0
0.020245128845 0.956598208824 0.137360954357 0
0.031677671864 0.818330492770 0.162316903196 0
-0.002544567552 0.603184829974 0.116793724498 0
0.075323011826 0.601782419933 0.120687621466 0
0.037952592593 0.676107407407 0.159578148148 0
-0.190222148128 0.767845208340 0.151302297437 0
0.177026566659 0.795360246264 0.204164186131 0
-0.165020557518 0.647706084962 0.072253143981 0
0.192461908747 0.667352122193 0.199223408217 0
-0.139298626646 0.570997608069 -0.005399149728 0
0.209162766194 0.556547707717 0.181740295012 0
-0.032915427468 0.330696749927 0.016624370176 0
0.104745022206 0.322372802329 0.062261356793 0
-0.048469268869 0.016112036432 0.063977010282 0
0.106333787495 0.017817281894 0.164071757567 0
-0.048806808164 0.022863544083 0.015772019986 0
0.108324927711 0.028702534646 0.116458161907 0
-0.001013230671 1.076929653085 0.108752316191 0
