-0.065215835774 0.911095229689 -0.120216772760 0
0.242232505649 0.901901533733 -0.100410936299 0
0.089369486454 0.890798240420 -0.095615416395 0
0.086894360174 0.747541757349 -0.091389507752 0
0.043876336130 0.534513241782 -0.151516874362 0
0.152515243284 0.549547738215 -0.116390647661 0
0.081565925926 0.605455555556 -0.097335925926 0
-0.159973285629 0.767054327348 -0.177400394975 0
0.273892597131 0.779941086842 -0.234600449492 0
-0.093821319616 0.810909616570 -0.265136500370 0
0.185741057388 0.820939174859 -0.301366420508 0
-0.041542955290 0.863675905272 -0.335057943472 0
0.116971614426 0.880275782190 -0.347380351717 0
0.036150610080 0.344715307865 -0.339570508878 0
0.192123223518 0.293672295649 -0.133694058189 0
-0.007591165456 0.060897436652 -0.502193617627 0
0.155737883736 0.032074269308 -0.033973443535 0
0.006480087106 0.094557118439 -0.534649101033 0
0.182935492131 0.056832239493 -0.068349989751 0
0.091300036087 0.993817521211 -0.131679231490 0
-0.066970179809 0.911560498998 -0.100671428225 0
0.241175615496 0.905115153765 -0.098241570665 0
0.088930451733 0.892554994057 -0.084936110512 0
0.087859773709 0.749271140825 -0.081181052215 0
0.041269649835 0.536301988539 -0.137859305202 0
0.151862480738 0.550667636146 -0.109133812092 0
0.082522592593 0.607125925926 -0.086177037037 0
-0.162622391850 0.766505711872 -0.153647701815 0
0.269590855402 0.788239858057 -0.237583871648 0
-0.098592247679 0.809400303929 -0.243409541145 0
0.179083600924 0.829185335654 -0.301153808075 0
-0.048259995286 0.861694794561 -0.314962210920 0
0.108162004989 0.888486120514 -0.343486472617 0
0.025568446224 0.348178192580 -0.327094665576 0
0.188888178302 0.294930092490 -0.132963388401 0
-0.021015240810 0.052272751180 -0.478971638606 0
0.154832654006 0.033187180133 -0.034034163968 0
-0.013181526505 0.083369167671 -0.515795252380 0
0.181862314785 0.057672327571 -0.068737030031 0
0.088617233634 0.995906683691 -0.119983255874 0
-0.068957676864 0.911381808945 -0.082906895151 0
0.238913397479 0.907962203973 -0.097224217930 0
0.087743910409 0.893867471625 -0.075718231088 0
0.087981587705 0.750591701369 -0.072111865671 0
0.037962033378 0.537649168477 -0.125247635375 0
0.149992961930 0.551478462913 -0.102441458668 0
0.082273333333 0.608411111111 -0.076072962963 0
-0.164618893335 0.765450875720 -0.133402606766 0
0.263034957109 0.795805360658 -0.241177440568 0
-0.102333868470 0.808202717233 -0.224451214197 0
0.170524637508 0.837090742836 -0.301564442909 0
-0.053366088464 0.860560473425 -0.296822734825 0
0.098035399919 0.896674433524 -0.340310586417 0
0.013315763980 0.350883446951 -0.314874212320 0
0.185537568773 0.296228873680 -0.132849851306 0
-0.032949603052 0.041869913539 -0.452355737256 0
0.154101922866 0.034552624089 -0.034054099812 0
-0.030532140955 0.070508284242 -0.491831455492 0
0.180821799834 0.059068945104 -0.068974181407 0
0.085082426839 0.997414304278 -0.109944450467 0
-0.071274703829 0.911016579901 -0.066099643227 0
0.235408073077 0.911269797434 -0.096871189778 0
0.085780019703 0.895331036017 -0.067362135253 0
0.087509185703 0.752079913860 -0.064130028322 0
0.034186193671 0.539173688360 -0.113937541073 0
0.147317804831 0.552371708420 -0.096927224919 0
0.081391481481 0.609885185185 -0.067457037037 0
-0.166485809176 0.764505469040 -0.115759106704 0
0.255515861935 0.803603367733 -0.244814267318 0
-0.105662280204 0.807742804018 -0.207563378813 0
0.161371148906 0.845926864356 -0.301864479485 0
-0.057867091734 0.860883712621 -0.279970292672 0
0.087912898449 0.906294641595 -0.337059263667 0
0.000486933138 0.353289348603 -0.303036679329 0
0.181807577085 0.297718518817 -0.133019479728 0
-0.043569282434 0.031934718295 -0.422032605941 0
0.153412547504 0.035963342926 -0.034198100974 0
-0.045857249028 0.055151640569 -0.464928671714 0
0.179852226514 0.060405822919 -0.069382223325 0
0.081099952797 0.998936973681 -0.101061315762 0
-0.073763449179 0.910815338111 -0.050313540917 0
0.230921772505 0.914741715700 -0.096711569894 0
0.083185808155 0.896931942557 -0.059694282188 0
0.086386670393 0.753709251330 -0.057319663308 0
0.030298738606 0.540786028905 -0.104010809301 0
0.144204983930 0.553385726135 -0.092656737841 0
0.080146296296 0.611500000000 -0.060380000000 0
-0.168062367415 0.763727646496 -0.100009088958 0
0.247145360560 0.811099414052 -0.247968324946 0
-0.108609471279 0.807699885390 -0.192360529325 0
0.151820271310 0.855575956714 -0.301299334484 0
-0.062078729338 0.861916925368 -0.264557437526 0
0.078041065307 0.917468030643 -0.332794104284 0
-0.013462466050 0.355446370360 -0.291577543969 0
0.177555071258 0.299289779450 -0.133442320779 0
-0.051099968640 0.023891696120 -0.388875417756 0
0.152691603780 0.037455742851 -0.034426578003 0
-0.056513254288 0.041163385071 -0.434226468781 0
0.178761042514 0.061921072971 -0.069870137448 0
0.076626993792 1.000559378821 -0.092884657685 0
-0.076516552902 0.910216084215 -0.035326699031 0
0.225392672839 0.917881346596 -0.096916803857 0
0.079903171137 0.898151367649 -0.052679765120 0
0.084539357142 0.754969986908 -0.051497040410 0
0.026082607305 0.542015273327 -0.095047479032 0
0.140475183568 0.553947772221 -0.089194787446 0
0.078380740741 0.612740740741 -0.054406296296 0
-0.169045196590 0.762059899070 -0.085175644860 0
0.236740057920 0.817360255501 -0.250703293985 0
-0.110764904316 0.807227592142 -0.177697427296 0
0.140731137821 0.864619280089 -0.300282563063 0
-0.065567469191 0.862668533662 -0.249666472826 0
0.067096463142 0.928409600129 -0.327909619536 0
-0.028874994664 0.356708533521 -0.279677341689 0
0.173239645898 0.300517083502 -0.134359134507 0
-0.058352125415 0.020121575216 -0.356262287819 0
0.151977518769 0.038818679305 -0.034800243632 0
-0.065980934656 0.033931503172 -0.402472891463 0
0.177646780862 0.063274487006 -0.070541205751 0
0.071608236801 1.001677498819 -0.085716666399 0
-0.079595829365 0.909372870860 -0.021501709356 0
0.218962102985 0.920517620808 -0.097266037547 0
0.075931027344 0.898995202447 -0.046351602662 0
0.081834564783 0.755867401054 -0.046523306329 0
0.021409209178 0.542840932038 -0.087009714289 0
0.136014079833 0.554144868108 -0.086515058350 0
0.075906666667 0.613618518519 -0.049467037037 0
-0.169871545259 0.759710653969 -0.070981386548 0
0.224587236327 0.822775291321 -0.253145261148 0
-0.112961425469 0.806227973188 -0.163687214133 0
0.127805042194 0.872331793075 -0.298824491644 0
-0.069175217748 0.862911993478 -0.235457616339 0
0.054144989550 0.937584652782 -0.322722682714 0
-0.045151988852 0.356727471123 -0.266949978264 0
0.168760605322 0.301466792994 -0.135727837658 0
-0.066652196838 0.019891276507 -0.325143394068 0
0.151263955800 0.039916092441 -0.035204770910 0
-0.076282217455 0.033505733409 -0.371037206243 0
0.176468482079 0.064472362972 -0.071206650758 0
0.065460586760 1.002494930142 -0.078673565753 0
-0.082884306155 0.908408423951 -0.008381685683 0
0.211537574191 0.922929570981 -0.098415959763 0
0.071340897303 0.899674966890 -0.040818234556 0
0.078329744979 0.756618814700 -0.042411180430 0
0.016035107177 0.543497453395 -0.079759022459 0
0.130595488301 0.554225925220 -0.084567244776 0
0.072504444444 0.614359259259 -0.045426666667 0
-0.170410649733 0.756793429130 -0.056845641624 0
0.210612447443 0.827067756456 -0.255556642292 0
-0.115511697595 0.804803005246 -0.150002385047 0
0.112738354077 0.878156447893 -0.297027590207 0
-0.073514754093 0.862853889647 -0.221632965477 0
0.038899507749 0.944415692552 -0.317665058182 0
-0.062035715204 0.355736601238 -0.253246546813 0
0.163817640693 0.302413257895 -0.137737832394 0
-0.077934169147 0.020488445877 -0.293627385168 0
0.150971720069 0.040765654628 -0.035586749091 0
-0.090513825703 0.034045043932 -0.338819238636 0
0.175507300703 0.065914158437 -0.071641872985 0
0.057379352579 1.003030751804 -0.071972532672 0
-0.086282803287 0.906857016244 0.004013023599 0
0.203023983919 0.924726043161 -0.100789450612 0
0.066157865224 0.899772423527 -0.036304063187 0
0.074033752796 0.756807040253 -0.039287289098 0
0.009809459110 0.543550715075 -0.073329873710 0
0.124066161737 0.553840508963 -0.083420764625 0
0.067984814815 0.614551851852 -0.042291851852 0
-0.170817766604 0.752881902401 -0.042271172344 0
0.194804212151 0.830271188553 -0.258568578643 0
-0.118847754404 0.802240447667 -0.136397922163 0
0.095348054006 0.881920627928 -0.295311470272 0
-0.079283995893 0.861561675482 -0.208239171014 0
0.021274429752 0.948782505155 -0.312643753577 0
-0.080024495713 0.353708911235 -0.238669107083 0
0.158069926075 0.302946552394 -0.140310208200 0
-0.092183701921 0.020465805563 -0.260922991580 0
0.150512081568 0.041647552349 -0.036130521273 0
-0.108673279069 0.032545605912 -0.305268284439 0
0.174190206699 0.067426654412 -0.072313365370 0
0.049227340811 1.002801370434 -0.067300794462 0
-0.089697071320 0.904852940746 0.015831116639 0
0.193407548993 0.925926306889 -0.104206231898 0
0.060417759004 0.899371404323 -0.032638531926 0
0.069084976634 0.756506291673 -0.036928036346 0
0.003249625689 0.543056629514 -0.067556946560 0
0.116947366924 0.553022077103 -0.082913167625 0
0.062875555556 0.614255555556 -0.039910000000 0
-0.170950152984 0.748197916499 -0.027225388075 0
0.176784190618 0.832762509930 -0.262091343107 0
-0.122795650929 0.798776516901 -0.122723777083 0
0.075299149479 0.884137991950 -0.293245449385 0
-0.086384130703 0.859154998649 -0.195272701977 0
0.000595146634 0.951024562668 -0.306294280787 0
-0.098995597138 0.351101162245 -0.222947181166 0
0.151569569603 0.303008217384 -0.143202596653 0
-0.108422400477 0.020695462466 -0.227701455617 0
0.149234247248 0.043188188526 -0.037294705291 0
-0.129055502933 0.033690698343 -0.270006675830 0
0.172078522699 0.068909544069 -0.074050179278 0
0.042016485309 1.002309013852 -0.063732907931 0
-0.093030869160 0.902240192953 0.027297611466 0
0.182631852349 0.925820237468 -0.108552759597 0
0.054116088182 0.898025650057 -0.029656992651 0
0.063261292839 0.755247994611 -0.035136677804 0
-0.003900601400 0.541547718580 -0.062373295626 0
0.109002726226 0.551334336649 -0.082851595134 0
0.056877037037 0.613003703704 -0.038103703704 0
-0.171383032494 0.742762814081 -0.010446614968 0
0.153702208798 0.835420648796 -0.266269364751 0
-0.127598346187 0.794254501872 -0.107547081103 0
0.050436431427 0.886687472908 -0.291111346062 0
-0.095142680513 0.855258234429 -0.181469598054 0
-0.025553484631 0.953031379803 -0.298305372296 0
-0.118413110385 0.347579627597 -0.206284299315 0
0.144688703985 0.302210275248 -0.146129989905 0
-0.125496338577 0.020179914939 -0.193154327802 0
0.147141981755 0.044869106083 -0.038641985192 0
-0.149560887807 0.034356927404 -0.233207324166 0
0.169191558968 0.069850042128 -0.076380333048 0
0.032919268849 1.001075478869 -0.058529921656 0
-0.096181360614 0.899766258363 0.038466461376 0
0.170426377653 0.925096025925 -0.114111369969 0
0.047187703220 0.896465694096 -0.027474680315 0
0.056445375757 0.753755479457 -0.033949196870 0
-0.012085903913 0.539774300281 -0.058136434730 0
0.099832750181 0.549558230538 -0.083450257187 0
0.049521111111 0.611540740741 -0.037087777778 0
-0.171664291853 0.737094230707 0.009537911295 0
0.127240196916 0.839309729930 -0.271143859162 0
-0.133178091191 0.789134432903 -0.089495532067 0
0.022174709786 0.890188121598 -0.287932687035 0
-0.105570014371 0.850148325388 -0.165543406451 0
-0.055495335451 0.955234020257 -0.287530965396 0
-0.138201210234 0.344505205144 -0.190091055765 0
0.137025848706 0.301175375875 -0.148742470763 0
-0.142853910983 0.019139225314 -0.161253086212 0
0.145495928745 0.046067545378 -0.039252461622 0
-0.169162521816 0.032394552014 -0.200195171928 0
0.166319114259 0.070850269582 -0.077809243723 0
0.021741025865 0.999276340082 -0.053462334261 0
-0.098832976668 0.897265031489 0.049287712286 0
0.156562418896 0.923871251976 -0.121201521401 0
0.039682728587 0.894635122203 -0.026344948196 0
0.048544783169 0.751983285834 -0.033796946799 0
-0.021570116794 0.537588788968 -0.055084785860 0
0.089140978583 0.547892469395 -0.085071242186 0
0.040415555556 0.609833333333 -0.036990740741 0
-0.170479880284 0.731153745203 0.032841306278 0
0.098844254962 0.843461429407 -0.276399496374 0
-0.138776057620 0.782410818872 -0.068965241731 0
-0.007970236642 0.893051900263 -0.282777713170 0
-0.117242436951 0.842401629937 -0.147892999164 0
-0.086686483927 0.956303375800 -0.273376047458 0
-0.159114116232 0.342670379077 -0.175648352995 0
0.128586235280 0.299856092971 -0.150358836081 0
-0.161392557953 0.017933314456 -0.135783859531 0
0.144043661485 0.046256651947 -0.039789222591 0
-0.189578326339 0.028917166188 -0.174114659045 0
0.163444693020 0.070873907479 -0.079184712502 0
0.008759351059 0.996196456755 -0.051345792400 0
-0.101045365577 0.896653744307 0.059389244652 0
0.140504877774 0.923501538329 -0.130173287881 0
0.031240159304 0.894112377064 -0.026679900320 0
0.038873328119 0.751489626510 -0.035202467415 0
-0.033347280675 0.536870301825 -0.053250474770 0
0.076041238187 0.547418824290 -0.087676927503 0
0.029029555556 0.609437037037 -0.038015925926 0
-0.168783549922 0.728116290543 0.057548711957 0
0.066799431769 0.848920511165 -0.281463456318 0
-0.144438065284 0.776827544277 -0.047482256464 0
-0.040785990857 0.896920233682 -0.275928517956 0
-0.129248025775 0.834342400499 -0.129828181515 0
-0.119924683141 0.957985520187 -0.256985454921 0
-0.180218469370 0.343093418879 -0.164275181856 0
0.118958306183 0.299205230690 -0.150035402864 0
-0.185343980373 0.017921916858 -0.117393261510 0
0.142209465768 0.046122789431 -0.040440851116 0
-0.216012423341 0.028258439502 -0.153957391957 0
0.160377206209 0.069887396864 -0.080932709072 0
-0.005539109640 0.995127064889 -0.045303841373 0
-0.102603406073 0.899109626913 0.069496193995 0
0.121344716467 0.926421780702 -0.140509907138 0
0.021533259680 0.896690178292 -0.027961749965 0
0.027070339312 0.754135706031 -0.037959894462 0
-0.048541106474 0.539681221713 -0.051799015468 0
0.059432791873 0.549739666545 -0.090564528442 0
0.014475259259 0.612281481481 -0.039673333333 0
-0.166315923500 0.729582595666 0.083568269167 0
0.027902225784 0.856075416627 -0.282648668373 0
-0.149860295730 0.775343625956 -0.024284100355 0
-0.078501731615 0.903662154870 -0.264678352317 0
-0.140851469014 0.829063578642 -0.110561087014 0
-0.157644064632 0.962202333927 -0.235753919940 0
-0.199844718329 0.345117167541 -0.155235749177 0
0.106027791638 0.300789416504 -0.147072237861 0
-0.213559104324 0.018926221884 -0.105693151808 0
0.140344129450 0.046726539714 -0.039765441884 0
-0.246007247020 0.029863150042 -0.140504563268 0
0.157016756335 0.070252358441 -0.081032538775 0
-0.018030177659 0.997254308410 -0.042871544996 0
-0.104099355509 0.902657423949 0.079005836796 0
0.098715158087 0.932014652082 -0.151223840002 0
0.010050807647 0.901102891476 -0.029994805574 0
0.013020113768 0.758728538200 -0.041688752436 0
-0.066157284397 0.544641062009 -0.050407478273 0
0.040947924856 0.553889322546 -0.091702076718 0
-0.002673940741 0.617181481481 -0.040576666667 0
-0.167381788171 0.735245574545 0.110075579240 0
-0.012381165511 0.864215894576 -0.281394776899 0
-0.156846637659 0.779130769915 0.000713367205 0
-0.116484102415 0.910449007170 -0.250828293723 0
-0.153392717347 0.829412119498 -0.088480839311 0
-0.194020696644 0.965871749432 -0.211367012005 0
-0.218430537151 0.347842796047 -0.148031302347 0
0.090893440279 0.304018335100 -0.140797670658 0
-0.246412964250 0.020569441242 -0.101070933064 0
0.138542562524 0.048114850678 -0.038877988264 0
-0.280300041440 0.031218534368 -0.134576090053 0
0.153483997441 0.070387094663 -0.081482149920 0
-0.031474681254 1.001261856174 -0.042201432556 0
-0.111743787780 0.909869575961 0.083645709055 0
0.078247497672 0.936186886931 -0.157625898148 0
-0.004076197853 0.906446532770 -0.031722350698 0
-0.005093463115 0.764122224500 -0.044311452925 0
-0.086361435569 0.550250017045 -0.049803438598 0
0.020285576378 0.558647261472 -0.092443808692 0
-0.022636333333 0.622803703704 -0.041805555556 0
-0.175233369876 0.746648946258 0.131862111912 0
-0.046050010376 0.869000046466 -0.275607233156 0
-0.171736088901 0.787299942730 0.020811408619 0
-0.146936817075 0.913303222770 -0.233555920818 0
-0.174534078399 0.833714833988 -0.070710414162 0
-0.220816446472 0.966533884183 -0.184915496622 0
-0.237539330963 0.350277073376 -0.142556755312 0
0.074131865623 0.307582529931 -0.129960737315 0
-0.283961418702 0.021638003178 -0.101738752870 0
0.139887060969 0.048690065137 -0.035785903626 0
-0.317307775325 0.037078153166 -0.133893923498 0
0.151732754364 0.068895257860 -0.080348709360 0
-0.044309509500 1.007051941388 -0.044439961732 0
-0.122288796663 0.914947296199 0.083786418446 0
0.059758282761 0.937829981990 -0.163875692930 0
-0.018950621661 0.909359392680 -0.035393333518 0
-0.024514608771 0.767226080639 -0.048205890095 0
-0.107214241270 0.553422014990 -0.048156586810 0
-0.000772182084 0.561304206880 -0.091403079385 0
-0.043620000000 0.626244444444 -0.041710000000 0
-0.189244754244 0.760383339771 0.151783518516 0
-0.076530623615 0.869786414032 -0.267214670607 0
-0.194184035564 0.792943030294 0.038150498477 0
-0.173415812588 0.914027350630 -0.216566553636 0
-0.204199021665 0.832375429817 -0.056136092670 0
-0.243571731495 0.966902971704 -0.161910636138 0
-0.255451579572 0.349415782498 -0.136780853545 0
0.056935045431 0.309423010187 -0.115197634803 0
-0.323997412005 0.020817320336 -0.103705053795 0
0.143202710122 0.047885500253 -0.030384557434 0
-0.356840174577 0.034957651254 -0.136957673511 0
0.148455890964 0.064075330970 -0.077762900507 0
-0.055252438098 1.011609048456 -0.046018380058 0
-0.137009206529 0.919654010037 0.077392422803 0
0.044252780187 0.936610217947 -0.171319975424 0
-0.034609945963 0.910700062565 -0.042390859073 0
-0.044040112832 0.768744467063 -0.053739703405 0
-0.126186895391 0.554784047269 -0.046565753888 0
-0.019639259476 0.562554403664 -0.089571833405 0
-0.063137777778 0.628177777778 -0.041363703704 0
-0.213404801795 0.783662206156 0.170487346408 0
-0.100946939289 0.864987955187 -0.258903252312 0
-0.228065103296 0.802739287583 0.054650678145 0
-0.193276467387 0.914303856896 -0.204566964751 0
-0.246085404950 0.830924115624 -0.042447681095 0
-0.260716241437 0.970126379842 -0.148179536621 0
-0.273298498728 0.347962863784 -0.130412556107 0
0.044074394067 0.311481620632 -0.105175364905 0
-0.358320273776 0.020398022160 -0.103406676563 0
0.153995812114 0.045190989516 -0.025860853916 0
-0.389946413683 0.034906529691 -0.137664861184 0
0.149047126919 0.063175090579 -0.072620842621 0
-0.064668490544 1.015162782738 -0.048824859030 0
-0.157448374953 0.922180077965 0.068513690698 0
0.034951328081 0.928272181898 -0.172207140119 0
-0.050304776007 0.907492838631 -0.046457395069 0
-0.062579777298 0.765531624474 -0.055263686103 0
-0.141269234072 0.550299605536 -0.042396905444 0
-0.034389042289 0.558812834478 -0.084426056879 0
-0.079820370370 0.625144444444 -0.039053333333 0
-0.260539592015 0.817134892083 0.174976981967 0
-0.111152364943 0.848784673738 -0.251067677653 0
-0.280850453739 0.819690475528 0.058452602203 0
-0.199799528586 0.904237692013 -0.196516094650 0
-0.302681297924 0.834168704592 -0.040875737045 0
-0.264580577679 0.965362377256 -0.141970557772 0
-0.294401338060 0.346832841693 -0.123630806963 0
0.036074823708 0.309970097124 -0.105699934694 0
-0.376495011447 0.016419703771 -0.098557484170 0
0.160403338983 0.038702676889 -0.030893252681 0
-0.406263875958 0.030733882630 -0.134519293344 0
0.145630280114 0.058343480395 -0.074829678220 0
-0.074077620916 1.013494467376 -0.052483898615 0
-0.184464150098 0.922438518118 0.054324916712 0
0.030725476632 0.913170493229 -0.166149131896 0
-0.067090415434 0.899999988866 -0.048795087036 0
-0.080239653770 0.757776405005 -0.053512807743 0
-0.151196996007 0.540565704743 -0.036695563648 0
-0.044042248351 0.550932829148 -0.077594008841 0
-0.091902222222 0.617174074074 -0.034651111111 0
-0.326077051698 0.861046114137 0.150103209313 0
-0.106156918338 0.824832745052 -0.251841544883 0
-0.359490231101 0.840585053602 0.038470339448 0
-0.196602262198 0.881505604524 -0.201671246506 0
-0.390228141318 0.836697952155 -0.059294103344 0
-0.262794049523 0.945325487986 -0.152527548100 0
-0.316045431063 0.346907655100 -0.118967462161 0
0.028002304982 0.304828340033 -0.117375977056 0
-0.382286480878 0.009948090975 -0.092816619498 0
0.155386939242 0.034238096225 -0.044556951439 0
-0.411114529433 0.018533302206 -0.131281804983 0
0.133791847594 0.052395863928 -0.086250612931 0
-0.085763965181 1.006963137832 -0.056856141408 0
-0.221237872851 0.912495069775 0.034574853077 0
0.025466774516 0.901197906698 -0.149844421732 0
-0.088818437534 0.889727484683 -0.048253563400 0
-0.094805062952 0.746855625603 -0.048199486119 0
-0.156189518887 0.528549516374 -0.031236640087 0
-0.049672173781 0.541375615202 -0.073091704456 0
-0.097949629630 0.605925925926 -0.028090407407 0
-0.395550690897 0.890013889359 0.080469956212 0
-0.088773609182 0.798746149738 -0.251512064951 0
-0.461371144260 0.860561637323 -0.013323572132 0
-0.185409912915 0.853985722318 -0.212534552358 0
-0.521458752923 0.846357125990 -0.095701627974 0
-0.258148855686 0.917300958531 -0.172870573800 0
-0.333648264504 0.348109768748 -0.117242471850 0
0.016646218272 0.299086438626 -0.138193686085 0
-0.385421808784 0.005033368598 -0.089998161435 0
0.150176406190 0.032079895232 -0.065665465759 0
-0.414131802322 0.006923369326 -0.129450625212 0
0.126873656230 0.053418762423 -0.104857920533 0
-0.101862960679 0.996876440782 -0.063052256931 0
-0.258772618354 0.895047938062 0.012158566531 0
0.015498234116 0.897789132537 -0.128444645329 0
-0.112997377886 0.880451305733 -0.046580976776 0
-0.106510228371 0.737445951093 -0.042501336539 0
-0.158821394183 0.518923990711 -0.027837369431 0
-0.057034964281 0.533486679479 -0.079700177074 0
-0.100065925926 0.595970370370 -0.027100777778 0
-0.439063678216 0.910367281391 -0.003878077558 0
-0.068122110033 0.782015162628 -0.244580614714 0
-0.538503035722 0.883318714832 -0.061991607963 0
-0.170472832451 0.834339312132 -0.218203634877 0
-0.630435977618 0.873319812770 -0.105527875619 0
-0.249886332121 0.895819736187 -0.189760635450 0
-0.345264308585 0.348428493459 -0.115115299645 0
0.003376028609 0.292291156301 -0.153967759230 0
-0.385731247484 0.000938190528 -0.088488722653 0
0.143831056568 0.032844153796 -0.078596225946 0
-0.413979181548 -0.003787590255 -0.128036844566 0
0.121309848116 0.055032172762 -0.117774037321 0
-0.122286341002 0.987181009871 -0.067110472091 0
-0.281158970292 0.882750236881 -0.001673384056 0
0.004017528735 0.890428154126 -0.118363965668 0
-0.130502043619 0.871202850069 -0.047312891723 0
-0.118478763656 0.728588635211 -0.039932221673 0
-0.163920328064 0.510692282537 -0.022462545353 0
-0.068031192876 0.525595170854 -0.084474461189 0
-0.104887037037 0.587414814815 -0.026659666667 0
-0.445731345730 0.932495280128 -0.060308581803 0
-0.070224110225 0.768233147932 -0.234295397794 0
-0.554372191030 0.899391366170 -0.093449052581 0
-0.174095070756 0.819375482751 -0.211833937163 0
-0.652561766558 0.891633182452 -0.114059577389 0
-0.256703282490 0.879844043904 -0.189708838450 0
-0.351518350238 0.344271417472 -0.114973029970 0
-0.005447254583 0.283410085588 -0.153540207869 0
-0.382119815126 0.000586926432 -0.091817589855 0
0.136096711113 0.035218987679 -0.073179414683 0
-0.408277222805 0.000567878051 -0.133050130287 0
0.115515608858 0.055869273409 -0.114220830948 0
-0.141483061395 0.977258712217 -0.070738698326 0
-0.286493023165 0.873712536369 0.008851334701 0
-0.011644696673 0.881069455113 -0.130452473638 0
-0.139909106935 0.862244441632 -0.048554716048 0
-0.126387053862 0.719828305855 -0.040034910691 0
-0.171578202763 0.503311575679 -0.018163988641 0
-0.078546422832 0.515903388168 -0.084863570455 0
-0.111422592593 0.578877777778 -0.025906333333 0
-0.465645527910 0.884920138649 -0.018996325792 0
-0.086279487281 0.756295586702 -0.243344755225 0
-0.559809940142 0.875159857998 -0.089952605153 0
-0.188218676061 0.805838369733 -0.210738827751 0
-0.647509998631 0.880167509992 -0.141413582364 0
-0.269235669407 0.865588936332 -0.182148867573 0
-0.353465273045 0.336708641902 -0.121157523086 0
-0.008274301747 0.272386934914 -0.140559245470 0
-0.377698285705 0.002469401627 -0.095012000494 0
0.132208568650 0.035323086716 -0.055921796059 0
-0.401102556032 0.011007882970 -0.137008038361 0
0.112343889215 0.055512045462 -0.097541675631 0
-0.156576403520 0.967899249554 -0.070305937885 0
-0.281131711090 0.870249330758 0.030471740528 0
-0.032046494872 0.877069921035 -0.150943012062 0
-0.145562923107 0.858595250904 -0.049522649928 0
-0.131788509496 0.716140680104 -0.042147530539 0
-0.179889939153 0.500403305346 -0.020540261194 0
-0.085443248077 0.510780463212 -0.085612814335 0
-0.118522222222 0.575003703704 -0.028134740741 0
-0.459718888691 0.845763699562 0.008026332056 0
-0.120833176992 0.756258786854 -0.257737826473 0
-0.539061669459 0.851117056275 -0.079569660444 0
-0.218004860295 0.804122207408 -0.211090329187 0
-0.611903824406 0.865142288377 -0.151106556442 0
-0.293700341217 0.863376680274 -0.170595562809 0
-0.355390527792 0.331786574662 -0.131061994519 0
-0.007892613439 0.266440711461 -0.125916995305 0
-0.375623007608 0.002919823099 -0.095003916998 0
0.138811177740 0.036634174312 -0.035988231575 0
-0.398137260736 0.010826303530 -0.137605897035 0
0.117664605377 0.058507067292 -0.076098242169 0
-0.169257329917 0.962984359193 -0.070851429790 0
-0.264113323061 0.868581688446 0.057828740518 0
-0.057044063112 0.877672934080 -0.170296112762 0
-0.147655939535 0.857915129497 -0.048179366245 0
-0.135107421802 0.715284119708 -0.044358499983 0
-0.187708701143 0.499549847420 -0.024818995512 0
-0.090424061439 0.509274064321 -0.085674878681 0
-0.125746296296 0.573866666667 -0.029972925926 0
-0.437410938013 0.814138176388 0.058579171471 0
-0.162624544229 0.761920368968 -0.266927593793 0
-0.496572947377 0.833335945063 -0.042060261736 0
-0.255214880409 0.811250823310 -0.213050251743 0
-0.552907484656 0.857078262449 -0.125283634185 0
-0.326898116041 0.872225576932 -0.168373959760 0
-0.361262168681 0.330116866527 -0.137152298267 0
-0.004883251988 0.265668368668 -0.111741661881 0
-0.375077577583 0.005254046150 -0.096585119425 0
0.152481926933 0.037805025640 -0.012529728463 0
-0.397317784875 0.015816295852 -0.138753173573 0
0.130531709031 0.059531584754 -0.052285966754 0
-0.176508133671 0.960293712276 -0.072767037146 0
-0.242837999847 0.864434881243 0.077997196124 0
-0.080294051612 0.878555557543 -0.183501081576 0
-0.147528000448 0.856034439803 -0.047538667098 0
-0.137405647834 0.713264254719 -0.048482698518 0
-0.194517599800 0.497607497225 -0.029200227069 0
-0.098048482273 0.506934001781 -0.091401719890 0
-0.132166296296 0.571551851852 -0.034982925926 0
-0.402053219225 0.781967065609 0.107088359781 0
-0.199443301246 0.766393699224 -0.267802394134 0
-0.444914152252 0.812529429931 0.001136127632 0
-0.290871524776 0.818127855241 -0.214195593173 0
-0.488880815653 0.844344142192 -0.086728631952 0
-0.359670584849 0.882472680246 -0.171134891344 0
-0.369118913893 0.328036689274 -0.139686580183 0
-0.002393754477 0.265842791055 -0.099503780314 0
-0.374856521227 0.006552952131 -0.098576107334 0
0.159105591867 0.039397434201 0.011867981304 0
-0.397252781656 0.020833438634 -0.139549366343 0
0.136132981979 0.058151493952 -0.028813198100 0
-0.179090214804 0.957677394261 -0.071710469424 0
-0.225047851608 0.857846499343 0.088820492914 0
-0.093613147333 0.876382223281 -0.189356830563 0
-0.144964402942 0.851414098811 -0.047043710723 0
-0.138162224389 0.708616626352 -0.051421551230 0
-0.200655059956 0.493330401393 -0.030240888076 0
-0.107590865214 0.502470379624 -0.097455592479 0
-0.137980370370 0.566755555556 -0.038578888889 0
-0.362314788722 0.751357263184 0.141872854385 0
-0.222158616462 0.767764344008 -0.263934012850 0
-0.394639407311 0.790577229356 0.035036968669 0
-0.313845602469 0.822695549193 -0.214081316234 0
-0.430805243168 0.830197567999 -0.052988543477 0
-0.380183230725 0.890522980186 -0.174025985417 0
-0.377884136455 0.326321184185 -0.140444734776 0
-0.001953373998 0.265590799115 -0.089135315446 0
-0.375629392301 0.008094528542 -0.100870335142 0
0.161534831422 0.038074913248 0.024849568736 0
-0.398350000668 0.026501021685 -0.139976699015 0
0.137864058922 0.055301386417 -0.016105981209 0
-0.179691268498 0.952465981042 -0.068999396170 0
-0.213513118817 0.854661539119 0.091521477797 0
-0.095746944074 0.873818760707 -0.192671074524 0
-0.140459672470 0.848206922035 -0.048247432379 0
-0.137270078619 0.705398980839 -0.054004999563 0
-0.203912047369 0.490980626136 -0.033356951010 0
-0.110716928777 0.499522923268 -0.100468790973 0
-0.140197777778 0.563592592593 -0.040899259259 0
-0.330240837429 0.732555289122 0.158315384103 0
-0.230308416785 0.765941887054 -0.257008681269 0
-0.356653366970 0.779445234600 0.052955503282 0
-0.320653805542 0.824735571174 -0.209152171744 0
-0.387849461281 0.825640847982 -0.033736109137 0
-0.385016168111 0.895568177113 -0.171332786617 0
-0.382609519183 0.324786310414 -0.142415536209 0
-0.001268142764 0.264730832387 -0.085169133378 0
-0.376105110594 0.009426962630 -0.101813560419 0
0.161502513513 0.034582418730 0.022304691608 0
-0.398913063966 0.030748083697 -0.139357398650 0
0.137403590619 0.053592981186 -0.017598370309 0
-0.178358082793 0.948404828926 -0.068767019496 0
-0.211821912152 0.857723808599 0.085888073717 0
-0.085758773444 0.869936354926 -0.195110532362 0
-0.135182868055 0.847407156928 -0.051712216890 0
-0.135669178025 0.704508300459 -0.055604117855 0
-0.205216042820 0.490758202907 -0.037259111093 0
-0.108594283933 0.499006128173 -0.099375996649 0
-0.140634074074 0.562900000000 -0.040950000000 0
-0.321819107578 0.734627980100 0.161682245685 0
-0.224276945877 0.762867261106 -0.251965281533 0
-0.345016764968 0.786093300731 0.057710217455 0
-0.312583921255 0.823341912832 -0.202428157433 0
-0.372215394997 0.834423455133 -0.029547466012 0
-0.375518682120 0.895297615462 -0.164060229219 0
-0.384491868466 0.324115685965 -0.144672154543 0
0.001909542202 0.264596572835 -0.085903543332 0
-0.376502004531 0.010024530919 -0.101998218521 0
0.159837086043 0.032451532644 0.017727435439 0
-0.399417687888 0.032506538707 -0.138791743928 0
0.135926246673 0.052733035070 -0.021659698754 0
-0.173162394992 0.947907853330 -0.070342727119 0
-0.219696512674 0.864184160333 0.075442913313 0
-0.064697217580 0.863861947179 -0.190971036295 0
-0.129537059492 0.847278606694 -0.053006655058 0
-0.133243496933 0.704355153972 -0.052904648806 0
-0.203063453979 0.490607598008 -0.038108772507 0
-0.100789354519 0.499399150869 -0.090310469901 0
-0.138819629630 0.563092592593 -0.035361259259 0
-0.351852161252 0.763604473034 0.149031863243 0
-0.198270869616 0.750092583209 -0.246632052749 0
-0.371373844938 0.812468382326 0.043068589299 0
-0.288122262991 0.807909944814 -0.196700981543 0
-0.394122644457 0.860872678120 -0.045336886729 0
-0.353127747180 0.878042821005 -0.158490796025 0
-0.383121372930 0.325133895094 -0.146019436870 0
0.009716291186 0.264611095392 -0.088436037982 0
-0.376546509848 0.009084396284 -0.101369215584 0
0.161129663592 0.030823491775 0.019398528983 0
-0.400035519911 0.029268685291 -0.139120952144 0
0.138642709278 0.052419689864 -0.020128108032 0
-0.164205655326 0.948916375773 -0.071519344796 0
-0.235005855125 0.867364142104 0.060096586829 0
-0.035912907351 0.861214508447 -0.175117056482 0
-0.124160906273 0.847371271840 -0.050481434538 0
-0.128922959972 0.704576710871 -0.048759688550 0
-0.196013728276 0.490433331547 -0.036450902183 0
-0.088850264652 0.500242745997 -0.077463918228 0
-0.133365925926 0.563803703704 -0.027454592593 0
-0.398925721368 0.808996540132 0.112252343856 0
-0.154991380177 0.735844016504 -0.238252581416 0
-0.425598289254 0.852284565082 0.005426718614 0
-0.249405973759 0.789487665014 -0.192236545524 0
-0.455115404854 0.897924387649 -0.082056547602 0
-0.318781105029 0.856938137985 -0.157568040944 0
-0.378035104493 0.328022687324 -0.145712575517 0
0.020023752590 0.265486986358 -0.096870718795 0
-0.376774262590 0.006619876651 -0.098994227338 0
0.162682402320 0.029772007543 0.018553777289 0
-0.400935019434 0.020018146199 -0.139256827001 0
0.142645738594 0.051858021194 -0.022006721076 0
-0.153876278046 0.949828698999 -0.072500499358 0
-0.253197980714 0.872526603880 0.032635276155 0
-0.005477137774 0.856096445325 -0.150027559995 0
-0.120122458223 0.847721848856 -0.048540125284 0
-0.123645118146 0.704854414476 -0.042586967113 0
-0.184608606160 0.489769394267 -0.034057404696 0
-0.074547259389 0.500627148375 -0.066165178763 0
-0.123880370370 0.564096296296 -0.020772629630 0
-0.434321022508 0.868823851204 0.045956531877 0
-0.104004648925 0.722722414723 -0.229947738651 0
-0.499906887498 0.900805923793 -0.047170448835 0
-0.203707178762 0.773921526483 -0.193242309009 0
-0.560308204517 0.935032871031 -0.123796725473 0
-0.278316764126 0.839518487898 -0.166815067935 0
-0.369259001086 0.330827906441 -0.144007152844 0
0.031369763531 0.267739732054 -0.109587267585 0
-0.378930205657 0.002779712449 -0.094041311239 0
0.161997557592 0.029011135838 0.016803774621 0
-0.402001914815 0.008617727811 -0.136678695574 0
0.145391453693 0.049306400468 -0.026170094961 0
-0.144424400828 0.950246452772 -0.076396229543 0
-0.269814574787 0.874663055390 -0.008087203996 0
0.019919304983 0.854399133489 -0.111261475157 0
-0.118876653827 0.848781080891 -0.046319177124 0
-0.119766374580 0.706074957220 -0.034368263031 0
-0.174251674736 0.490409705417 -0.029698985646 0
-0.062209316723 0.502067422490 -0.053634475536 0
-0.115337777778 0.565400000000 -0.012537962963 0
-0.444653102113 0.916864307697 -0.033528630176 0
-0.044817536399 0.711868839649 -0.208100486690 0
-0.542526069687 0.935783943435 -0.097246153605 0
-0.150109527635 0.761994504901 -0.190486675898 0
-0.631413968853 0.956945092472 -0.145456398726 0
-0.230629360771 0.825754177489 -0.179844675399 0
-0.353597741150 0.329856177037 -0.145908559275 0
0.043240413779 0.274382839108 -0.119820025695 0
-0.382999885051 0.000879927516 -0.089074262414 0
0.159553798260 0.028423563997 0.015852620002 0
-0.401672159766 0.007273576567 -0.133737447909 0
0.147772019646 0.046057375921 -0.029805372613 0
-0.135446584120 0.950369342881 -0.082248023186 0
-0.269565334385 0.868748542106 -0.037538469796 0
0.033468997310 0.863104012830 -0.093570701153 0
-0.113277794340 0.851045517319 -0.050753010913 0
-0.109898916359 0.709169680352 -0.032264199741 0
-0.167073571404 0.494823863596 -0.025901374165 0
-0.053403388440 0.506536653495 -0.040191233878 0
-0.109809629630 0.569677777778 -0.003393048148 0
-0.434646214501 0.935430595246 -0.073573581967 0
-0.001747445047 0.707572011817 -0.185511640334 0
-0.537531778846 0.934865429841 -0.131979355889 0
-0.108978115991 0.756384545299 -0.190817472025 0
-0.631424919719 0.944512252869 -0.171581543766 0
-0.191283951505 0.818407234175 -0.199761178347 0
-0.329359978802 0.323579702600 -0.151542415690 0
0.054543165862 0.285675708416 -0.123308179054 0
-0.386487800618 0.002038182736 -0.086415009355 0
0.157053023607 0.028664636178 0.015639907656 0
-0.398465949620 0.012675023948 -0.132542162804 0
0.151176804084 0.045097782625 -0.031581228098 0
-0.127527973115 0.951080342970 -0.092041329687 0
-0.257001678203 0.869768328022 -0.051285230699 0
0.048281853951 0.867419852787 -0.093684847519 0
-0.099979766573 0.854644480028 -0.056689381561 0
-0.097532132397 0.714230109007 -0.030025170885 0
-0.160800020940 0.502106330064 -0.023446768644 0
-0.046158416940 0.513040267855 -0.023219459008 0
-0.106350370370 0.576685185185 0.005915148148 0
-0.435831674575 0.884250954297 -0.079689604197 0
0.029944445251 0.700596666875 -0.169297687258 0
-0.528898511244 0.894593901177 -0.151998528628 0
-0.076009459533 0.748407490293 -0.189225740126 0
-0.613843030982 0.906807942043 -0.209942663645 0
-0.156394963329 0.808887487496 -0.212929754479 0
-0.302692383102 0.316640433380 -0.153508564509 0
0.068197003065 0.299449649360 -0.116183580198 0
-0.388213778510 0.005766552086 -0.085363713652 0
0.154271483877 0.029059446059 0.019801840931 0
-0.394241705482 0.019305276219 -0.131890047862 0
0.155114546367 0.046087736490 -0.027566296994 0
-0.116432162911 0.953231790048 -0.100709355279 0
-0.238669801971 0.880027082602 -0.058810266622 0
0.066861132421 0.867392352079 -0.097443019063 0
-0.082044130813 0.860656286839 -0.061453704301 0
-0.084337281695 0.721739696654 -0.027604665795 0
-0.150621599906 0.510783025683 -0.023921938727 0
-0.036767492023 0.520628057020 -0.009687561005 0
-0.099345925926 0.585385185185 0.010635481481 0
-0.416732159074 0.855732640737 -0.085273440606 0
0.054777078261 0.696115403951 -0.163788479526 0
-0.504680343655 0.863768410162 -0.163997874099 0
-0.050660706198 0.742609110453 -0.188897062322 0
-0.583169252450 0.871222659698 -0.231563588733 0
-0.130185175777 0.801426195301 -0.218595420041 0
-0.276876098765 0.312349029876 -0.150929272540 0
0.080434938653 0.309479307708 -0.104662495225 0
-0.389628218086 0.011554920962 -0.087547874874 0
0.150781500325 0.030269097118 0.023952996715 0
-0.390160414419 0.029974104211 -0.132767153785 0
0.157101328794 0.049344653443 -0.022205391894 0
-0.098052590977 0.957109949673 -0.110084981477 0
-0.217172949064 0.895899887090 -0.067776590084 0
0.088455781999 0.870079125069 -0.098201002062 0
-0.061383510520 0.870624743928 -0.065623839994 0
-0.068741096298 0.732909788269 -0.027086444330 0
-0.134717689164 0.521661357762 -0.026516408247 0
-0.022151650171 0.530641311185 -0.003921113718 0
-0.085293333333 0.596500000000 0.010161962963 0
-0.389114988852 0.837850043559 -0.075705847272 0
0.076899356472 0.697478486428 -0.161121634759 0
-0.465356749492 0.843769274394 -0.165978488925 0
-0.028860465891 0.741538517782 -0.189100299431 0
-0.533707071377 0.849776163042 -0.243905790855 0
-0.108807207605 0.798706391938 -0.220708044127 0
-0.253098731589 0.311953750098 -0.142515374186 0
0.090817792429 0.314809423729 -0.093335562316 0
-0.390772207225 0.017593445742 -0.088501164236 0
0.147992822313 0.030856498095 0.026545735020 0
-0.388231575070 0.037953081459 -0.132811018123 0
0.158208026164 0.052044131498 -0.017964350590 0
-0.076272062756 0.964733689098 -0.118877772336 0
-0.196783755571 0.906584713121 -0.072377052779 0
0.109225520660 0.879547493511 -0.097448739265 0
-0.041110372453 0.881019049564 -0.067276955499 0
-0.049701031886 0.743824327345 -0.027135688634 0
-0.117011567167 0.532513667337 -0.027829161934 0
-0.005568370381 0.540695810960 0.000023422303 0
-0.068486666667 0.607570370370 0.009597000000 0
-0.355468837778 0.820859768850 -0.050766844200 0
0.101865428107 0.705186144293 -0.155993477590 0
-0.414610380523 0.823320899530 -0.153203233962 0
-0.004639440218 0.746073908866 -0.185895581152 0
-0.468114524954 0.827623506561 -0.242052021468 0
-0.086221677359 0.800358096685 -0.219009080999 0
-0.230083438157 0.313867800058 -0.132020566231 0
0.099895376928 0.318581265466 -0.082940237851 0
-0.390976032601 0.026692524759 -0.090130189843 0
0.146833264959 0.031216587978 0.026221378417 0
-0.388778193596 0.045281813921 -0.135229420013 0
0.159983052197 0.053378593499 -0.017026078465 0
-0.057009061665 0.974454707383 -0.121427017444 0
-0.177841758963 0.913196010001 -0.074222981295 0
0.128985362452 0.892769608292 -0.095226731544 0
-0.021727243495 0.891058897781 -0.067010306376 0
-0.028380175622 0.753747567105 -0.027005577192 0
-0.096776945118 0.542030399690 -0.027986964054 0
0.014668150705 0.549532442659 0.000048905847 0
-0.047590740741 0.617188888889 0.008356000000 0
-0.316588420701 0.806172486856 -0.026347602965 0
0.126943328680 0.716794151370 -0.149189738395 0
-0.361385293384 0.805192082111 -0.135843138008 0
0.019349746804 0.754014735024 -0.179970923517 0
-0.401693348287 0.808414157338 -0.231381822884 0
-0.064334292834 0.804458587914 -0.214620786697 0
-0.207310118720 0.318306827408 -0.123785151696 0
0.108107118437 0.319862580888 -0.076510588181 0
-0.390352012563 0.039203148199 -0.095720693904 0
0.146386641462 0.031805643052 0.025966416123 0
-0.391650831593 0.055854539714 -0.141605080786 0
0.161127852433 0.055006532358 -0.016209754334 0
-0.038235660956 0.985059458532 -0.120036174252 0
-0.159741446821 0.918428675712 -0.072054915906 0
0.147528932746 0.905214499619 -0.092342282372 0
-0.003177885576 0.899842077649 -0.064557848519 0
-0.007174000366 0.762060035657 -0.025940789596 0
-0.076006035832 0.549904557746 -0.028154537702 0
0.035899812062 0.556684546125 -0.001821801465 0
-0.025721518519 0.624840740741 0.007129000000 0
-0.276846480141 0.796672696838 -0.005282052558 0
0.149962020624 0.728339838806 -0.143263514630 0
-0.310120721704 0.791367299780 -0.118691359057 0
0.041177180958 0.761631842695 -0.174355848122 0
-0.338685964810 0.793409474113 -0.218227347532 0
-0.044465439105 0.808380161936 -0.209771184741 0
-0.184247552410 0.323955429152 -0.121309663126 0
0.115570873909 0.320020753928 -0.072413681944 0
-0.383777116202 0.055422622019 -0.102392732865 0
0.146688602124 0.032206308007 0.026412677720 0
-0.396422299940 0.062929371313 -0.148955387139 0
0.162013942922 0.056850603557 -0.014723760460 0
-0.020262001707 0.994260891440 -0.116671026543 0
-0.141546233303 0.923575947680 -0.065861926982 0
0.165461792834 0.914500662504 -0.091649306318 0
0.015341782453 0.906858502186 -0.061334909744 0
0.013455796709 0.768508097691 -0.024723091504 0
-0.055525718666 0.556624885492 -0.029925509236 0
0.056876288182 0.562446997964 -0.005549457550 0
-0.004286629630 0.630637037037 0.005930444444 0
-0.240893946098 0.793528481930 0.012969609313 0
0.171037726299 0.737418148588 -0.141591569785 0
-0.262577001094 0.785133738254 -0.103031970826 0
0.061358719530 0.768112263345 -0.172212132478 0
-0.280828288866 0.785650586975 -0.204872307696 0
-0.026289025427 0.812127523744 -0.206995329987 0
-0.160298649328 0.329992259956 -0.125358197869 0
0.122042711748 0.319680581265 -0.070033923782 0
-0.364117585532 0.063938708612 -0.106468530022 0
0.146670400710 0.032733393203 0.026350571864 0
-0.384696664146 0.062049746254 -0.150709529947 0
0.162649407144 0.056929467464 -0.014803228248 0
-0.003384869147 1.001522919661 -0.112432929173 0
-0.123732887974 0.926615759723 -0.057457901629 0
0.182294076657 0.921504502602 -0.093826154490 0
0.033393034158 0.911646564354 -0.058546084097 0
0.033271283169 0.772813280813 -0.024182835402 0
-0.037779865263 0.561669574766 -0.032610615071 0
0.075123292062 0.566883578904 -0.010520090859 0
0.014208407407 0.634662962963 0.004241481481 0
-0.210674873974 0.791041663760 0.026550895971 0
0.185200013939 0.744781261125 -0.145245887079 0
-0.224612189482 0.781074572755 -0.090510632822 0
0.074776922130 0.774255308118 -0.174353504901 0
-0.236287048658 0.781566535705 -0.193166402273 0
-0.014289196616 0.816958684117 -0.207593009239 0
-0.136741857100 0.336349089166 -0.136938535384 0
0.127772942543 0.319553794273 -0.068799024968 0
-0.326118424850 0.050336202002 -0.102945628748 0
0.146461984650 0.033478499938 0.026357376038 0
-0.340696961792 0.049305601584 -0.149536795864 0
0.162933716327 0.057087863789 -0.014942671347 0
0.012559254775 1.006790905123 -0.107898706724 0
-0.106823940519 0.929642432289 -0.050887936177 0
0.198109337397 0.926806264188 -0.095709025152 0
0.050287991096 0.915572154822 -0.056516843080 0
0.051338868790 0.776245828480 -0.024460285348 0
-0.021892387232 0.565756727205 -0.034621255096 0
0.091497922876 0.569611604937 -0.014870874744 0
0.031587814815 0.637803703704 0.001957337037 0
-0.186484254052 0.790166565782 0.033949788982 0
0.197963516161 0.750831783834 -0.149713640228 0
-0.195883839901 0.779052796589 -0.083460283457 0
0.086628686021 0.779557815354 -0.175954882133 0
-0.204164433526 0.780205673625 -0.186226470607 0
-0.003457411138 0.821741560163 -0.206930059290 0
-0.113443106820 0.342738996778 -0.150071112933 0
0.133619156122 0.319309682725 -0.068863389680 0
-0.267303877322 0.035897831276 -0.101157753532 0
0.146196996506 0.034441060093 0.026122129877 0
-0.270596750940 0.042284739971 -0.149455756704 0
0.163191387414 0.057096510207 -0.015499200925 0
0.028473358697 1.011609080488 -0.103670738696 0
-0.090429488014 0.932446330293 -0.044570839019 0
0.213231820421 0.930694853476 -0.097372542927 0
0.066490743232 0.918640809316 -0.054534019894 0
0.068178782048 0.778797758391 -0.024992502787 0
-0.007104634641 0.568846630326 -0.036399717274 0
0.106683526279 0.571359513845 -0.018842955505 0
0.047859259259 0.640092592593 -0.000457048148 0
-0.166361362701 0.790294109154 0.039237388093 0
0.209965931820 0.755788465968 -0.154649301125 0
-0.173318598720 0.778201498619 -0.078246052560 0
0.097785570927 0.784125877483 -0.177492019975 0
-0.179448655604 0.779132645807 -0.181072759554 0
0.006719687286 0.826054358466 -0.205751849771 0
-0.089457724746 0.346759072066 -0.160263339993 0
0.139023267938 0.318951644875 -0.069684385596 0
-0.206404088403 0.029568328778 -0.102710888196 0
0.145884057543 0.035665095321 0.025768225269 0
-0.208039206846 0.035924662102 -0.151097416736 0
0.163266124326 0.057229929571 -0.016270276108 0
0.044508567433 1.015078327614 -0.100794578045 0
-0.074477735588 0.936285149054 -0.039124326802 0
0.227771934144 0.934366414386 -0.099479388318 0
0.082101734472 0.922163054226 -0.053168982370 0
0.083938093069 0.781890307493 -0.025806449520 0
0.007286686031 0.572052306422 -0.038356121783 0
0.121368544190 0.573882500497 -0.022726660446 0
0.063257037037 0.642907407407 -0.003202648148 0
-0.148878447617 0.793016337487 0.044154146899 0
0.221417907564 0.760531661438 -0.159684391954 0
-0.153826621163 0.779228853702 -0.073244379751 0
0.108684980166 0.788994662558 -0.179442345127 0
-0.157593210066 0.779315270386 -0.176087842439 0
0.016735429058 0.830958872224 -0.204882876504 0
-0.064440511016 0.350682826490 -0.169877506262 0
0.144422178045 0.319727637036 -0.069782771290 0
-0.146894344327 0.027919220852 -0.105892268537 0
0.146104525424 0.036679099271 0.025794807314 0
-0.150243835142 0.035084674927 -0.154077016216 0
0.163936847854 0.057412204352 -0.016472917375 0
0.060792350745 1.018805813287 -0.099326513481 0
-0.058697014837 0.941523235882 -0.034983057471 0
0.242047643443 0.936543542534 -0.102281876310 0
0.097333826071 0.925642709873 -0.052759500764 0
0.098364487267 0.784978081650 -0.027202379185 0
0.021230452116 0.574894018801 -0.040641115030 0
0.135544875596 0.576488470113 -0.026785778788 0
0.077895185185 0.645662962963 -0.006439407407 0
-0.132639982667 0.797923687504 0.048133305022 0
0.232736011409 0.763847353894 -0.165312483058 0
-0.135739604660 0.781406603368 -0.068975923757 0
0.119624319450 0.792633642566 -0.182233676657 0
-0.138039910869 0.780218466799 -0.171671920637 0
0.027011706849 0.834901929228 -0.204846588286 0
-0.037541064234 0.353066258110 -0.177701194811 0
0.149983214676 0.321002961246 -0.069903424197 0
-0.088248199297 0.028375969285 -0.112258062594 0
0.146583022544 0.037843430535 0.025629370671 0
-0.094131182730 0.034787819682 -0.160306074106 0
0.164882445839 0.057731193698 -0.016844408338 0
0.077149931243 1.022583160444 -0.098808668272 0
-0.043219444821 0.947301297906 -0.032114655500 0
0.255781786816 0.937679987667 -0.106323628784 0
0.112062289638 0.928862089675 -0.053594760251 0
0.111715100712 0.787855718117 -0.029595727745 0
0.034624166151 0.577373389690 -0.043634076101 0
0.149098054855 0.579028017488 -0.031172493348 0
0.091683333333 0.648244444444 -0.010310851852 0
-0.117556541765 0.803920178392 0.051027229762 0
0.242875678367 0.765896713986 -0.171188694090 0
-0.119185172769 0.784826826478 -0.065719438986 0
0.129608790178 0.795225197856 -0.186010439593 0
-0.120613037097 0.782301153641 -0.168243441660 0
0.036641510152 0.837968888629 -0.206412817591 0
-0.008052645651 0.354326082611 -0.184615282493 0
0.155519417723 0.322557062835 -0.070183488470 0
-0.030370856427 0.029118493508 -0.124226786940 0
0.147080399838 0.039366972421 0.024795860671 0
-0.037485422898 0.036438974846 -0.171977454230 0
0.165892481580 0.057592685393 -0.018196497802 0
0.093276851259 1.026268056499 -0.099260266209 0
-0.029110594888 0.951624680258 -0.031782299800 0
0.268545924666 0.939153961763 -0.110816187433 0
0.125588785205 0.931580102359 -0.055868251149 0
0.123931810700 0.790366867973 -0.033197367245 0
0.045946679012 0.579544994042 -0.048252636584 0
0.160447770295 0.581601804134 -0.036104811263 0
0.102871111111 0.650707407407 -0.015322222222 0
-0.104848490462 0.809364792049 0.052018761534 0
0.252297968099 0.768275759443 -0.177300631691 0
-0.105018323414 0.787759583647 -0.064300537453 0
0.139035077126 0.798275223051 -0.190746143121 0
-0.105002563820 0.784008061444 -0.166609382228 0
0.045890188507 0.841425694570 -0.209783766699 0
0.023150822266 0.354886710516 -0.191277517549 0
0.161169215526 0.324349950803 -0.070184214089 0
0.026106382342 0.030183625436 -0.140766327846 0
0.147660114260 0.040550160676 0.023653400705 0
0.018711727658 0.040182405184 -0.187985775274 0
0.167122609068 0.056552932311 -0.019930271876 0
0.108437687311 1.029639511204 -0.100777596471 0
-0.015949955245 0.954455294741 -0.033443760815 0
0.280776622234 0.939121424319 -0.115416246945 0
0.138272866358 0.932810766241 -0.059146913141 0
0.135134460420 0.791459741028 -0.037560528142 0
0.056692197731 0.580183748393 -0.053617971661 0
0.171119824604 0.583048457983 -0.040952598387 0
0.112986666667 0.651833333333 -0.020661000000 0
-0.093144414899 0.812539320547 0.049607995140 0
0.262429167620 0.768949077066 -0.183153095033 0
-0.091543135641 0.788802317411 -0.066284126150 0
0.149226726772 0.799373563145 -0.196145019409 0
-0.089989839031 0.784034124784 -0.168365075767 0
0.056063367260 0.842777241605 -0.214715409817 0
0.054649772871 0.354335620489 -0.196570983660 0
0.166750562105 0.325280937962 -0.070571129579 0
0.080757970791 0.030886051054 -0.159024271879 0
0.147927221506 0.041195287589 0.022563937299 0
0.073845475192 0.042601138484 -0.205921040008 0
0.168154234243 0.054786703271 -0.021487797007 0
0.122529007438 1.031279460321 -0.103672368112 0
-0.003687646407 0.956422001738 -0.037253953687 0
0.292722208393 0.938125747911 -0.119762879991 0
0.150236889733 0.933142578686 -0.063313922856 0
0.145777427999 0.791660043401 -0.042632489620 0
0.068577282009 0.579581958008 -0.059947053370 0
0.182840420724 0.583714101427 -0.046193488213 0
0.123771111111 0.651896296296 -0.026582851852 0
-0.081609478059 0.813882869975 0.044032616964 0
0.272936283128 0.768716644045 -0.188991560016 0
-0.078342374467 0.788716528988 -0.071522454346 0
0.159702977491 0.799002308145 -0.202038747853 0
-0.075218391227 0.783122495650 -0.173433693894 0
0.066624951172 0.842385895590 -0.220825224511 0
0.085111587903 0.353369871529 -0.201374846522 0
0.172979433479 0.325608311516 -0.071185574307 0
0.131022840918 0.031379771825 -0.178868028777 0
0.148455634046 0.041238483489 0.021997404179 0
0.125995236050 0.039734973222 -0.226714099971 0
0.169638397608 0.053999501892 -0.021853033185 0
0.135891222338 1.031892847682 -0.107683318099 0
0.007859889126 0.957416585481 -0.042638417081 0
0.304407578495 0.936181285153 -0.123939141532 0
0.161627533520 0.932533351292 -0.068136506234 0
0.155922943898 0.790919796440 -0.048362381748 0
0.080814057608 0.577832893343 -0.067653996259 0
0.194824517445 0.583504895786 -0.052430873427 0
0.134597407407 0.650896296296 -0.033624851852 0
-0.070792105188 0.814387971619 0.037069812778 0
0.283058412889 0.767640042449 -0.194802390716 0
-0.065822721114 0.788328211028 -0.078226272542 0
0.169604543134 0.796895289284 -0.208277628609 0
-0.061005093615 0.782141520584 -0.179992945127 0
0.076664366694 0.839982898318 -0.227506242090 0
0.112590779357 0.351749767464 -0.206663967716 0
0.180283195059 0.325166377513 -0.072184408362 0
0.177040046657 0.032341094969 -0.198604979731 0
0.149396023139 0.040566052957 0.021968781241 0
0.173500296629 0.041676990287 -0.246402929040 0
0.171695659405 0.053819655380 -0.021176116083 0
0.148598108101 1.031422739501 -0.112597427008 0
0.018754761915 0.956900125968 -0.048946277472 0
0.315807082941 0.933273397985 -0.127705239787 0
0.172504786411 0.930695783011 -0.073196612203 0
0.165723558683 0.788943763461 -0.054480741749 0
0.093068229558 0.574708226492 -0.076104651376 0
0.206735558827 0.582086869520 -0.059146057190 0
0.145243703704 0.648622222222 -0.041415555556 0
-0.061523605878 0.814297089024 0.029898380044 0
0.293768068657 0.765687575412 -0.200594274430 0
-0.054268326506 0.787432937577 -0.085091495504 0
0.180245568592 0.794207269380 -0.215033841634 0
-0.047703757045 0.780551303845 -0.186711725477 0
0.087512539466 0.837103544727 -0.235036895911 0
0.134912605306 0.348930160656 -0.212927256314 0
0.187668734949 0.323681030742 -0.073405122195 0
0.216587103412 0.031669879084 -0.216204221270 0
0.150101499933 0.039853280092 0.022303630641 0
0.213314389876 0.043816429676 -0.263385609387 0
0.173294344052 0.053874944299 -0.020121583966 0
0.161023964369 1.029948919241 -0.117280565761 0
0.028839493506 0.956247987653 -0.056210142356 0
0.326723155241 0.930642865058 -0.131116614811 0
0.182693381276 0.928955508170 -0.078524221735 0
0.175015325803 0.787074260973 -0.060878226696 0
0.104933009821 0.571781187322 -0.085338435858 0
0.218181880740 0.580704227399 -0.066434134120 0
0.155510370370 0.646437037037 -0.049879629630 0
-0.053031639546 0.814020977636 0.021670007199 0
0.304482722765 0.763604897203 -0.205192372702 0
-0.043374651850 0.786417045568 -0.092967502863 0
0.191153698376 0.791837218107 -0.221584454733 0
-0.034998673561 0.778791614766 -0.194420076891 0
0.098485971688 0.834382285406 -0.242932690486 0
0.154730890097 0.346326625574 -0.220014059947 0
0.195418649193 0.322331347656 -0.074541693892 0
0.243233947017 0.028742039589 -0.229436563427 0
0.150676205244 0.038916573652 0.022282319538 0
0.241921429634 0.032579363030 -0.278097481798 0
0.174743314036 0.052287652433 -0.019865070019 0
0.172877715734 1.028685855589 -0.121936412463 0
0.038031142613 0.955848408417 -0.064683315558 0
0.337083902283 0.928998103117 -0.134309358717 0
0.192124091591 0.927857321066 -0.084322013606 0
0.183783520165 0.785873160553 -0.067610041409 0
0.116103488130 0.569789656968 -0.094799607565 0
0.228882229882 0.579978130763 -0.073836534235 0
0.165181851852 0.644988888889 -0.058395185185 0
-0.044961053014 0.813023500370 0.010881647264 0
0.315387422458 0.762224984651 -0.209139347154 0
-0.032751661499 0.785098475169 -0.103434217412 0
0.202348829480 0.789758927001 -0.228462664214 0
-0.022423642837 0.776953060338 -0.204715082424 0
0.109770566241 0.831633943714 -0.251802029706 0
0.172718688387 0.343972192709 -0.226132406029 0
0.205078308855 0.321590740397 -0.076962564614 0
0.255323023043 0.025967540208 -0.234921791285 0
0.152250670548 0.038142409309 0.021673991787 0
0.255173205116 0.021276252336 -0.283525310730 0
0.177321952954 0.050999852659 -0.020045678261 0
0.183044795226 1.027956826007 -0.127045469607 0
0.045474105893 0.953962225685 -0.074271764521 0
0.346308146079 0.929169161289 -0.136605239240 0
0.200175175551 0.926984528533 -0.090196564668 0
0.192175881263 0.784912615675 -0.074193443386 0
0.126176916181 0.568539252711 -0.104210838160 0
0.238316577403 0.579445945122 -0.080377238463 0
0.173774814815 0.643925925926 -0.066261111111 0
-0.038953397582 0.810229930897 -0.002093190194 0
0.326142403480 0.762310147726 -0.211671542381 0
-0.023812065913 0.781568415173 -0.115874782650 0
0.213466849749 0.788696335225 -0.234414030517 0
-0.011217343559 0.772639326141 -0.216857149514 0
0.121110214360 0.829516426156 -0.260508464095 0
0.185893082362 0.341044664681 -0.231204160545 0
0.217918854093 0.320752738878 -0.081860528466 0
0.256642478662 0.023953974808 -0.233317489592 0
0.154546587979 0.037152057822 0.020113895574 0
0.255514497203 0.019912957681 -0.281966544754 0
0.180775206227 0.047962968032 -0.021474537013 0
0.191644377349 1.027375607944 -0.132348292600 0
0.052524754417 0.951774683777 -0.084474728446 0
0.355196303439 0.929984560203 -0.138478448446 0
0.207856168137 0.926292092348 -0.096162576942 0
0.200578153643 0.784105472376 -0.081035091039 0
0.135742712169 0.567735669718 -0.114333016055 0
0.247399291957 0.578760647029 -0.088380018186 0
0.182446666667 0.642992592593 -0.075038888889 0
-0.033169918454 0.806549740991 -0.016925771871 0
0.338507871615 0.762584376389 -0.213192651590 0
-0.014431354433 0.776210050873 -0.129732520836 0
0.226161118575 0.786830693153 -0.239641758774 0
0.000841374293 0.765723549683 -0.230200859221 0
0.133961854268 0.825711213461 -0.269100744511 0
0.194660388437 0.337604867092 -0.236871308529 0
0.234356175935 0.319599617351 -0.090804898205 0
0.256236436294 0.023916301648 -0.231767307206 0
0.157448634118 0.036706779284 0.016800175928 0
0.255218261948 0.021932224320 -0.280545985826 0
0.184142840341 0.040333240783 -0.025728426812 0
0.199769271221 1.026968796306 -0.137716157548 0
0.059428968285 0.951617430159 -0.095631755778 0
0.363656352004 0.931816712334 -0.140962853451 0
0.215186005334 0.927111376522 -0.102912902788 0
0.208494510075 0.784809844150 -0.088543063462 0
0.143949705182 0.569248288070 -0.125021992460 0
0.255323106385 0.578659516843 -0.097278627304 0
0.190961851852 0.643562962963 -0.084327037037 0
-0.027433552220 0.805112650787 -0.032481342852 0
0.351867125870 0.763343547408 -0.214184054589 0
-0.004625122052 0.772895507666 -0.144010820536 0
0.240012463219 0.785244928853 -0.244484153598 0
0.013931354442 0.760402477928 -0.243755057660 0
0.148063141053 0.821816380277 -0.277616308200 0
0.200412702387 0.335398585520 -0.241526750219 0
0.253941338046 0.319217586398 -0.102609449513 0
0.256803930865 0.024054229260 -0.231381014145 0
0.161701431668 0.035750430681 0.015488037792 0
0.256867831925 0.021487209502 -0.280143079893 0
0.188122817002 0.031722889578 -0.027174630076 0
0.207379385008 1.028011205648 -0.143970287522 0
0.066676402372 0.951819598261 -0.106861928263 0
0.372247189251 0.933446135588 -0.142781114261 0
0.222690869700 0.928006952173 -0.109363972892 0
0.216154199391 0.785641042945 -0.095632969589 0
0.151641931867 0.570781059985 -0.134996682399 0
0.262635385894 0.579058730175 -0.105429244701 0
0.198594444444 0.644366666667 -0.092931111111 0
-0.021649051003 0.804236796502 -0.048426892443 0
0.365587020697 0.763631386455 -0.213506856256 0
0.005579208977 0.770591155506 -0.158534048843 0
0.254489877934 0.783313949393 -0.247847119097 0
0.028181356789 0.756364848217 -0.257299550452 0
0.163043764105 0.817539037548 -0.284870093253 0
0.205409661205 0.333543360027 -0.245786650435 0
0.277630092962 0.320164085460 -0.114871909589 0
0.257437597889 0.023219630157 -0.231526221862 0
0.167463495548 0.036051237218 0.015928106263 0
0.257519115436 0.022065253309 -0.280342136262 0
0.193607656692 0.025744570448 -0.025841133353 0
0.215225478165 1.029004630444 -0.150236492920 0
0.074206479160 0.954064131092 -0.118252805381 0
0.380924099377 0.935784459098 -0.142572198613 0
0.230208448360 0.930279633858 -0.114861691427 0
0.223256689163 0.787881655210 -0.101647023630 0
0.159057504962 0.573550318090 -0.143691184085 0
0.269580783020 0.581034865422 -0.112212832933 0
0.205680370370 0.646596296296 -0.100338148148 0
-0.015683829959 0.805784389831 -0.064127273901 0
0.379402457327 0.764756220786 -0.210620444400 0
0.016296646292 0.770937395071 -0.172570481550 0
0.269323475058 0.782427714691 -0.249085597874 0
0.043447583110 0.755518226372 -0.270030721533 0
0.178868160907 0.814772034550 -0.290006792188 0
0.211520448004 0.333097177993 -0.247984228154 0
0.302094609313 0.324051011879 -0.127788209014 0
0.257680466307 0.023438307448 -0.231527293076 0
0.176184379136 0.041017281994 0.016085736741 0
0.257864344943 0.023648264422 -0.280356125097 0
0.201849709943 0.026463058593 -0.024704939837 0
0.223422018052 1.031074685643 -0.156351266048 0
0.082033834076 0.956616900017 -0.128759307771 0
0.389427512648 0.938514643096 -0.142276427131 0
0.237831269494 0.932897617330 -0.119906562266 0
0.230463452551 0.790483324129 -0.107088692923 0
0.166573297298 0.576577424678 -0.151102646427 0
0.276571019944 0.583528944681 -0.117718856720 0
0.212680370370 0.649222222222 -0.106540740741 0
-0.009396649815 0.807521165491 -0.079691486730 0
0.391802281169 0.766528590328 -0.207840865484 0
0.027238740413 0.771557722854 -0.186281693441 0
0.282993158373 0.782343258839 -0.250498843896 0
0.058889387583 0.755122368721 -0.282215148853 0
0.193757273504 0.812990937655 -0.295215339685 0
0.217291554306 0.333137903694 -0.249143301493 0
0.324340177638 0.329457569735 -0.140219661779 0
0.257805369609 0.023799961310 -0.231266834213 0
0.188803567397 0.047291748665 0.014656132343 0
0.258073373023 0.025419305103 -0.280068869310 0
0.214356381944 0.029982359727 -0.025116378807 0
0.231698645791 1.033605032617 -0.161710623388 0
0.090076213710 0.958169977236 -0.138079962333 0
0.397761166447 0.940462871212 -0.142287824383 0
0.245564309218 0.934644874318 -0.124521273427 0
0.237942111161 0.792227633259 -0.111891573782 0
0.174453905874 0.578688406591 -0.157497966444 0
0.283902769502 0.585189160028 -0.122270328315 0
0.219999629630 0.650988888889 -0.111812962963 0
-0.003036478708 0.808247239385 -0.095069246390 0
0.403165520109 0.767835070655 -0.205958640974 0
0.037996544104 0.770933187816 -0.199572575449 0
0.295810775223 0.782199616031 -0.252626088435 0
0.073967384894 0.753500000397 -0.293751722443 0
0.207856864944 0.811373530672 -0.300835287499 0
0.223675599953 0.333004602812 -0.250577531383 0
0.345384573318 0.334724591809 -0.151044102639 0
0.257980227576 0.024310083493 -0.231048541579 0
0.208798350179 0.052776228967 0.007904254774 0
0.258428990633 0.027538931975 -0.279769234093 0
0.235580825813 0.034719869630 -0.030710260714 0
0.239644305008 1.035473562208 -0.166058162736 0
0.098284454728 0.959113893578 -0.146904472930 0
0.405963825645 0.941460889247 -0.142103015089 0
0.253313357554 0.935621859897 -0.128794254854 0
0.245386190828 0.793206913686 -0.116256423692 0
0.182558995169 0.579947413653 -0.163271748168 0
0.291474323736 0.586113212807 -0.126370065865 0
0.227518888889 0.651962962963 -0.116567777778 0
0.003466933692 0.808652205279 -0.109922848319 0
0.413703497416 0.768356200769 -0.204219049710 0
0.048722371550 0.770033242805 -0.212184836721 0
0.307989002266 0.781751000525 -0.254758706620 0
0.088624784624 0.751738687298 -0.304532842574 0
0.221539571561 0.809807093125 -0.306346977210 0
0.230269596630 0.332566451424 -0.252566037187 0
0.364539018030 0.339560349617 -0.161207952180 0
0.258278735755 0.024843343587 -0.230718080900 0
0.236475229960 0.056879956740 -0.004879688298 0
0.259075082526 0.029367947413 -0.279331109214 0
0.265790577226 0.042185839319 -0.043077950664 0
0.247608986951 1.036720675409 -0.169694413379 0
0.106400787306 0.959290600314 -0.155092395948 0
0.413839879925 0.941670357366 -0.141977167585 0
0.260886420889 0.935832914445 -0.132782255947 0
0.252754908035 0.793416443743 -0.120277650569 0
0.190799560004 0.580388420743 -0.168643728556 0
0.299230199517 0.586219266948 -0.130288837339 0
0.235257037037 0.652133333333 -0.121050740741 0
0.010035832415 0.808517844954 -0.123817898192 0
0.423083335223 0.768022463410 -0.202346902616 0
0.059207973626 0.769000853745 -0.223905365562 0
0.319043899709 0.780590550444 -0.256449315799 0
0.102631989279 0.750189873719 -0.314477602574 0
0.234243552064 0.807730680726 -0.311208750181 0
0.237293762263 0.331658026621 -0.254774978478 0
0.381244071349 0.343381675442 -0.170835985217 0
0.258772620809 0.025384653846 -0.230359826807 0
0.269393841306 0.057189909399 -0.018982420599 0
0.260061031831 0.031303785722 -0.278812242688 0
0.301096112610 0.045903278172 -0.056425602482 0
0.255668690175 1.037262331706 -0.172919827335 0
0.114737400700 0.960035546416 -0.162853083016 0
0.421739560072 0.942271250353 -0.141987279089 0
0.268599979472 0.936531647565 -0.136629239868 0
0.260270096946 0.794118066992 -0.124029684330 0
0.199294390360 0.581227407444 -0.173241452748 0
0.307336239881 0.586808544609 -0.133768554541 0
0.243349629630 0.652770370370 -0.124975185185 0
0.017082264698 0.809175908475 -0.136365981386 0
0.431565950191 0.768072655982 -0.200654384230 0
0.069725920512 0.769170352943 -0.234474055565 0
0.329271605248 0.779969270703 -0.258131071824 0
0.116317743674 0.750046863040 -0.323360747705 0
0.246201727815 0.806425072750 -0.315812152024 0
0.244720877212 0.331016602935 -0.255570667588 0
0.395868501606 0.347305905156 -0.180039134298 0
0.259277378690 0.026140669114 -0.229899791188 0
0.305019415070 0.055004143964 -0.035127473064 0
0.261240826676 0.033072481956 -0.278195003917 0
0.337854550988 0.045021566666 -0.071959740434 0
0.264008840805 1.038311772593 -0.175946417999 0
