-0.155817907366 0.921213813696 -0.191454016692 0
0.149845563632 0.922337091891 -0.231075457740 0
0.001500454175 0.908793712878 -0.194692932316 0
0.012940619577 0.770459110918 -0.159965980969 0
-0.029699622586 0.560741095698 -0.134993928637 0
0.083774773369 0.570784788731 -0.151875448882 0
0.028683296296 0.635796296296 -0.116364814815 0
-0.265006149349 0.795739846037 -0.118440773013 0
0.261905207840 0.780654739879 -0.195687822648 0
-0.276862701543 0.683479974503 -0.083026981865 0
0.288146690341 0.692284870349 -0.122125720847 0
-0.313552081550 0.602932757554 -0.043619037535 0
0.332427937735 0.613315344721 -0.075375259846 0
-0.053087518945 0.295424018926 -0.157509858422 0
0.040719660502 0.347844988908 -0.277512008583 0
-0.041206982727 0.013494325949 -0.061117691243 0
0.024138665048 0.029273546321 -0.258593740008 0
-0.041769423134 0.028493971823 -0.107583022558 0
0.015250427006 0.048557489927 -0.304239579505 0
0.001617848428 1.010932995841 -0.233078641065 0
-0.156008361851 0.909234819342 -0.190312873512 0
0.149755019525 0.915328721365 -0.228691211344 0
0.001519566936 0.899598574418 -0.192744085676 0
0.014626134942 0.762127632926 -0.155519296079 0
-0.028924525718 0.554004120545 -0.129201852040 0
0.084723322120 0.563907253681 -0.144962393550 0
0.029589666667 0.628466666667 -0.108700370370 0
-0.250446457913 0.756630837209 -0.162202499105 0
0.226850624200 0.749673382347 -0.251009675535 0
-0.248121291184 0.638346143874 -0.161638484470 0
0.245441499526 0.642512537704 -0.205400851871 0
-0.276926473427 0.546278184067 -0.156248811249 0
0.274533059200 0.546493936071 -0.191932363248 0
-0.054807384414 0.290228285259 -0.163835626899 0
0.039674149214 0.347000857251 -0.280101689947 0
-0.041602127386 0.014522405185 -0.062215608100 0
0.023948484474 0.030518326505 -0.258979069508 0
-0.042738220733 0.031644767517 -0.107930668308 0
0.016227029304 0.051599280607 -0.304038878919 0
0.001828162185 1.005110766516 -0.220719206676 0
-0.155301741032 0.904479401888 -0.183334259909 0
0.150564832688 0.914130758840 -0.220127849524 0
0.002324004466 0.896434653309 -0.185129457159 0
0.016026004607 0.758739103397 -0.149212441437 0
-0.028796498015 0.550997102084 -0.124730738245 0
0.085077896585 0.560859898554 -0.138789455582 0
0.029607407407 0.624974074074 -0.102252222222 0
-0.222534869042 0.736375102088 -0.198077847897 0
0.198369479814 0.757480219760 -0.304144882132 0
-0.222961457385 0.629428328410 -0.248666372410 0
0.198558869355 0.639543265698 -0.304411460523 0
-0.248387376013 0.543957428096 -0.292324393110 0
0.205965361880 0.543125172077 -0.333239121710 0
-0.055831660741 0.288643924323 -0.168170606009 0
0.040815755184 0.346227040203 -0.277764421591 0
-0.041864241218 0.015420508523 -0.062248650034 0
0.024267736308 0.030212919197 -0.258162246752 0
-0.043318491029 0.032998414463 -0.107781441624 0
0.016907968685 0.051512220976 -0.303179882009 0
0.002504310143 1.003555066028 -0.205808644490 0
-0.153419486732 0.907098405195 -0.171542322876 0
0.152405171698 0.916093928454 -0.208846970102 0
0.004150692379 0.898190312612 -0.174012322513 0
0.017037849047 0.759247548292 -0.142739570276 0
-0.028422689263 0.550150951410 -0.124596824455 0
0.085507116184 0.560285045766 -0.137998301807 0
0.029847111111 0.623781481481 -0.100678888889 0
-0.203573514164 0.747344558531 -0.241969622331 0
0.179191079962 0.799035010491 -0.348357766432 0
-0.201248199921 0.666138489899 -0.327976369282 0
0.158615628718 0.691253258842 -0.391589431720 0
-0.218350536226 0.606617990065 -0.407045441092 0
0.147484257520 0.613655143215 -0.454634919231 0
-0.056585637533 0.288556326395 -0.171737173671 0
0.043147196781 0.345116352740 -0.276737312153 0
-0.041842899114 0.015083817690 -0.062116843318 0
0.024555986052 0.029266065890 -0.257583499994 0
-0.043293602307 0.031427495425 -0.108107194351 0
0.017435282541 0.050197532841 -0.302811623907 0
0.004464641469 1.005783190755 -0.191614076203 0
-0.151490371892 0.914849886363 -0.157268770478 0
0.154107438387 0.923939805218 -0.196366463178 0
0.006009810972 0.905281024790 -0.161261970051 0
0.018271804027 0.764765713066 -0.137079111274 0
-0.028131289966 0.553784965553 -0.128949235969 0
0.085776787064 0.563981248103 -0.142487546145 0
0.030343814815 0.626822222222 -0.103747777778 0
-0.195905175272 0.784508918188 -0.275739356515 0
0.162788058766 0.867323788726 -0.371303054420 0
-0.186854489615 0.736476915726 -0.383479808615 0
0.130908198255 0.784226904289 -0.448684023376 0
-0.195147382092 0.711129240521 -0.480065408400 0
0.110105937347 0.734391779436 -0.534139686401 0
-0.056921041022 0.291784333591 -0.173378180391 0
0.045812204083 0.345285691265 -0.276336445092 0
-0.041633313175 0.014494072291 -0.061885762834 0
0.024949133207 0.029114175178 -0.257602316260 0
-0.042653668036 0.027440419511 -0.108956812316 0
0.017856568941 0.049088038510 -0.303265805347 0
0.006621723703 1.012825829690 -0.177081545709 0
-0.150371966623 0.925600890848 -0.143298002321 0
0.154867017999 0.937551301208 -0.184378749712 0
0.007095964235 0.916523726908 -0.149237042871 0
0.019450491501 0.774692270801 -0.134368464843 0
-0.028398194239 0.562631511331 -0.135502168037 0
0.085488219071 0.572207026127 -0.149661773000 0
0.030773592593 0.634870370370 -0.109634444444 0
-0.193048723854 0.837280511885 -0.296186613905 0
0.150857368444 0.949061570486 -0.368049579897 0
-0.184226359905 0.822427558568 -0.413227413894 0
0.117219345516 0.896560500838 -0.468156288790 0
-0.188325945201 0.827967059667 -0.513582021720 0
0.093323431628 0.878475956172 -0.564714412456 0
-0.056619426197 0.299420684028 -0.172525599452 0
0.048765336961 0.347245761541 -0.273695242629 0
-0.041729613751 0.014504645119 -0.062551874690 0
0.025165050493 0.029047012476 -0.257896035150 0
-0.041943092554 0.023272870034 -0.110587334388 0
0.017730143511 0.047163402725 -0.304274181754 0
0.007767065131 1.023422250243 -0.165542432961 0
-0.149665090265 0.940500453619 -0.130469800349 0
0.155142082176 0.956740583368 -0.173249744959 0
0.007775724164 0.932572664472 -0.138429477967 0
0.020481134168 0.790051085658 -0.134099015525 0
-0.028677058602 0.576780718982 -0.142080282948 0
0.085122418672 0.585649201128 -0.157355394387 0
0.031081333333 0.648966666667 -0.117442592593 0
-0.195678399032 0.897117368119 -0.300756047031 0
0.158592187044 1.027069370070 -0.343324716623 0
-0.191211644103 0.914664817373 -0.417671094460 0
0.126149931729 1.009437334713 -0.455332946076 0
-0.194733586671 0.948658123027 -0.512491346871 0
0.102532976175 1.024323376845 -0.552114737634 0
-0.055831639073 0.312199564224 -0.168661353714 0
0.052121328423 0.352294397009 -0.265968955505 0
-0.043280618800 0.015552775270 -0.063871360847 0
0.025802390300 0.029288929545 -0.258011552590 0
-0.042876830151 0.020213940240 -0.112476332050 0
0.017852216203 0.045654437389 -0.304951714549 0
0.007168535217 1.038217655831 -0.158712134451 0
-0.149553138013 0.956418932883 -0.121043058103 0
0.154908768438 0.976491939530 -0.164646954387 0
0.007848112221 0.949530558794 -0.130593612221 0
0.020716108319 0.807080813014 -0.136066676149 0
-0.029310512656 0.592649187303 -0.147559444469 0
0.084362822007 0.600855428310 -0.164092158343 0
0.030791111111 0.665385185185 -0.125510370370 0
-0.210193867459 0.959007864835 -0.292252642716 0
0.168088923308 1.093095482512 -0.306468795901 0
-0.207801305846 1.004129323258 -0.401593041603 0
0.145177792739 1.107055133896 -0.421314084422 0
-0.210964567772 1.061048942497 -0.484402319989 0
0.127916062207 1.148192718665 -0.511579689232 0
-0.055037097424 0.327205416139 -0.165583295420 0
0.055602552830 0.359195604873 -0.254168897159 0
-0.046525813980 0.018715063437 -0.065034873973 0
0.027441038773 0.029523507019 -0.258393196442 0
-0.046185015083 0.020518399097 -0.113830002484 0
0.018773344838 0.044627425601 -0.305628317328 0
0.006030558080 1.053353543634 -0.157682243639 0
-0.149089119912 0.971687860630 -0.115720801928 0
0.155071669322 0.994047959407 -0.160302391425 0
0.008242705864 0.965336113362 -0.126682930433 0
0.020796224390 0.823339957169 -0.139538631366 0
-0.029989425235 0.607697279856 -0.152044036008 0
0.083548131506 0.615519330642 -0.169660470480 0
0.030067925926 0.681381481481 -0.133265185185 0
-0.228046863766 1.016694420273 -0.273000192742 0
0.181464200860 1.144343727952 -0.263249725949 0
-0.231871762481 1.083552918536 -0.370531236773 0
0.173753830655 1.183805298007 -0.374121574252 0
-0.235808189520 1.156760475414 -0.439424131618 0
0.168104411164 1.243773443302 -0.455191816454 0
-0.054061656172 0.341820503195 -0.165354909266 0
0.058513881669 0.367510320969 -0.241807956081 0
-0.050267819998 0.023488231696 -0.066168913834 0
0.031064943237 0.029801868154 -0.259565977813 0
-0.050325428022 0.022150953389 -0.114980194270 0
0.021471681902 0.041631240134 -0.307549821087 0
0.004941744356 1.066610290185 -0.162305839084 0
-0.148046243192 0.985772107503 -0.115234416041 0
0.156137558962 1.006583660279 -0.160404888973 0
0.009187921660 0.978353606823 -0.126904874800 0
0.020627869119 0.836605722340 -0.143607744411 0
-0.029944335890 0.619767574426 -0.156121231766 0
0.083491281701 0.627600513075 -0.174377895391 0
0.029664148148 0.694566666667 -0.140602962963 0
-0.258624865863 1.070337434225 -0.231929729677 0
0.195955574076 1.176741062531 -0.218236727783 0
-0.267483657113 1.152129848740 -0.316950409135 0
0.209405677757 1.237143682631 -0.318635185251 0
-0.271475258126 1.235569223468 -0.372922508191 0
0.218029956674 1.310934432109 -0.388216759479 0
-0.052591063435 0.353578623325 -0.164934860949 0
0.059809054905 0.376067592135 -0.233629764892 0
-0.052428642327 0.029247171500 -0.066861938852 0
0.036728029188 0.033353749464 -0.261276782344 0
-0.052770077198 0.025998745572 -0.115582200356 0
0.027067731890 0.042757729367 -0.309780985646 0
0.004056302920 1.075446795654 -0.173718909786 0
-0.146074947583 0.998716719705 -0.121311526277 0
0.158829843476 1.009691095821 -0.165059775447 0
0.010929227075 0.986434265235 -0.131925046380 0
0.019269816817 0.844228077163 -0.147538290583 0
-0.029829457091 0.626318388609 -0.159639063787 0
0.083631798358 0.634559107215 -0.177553697517 0
0.028985925926 0.702203703704 -0.146560000000 0
-0.277910299100 1.110005746353 -0.178152665764 0
0.210989291249 1.185856193923 -0.176408240883 0
-0.299941141070 1.201742387957 -0.249539105509 0
0.248567382686 1.262923074778 -0.257388577912 0
-0.308388617828 1.291262363680 -0.294149825021 0
0.274132081078 1.347094283044 -0.310141742308 0
-0.050472200438 0.359861763257 -0.164314100615 0
0.060762602573 0.381815935148 -0.231760072420 0
-0.053095945786 0.031907901888 -0.068066573055 0
0.043064209578 0.040226547363 -0.261281055837 0
-0.053236085710 0.026613112370 -0.116608084100 0
0.034223496432 0.051787982757 -0.309474301448 0
0.003608267579 1.075454805298 -0.193840320806 0
-0.144311790557 1.009471582145 -0.134118997755 0
0.161569390751 1.007911085532 -0.172007592589 0
0.012340641437 0.991351412738 -0.140863726647 0
0.017231395487 0.848423464125 -0.151194178389 0
-0.029997616538 0.629622940447 -0.162322768166 0
0.083696670493 0.638575096066 -0.178315517745 0
0.027799518519 0.706437037037 -0.150158148148 0
-0.280974580107 1.128774763051 -0.124804735670 0
0.225542707178 1.176543947554 -0.135212075460 0
-0.324620612029 1.226443806994 -0.175329728921 0
0.287890859954 1.261097447728 -0.188809141795 0
-0.344066467387 1.319297858443 -0.207525816329 0
0.331834353284 1.349168729788 -0.219911272535 0
-0.047702202742 0.362918205960 -0.163820849021 0
0.062952909666 0.385280844319 -0.230776557013 0
-0.051819668949 0.034086292404 -0.071149968957 0
0.049344318547 0.044882758874 -0.259996525290 0
-0.050915348459 0.029870608680 -0.119788872573 0
0.042103357110 0.058386154042 -0.307951094585 0
0.004589091873 1.068793021479 -0.217382441280 0
-0.144110661273 1.012591983155 -0.150859309097 0
0.162640297087 1.004312773641 -0.179783037795 0
0.012360431952 0.991869598331 -0.151952976820 0
0.015679377197 0.848514169328 -0.154452998058 0
-0.030551809598 0.629157411276 -0.163895043808 0
0.083457864266 0.638969803687 -0.176849242107 0
0.026248407407 0.706544444444 -0.150708888889 0
-0.270713722760 1.121977500793 -0.080126036493 0
0.231970666150 1.155010866092 -0.099990041194 0
-0.337359675032 1.218038383179 -0.098226232933 0
0.318939668482 1.233152828830 -0.115464483313 0
-0.374392802675 1.310520489746 -0.108554953821 0
0.380434518475 1.316021997190 -0.117212430547 0
-0.044672878768 0.362235082204 -0.164316546821 0
0.067013048740 0.385222198300 -0.228638845549 0
-0.048561807833 0.034801981521 -0.075881340991 0
0.053292801992 0.043341510749 -0.256607192599 0
-0.045960237293 0.034325002337 -0.124639284460 0
0.046875426790 0.054022790757 -0.305383636430 0
0.006225751395 1.058753480725 -0.237910479459 0
-0.144562029104 1.008522740077 -0.166578954152 0
0.162659227704 0.998618606873 -0.189344835605 0
0.011884053817 0.987797737719 -0.163593359900 0
0.014963960695 0.844501075787 -0.158259257577 0
-0.031083661595 0.625043304628 -0.165112014378 0
0.083137171760 0.635506788994 -0.175427864092 0
0.024996666667 0.702651851852 -0.150252592593 0
-0.255779633434 1.095589871697 -0.052356882823 0
0.232185658086 1.126481918881 -0.076647957346 0
-0.337704705841 1.177028339322 -0.026802006731 0
0.332598930571 1.180300254840 -0.046152162726 0
-0.390758872844 1.259072300566 -0.002254357875 0
0.406955155848 1.243979146268 -0.012373375210 0
-0.041639373342 0.357957305286 -0.165982601434 0
0.069408245757 0.381715221563 -0.227790055737 0
-0.045087739184 0.032447612541 -0.081935547946 0
0.052140309123 0.038342617837 -0.251206584770 0
-0.041019202139 0.032995426861 -0.130592301183 0
0.044657255792 0.048020074650 -0.300040637053 0
0.007510455301 1.049105103246 -0.253367223862 0
-0.142879644232 1.000723950424 -0.176073046660 0
0.164225059620 0.988494988425 -0.199277167140 0
0.013466416374 0.979298191637 -0.172807690634 0
0.015601227093 0.836271142715 -0.162337556180 0
-0.031029300107 0.616767986942 -0.163998428207 0
0.083268562704 0.627761769699 -0.172798162879 0
0.024441037037 0.694759259259 -0.148855925926 0
-0.232809475778 1.064703610990 -0.031795706332 0
0.235277329898 1.079130375044 -0.055679329309 0
-0.322335871429 1.112487784670 0.029021153318 0
0.331495947018 1.097767424690 0.009924559036 0
-0.383533960564 1.167648000979 0.086803375227 0
0.403953465786 1.133141226698 0.074464250533 0
-0.039108402964 0.349628196117 -0.168261322993 0
0.069797998203 0.374882305913 -0.229463521870 0
-0.041610707937 0.026790425378 -0.090008390011 0
0.046320414607 0.033862671424 -0.246465289571 0
-0.036649853815 0.028693912818 -0.138548058240 0
0.037151837381 0.047163062466 -0.294146005901 0
0.008223179868 1.040001294309 -0.262671864214 0
-0.141336591076 0.990555321864 -0.188933857404 0
0.165070753309 0.966172401979 -0.211765641648 0
0.014259538888 0.964476545589 -0.184080186133 0
0.013424330909 0.822842377245 -0.161702461455 0
-0.031067978025 0.604057596296 -0.160698472173 0
0.083302337112 0.615064390731 -0.168481885613 0
0.024300370370 0.681929629630 -0.144599259259 0
-0.217365559255 1.020094475124 -0.026626257698 0
0.237245199560 1.015608581861 -0.049807465331 0
-0.302476825732 1.029312407888 0.055032148021 0
0.323514469328 1.001688779743 0.029395339346 0
-0.360522847542 1.053041054579 0.133243461281 0
0.386672128666 1.009874771127 0.109611293471 0
-0.038528384293 0.336973095886 -0.168269733326 0
0.067860996380 0.364999104578 -0.236078926079 0
-0.038165258138 0.022290860628 -0.093764560717 0
0.040056331516 0.032140090634 -0.243237452791 0
-0.033409460427 0.029441265120 -0.141833124597 0
0.031053369560 0.052893199771 -0.288211545967 0
0.011678011691 1.033381386741 -0.268196697901 0
-0.148534499402 0.971580433371 -0.201837602626 0
0.157520629077 0.940393180503 -0.220782032871 0
0.006524852418 0.943082501220 -0.194203361795 0
0.005800637532 0.803403827305 -0.162518854855 0
-0.031206862658 0.587408428338 -0.155306231317 0
0.083218027851 0.598166560331 -0.162621083394 0
0.024425074074 0.664651851852 -0.137211111111 0
-0.216356376622 0.947460330016 -0.035058898696 0
0.231651574927 0.946994063330 -0.052423579972 0
-0.293609194037 0.920248521727 0.050313889012 0
0.303262247197 0.902893479931 0.030258233185 0
-0.350850981909 0.918046583906 0.132034389215 0
0.364994542710 0.884170235198 0.111542994570 0
-0.038830391750 0.320509677153 -0.167717936944 0
0.064285768604 0.353449134482 -0.246855240764 0
-0.035280577453 0.018570671946 -0.089236771200 0
0.036607559494 0.029980850273 -0.241476841410 0
-0.031160024401 0.030477481738 -0.136412841965 0
0.028497783123 0.052439075127 -0.285796967578 0
0.015244841434 1.029769799468 -0.259906487772 0
-0.139229919015 0.951649574099 -0.199706261452 0
0.167283818471 0.924840624159 -0.217924021524 0
0.016145958547 0.924944459928 -0.192025772811 0
0.014432459438 0.785081074475 -0.160828909465 0
-0.031470282911 0.570643400983 -0.148571567567 0
0.082950537443 0.580885601508 -0.156650752590 0
0.024868481481 0.646862962963 -0.128436666667 0
-0.224933428701 0.897604079953 -0.048939171243 0
0.231666769795 0.853728429043 -0.060820779248 0
-0.273251243942 0.821047584608 0.027228308306 0
0.285235996661 0.791457036041 0.023806897150 0
-0.324046766829 0.781991612552 0.101326609022 0
0.345442265883 0.748790866557 0.098167252178 0
-0.039882146817 0.304542704799 -0.172378542442 0
0.058583900187 0.343722819399 -0.259122817045 0
-0.033514674661 0.014763979729 -0.086137069423 0
0.035241641379 0.029151128176 -0.240001287716 0
-0.030402525405 0.030117606278 -0.132385457596 0
0.028376816545 0.053125167656 -0.283733810292 0
0.018024625565 1.013566425489 -0.255675819285 0
-0.138505472627 0.930751834280 -0.196223732233 0
0.168238397555 0.912081257083 -0.219906753574 0
0.017604919262 0.907920566005 -0.191523190762 0
0.018170934811 0.768417365714 -0.159432299062 0
-0.031936634123 0.556991973482 -0.141279301024 0
0.082412828572 0.566799414198 -0.150782696251 0
0.025246481481 0.632018518519 -0.119143333333 0
-0.247882717313 0.833492740871 -0.088641161182 0
0.237181235943 0.771950579955 -0.122470539506 0
-0.257669864610 0.739089831382 -0.018006215028 0
0.262875349293 0.705038577261 -0.028812499271 0
-0.291593187627 0.673438424846 0.046105286839 0
0.306485046523 0.643924870855 0.041873569696 0
-0.041401745705 0.292850983106 -0.181117233729 0
0.052032982787 0.337552764168 -0.268525979041 0
-0.034096153356 0.014655193944 -0.086481061515 0
0.035058367042 0.029149733618 -0.238953368039 0
-0.032581191813 0.034832246222 -0.130921180582 0
0.029224032909 0.055480013669 -0.281463258859 0
0.019818594713 1.004100676517 -0.243180678072 0
-0.137442140699 0.916787859868 -0.190014708698 0
0.168947381712 0.902620289006 -0.220445258144 0
0.019108198855 0.896707692839 -0.188403983854 0
0.021304363951 0.758105153478 -0.152633401380 0
-0.032550574932 0.548310554571 -0.134997378806 0
0.081709595971 0.557770913024 -0.145833198852 0
0.025461444444 0.622062962963 -0.110829629630 0
-0.241655689967 0.780142253219 -0.131156940879 0
0.246078448418 0.741594709029 -0.175666930899 0
-0.236868862799 0.673851203817 -0.079424047158 0
0.250964412162 0.651669643352 -0.099516802945 0
-0.260018689194 0.587328387898 -0.037951397741 0
0.278081265349 0.567249102639 -0.050718935133 0
-0.042952234543 0.286591568182 -0.188308631439 0
0.046854984150 0.334988928011 -0.274261332105 0
-0.034964390989 0.014954600129 -0.087884184017 0
0.034733090664 0.029855307982 -0.238805551102 0
-0.034410713029 0.037282887336 -0.131306226356 0
0.029030256738 0.056958137358 -0.280845154393 0
0.021990134356 0.997696561634 -0.229872463205 0
-0.135838412422 0.912044018201 -0.176629554131 0
0.169774627481 0.899181142725 -0.214530663912 0
0.020765550309 0.892459999671 -0.178970799916 0
0.023422237158 0.753573692657 -0.144453614429 0
-0.032903386410 0.544486308928 -0.130035023723 0
0.081236125464 0.553776227534 -0.142207503929 0
0.025845000000 0.617055555556 -0.104127037037 0
-0.228725435825 0.756192297771 -0.167743350082 0
0.228373700802 0.725892711969 -0.235044216042 0
-0.218506047828 0.638687453645 -0.158514649952 0
0.225933577683 0.615770829902 -0.192896274749 0
-0.234461385165 0.540697662639 -0.158567083481 0
0.245127980526 0.518150998333 -0.179110618835 0
-0.044243474166 0.284495005934 -0.191051716471 0
0.043983403722 0.334283668225 -0.275533020441 0
-0.035513501851 0.014826768512 -0.088790244866 0
0.034674323235 0.029628165769 -0.238788093509 0
-0.035442513910 0.037866787810 -0.131842366779 0
0.028792622697 0.056530413559 -0.280931759493 0
0.024062527138 0.997250860084 -0.209070992540 0
-0.134248230604 0.918192397221 -0.158810980274 0
0.170637548311 0.904905841595 -0.202047621008 0
0.022193280344 0.897935313535 -0.164244263787 0
0.024576120354 0.757900818276 -0.134350138130 0
-0.032980996193 0.547864215847 -0.126847595662 0
0.081002543257 0.556827102354 -0.140621463407 0
0.026537740741 0.619637037037 -0.100483333333 0
-0.202441537286 0.753157160014 -0.192124129385 0
0.212669185708 0.748767190131 -0.290011252277 0
-0.197385435095 0.648436295560 -0.246941732112 0
0.199143516537 0.631967324673 -0.299180754361 0
-0.212045278229 0.565122507058 -0.301591928992 0
0.207503449029 0.535614423246 -0.328497977178 0
-0.044983921268 0.287565429106 -0.186409189221 0
0.043816640867 0.335715017939 -0.271262563416 0
-0.035323895607 0.014182131796 -0.088434109744 0
0.034698991805 0.028797266218 -0.238658680753 0
-0.035280309454 0.036874273211 -0.131670639993 0
0.028457158479 0.055197822686 -0.281066982474 0
0.026176084226 1.004009423511 -0.188326034016 0
-0.132638321302 0.932172520586 -0.138153411495 0
0.171460470889 0.918923029280 -0.186626635187 0
0.023551834092 0.911160654960 -0.146925709796 0
0.025422582381 0.769580620713 -0.124876711792 0
-0.032683285342 0.557650266529 -0.125959615791 0
0.081067868118 0.566550933505 -0.141572214773 0
0.027315259259 0.629325925926 -0.100431851852 0
-0.183284739912 0.781780388750 -0.226549505663 0
0.202461302835 0.811031066888 -0.332509500250 0
-0.176697241176 0.711943056194 -0.321819359405 0
0.177006411716 0.710160347518 -0.388064685047 0
-0.186506045486 0.663334822844 -0.409871868812 0
0.173642614944 0.636684356600 -0.456609613836 0
-0.045439927506 0.295670010841 -0.177444814897 0
0.046693218424 0.339523403242 -0.262474349509 0
-0.035367340905 0.013276167235 -0.088388781574 0
0.034408673064 0.028615064835 -0.238705996908 0
-0.035200117408 0.034194828679 -0.132510367781 0
0.027579155748 0.053990480932 -0.281646186370 0
0.027898235344 1.017183922553 -0.170027091324 0
-0.132120820130 0.949228822721 -0.119295294765 0
0.171314477743 0.938036194685 -0.172238877279 0
0.023846938998 0.928204731137 -0.131372630671 0
0.025469527930 0.785433448353 -0.119129400831 0
-0.032675835633 0.572185237852 -0.125929299037 0
0.080784043158 0.580885815747 -0.143633984348 0
0.027794740741 0.644048148148 -0.102098148148 0
-0.177539151165 0.836936635350 -0.254662803280 0
0.195368542852 0.894427573365 -0.349448435563 0
-0.165531548088 0.805445327833 -0.368069629394 0
0.161473367401 0.828300233510 -0.441031862398 0
-0.166357090899 0.795532387797 -0.468484940957 0
0.150078416314 0.791657659345 -0.534115298782 0
-0.046544509662 0.308431979995 -0.167026633104 0
0.050865010449 0.345207156198 -0.248041183034 0
-0.035492961899 0.013563112980 -0.089228733052 0
0.034317245185 0.028494607375 -0.238715055265 0
-0.035199482905 0.030079631180 -0.135179263260 0
0.026671595112 0.052624881765 -0.282231578711 0
0.028608547701 1.033301654917 -0.156790141086 0
-0.132667333688 0.967932702149 -0.106837113858 0
0.170481805901 0.959344014614 -0.161865392583 0
0.023154469142 0.947206652635 -0.121113422586 0
0.024660741028 0.804004895310 -0.118151024676 0
-0.032789386363 0.589846014750 -0.126109642709 0
0.080303213237 0.598184951933 -0.146180170242 0
0.028091370370 0.662203703704 -0.104972222222 0
-0.180403761663 0.907124737931 -0.271215784712 0
0.195506226421 0.992174001773 -0.341251868578 0
-0.167947493753 0.912995440635 -0.388720548145 0
0.160949763012 0.961993358753 -0.449899057632 0
-0.163119754801 0.937156907234 -0.486699384480 0
0.144856971183 0.959418823327 -0.550284147346 0
-0.047576020412 0.324791501323 -0.157327784581 0
0.053914993459 0.354066888101 -0.230147276840 0
-0.036170156668 0.015159738894 -0.091646086339 0
0.035513420945 0.029580439927 -0.238993822690 0
-0.036006608651 0.025560321921 -0.139354930954 0
0.026747326381 0.051416825664 -0.283499347784 0
0.027789758577 1.050995997462 -0.149869952190 0
-0.133232273011 0.985868288021 -0.098241727414 0
0.169727148104 0.979396117798 -0.154588670700 0
0.022431265078 0.965301337214 -0.114356310903 0
0.023654810707 0.822277777325 -0.120243099178 0
-0.032523706604 0.606821171895 -0.125746271325 0
0.079994472666 0.614717045096 -0.148975876421 0
0.028460037037 0.680340740741 -0.109475185185 0
-0.193299223099 0.979955686552 -0.269571016069 0
0.199498345884 1.075738198138 -0.308586777141 0
-0.183217627827 1.022323241728 -0.379572583764 0
0.173664457468 1.081018414368 -0.423538774044 0
-0.179042205988 1.075658828509 -0.465522521919 0
0.161187228094 1.112136370762 -0.519334424686 0
-0.048466251245 0.341375308829 -0.152791438511 0
0.054761890973 0.365384374899 -0.216332974161 0
-0.037583991857 0.020540031675 -0.093079776302 0
0.038947947504 0.033717289764 -0.241313699300 0
-0.038372709360 0.029183772101 -0.141131794011 0
0.029683853475 0.054013424825 -0.286443039903 0
0.025804226356 1.066721714697 -0.150954067031 0
-0.133702996774 0.999322928976 -0.095416826499 0
0.169192646594 0.993616730584 -0.152187825923 0
0.021826055609 0.978573139900 -0.112562568677 0
0.022611608057 0.835989017470 -0.124210078241 0
-0.033118970811 0.620056556481 -0.126028860610 0
0.079232366522 0.626471954590 -0.150489435000 0
0.028170962963 0.694118518519 -0.113893703704 0
-0.212585452116 1.049479345569 -0.251168598925 0
0.203911170412 1.137733571776 -0.261313888978 0
-0.210205354477 1.118668038838 -0.347107397380 0
0.195891028467 1.176163615403 -0.372525584118 0
-0.208698431077 1.192871842457 -0.415649732791 0
0.196171055165 1.233697860474 -0.456294710338 0
-0.049140149796 0.354388877682 -0.150749667270 0
0.053531770853 0.375018950096 -0.209237270154 0
-0.036577977578 0.029507230983 -0.091455235276 0
0.044061319570 0.037555192379 -0.243638499479 0
-0.037779492841 0.037685124583 -0.139580188752 0
0.034954032214 0.054128629531 -0.290294607524 0
0.023370611678 1.076182446135 -0.159508702266 0
-0.134036821474 1.008726238952 -0.099774585226 0
0.168880542247 1.001697532021 -0.156280743138 0
0.021401854297 0.987253704890 -0.116849851325 0
0.021632009282 0.844719110785 -0.128752219132 0
-0.033000820732 0.627940349529 -0.125912774555 0
0.079318072875 0.634560430035 -0.150467625519 0
0.027498888889 0.703055555556 -0.116618518519 0
-0.241164618921 1.106789971893 -0.208879405449 0
0.210679564779 1.173193144583 -0.208488348298 0
-0.249447338606 1.194319144102 -0.288044004589 0
0.227863226047 1.234698424872 -0.307640021748 0
-0.249930277003 1.280870049620 -0.339777049186 0
0.244743289228 1.308468454422 -0.376211537816 0
-0.048650380242 0.361955291691 -0.147223624159 0
0.052681332350 0.382512505312 -0.206170138204 0
-0.033910126917 0.037830557422 -0.082470381542 0
0.049171543576 0.045257547200 -0.242261339129 0
-0.034754553613 0.043146902646 -0.131002393109 0
0.040980951045 0.055878668598 -0.290784734457 0
0.020845440519 1.080720960653 -0.172312202062 0
-0.134775770790 1.016537747764 -0.109969622489 0
0.168417878828 1.005556981736 -0.164323200618 0
0.020640496070 0.993561412067 -0.125190934846 0
0.020397346329 0.850584185843 -0.132326843830 0
-0.032613074876 0.632890387174 -0.126803189507 0
0.079815771650 0.640289151693 -0.150621518274 0
0.026837814815 0.709018518519 -0.119122592593 0
-0.260883662894 1.142575502677 -0.144726008745 0
0.218725898449 1.182623602103 -0.164093934622 0
-0.286139242084 1.239376328424 -0.207882552703 0
0.264280875714 1.259919464487 -0.240640167518 0
-0.295582574150 1.331526141247 -0.247711462214 0
0.299074874364 1.344129353921 -0.286638312898 0
-0.047074603398 0.366518373785 -0.143653313905 0
0.055702987885 0.387280448174 -0.203020104372 0
-0.031626785721 0.046163458011 -0.072918058366 0
0.052099894540 0.049119048661 -0.233031418749 0
-0.032301058489 0.054823996852 -0.120968793563 0
0.044974123795 0.060194634625 -0.281621219189 0
0.018536055933 1.079189402915 -0.192812925782 0
-0.137255946135 1.020765072759 -0.126742208947 0
0.167127056395 1.003381735488 -0.172020075542 0
0.018249028266 0.995405623695 -0.136171823812 0
0.017618799614 0.852131269949 -0.135523953522 0
-0.032357771728 0.634023897336 -0.129044439281 0
0.080350847563 0.642229734971 -0.151219456736 0
0.026287851852 0.710751851852 -0.121144814815 0
-0.265657100671 1.144928335855 -0.093676363865 0
0.226313274035 1.171931998458 -0.127620323930 0
-0.314696439724 1.247799088932 -0.125452842222 0
0.298174289491 1.254915463591 -0.170736110347 0
-0.339864669667 1.343423762997 -0.147640990265 0
0.348265266900 1.341848809462 -0.188517078072 0
-0.044538237250 0.367239446944 -0.140216068757 0
0.059212254034 0.388574317509 -0.201742038601 0
-0.030480098080 0.050232454585 -0.062872623784 0
0.050677797229 0.048249539294 -0.221261569047 0
-0.030823473188 0.058134824911 -0.111057345082 0
0.043526305100 0.064602602420 -0.268334357435 0
0.016669536253 1.070458153964 -0.215247628213 0
-0.141511785599 1.017943259039 -0.145187020095 0
0.164072742481 0.996727893146 -0.179381790087 0
0.014098857596 0.991634730180 -0.147833789925 0
0.013910719280 0.848616544761 -0.138586096137 0
-0.032436543668 0.630775120915 -0.131023900809 0
0.080721267436 0.639500249749 -0.150555463620 0
0.025685000000 0.707729629630 -0.121601481481 0
-0.254090351744 1.126836692439 -0.053181535981 0
0.230015596538 1.148690228099 -0.099116441378 0
-0.325817939316 1.220589816227 -0.045275958749 0
0.323132083544 1.221063438008 -0.099935221596 0
-0.368153268414 1.311392300660 -0.036738797864 0
0.388642920270 1.298796802260 -0.086408007573 0
-0.041108077628 0.363660978678 -0.135709147098 0
0.061268068227 0.386137579276 -0.203180291160 0
-0.029689653636 0.049712765443 -0.055663198526 0
0.048226254206 0.044892878437 -0.210184923064 0
-0.028820444945 0.054576429922 -0.104242226654 0
0.039876414299 0.060731588889 -0.257236271022 0
0.015007952342 1.058835388423 -0.233208348340 0
-0.147129387240 1.004154777895 -0.157475696539 0
0.158801107021 0.990556243406 -0.192445546240 0
0.009238960961 0.982741268498 -0.159529389050 0
0.012940136482 0.840483967094 -0.141961729213 0
-0.032112346291 0.622871513604 -0.131134100041 0
0.081306970734 0.631879706935 -0.148944518658 0
0.025566962963 0.700118518519 -0.121392962963 0
-0.241639304794 1.086594224566 -0.026066657214 0
0.230980791909 1.116593351686 -0.079360278080 0
-0.326110905672 1.155242477707 0.020290210411 0
0.330293559250 1.164346679834 -0.037338546085 0
-0.381648278695 1.226926869829 0.064025693757 0
0.402784196358 1.222700103049 0.007529822299 0
-0.039106997136 0.355671316488 -0.132631276600 0
0.062264877519 0.379605785346 -0.206700119204 0
-0.029991149530 0.045427543686 -0.053705785297 0
0.046147646581 0.038394616874 -0.203160604263 0
-0.028526768430 0.052210692438 -0.102039802415 0
0.035615449335 0.046618066789 -0.251697823101 0
0.011945487128 1.048476534479 -0.245714760111 0
-0.149326006698 0.988924884132 -0.158061827738 0
0.155220297982 0.981677665610 -0.204969225629 0
0.007283589623 0.970950029334 -0.166071527615 0
0.013975552260 0.829116055117 -0.146172668372 0
-0.030846802515 0.611949390012 -0.129861387578 0
0.082412561002 0.621123932983 -0.148581547028 0
0.026673037037 0.689448148148 -0.121241481481 0
-0.231976489984 1.035526253359 -0.003162077904 0
0.232400377210 1.063267652389 -0.059127369920 0
-0.318589579883 1.066517402148 0.071233584235 0
0.327059902381 1.079794187420 0.009251574209 0
-0.380485436026 1.110374937448 0.137522748706 0
0.394262742313 1.111201743577 0.080173042946 0
-0.040100919700 0.344821527110 -0.131905450540 0
0.062009294969 0.370485548256 -0.212648301736 0
-0.033392644444 0.035284065573 -0.054038966572 0
0.043139510212 0.033511090823 -0.198707586576 0
-0.033013057891 0.044863268714 -0.101918268060 0
0.030731284689 0.039588593311 -0.247117439114 0
0.009313859233 1.038294533954 -0.250824444142 0
-0.142619708328 0.978204392885 -0.158762034129 0
0.157324023743 0.952263911067 -0.224808433285 0
0.012206016836 0.952313707928 -0.175269111909 0
0.015484247702 0.812483629223 -0.143607329285 0
-0.029580882710 0.595950482363 -0.125365639298 0
0.083338858136 0.605159011878 -0.146020787425 0
0.028237148148 0.673237037037 -0.116835925926 0
-0.217810461702 0.978464862493 0.006595170923 0
0.234556861088 1.000287369391 -0.064769770034 0
-0.298025062846 0.974938236819 0.093486907382 0
0.320680148221 0.984349655435 0.014211245111 0
-0.362672095983 0.989309921618 0.170597391090 0
0.384124800015 0.988949377754 0.095010954659 0
-0.043583485022 0.329091679719 -0.131482713470 0
0.060896509398 0.358353702477 -0.222987809303 0
-0.038797131331 0.023200894632 -0.054363311022 0
0.039229387853 0.032042336358 -0.198540941338 0
-0.040614377681 0.038035271519 -0.100849562837 0
0.026444495636 0.044507165996 -0.245610979292 0
0.008321327538 1.027503252770 -0.253191954482 0
-0.154830112299 0.954276031268 -0.169497448449 0
0.143932750293 0.919695882199 -0.236923282318 0
-0.000560053662 0.925188991981 -0.185883708250 0
0.005028319391 0.788396587384 -0.143970353827 0
-0.028577583294 0.575871871313 -0.117574060386 0
0.083875930555 0.585178716859 -0.140593397514 0
0.029682444444 0.652792592593 -0.108750000000 0
-0.228824947795 0.905039241908 -0.011076410094 0
0.226569412086 0.923713549678 -0.072489168081 0
-0.298881816367 0.869731339260 0.077480805120 0
0.300167487507 0.880332811158 0.008816839604 0
-0.365180979212 0.852914806423 0.153630225293 0
0.366945702261 0.862653110984 0.086396644291 0
-0.049114970166 0.309921936959 -0.134777553473 0
0.058519042054 0.345306540907 -0.236295067468 0
-0.041307801080 0.017470296558 -0.052820452856 0
0.036462739487 0.029970565808 -0.198293439832 0
-0.044656117098 0.037204117866 -0.097359175404 0
0.024344105504 0.045171057848 -0.244731545650 0
0.007938248089 1.017925228236 -0.242779309285 0
-0.143153488928 0.931218082881 -0.164620269325 0
0.158541925087 0.906351445586 -0.222609969779 0
0.012125215133 0.905768132812 -0.177055721203 0
0.015748414757 0.767323015686 -0.140935261824 0
-0.027851668165 0.556174972967 -0.107198703278 0
0.084143446280 0.565591498168 -0.132312910941 0
0.030968851852 0.632566666667 -0.097537037037 0
-0.217458205247 0.849282070367 -0.020529945271 0
0.236382081661 0.821380437128 -0.079067727929 0
-0.269579973880 0.767295170161 0.046986442512 0
0.293586213910 0.768054193256 0.009211550694 0
-0.328088240479 0.710399097747 0.107017690191 0
0.357176841768 0.732366077937 0.084528396372 0
-0.056547287421 0.293140069615 -0.145097424509 0
0.054284596697 0.335291730288 -0.248118386798 0
-0.039203674764 0.014718661155 -0.052894908383 0
0.035190347999 0.028963434136 -0.197778390393 0
-0.043167308756 0.035063387404 -0.097107061115 0
0.024323493436 0.046129051061 -0.243839946895 0
0.008268307776 0.998490815487 -0.234038528732 0
-0.151257136144 0.903814313781 -0.171556346986 0
0.153878378539 0.894549999359 -0.214074202110 0
0.005557774330 0.886408208472 -0.176020393114 0
0.014412664594 0.749144987635 -0.137298679868 0
-0.027437930369 0.541685544542 -0.097419447262 0
0.084132592310 0.551021262853 -0.124385404795 0
0.032188407407 0.617281481481 -0.086517777778 0
-0.241616718069 0.789249664049 -0.063358336440 0
0.238425510233 0.749436459265 -0.138725808281 0
-0.254737169607 0.681903204122 -0.015383504675 0
0.264650524109 0.680030433909 -0.047050924275 0
-0.288444911583 0.597244904521 0.026065850413 0
0.311074055367 0.619678504069 0.021454614360 0
-0.065662733492 0.284096740344 -0.157701985320 0
0.049196393258 0.329593122141 -0.255112153088 0
-0.039014212551 0.014248856874 -0.054141127031 0
0.034981300476 0.028841026198 -0.196994865579 0
-0.044345383733 0.032626270580 -0.099065307703 0
0.025408377391 0.048420890048 -0.242375500161 0
0.007415838074 0.986656405744 -0.219169956305 0
-0.152943757591 0.889887263211 -0.170361901365 0
0.152951635571 0.884379150752 -0.207764401094 0
0.004196760429 0.875094420489 -0.171720487931 0
0.014762088501 0.739234233988 -0.128379820400 0
-0.027475065494 0.533010826960 -0.089787008448 0
0.083773971129 0.542116323079 -0.118125001035 0
0.033098037037 0.607603703704 -0.077309259259 0
-0.242550855771 0.739182714647 -0.122870539017 0
0.234919532005 0.721544092884 -0.182278221846 0
-0.233015357695 0.625291108728 -0.092296537515 0
0.246974177858 0.625129689113 -0.115433773126 0
-0.248725173122 0.528662521065 -0.074199069205 0
0.280594989847 0.538595223806 -0.074894250095 0
-0.073003206022 0.280482269251 -0.164644392705 0
0.044958429404 0.327388473159 -0.258573377357 0
-0.039387090368 0.014846483398 -0.055376168440 0
0.035195013897 0.029187164337 -0.197116981408 0
-0.045840075410 0.032304895254 -0.100519225152 0
0.026716707883 0.051271038874 -0.241556094051 0
0.007703295373 0.979190044248 -0.204434914543 0
-0.151622264650 0.887073335250 -0.155848108608 0
0.154281066681 0.883335793867 -0.193404206804 0
0.005563916805 0.872810182334 -0.157546103040 0
0.016074873913 0.736002076061 -0.117191699272 0
-0.028724183413 0.529599649983 -0.085983184205 0
0.083019570459 0.538358954308 -0.112420054125 0
0.032612037037 0.602818518519 -0.069681111111 0
-0.222548608509 0.719848330815 -0.157253148944 0
0.214747498965 0.715020401992 -0.236961948641 0
-0.208885669178 0.604174701184 -0.177987870718 0
0.217844924997 0.599806879409 -0.211952305858 0
-0.217600423736 0.508112706608 -0.205501162871 0
0.240572504825 0.501214564594 -0.211793172796 0
-0.076257620771 0.279327413208 -0.166924470637 0
0.042843859636 0.327319195330 -0.257983011681 0
-0.039186531981 0.014521695274 -0.056047978945 0
0.035564819435 0.029195083516 -0.197217623649 0
-0.045752568446 0.030554089685 -0.101700823591 0
0.027749523770 0.053071245201 -0.240844037400 0
0.008985349805 0.978636119551 -0.183580634570 0
-0.148861627857 0.893423488695 -0.137737501723 0
0.157251094762 0.888133498866 -0.173350629998 0
0.008177135169 0.877580120803 -0.139014591295 0
0.016973806350 0.738889086734 -0.105087428001 0
-0.030215092322 0.531605409227 -0.084689777265 0
0.082120058115 0.539916090679 -0.108649046513 0
0.031715518519 0.603285185185 -0.064305925926 0
-0.194135595930 0.726426804768 -0.193046613741 0
0.201390920486 0.745660713778 -0.281224253945 0
-0.186326866827 0.632944095741 -0.265136835359 0
0.188476456181 0.631565744406 -0.308146115722 0
-0.194937402609 0.561746914862 -0.336359630409 0
0.196012429650 0.541665761484 -0.353311808429 0
-0.077366697622 0.281691611359 -0.166951139818 0
0.043194417805 0.328653234715 -0.254228036888 0
-0.039039768874 0.014813844442 -0.056376715886 0
0.035817275464 0.029131773653 -0.197038668932 0
-0.045164971315 0.029000654756 -0.102696787539 0
0.028112262140 0.053774595773 -0.240256466279 0
0.011142117603 0.983849965311 -0.161695126564 0
-0.145097331467 0.906115170580 -0.118533474232 0
0.160917866399 0.898065989775 -0.154466567759 0
0.011670345914 0.887876173398 -0.120780843153 0
0.018312272933 0.747217310974 -0.095424475852 0
-0.031263417115 0.538862079828 -0.086025083531 0
0.081257844695 0.546771964410 -0.109234982270 0
0.031316777778 0.609177777778 -0.063040000000 0
-0.182231521005 0.767243704514 -0.229585220639 0
0.191691057910 0.805926476893 -0.310821479096 0
-0.172762916826 0.707737923808 -0.331400743952 0
0.164828980559 0.714661449516 -0.380523384696 0
-0.174911387236 0.671072337816 -0.425855771298 0
0.158392852537 0.653410260261 -0.459949962679 0
-0.077843226389 0.287551808532 -0.164259225219 0
0.045964897537 0.330926458930 -0.248897317448 0
-0.038492173974 0.014430267456 -0.056312560786 0
0.035907458871 0.029445222791 -0.196949780650 0
-0.043642052501 0.025233691082 -0.103652792291 0
0.028158469896 0.054550048588 -0.239892938562 0
0.013759150663 0.993723590258 -0.142810402819 0
-0.140859640535 0.922722291960 -0.098204650057 0
0.164581538799 0.912229237209 -0.138165375976 0
0.015558421206 0.902234281698 -0.103443710435 0
0.020014644015 0.760019124835 -0.087771469408 0
-0.031765064800 0.549921624052 -0.088496660398 0
0.080738692782 0.557822383123 -0.111794354894 0
0.030993518519 0.619885185185 -0.064930740741 0
-0.179447486247 0.828656792525 -0.248734987462 0
0.186763592690 0.887632937462 -0.319235848371 0
-0.168658745841 0.806841799256 -0.364513665721 0
0.151306143878 0.830993713861 -0.416416091937 0
-0.165468799030 0.806756810657 -0.465635504751 0
0.135499728406 0.806647983839 -0.512546806713 0
-0.078178267677 0.296208837889 -0.158658963332 0
0.050459358448 0.334684482019 -0.240763658318 0
-0.038585682414 0.013409772749 -0.055893697931 0
0.035817787136 0.029892593257 -0.196703206661 0
-0.042640638625 0.020122112819 -0.104089491841 0
0.027640119224 0.054513133845 -0.239846788439 0
0.016801185052 1.006912633404 -0.128196303745 0
-0.137392525886 0.939414227548 -0.079991639224 0
0.167234580248 0.928961557120 -0.125755661514 0
0.018693157629 0.917881184038 -0.089340638933 0
0.021440050797 0.774796395033 -0.084507746362 0
-0.032310623850 0.562787679462 -0.093248698771 0
0.080035725604 0.570917822210 -0.117217398700 0
0.030254444444 0.633292592593 -0.070808518519 0
-0.186744816595 0.898497895814 -0.249953186931 0
0.190901933746 0.968577876156 -0.303952016959 0
-0.173333662744 0.914687671736 -0.366379237702 0
0.151631501317 0.950902796228 -0.413745717836 0
-0.167601845287 0.947884014443 -0.461481878080 0
0.131774789793 0.963938722767 -0.511078747538 0
-0.078591427992 0.305996781456 -0.151245542525 0
0.055576348771 0.338857536783 -0.230752437499 0
-0.039359548208 0.012206827286 -0.055009880063 0
0.035714827840 0.029998711985 -0.195713774200 0
-0.042066547115 0.013965019531 -0.103732704763 0
0.026385042182 0.052646991717 -0.239695866518 0
0.019237477449 1.020588786902 -0.120347416019 0
-0.135119916681 0.954266660861 -0.065996255834 0
0.168432433679 0.943421131172 -0.118337663181 0
0.020497502080 0.931710943094 -0.079717587072 0
0.021678776986 0.788569491777 -0.083663745231 0
-0.032466395024 0.575116010914 -0.096571747146 0
0.079648726957 0.583414348186 -0.121544473361 0
0.029777370370 0.646548148148 -0.076272592593 0
-0.198998202276 0.966640602097 -0.235593345159 0
0.199551819260 1.039906275547 -0.271979253271 0
-0.188165705059 1.014937598587 -0.343050547450 0
0.165821964690 1.056941594367 -0.383699112245 0
-0.180158509752 1.073795446957 -0.424717035414 0
0.148595471197 1.099955289185 -0.472560413063 0
-0.078447837462 0.315883658554 -0.142738904933 0
0.061024172388 0.344143802680 -0.220251992037 0
-0.041661083759 0.011305792177 -0.053817234616 0
0.036291486369 0.030030556002 -0.195079897493 0
-0.043533560688 0.009507917673 -0.102577815080 0
0.025436556682 0.049872166661 -0.240056501499 0
0.021178151480 1.031280344729 -0.120483940125 0
-0.132734185830 0.967916462722 -0.058270833202 0
0.169443443304 0.953240365333 -0.117216320418 0
0.022133034626 0.943020132811 -0.075881430640 0
0.021051897105 0.800061549633 -0.084469235212 0
-0.032388384767 0.585248520446 -0.098422024549 0
0.079510024178 0.593794005610 -0.124268122744 0
0.029248703704 0.657922222222 -0.080863703704 0
-0.217381561219 1.032512684530 -0.205440369683 0
0.210670740871 1.092602053388 -0.230186083129 0
-0.210964766337 1.105445693557 -0.298373647511 0
0.189719285082 1.138173026688 -0.336926679712 0
-0.200683324943 1.181853422501 -0.363449626733 0
0.179695664174 1.202369865479 -0.414046077689 0
-0.077570266881 0.324242654108 -0.134222126258 0
0.063537095457 0.349626742460 -0.210683719578 0
-0.045390297015 0.011120062732 -0.052456997298 0
0.037964294847 0.030521335659 -0.195148590962 0
-0.047097027533 0.007988423872 -0.101156203029 0
0.025856626845 0.049509633772 -0.240173726499 0
0.022765153913 1.037503758319 -0.128963006771 0
-0.130942104068 0.978137187735 -0.057800723370 0
0.169932641755 0.958951121828 -0.121890972611 0
0.023173657663 0.950822135271 -0.078197690099 0
0.020010553279 0.807988954693 -0.088087210235 0
-0.031972605388 0.591628195586 -0.098651373721 0
0.079784051685 0.600657431672 -0.124942484928 0
0.028587629630 0.665914814815 -0.084408888889 0
-0.238825161728 1.088437009868 -0.153675212195 0
0.219130995660 1.126005250699 -0.181522989593 0
-0.236961649312 1.177401790836 -0.231641796441 0
0.218699257059 1.191293757607 -0.279739365689 0
-0.226849835297 1.263651476177 -0.283379200576 0
0.220675117111 1.268488097768 -0.345866565671 0
-0.075836724634 0.329422277780 -0.126420200248 0
0.065387024380 0.353846498066 -0.203793806286 0
-0.050381230063 0.012019389456 -0.049512749868 0
0.040195788519 0.030916824154 -0.195394630577 0
-0.052730879775 0.011119124418 -0.098277505572 0
0.026646108808 0.049331325881 -0.240246901710 0
0.023536149608 1.039844787491 -0.140841253052 0
-0.130559092618 0.984348227932 -0.064103375990 0
0.169662347771 0.961127898379 -0.129899887092 0
0.023146400905 0.955200508103 -0.085052076337 0
0.018825196542 0.812248235056 -0.092281389617 0
-0.031621315872 0.594685120805 -0.096963935647 0
0.080204733603 0.604242720410 -0.122768721665 0
0.027772777778 0.670351851852 -0.085311481481 0
-0.251440623348 1.117248054936 -0.090973694387 0
0.226221905301 1.136167357665 -0.136663140316 0
-0.264421817786 1.216840399298 -0.153502461571 0
0.253392953541 1.216385792581 -0.218736088984 0
-0.261293070969 1.308544958344 -0.196716546502 0
0.270920365424 1.303052667251 -0.269557739217 0
-0.072806414117 0.331515435455 -0.119158899309 0
0.066826954188 0.356083163599 -0.197456817126 0
-0.054212614168 0.013789669399 -0.042945764745 0
0.042248285965 0.031561891861 -0.195026313545 0
-0.056922779823 0.015931432751 -0.091653059698 0
0.027349999346 0.050883460151 -0.239061889782 0
0.022515882301 1.037805355578 -0.156402299135 0
-0.133101529790 0.984662318009 -0.075916981842 0
0.167528597069 0.960906472787 -0.139623060747 0
0.020979497525 0.956061023229 -0.094753630036 0
0.017992263062 0.812810410453 -0.094251418485 0
-0.031404515626 0.594758604088 -0.093913129124 0
0.080501437532 0.604610339663 -0.119256786851 0
0.027327666667 0.671137037037 -0.083629259259 0
-0.246494076183 1.117975283119 -0.027270232143 0
0.232118822744 1.128680937321 -0.100083596324 0
-0.285393249378 1.222293105440 -0.067290720159 0
0.289061765769 1.215942395120 -0.155330055833 0
-0.299454735895 1.317499348142 -0.097736342134 0
0.325917003148 1.306544671913 -0.184402882230 0
-0.069456044077 0.330875971194 -0.113022008109 0
0.067553372881 0.355795331990 -0.191809400871 0
-0.054453316670 0.014898261521 -0.034119333288 0
0.043361016734 0.031550727572 -0.194348703839 0
-0.056479620897 0.018601628945 -0.082766140898 0
0.027453955520 0.051370274356 -0.237806325595 0
0.020399949990 1.027905465883 -0.176861294343 0
-0.136979011670 0.981180332070 -0.091220106541 0
0.164126718074 0.956458254875 -0.152256458513 0
0.017592120648 0.953486280542 -0.107176952117 0
0.016779962484 0.810661012107 -0.094757445662 0
-0.031044566256 0.592750343894 -0.089624227228 0
0.080991203460 0.602757375821 -0.114325353699 0
0.027335703704 0.669451851852 -0.079749259259 0
-0.234034517589 1.097720284403 0.008756844707 0
0.233129133633 1.110066943938 -0.077915522681 0
-0.298296370950 1.197048686960 0.009886374777 0
0.320003263962 1.188248755899 -0.093718111840 0
-0.335444706757 1.291060544723 0.010255154857 0
0.380207030293 1.271371923310 -0.093946958224 0
-0.066228955741 0.328403969675 -0.107794675496 0
0.067314683243 0.354442016898 -0.188439303397 0
-0.051738430013 0.015915828171 -0.026041046211 0
0.042836584635 0.032393512600 -0.194908356639 0
-0.052673909166 0.021669220483 -0.074521517387 0
0.027763783738 0.055360399196 -0.237095401014 0
0.017404789804 1.013984659557 -0.197239139945 0
-0.140107163771 0.973784694768 -0.102509086057 0
0.160294142255 0.949733247363 -0.167176396673 0
0.014656151788 0.947660461230 -0.119232032444 0
0.016346333951 0.806129955481 -0.096273235344 0
-0.030465182223 0.589137842953 -0.084234375640 0
0.081700681708 0.599178201687 -0.108324004073 0
0.027787148148 0.665922222222 -0.074248518519 0
-0.219260148905 1.068955839988 0.030434437900 0
0.233723456281 1.084197949319 -0.065142494372 0
-0.300783654753 1.139873229916 0.078617785544 0
0.335826562064 1.134881296244 -0.034887144435 0
-0.354265882018 1.215306591168 0.117984874318 0
0.409763522936 1.196847232252 0.000593190434 0
-0.063000917731 0.324467423317 -0.102622059049 0
0.065457835366 0.353041873108 -0.188906383776 0
-0.048515626068 0.016127814582 -0.018883159621 0
0.040863962335 0.033458698691 -0.195726122973 0
-0.048928219945 0.023508704147 -0.067149969804 0
0.027175073676 0.058736142546 -0.237055036331 0
0.013281149314 1.003680504399 -0.211564815564 0
-0.138707680769 0.961805278967 -0.103841452402 0
0.156763397320 0.938670161955 -0.188475288551 0
0.015000429777 0.937284124089 -0.130039659834 0
0.019590958643 0.797727716551 -0.097340906462 0
-0.029757715161 0.582350152670 -0.076679912532 0
0.082536483703 0.592396071693 -0.100161659599 0
0.028480740741 0.659077777778 -0.066189629630 0
-0.205724650784 1.038581219510 0.046527770458 0
0.240704829304 1.032175144131 -0.053960635989 0
-0.288217677274 1.061793450068 0.128094222650 0
0.341540627244 1.054268340182 0.003076760585 0
-0.345290567504 1.104619460440 0.196705315840 0
0.415649505445 1.090323510850 0.064656557374 0
-0.060309303380 0.317802348454 -0.099661900228 0
0.062716624128 0.351058758483 -0.193456443169 0
-0.045142575324 0.015496891692 -0.013979223318 0
0.039806829742 0.033244159826 -0.195906814804 0
-0.045595838004 0.024355357983 -0.061996458324 0
0.026619070583 0.058067755795 -0.237671465064 0
0.008461297605 0.995929767506 -0.220345919939 0
-0.149614740575 0.944101940509 -0.126363034613 0
0.144622609416 0.906820649556 -0.210242502077 0
0.003785804344 0.915599662825 -0.150231619445 0
0.011677477989 0.783161300195 -0.095835049638 0
-0.029175002383 0.571348858772 -0.066784275205 0
0.083209603627 0.581414727788 -0.089820738603 0
0.029100962963 0.647959259259 -0.055664444444 0
-0.212750551491 0.972631947466 0.041555489032 0
0.239268177978 0.967091200451 -0.064320555491 0
-0.286226812031 0.962501388596 0.133727090429 0
0.334529334609 0.960371714869 0.004884882279 0
-0.344730042642 0.976432173275 0.213929593408 0
0.410220953624 0.972565629399 0.074841114282 0
-0.058578550574 0.307818333486 -0.100462244459 0
0.059581859306 0.348001340248 -0.200727737651 0
-0.043542071872 0.015759271013 -0.014093997323 0
0.039075227757 0.031976845204 -0.196285102440 0
-0.045653991198 0.032696582123 -0.059843314465 0
0.026017806527 0.055481533758 -0.238846203068 0
0.007781141117 0.996398782848 -0.223091068394 0
-0.149099424007 0.927631147172 -0.138244641289 0
0.149752425268 0.892126788350 -0.204790043357 0
0.005695981250 0.900482274518 -0.152912210340 0
0.012286185055 0.770249062860 -0.093355313342 0
-0.028741321512 0.561943990114 -0.055174116676 0
0.083686089769 0.571995890054 -0.078006911800 0
0.029662370370 0.638351851852 -0.043352962963 0
-0.236935630212 0.913334417954 0.020112950614 0
0.254416938365 0.891170727877 -0.053370219371 0
-0.281481280096 0.854853041648 0.112809266031 0
0.338148900685 0.858812711846 0.023122586503 0
-0.332581878040 0.828251957255 0.193286901111 0
0.417709604187 0.846673553451 0.090353871372 0
-0.056959965779 0.300136598026 -0.101083914984 0
0.054642878292 0.346663364940 -0.203395058031 0
-0.044062597163 0.015978073297 -0.013758569955 0
0.038883811633 0.031648654877 -0.195953702654 0
-0.047526897616 0.038941295041 -0.056712286899 0
0.025883708811 0.054979520401 -0.238627839557 0
0.006224550738 0.984902187033 -0.221404639971 0
-0.151969720488 0.907037435462 -0.140658845870 0
0.151156972206 0.894237895128 -0.194988007384 0
0.004738708226 0.890411784891 -0.149595985789 0
0.015372631714 0.759177666608 -0.093508487923 0
-0.028430478043 0.555264809261 -0.045991604842 0
0.083956019539 0.564769549538 -0.069256065000 0
0.030615740741 0.631059259259 -0.033436222222 0
-0.261102091421 0.830505947325 -0.017249853336 0
0.257515526967 0.791355162976 -0.085504955257 0
-0.268570798906 0.754847463888 0.073397846483 0
0.312297267691 0.751008631222 0.010829619661 0
-0.301781583365 0.703273532995 0.149586957530 0
0.379687211722 0.717502055429 0.081420032063 0
-0.055420495859 0.295195674241 -0.101513636189 0
0.048796524117 0.345761170220 -0.203939330080 0
-0.045327996030 0.015718103625 -0.012492898573 0
0.039073705232 0.031359121715 -0.195337987180 0
-0.049430878277 0.042280481976 -0.053259786403 0
0.026227097886 0.055837111921 -0.237411810337 0
0.003204896132 0.978049724083 -0.213783377369 0
-0.156858281387 0.889120988341 -0.140643544082 0
0.145915260067 0.886161381515 -0.198269069413 0
0.000327163294 0.878842226883 -0.150688413424 0
0.016055391963 0.751442485225 -0.087209438481 0
-0.028295529003 0.549651128566 -0.037795788241 0
0.084051773655 0.559024197487 -0.061301727861 0
0.031176962963 0.624907407407 -0.024069629630 0
-0.258024595872 0.762067317728 -0.059283454988 0
0.254630210109 0.753051563529 -0.132342038217 0
-0.251294517871 0.673410111343 0.018765241326 0
0.279253862875 0.682930813529 -0.040766996804 0
-0.273805086902 0.600195846983 0.080305151770 0
0.324570419497 0.616800823698 0.020063470648 0
-0.053461317568 0.291468600541 -0.102259555777 0
0.044559162029 0.345223755369 -0.202970873406 0
-0.044636665087 0.014890529623 -0.010711114260 0
0.039372935860 0.030422726418 -0.194834770848 0
-0.048279014219 0.040537728551 -0.052102987976 0
0.026525081857 0.055641250816 -0.236468562347 0
0.000849049976 0.973509270002 -0.204440870722 0
-0.156817687713 0.883528912896 -0.132454804472 0
0.146131047380 0.885068766015 -0.189208399996 0
0.000519904903 0.875439745393 -0.142112116497 0
0.017033643816 0.748092472048 -0.078881083887 0
-0.028587502887 0.546980164183 -0.031072174999 0
0.083957613990 0.557135643115 -0.053270439521 0
0.030643592593 0.621903703704 -0.014731037037 0
-0.246043874295 0.729317032697 -0.097041443524 0
0.222939354757 0.718359508894 -0.175350371385 0
-0.231175034373 0.619312195647 -0.056116553604 0
0.240189457048 0.621082111657 -0.110939393875 0
-0.246511609629 0.525990190893 -0.031292520585 0
0.271974536048 0.530684042252 -0.079243227162 0
-0.051071527510 0.290582708851 -0.103196550579 0
0.043302882901 0.346246576463 -0.198918771571 0
-0.043776574140 0.015400229115 -0.010028308895 0
0.039650150486 0.029620855873 -0.194602418802 0
-0.046711992177 0.039461854553 -0.052416446764 0
0.026749191491 0.054914106311 -0.236174412490 0
0.000654493442 0.974792146681 -0.187007752300 0
-0.155603964400 0.888375046873 -0.119188309865 0
0.148342339602 0.891301313223 -0.170270196044 0
0.001868212347 0.880237188472 -0.126266810275 0
0.016953580458 0.750593540895 -0.067561206910 0
-0.029501863006 0.547977259752 -0.027044931603 0
0.083406751039 0.559032333165 -0.046837108320 0
0.029260185185 0.622414814815 -0.007171222222 0
-0.227443687715 0.721563147174 -0.122281329929 0
0.194294122190 0.719459997837 -0.217625591223 0
-0.209957520050 0.606441996049 -0.143218084551 0
0.194356167626 0.603466744619 -0.196299704979 0
-0.218697254058 0.511853525864 -0.171569917031 0
0.208065483148 0.504468452240 -0.205932249653 0
-0.049342689387 0.292082932291 -0.101687726288 0
0.044153711244 0.348134820305 -0.192857244462 0
-0.043655742481 0.015306356405 -0.009614569094 0
0.039864115727 0.029061994941 -0.194715217673 0
-0.046268239943 0.038569326803 -0.052467127886 0
0.027064723269 0.054549731505 -0.236199729933 0
0.002139700774 0.981706090561 -0.166332554510 0
