-0.119036693598 0.938536470059 -0.037256679128 0
0.187398713833 0.926931657716 -0.068304179038 0
0.037730168991 0.920224868081 -0.035628064999 0
0.042875465218 0.782505049430 0.003265672882 0
-0.008299717782 0.577367874607 0.010726069530 0
0.106256502692 0.584200035825 0.001108691677 0
0.051955185185 0.646151851852 0.042772962963 0
-0.132924107817 0.759388496891 -0.063899988530 0
0.198196083140 0.747361340209 -0.107310016236 0
-0.140604390179 0.642819453622 -0.082599309488 0
0.197069390337 0.629664422583 -0.099867018805 0
-0.167383753983 0.549114619926 -0.106513144582 0
0.207964557851 0.530466358141 -0.118959001811 0
-0.055751894223 0.330562911981 -0.080283344218 0
0.112287607737 0.339503183922 -0.085074361549 0
-0.098215261049 0.012242890194 -0.070034715371 0
0.152573561568 0.031822112935 -0.074713144450 0
-0.096576718911 0.034467966979 -0.113482314515 0
0.151467313961 0.058535547704 -0.117369709466 0
0.041558717297 1.026860557757 -0.058586834651 0
-0.116048786893 0.939767121884 -0.047312408136 0
0.190695049105 0.922961294484 -0.072353596001 0
0.040288950355 0.918500734819 -0.042832558801 0
0.042575481894 0.779966511593 -0.006575596349 0
-0.009471605157 0.574293554676 -0.003782214453 0
0.105166096501 0.581180772182 -0.012329940848 0
0.050536666667 0.642640740741 0.029632777778 0
-0.140725646887 0.766213057316 0.000298113314 0
0.217108654636 0.742436305499 -0.047928460507 0
-0.161894302458 0.650469310986 0.012637740417 0
0.235903860873 0.630723652495 -0.015122128082 0
-0.200807503658 0.558580023392 0.024547952783 0
0.269861973164 0.533925936767 0.000307289183 0
-0.058263669170 0.326734348574 -0.091991544911 0
0.112453873497 0.335796897968 -0.096437519607 0
-0.097522117727 0.011675370427 -0.070846675485 0
0.152230826110 0.030130558209 -0.075757581506 0
-0.095932527887 0.034533580784 -0.113966371138 0
0.151102107302 0.056779386679 -0.118453949676 0
0.045146028459 1.025729656224 -0.062397849309 0
-0.112300622231 0.946229092165 -0.049911198440 0
0.194602948288 0.923828054141 -0.067508634205 0
0.043387734629 0.921426473439 -0.042179316426 0
0.042388733167 0.781257931580 -0.012523560391 0
-0.010385187886 0.573315601002 -0.017162747261 0
0.104293968559 0.580516718655 -0.024852676683 0
0.049135925926 0.642096296296 0.016234037037 0
-0.152830089972 0.798271281554 0.047364548916 0
0.238379525442 0.763665301254 0.011958600107 0
-0.200027272490 0.698393810015 0.089719121650 0
0.277099592861 0.664890452111 0.063470905646 0
-0.255559188590 0.626351870810 0.132933582626 0
0.330177669171 0.586193918055 0.106050142981 0
-0.061777584721 0.324381957255 -0.099854793885 0
0.113725551663 0.333557576616 -0.103989707367 0
-0.097112502431 0.011073790346 -0.071537251371 0
0.152497137419 0.029252908098 -0.076519892428 0
-0.095777973081 0.033640187597 -0.114818996672 0
0.151490609523 0.056705209427 -0.118707236184 0
0.049739948527 1.028133208496 -0.064168812606 0
-0.108534849179 0.956978962959 -0.044912054235 0
0.198139472612 0.928091771430 -0.055759559312 0
0.046232003021 0.927657601877 -0.034847482654 0
0.041859799746 0.785690922612 -0.016186564274 0
-0.010710291191 0.575071430833 -0.027168494026 0
0.103966795858 0.582827186084 -0.034331873065 0
0.048157407407 0.645062962963 0.004842000000 0
-0.161389348353 0.846695227005 0.089403328357 0
0.257379797255 0.805473875019 0.068091047732 0
-0.228034233347 0.771656114426 0.152049829278 0
0.324483093010 0.726649590971 0.124598675617 0
-0.292272498652 0.724884914774 0.214238874110 0
0.392776755457 0.675317975707 0.183315256197 0
-0.063068664236 0.323954147242 -0.102307183595 0
0.115484670726 0.333639410761 -0.105838749729 0
-0.097115535173 0.010799316592 -0.071826129024 0
0.153096556577 0.028822796983 -0.076959712924 0
-0.095874867154 0.032605897895 -0.115498391211 0
0.152391574074 0.056854762680 -0.118770307499 0
0.054439329876 1.033056791819 -0.062101493163 0
-0.104210009387 0.969123798900 -0.032469713926 0
0.201826166475 0.934595682202 -0.044755725008 0
0.049846880460 0.935729848992 -0.024399078449 0
0.042586673178 0.792809318590 -0.017735480450 0
-0.010783313558 0.579626425615 -0.035155444800 0
0.103863220538 0.587904925937 -0.042222175656 0
0.047512592593 0.651062962963 -0.005367851852 0
-0.164405250466 0.903098177392 0.125688032505 0
0.272079449773 0.854044581819 0.105109327163 0
-0.249410319095 0.858848863898 0.195064755926 0
0.363567398099 0.804686759122 0.160813839688 0
-0.317325357721 0.838996398378 0.266439013290 0
0.441260635388 0.780543496719 0.224112537635 0
-0.061184377608 0.325282400963 -0.100085883604 0
0.115532059629 0.335644528034 -0.101963049993 0
-0.097297659221 0.011494392571 -0.071672960526 0
0.153598209175 0.029003863473 -0.076746644793 0
-0.095802561601 0.032990034377 -0.115491162181 0
0.153071320950 0.057000198535 -0.118583728007 0
0.058626503033 1.039125893065 -0.058389918350 0
-0.099770738966 0.979524517904 -0.015775837337 0
0.205508667980 0.941781760447 -0.035301354010 0
0.053811592627 0.943215687746 -0.012955796224 0
0.044181330536 0.800457363248 -0.019337262375 0
-0.010754073829 0.585513942284 -0.041458310706 0
0.103860949751 0.594061684223 -0.048713137411 0
0.047187407407 0.658218518519 -0.014150407407 0
-0.163313521908 0.955514085745 0.152695336409 0
0.285970015817 0.900274044098 0.124969100026 0
-0.263263034191 0.944856485791 0.215093283071 0
0.392535579902 0.886087459315 0.173463980472 0
-0.333545852436 0.950408434738 0.284630068246 0
0.477845383690 0.889983421455 0.231344400564 0
-0.058051920213 0.327813175845 -0.094376556338 0
0.114843036737 0.338801005105 -0.094120424094 0
-0.097699044189 0.012786628195 -0.071307844235 0
0.153993363841 0.029639947814 -0.076163717269 0
-0.095911600943 0.034577565718 -0.114968957578 0
0.153520000411 0.057519260037 -0.118079511391 0
0.062882007286 1.044181505849 -0.053560659494 0
-0.096141181638 0.986171224656 -0.000923035235 0
0.208460403956 0.946672970822 -0.026594806594 0
0.056992910031 0.947954910060 -0.002734008474 0
0.045503177666 0.806362060305 -0.020547364513 0
-0.010881914586 0.590645501220 -0.046373591392 0
0.103729080908 0.598917426119 -0.054002156342 0
0.047128888889 0.664074074074 -0.021236296296 0
-0.166271246919 1.004666676497 0.165619495984 0
0.302099495066 0.947543945337 0.131880741893 0
-0.272276534943 1.027122561567 0.213112709466 0
0.413181482944 0.965924989847 0.166982896214 0
-0.343585083291 1.055611018228 0.273886469621 0
0.498928240836 0.994404415407 0.216058459187 0
-0.054611667342 0.330240854986 -0.087897571937 0
0.114207967477 0.341630206584 -0.086156811095 0
-0.098113189304 0.014307618469 -0.070858699582 0
0.154088715306 0.030719905134 -0.075673821473 0
-0.096008512336 0.036417671474 -0.114344888432 0
0.153502128851 0.058679180793 -0.117534886209 0
0.066883637160 1.047147906585 -0.047329534109 0
-0.093486794569 0.988962421907 0.009454158332 0
0.210614947364 0.947626886119 -0.019090226073 0
0.059221776148 0.949264187925 0.005216351692 0
0.046371653869 0.808907342495 -0.019794409247 0
-0.011093409942 0.593316262404 -0.049087812117 0
0.103540260909 0.600890241805 -0.057091334858 0
0.047354814815 0.666774074074 -0.025074333333 0
-0.171284300219 1.051154465187 0.161363408766 0
0.313484063117 0.995410313461 0.125886415304 0
-0.272820847266 1.103095387154 0.192819146384 0
0.420990178748 1.039979427975 0.144998223158 0
-0.341084549977 1.153962299590 0.241397062072 0
0.501572108969 1.091213889633 0.181400093629 0
-0.051691761821 0.331306618229 -0.082996987881 0
0.113532419374 0.342739416537 -0.081560711735 0
-0.098209441158 0.015443206136 -0.070260531914 0
0.154116536169 0.031527933017 -0.075231882553 0
-0.095750130931 0.037892433829 -0.113553911304 0
0.153296981379 0.059708453110 -0.116940401312 0
0.070366089074 1.048008556832 -0.040073063015 0
-0.092117031095 0.990083493506 0.014926607106 0
0.211712536999 0.947244221151 -0.014290992777 0
0.060331105334 0.949469177564 0.010041998962 0
0.046904435203 0.809584002296 -0.017041338323 0
-0.011199625242 0.594907886971 -0.048476156511 0
0.103474223842 0.601498058115 -0.056769407582 0
0.048016296296 0.667522222222 -0.023787592593 0
-0.168087587364 1.092620794793 0.144198796400 0
0.315914955860 1.037811591614 0.107458523691 0
-0.261384499993 1.164402037577 0.156036552452 0
0.414676934868 1.102252072065 0.109110203947 0
-0.323638666985 1.232709169608 0.188626333501 0
0.487698765254 1.172414676130 0.126660411841 0
-0.049777229365 0.332108557347 -0.078399271750 0
0.113195732428 0.343135937268 -0.079016856986 0
-0.098214811098 0.016152146662 -0.069698623170 0
0.154112384905 0.031960540081 -0.074981010334 0
-0.095514565478 0.038698799987 -0.112926968353 0
0.153142028323 0.059927272753 -0.116829955263 0
0.073098871166 1.048464855208 -0.034253071527 0
-0.091433234805 0.991127150784 0.016330876321 0
0.212366996257 0.947333916878 -0.011755599384 0
0.060923781833 0.950096177662 0.012133843703 0
0.047502424709 0.810036287867 -0.013819916472 0
-0.010621589935 0.595964568390 -0.044639824368 0
0.104056819105 0.601962772100 -0.053310700059 0
0.049132222222 0.667911111111 -0.019300740741 0
-0.163046218406 1.122254600405 0.119645420484 0
0.306362022153 1.074143924386 0.082942312692 0
-0.243011227128 1.208962511535 0.110462353589 0
0.394880132045 1.150290394621 0.066344380349 0
-0.296386246303 1.289507736091 0.126957195608 0
0.458606623202 1.231376508214 0.065046296412 0
-0.048472053081 0.332963297224 -0.073705023854 0
0.113700615161 0.343679193518 -0.076484660767 0
-0.098291989443 0.016544008291 -0.069143459542 0
0.154277628475 0.032056464956 -0.074849031187 0
-0.095486784369 0.038942108092 -0.112442289545 0
0.153354353666 0.059617268120 -0.116967478600 0
0.074869172484 1.050035857695 -0.029590495247 0
-0.090730349320 0.991825082529 0.015527309664 0
0.213335944939 0.948507208790 -0.010328605660 0
0.061770617614 0.951208245829 0.012780672189 0
0.048918594261 0.810644610318 -0.010376213010 0
-0.008925343698 0.596638071734 -0.038352932433 0
0.105711152317 0.602724367233 -0.047503387144 0
0.050928518519 0.668418518519 -0.012780000000 0
-0.156705819372 1.142274880174 0.093043877185 0
0.293862286682 1.099856400493 0.056697269235 0
-0.220945019411 1.237276894164 0.063976099383 0
0.369715345565 1.183586428443 0.022861963066 0
-0.263749906883 1.325425928874 0.064954074373 0
0.421138553246 1.271205903839 0.004409409261 0
-0.047045774715 0.333857392168 -0.069016578698 0
0.114985037563 0.344652360806 -0.073062666744 0
-0.098513747822 0.016761802636 -0.068562928247 0
0.154593297826 0.031955371188 -0.074726645632 0
-0.095693188137 0.038274689105 -0.112307332330 0
0.153888124518 0.059153516113 -0.117084378848 0
0.075409539073 1.052729843466 -0.024990168209 0
-0.090366236722 0.991854181845 0.013105514609 0
0.214144055322 0.950029424234 -0.009817171475 0
0.062430830313 0.952277632004 0.012350951816 0
0.050720260937 0.811027592410 -0.006742381694 0
-0.006032080819 0.596891158584 -0.031211705600 0
0.108524098568 0.603516689320 -0.040973065117 0
0.053663333333 0.668774074074 -0.005556370370 0
-0.149214597043 1.155953423450 0.064145027657 0
0.280819155048 1.117472711305 0.027608944280 0
-0.198332333672 1.252628132832 0.016832854760 0
0.342958422873 1.204400491209 -0.022306028837 0
-0.231527545156 1.343731302023 0.003335805928 0
0.382071619393 1.294252298203 -0.055099732344 0
-0.045682511626 0.334668163418 -0.064589185428 0
0.116464988832 0.345680199471 -0.069217161604 0
-0.098758745406 0.016842093513 -0.068192813639 0
0.154854715849 0.031976399546 -0.074435367152 0
-0.095950872491 0.037418132674 -0.112386423946 0
0.154421524550 0.058586838075 -0.117168385142 0
0.075074186455 1.055042199324 -0.022239532026 0
-0.091176340352 0.991249010419 0.009394223210 0
0.213866234697 0.951659860824 -0.010176277277 0
0.061999077360 0.953188450702 0.010975855156 0
0.051926646330 0.811238112906 -0.002853936262 0
-0.002930751520 0.597049312128 -0.022569398617 0
0.111509504712 0.604371813584 -0.033157540990 0
0.056557037037 0.669118518519 0.003045533333 0
-0.145221600991 1.163007084627 0.033373302567 0
0.267026393272 1.127666024652 -0.001267557725 0
-0.178639237926 1.257162305058 -0.029991113293 0
0.316480626536 1.212561400351 -0.066507775867 0
-0.202889688123 1.348119049506 -0.056726424261 0
0.344164977144 1.301093713689 -0.111193273617 0
-0.044636041238 0.335663725262 -0.059789766756 0
0.117655940820 0.346851226686 -0.064555166206 0
-0.099107812045 0.017116674714 -0.068003410788 0
0.155142941248 0.032054805016 -0.074010678926 0
-0.096223498664 0.038424907304 -0.111843719751 0
0.154966632067 0.058390139865 -0.116915608403 0
0.074096620234 1.056894139325 -0.020862624942 0
-0.092689982451 0.989640263012 0.005130866952 0
0.212930807909 0.953408915452 -0.011736254923 0
0.060974478728 0.953759284548 0.008819377737 0
0.052874832415 0.811249511292 0.001239743141 0
-0.000199914375 0.597250701876 -0.012770534321 0
0.114118060411 0.605202690358 -0.024192729949 0
0.059116666667 0.669503703704 0.012723370370 0
-0.142128116210 1.164375736267 0.000646692895 0
0.257556402389 1.130928017088 -0.031205777796 0
-0.160711850646 1.252417702492 -0.076166393151 0
0.292755624501 1.209532194958 -0.111776430332 0
-0.176545792252 1.340751329318 -0.114940360973 0
0.309311343225 1.293964965753 -0.167568925461 0
-0.043621095608 0.336820019162 -0.054454734422 0
0.118631463195 0.348129962853 -0.059316570724 0
-0.098842764687 0.017609086675 -0.067878179343 0
0.155419257314 0.032216423055 -0.073576983726 0
-0.095593547146 0.040374083374 -0.110954045445 0
0.155497502779 0.058261103260 -0.116659258858 0
0.072504209574 1.058164362724 -0.020872629818 0
-0.094740242850 0.986621114714 -0.000192916031 0
0.211447305878 0.954809071563 -0.015634961279 0
0.059511968778 0.953565416387 0.005040856308 0
0.053745335148 0.810780892983 0.004670595774 0
0.002290835116 0.597448527742 -0.002801501746 0
0.116500445316 0.605753593749 -0.015028146806 0
0.061602222222 0.669751851852 0.022561481481 0
-0.139886115453 1.159185092733 -0.034547627168 0
0.250368237739 1.128214172935 -0.063586700878 0
-0.144049304347 1.238034874273 -0.122651957365 0
0.269572290454 1.198094800625 -0.156630423390 0
-0.151362222110 1.321424889331 -0.173438786358 0
0.275241247248 1.276387655247 -0.222734043935 0
-0.042679538400 0.338048285755 -0.049021540466 0
0.119605574416 0.349285543185 -0.054460867172 0
-0.097060012192 0.017963226914 -0.068085914517 0
0.155676800752 0.032430764193 -0.073219354666 0
-0.093118656925 0.041215245791 -0.110842692536 0
0.155994782701 0.058232824532 -0.116446273243 0
0.070310472028 1.058767974651 -0.021962851888 0
-0.097000124721 0.982324373675 -0.005306163744 0
0.209571297802 0.954988153307 -0.021676007827 0
0.057849227610 0.952271499297 0.000378832420 0
0.054399265772 0.809659557128 0.008272878709 0
0.004211696071 0.597510540978 0.007866341389 0
0.118340361761 0.605941893258 -0.005012323119 0
0.063625925926 0.669755555556 0.033154666667 0
-0.136848823627 1.146752803985 -0.071427983146 0
0.241545289733 1.119786604363 -0.097192044658 0
-0.129507614919 1.213191004401 -0.169044914926 0
0.246895429369 1.176922010274 -0.200226764356 0
-0.128031410808 1.288794216666 -0.232072693914 0
0.243169856600 1.246081983535 -0.276027731450 0
-0.041624097461 0.339230126810 -0.043489473328 0
0.120506309692 0.350377139562 -0.049983509005 0
-0.092589583482 0.017939996798 -0.068189390512 0
0.155919454329 0.032611327561 -0.073018971199 0
-0.087042104420 0.041724178193 -0.110472613204 0
0.156459825545 0.058288071931 -0.116318240447 0
0.067607572817 1.057952759191 -0.025102446890 0
-0.099327979099 0.976750277262 -0.009582226155 0
0.207392433936 0.953618667775 -0.029300104264 0
0.056094254393 0.949664820448 -0.004670635548 0
0.054864542249 0.807762244016 0.011796851570 0
0.005479293920 0.597189525163 0.018184357927 0
0.119554666886 0.605687007650 0.004883902795 0
0.064994074074 0.669314814815 0.043577777778 0
-0.134042812871 1.125752066814 -0.107511126518 0
0.228216527467 1.104781285073 -0.132255229000 0
-0.116346022163 1.174735181725 -0.213739518403 0
0.223351233288 1.145634861054 -0.242783715410 0
-0.105954288793 1.238397270589 -0.288405868110 0
0.211674547231 1.202424749271 -0.327554006898 0
-0.040373174128 0.340184676319 -0.039201797732 0
0.121619798677 0.351332415796 -0.046496239826 0
-0.086107681796 0.016286513873 -0.067461206603 0
0.156203797730 0.032425591825 -0.072909913011 0
-0.078527068562 0.038185979150 -0.110441207223 0
0.157030002573 0.058178518211 -0.116159399575 0
0.064904853099 1.055573166190 -0.029573443835 0
-0.101691724494 0.970079565300 -0.013439790643 0
0.204943989898 0.951002711927 -0.038176204528 0
0.054272015015 0.946034486329 -0.010128825147 0
0.055379219579 0.805400141002 0.015208782038 0
0.006439958079 0.596569472013 0.027329378221 0
0.120508907155 0.605056465431 0.013967273888 0
0.066027037037 0.668525925926 0.053030370370 0
-0.132461515599 1.093771874146 -0.142862181240 0
0.216068641213 1.079484444318 -0.169523926336 0
-0.105094330550 1.122268632376 -0.254378839829 0
0.202678483451 1.099762536414 -0.284930749020 0
-0.087517639170 1.171067804097 -0.338259290599 0
0.183422012584 1.140978846400 -0.376614896147 0
-0.038999469191 0.340981573206 -0.036366747637 0
0.122223634865 0.352052977234 -0.043710597874 0
-0.079227473826 0.014141142901 -0.066800601744 0
0.156394466383 0.032366193627 -0.072892151119 0
-0.069500466202 0.034309673682 -0.110193555303 0
0.157421528371 0.058329484512 -0.116011364818 0
0.061780247304 1.052080805056 -0.034850054929 0
-0.104945559775 0.962463086344 -0.017429235009 0
0.201463963289 0.947367005849 -0.047204902536 0
0.051496077726 0.941558112075 -0.015752194803 0
0.055245564602 0.802728129296 0.018341843862 0
0.007004211642 0.595529490111 0.034400429125 0
0.121119967172 0.603959885611 0.021407246129 0
0.066599629630 0.667274074074 0.060668148148 0
-0.132249573321 1.047183343659 -0.175775979039 0
0.203685014538 1.041543659638 -0.205348388844 0
-0.097270278758 1.053288304622 -0.288630627121 0
0.184254859356 1.034580848785 -0.321465658879 0
-0.075852619657 1.084274999455 -0.379745812010 0
0.159739212524 1.055457223216 -0.417814181325 0
-0.037404334755 0.341336484472 -0.035319789664 0
0.122002528988 0.352402353123 -0.042298885096 0
-0.073566629360 0.012223778955 -0.066525266113 0
0.156409206520 0.032471897175 -0.072841445954 0
-0.062051602821 0.030434626242 -0.110344233863 0
0.157475561129 0.058744865480 -0.115771714345 0
0.058304277792 1.047683978164 -0.040309327646 0
-0.107366097849 0.955599943740 -0.020240205876 0
0.198674793302 0.942388224100 -0.054382573313 0
0.049306078385 0.936425865341 -0.020223825489 0
0.054779639162 0.799206641899 0.019778650180 0
0.007084920066 0.593631691699 0.038797165677 0
0.121293138843 0.601876538263 0.026516884662 0
0.066692222222 0.665070370370 0.065859629630 0
-0.125893252696 0.996744670446 -0.196196389335 0
0.189675729342 0.986497570975 -0.232867642199 0
-0.089766672748 0.971070712610 -0.305890105201 0
0.166936907194 0.950317973112 -0.342791319047 0
-0.069697605481 0.976918015240 -0.401320891078 0
0.141695533055 0.947107117104 -0.440938553985 0
-0.035369995164 0.340762601554 -0.036713862913 0
0.121379979460 0.352089622494 -0.043817540707 0
-0.072295163796 0.011888163750 -0.067054448206 0
0.156218066986 0.032400516832 -0.072851256019 0
-0.060423125136 0.031827650064 -0.110017272989 0
0.157228401810 0.059125359147 -0.115503054887 0
0.054840767367 1.042617199235 -0.044707764774 0
-0.109384785448 0.949900604989 -0.023598579276 0
0.196391644272 0.937166963790 -0.060203322910 0
0.047382058100 0.931536595539 -0.024456645395 0
0.053809831519 0.795419692995 0.019247685297 0
0.006541292122 0.590609666771 0.038143093000 0
0.120861601632 0.598617949946 0.026783767888 0
0.066144444444 0.661670370370 0.066191851852 0
-0.117559348395 0.934800264342 -0.204435187110 0
0.180840828596 0.918023716396 -0.242618359735 0
-0.086012141516 0.877728573632 -0.303149872177 0
0.157336535788 0.849958328315 -0.336020090079 0
-0.071453841444 0.855820138827 -0.396738395588 0
0.132921341478 0.817570390098 -0.428720238034 0
-0.033330840278 0.338970938697 -0.042697958501 0
0.120494258139 0.350739564647 -0.050005641424 0
-0.072201664680 0.011378321280 -0.067562732869 0
0.155881411409 0.031684216277 -0.073009734458 0
-0.060421295191 0.032347707212 -0.110057914692 0
0.156810500103 0.059384448882 -0.115036485793 0
0.051548429427 1.037713829332 -0.049060251205 0
-0.111400674092 0.945155905988 -0.028562200337 0
0.194251416619 0.932427388047 -0.066192801213 0
0.045406157391 0.927152969873 -0.029714696970 0
0.052311842991 0.791586358655 0.015848040482 0
0.005264545615 0.586938516734 0.032378985326 0
0.119706312359 0.594610141551 0.022057733950 0
0.064898148148 0.657500000000 0.061598888889 0
-0.113841982977 0.863127163685 -0.190617894304 0
0.179836322124 0.847631654401 -0.228936237502 0
-0.091600261517 0.779133990075 -0.270913883018 0
0.161778432836 0.751740077145 -0.295177841588 0
-0.087080137805 0.728954103942 -0.354565145851 0
0.139909138208 0.688844757187 -0.371773964163 0
-0.032202881906 0.336282886741 -0.052562518334 0
0.119053523887 0.348274668176 -0.059544046953 0
-0.072088112812 0.010811245143 -0.067985277577 0
0.155353726809 0.031255182731 -0.073301980068 0
-0.060527377043 0.031963446704 -0.110450162922 0
0.155974470663 0.059260984411 -0.115131439414 0
0.048667990912 1.033369846979 -0.053966513527 0
-0.112991689123 0.941628428704 -0.034861648907 0
0.192686745078 0.928608818272 -0.072177362161 0
0.043804420266 0.923521249396 -0.035824194865 0
0.050509466495 0.787873649545 0.009649688285 0
0.002742093052 0.583437359891 0.022978410526 0
0.117304332442 0.590550850352 0.013640766703 0
0.062576296296 0.653196296296 0.053677777778 0
-0.117736396310 0.793846030442 -0.140382135154 0
0.192344976339 0.783603036298 -0.185564944538 0
-0.105316346074 0.692567726943 -0.200260685425 0
0.184124436071 0.669697070941 -0.215011265868 0
-0.113153312296 0.617667957774 -0.265056790585 0
0.174950691674 0.582876443938 -0.266625778127 0
-0.031879796194 0.332930256656 -0.063593109215 0
0.117476674115 0.345080101076 -0.070528846406 0
-0.071243134645 0.010204503158 -0.068008152767 0
0.154900449067 0.030666451450 -0.074013794806 0
-0.059708391816 0.031230642476 -0.110542655268 0
0.155174388476 0.058959913053 -0.115652945945 0
0.046907185844 1.030200687887 -0.057817615959 0
-0.113989751597 0.940352278229 -0.042611398074 0
0.191877332686 0.926991559383 -0.078221730718 0
0.042742460209 0.921678392118 -0.042952156921 0
0.048785138011 0.785242797818 0.000058400558 0
0.000247059971 0.581358724364 0.010922411206 0
0.114915721072 0.587747799623 0.002403144131 0
0.060407407407 0.650177777778 0.043071481481 0
-0.124288220488 0.760613830454 -0.066793094248 0
0.214132488879 0.749713544916 -0.122502099490 0
-0.126822073730 0.644684365132 -0.090265031709 0
0.216328474526 0.632074733303 -0.114407674545 0
-0.149268425613 0.551727759496 -0.119773134799 0
0.229600629914 0.532528497234 -0.132096057861 0
-0.032176141308 0.329679441062 -0.073062030160 0
0.116301110057 0.341867900585 -0.080552254540 0
-0.070428915031 0.009690682590 -0.067993815794 0
0.154600226673 0.030033623640 -0.074721310897 0
-0.058953156169 0.030875051264 -0.110465714883 0
0.154607968933 0.058467909080 -0.116265326970 0
0.046140412858 1.029154869437 -0.060883565978 0
-0.114272108660 0.944737799933 -0.048475677956 0
0.191897762150 0.930950790960 -0.081204968185 0
0.042328770773 0.924997336552 -0.047932517569 0
0.047213392649 0.786809009627 -0.010974156193 0
-0.002022986724 0.581851381804 -0.002632993577 0
0.112696160428 0.587743287520 -0.010824620805 0
0.058285925926 0.650725925926 0.029116407407 0
-0.136684890723 0.771095989134 -0.000072049551 0
0.228965023373 0.752381048456 -0.056256969139 0
-0.160834503071 0.655514216358 0.007320055393 0
0.249236662935 0.642313232872 -0.019063304786 0
-0.200578804039 0.562703367917 0.011163723571 0
0.285377823918 0.547297622408 0.001801009706 0
-0.033590196073 0.327817951705 -0.079559190042 0
0.115730560641 0.339894878724 -0.087651705190 0
-0.069919877127 0.009600983431 -0.068144630601 0
0.154391770567 0.029933709010 -0.075270186801 0
-0.058695157275 0.031155594895 -0.110497164394 0
0.154255618368 0.058331695920 -0.116838801426 0
0.046113326768 1.032881405864 -0.063687548963 0
