-0.090422944648 0.931414412263 -0.079974482054 0
0.180116618491 0.835073552033 0.031954340299 0
0.036659432245 0.872309781529 -0.007376076661 0
-0.014256554917 0.742617850168 0.026054305936 0
-0.103745412353 0.538836741903 0.025207095639 0
0.010502518031 0.543970966456 0.038747781517 0
-0.049524814815 0.609977777778 0.062462592593 0
-0.162785878850 0.764958019667 -0.072722060551 0
0.217319542414 0.656338163798 0.055473287832 0
-0.147621279526 0.652753967891 -0.107033558370 0
0.181334768519 0.555605239746 0.105144266538 0
-0.136289692200 0.564950253110 -0.155445957023 0
0.178399246409 0.461796133742 0.142923765635 0
-0.104389954733 0.292402504493 -0.078315188018 0
0.029811538039 0.331872100144 -0.109514401382 0
-0.075525454673 0.017629824017 0.015451591280 0
0.071981603031 0.026326011730 -0.084907898482 0
-0.077389458769 0.035465165514 -0.029966013371 0
0.064667062962 0.056735918304 -0.124355953005 0
0.083884434532 0.967883652921 -0.029942969150 0
-0.095499867870 0.942985834079 -0.051937685149 0
0.180428503835 0.834862606567 0.032762841460 0
0.035232413396 0.876604651513 0.006512512395 0
-0.015513670748 0.744916472750 0.031365887230 0
-0.105541286334 0.541054346252 0.019074921027 0
0.008599683260 0.544384346899 0.034009785898 0
-0.050934814815 0.610244444444 0.059321111111 0
-0.164174827867 0.774987663856 -0.059493290425 0
0.225084262246 0.664593759951 -0.021069496052 0
-0.143898602694 0.665240442598 -0.098754152732 0
0.194753403988 0.550646405102 -0.023365454700 0
-0.128015254298 0.580470221914 -0.151087749637 0
0.195975297320 0.450160413600 -0.035429724431 0
-0.109640277626 0.292238096581 -0.078499584796 0
0.028075143396 0.331048996464 -0.112445589317 0
-0.076176030650 0.017848753064 0.014409676223 0
0.071821324007 0.025848584635 -0.085093322259 0
-0.079152866784 0.036089467380 -0.030787088237 0
0.064309997938 0.055579474888 -0.125019104222 0
0.082856927625 0.973044609458 -0.010266630918 0
-0.098094941073 0.955017383133 -0.027146660384 0
0.180293409823 0.841362004359 0.040556063404 0
0.034350757094 0.884584890105 0.021957487301 0
-0.015804493824 0.751122113150 0.036791191919 0
-0.105853915600 0.546957024905 0.011138874797 0
0.008123239100 0.549056141184 0.027482128765 0
-0.051253333333 0.614618518519 0.053912592593 0
-0.167723807524 0.788589253542 -0.048365075446 0
0.228654755044 0.714850101598 -0.084101291763 0
-0.143435871324 0.681140208008 -0.091513562779 0
0.199934859281 0.616164440600 -0.141941934625 0
-0.122239398395 0.598931915640 -0.146300870083 0
0.201376004351 0.536907405324 -0.204565191372 0
-0.111886515492 0.294231617232 -0.075697684739 0
0.028960364374 0.331958883443 -0.113141614302 0
-0.076240344081 0.017937501892 0.013861947021 0
0.071908223271 0.025635259059 -0.085691974770 0
-0.079701758555 0.035998389291 -0.031372505401 0
0.064499931005 0.054733906861 -0.126099892580 0
0.081803841872 0.981403998197 0.008280487945 0
-0.100164003858 0.966732382726 -0.006323290950 0
0.180876226680 0.853550054581 0.050310861836 0
0.033988015862 0.895220147270 0.036139070522 0
-0.014314174318 0.760273651342 0.039819767475 0
-0.104793534708 0.556059625814 0.001662318065 0
0.008989850188 0.557638702753 0.019358302650 0
-0.050537777778 0.622962962963 0.046037407407 0
-0.172765144204 0.803265331375 -0.038014299817 0
0.231501442733 0.795166556316 -0.116757962542 0
-0.146612399027 0.697599128589 -0.084357375877 0
0.202321774160 0.734104356032 -0.213345677622 0
-0.122835419697 0.616505229352 -0.140443179682 0
0.201808489922 0.695821587039 -0.306602748356 0
-0.109240987347 0.298576544754 -0.069960270197 0
0.032894519812 0.334767993967 -0.111399703444 0
-0.076709673377 0.018326710507 0.014071614211 0
0.072072829910 0.025527714151 -0.086848295850 0
-0.080360923465 0.037944622925 -0.030494500887 0
0.065120716751 0.053764287862 -0.127943039402 0
0.080410912991 0.992723170440 0.026204646519 0
-0.104085048047 0.977184949571 0.003798464056 0
0.179477334253 0.868721125081 0.056989177231 0
0.031595940814 0.906931607647 0.043408482575 0
-0.013417356254 0.770952338991 0.037812897481 0
-0.102702260222 0.565974630662 -0.006019134775 0
0.010792509141 0.567785479092 0.013422012002 0
-0.049176666667 0.633300000000 0.038603703704 0
-0.178850728394 0.816337777080 -0.035380645734 0
0.232784814869 0.884994599369 -0.118444639332 0
-0.150381933319 0.712346037443 -0.084086281799 0
0.205854677705 0.865537117784 -0.231605614004 0
-0.124841264531 0.631663505895 -0.140780221680 0
0.203544230004 0.870559182186 -0.332201983339 0
-0.103543203531 0.304460223768 -0.061305840394 0
0.037389928454 0.338949767666 -0.106023526568 0
-0.076745446853 0.018370113411 0.014917504602 0
0.072399439530 0.025301631551 -0.088577077989 0
-0.079722565545 0.038571020522 -0.029437797742 0
0.065877608421 0.052638673649 -0.130345077321 0
0.077765197092 1.004499679609 0.038454252706 0
-0.108754025473 0.987088537374 0.006281117919 0
0.176301047361 0.885338223285 0.064519909812 0
0.027776368857 0.919467937681 0.047520932151 0
-0.013053100131 0.782670572012 0.034649412222 0
-0.099675796990 0.575361680900 -0.011824729349 0
0.013483919986 0.578238113445 0.009362640067 0
-0.047007037037 0.644566666667 0.030901888889 0
-0.185490494627 0.827875593068 -0.035664980436 0
0.232331924815 0.970006782907 -0.089022635537 0
-0.154143540470 0.725362870752 -0.085719984366 0
0.212489222169 0.988985431499 -0.203719235815 0
-0.125995192744 0.645825100726 -0.143016418713 0
0.209839086946 1.031794565038 -0.294473010950 0
-0.096311268581 0.310918611391 -0.050627499275 0
0.042097512126 0.343937293566 -0.098455866559 0
-0.076758101286 0.018516760548 0.016281210692 0
0.072973487957 0.025575414348 -0.091131799140 0
-0.078685083341 0.038851821768 -0.028070843997 0
0.066726713853 0.051858488569 -0.133612285751 0
0.073515000328 1.017040667416 0.046386926342 0
-0.113173602996 0.994192758194 0.002264357895 0
0.172282519040 0.900168516520 0.070642148273 0
0.023590546217 0.930007107178 0.047976348123 0
-0.012510294065 0.792393154804 0.030469750326 0
-0.095719365357 0.582706185975 -0.016784971632 0
0.017159199623 0.586766554318 0.005670384294 0
-0.043752222222 0.653744444444 0.023735074074 0
-0.193227845083 0.835938057458 -0.037022924001 0
0.229496580693 1.034129726919 -0.041894435586 0
-0.158242548383 0.734601642592 -0.087062440655 0
0.216949302038 1.088646443928 -0.145719892151 0
-0.126997315138 0.656487110938 -0.144550595576 0
0.214104816390 1.158692197551 -0.218517272725 0
-0.088693792284 0.316515547292 -0.040029265919 0
0.046620360606 0.348197690559 -0.092091466449 0
-0.076718015009 0.019117614333 0.017810588629 0
0.073038259798 0.027068030363 -0.094888358177 0
-0.077326487864 0.039063880816 -0.026755193580 0
0.066797659978 0.053543775781 -0.137249941462 0
0.068572850457 1.027795317810 0.049423485853 0
-0.117214336624 0.997838555097 -0.008280909531 0
0.167401179722 0.912559649965 0.073711736733 0
0.019125568310 0.937765245992 0.043838609004 0
-0.011643139271 0.799174175200 0.024111478256 0
-0.090802121039 0.586862754842 -0.020060968957 0
0.021942658650 0.592217350439 0.002791667473 0
-0.039240000000 0.659744444444 0.017602000000 0
-0.199773622491 0.839228377345 -0.040273069985 0
0.222677526533 1.078263584008 0.015657717276 0
-0.161721997838 0.738770812484 -0.089844681960 0
0.220700024207 1.158603053977 -0.070660827172 0
-0.128296004537 0.661938346701 -0.147510455967 0
0.218085226638 1.245417577212 -0.123821139916 0
-0.081414839113 0.319978140610 -0.031532396111 0
0.050103728045 0.351043726758 -0.088765307322 0
-0.076473786862 0.020047940001 0.019342114120 0
0.071634396128 0.029100007391 -0.099794459831 0
-0.075555248762 0.039188938480 -0.025570146954 0
0.064819412279 0.056686954290 -0.141350810438 0
0.061447376326 1.036975807975 0.044594558019 0
-0.119628264842 0.999236864962 -0.025686495107 0
0.160565712893 0.923362176595 0.077926459457 0
0.014218329951 0.943781855003 0.036952528589 0
-0.010422096196 0.804002013140 0.017172395731 0
-0.084058055265 0.589062045348 -0.021159670267 0
0.028663526423 0.595599258372 0.001498880007 0
-0.032678814815 0.663533333333 0.013525962963 0
-0.206623557660 0.841179218268 -0.046812825813 0
0.211168448693 1.100322541045 0.075110435243 0
-0.165910405820 0.741474373652 -0.095786047246 0
0.221948999031 1.198542260592 0.010721783352 0
-0.130695732520 0.665917006189 -0.153649241836 0
0.222233944226 1.295086495636 -0.022927033900 0
-0.075527988618 0.321942797057 -0.025813396956 0
0.052810482421 0.353511721120 -0.088783959147 0
-0.076270217072 0.020880738217 0.020429199370 0
0.066736227912 0.030808084439 -0.107467863725 0
-0.074110072692 0.039645505343 -0.024599125279 0
0.058437781497 0.059010032784 -0.148335941935 0
0.053260040685 1.044625997470 0.036233692506 0
-0.119743096961 0.997884235041 -0.048530689148 0
0.151465570094 0.932787109636 0.082654298656 0
0.009118486215 0.947862541292 0.027668647415 0
-0.008705668760 0.806795556968 0.010275928079 0
-0.075623405138 0.589895212166 -0.019982167210 0
0.037153622471 0.597297120420 0.002127871928 0
-0.024297037037 0.665414814815 0.012441370370 0
-0.212794218348 0.842097813832 -0.056825402862 0
0.191858963537 1.106066998669 0.129834710610 0
-0.170121757634 0.742236747816 -0.103770283103 0
0.220205416878 1.213700985206 0.090839382799 0
-0.133236326651 0.667365425414 -0.160869358888 0
0.229026679393 1.314697398037 0.076212702718 0
-0.071749838169 0.322647414790 -0.023256658513 0
0.055488544855 0.355524608935 -0.090340098385 0
-0.076114763307 0.020383493850 0.020915161268 0
0.060517265096 0.030783356981 -0.115816600065 0
-0.073352814769 0.038906475701 -0.024180332003 0
0.050266265918 0.057548264031 -0.157204650109 0
0.045674768609 1.049888573218 0.023790721651 0
-0.117700945053 0.990741175597 -0.076552633436 0
0.139058205116 0.940681932635 0.086450706547 0
0.003377466989 0.948383848856 0.015423947091 0
-0.007102365410 0.806143490273 0.003288811718 0
-0.068618519620 0.588895967642 -0.018741245194 0
0.044317803729 0.596470673634 0.002479280963 0
-0.017124666667 0.664548148148 0.013102481481 0
-0.215750387277 0.838042609227 -0.068417695932 0
0.169162420424 1.099148617666 0.175138830922 0
-0.173969709192 0.736198682271 -0.111767236543 0
0.216319292379 1.207016292832 0.168065914432 0
-0.137452056970 0.660606510929 -0.167218173184 0
0.236963395611 1.307696410180 0.173710179927 0
-0.069658694489 0.321689797603 -0.025589073028 0
0.058425619585 0.355398124191 -0.092523022479 0
-0.075688329267 0.019163395193 0.020376058537 0
0.056574126770 0.029871401580 -0.118444684075 0
-0.072647497354 0.037653045320 -0.024715170202 0
0.045385766883 0.055420499531 -0.160355042184 0
0.037928533748 1.051081966445 0.006009195585 0
-0.113043471986 0.979099331558 -0.102372201824 0
0.129639315096 0.945345309264 0.084622473716 0
0.000463157110 0.945379211613 0.001997405912 0
-0.005297125072 0.802422335134 -0.001665819751 0
-0.063071353604 0.585854271994 -0.016559245743 0
0.050145150978 0.593033025838 0.003259649697 0
-0.010997925926 0.661174074074 0.015129518519 0
-0.212181897037 0.828447860363 -0.080636760600 0
0.149212648044 1.080120601702 0.208461250498 0
-0.173770340032 0.723350314025 -0.119056172781 0
0.211320235208 1.176845842489 0.234845099293 0
-0.140167417926 0.645294032657 -0.171959551662 0
0.245532051762 1.270745126875 0.261972989368 0
-0.068832459015 0.319078671716 -0.032202160358 0
0.061102430168 0.353586411837 -0.096167204314 0
-0.075047570624 0.017390203312 0.019342440700 0
0.056425693188 0.029646723507 -0.116435108425 0
-0.071630263374 0.034827536421 -0.026139359561 0
0.046157296886 0.055757434658 -0.158234686419 0
0.032520334950 1.048265609193 -0.014382269601 0
-0.109105647164 0.963609146821 -0.122906694339 0
0.124980142909 0.948712866369 0.077051355166 0
-0.000075865640 0.939950970572 -0.011252702945 0
-0.002476584992 0.796954789949 -0.005147868775 0
-0.058267123366 0.581428901611 -0.013315257816 0
0.055324810227 0.588364766990 0.004321817536 0
-0.005511703704 0.656451851852 0.017946777778 0
-0.208763867400 0.815016903880 -0.091517094518 0
0.135389446629 1.051354372955 0.229497755486 0
-0.173181765521 0.706736600631 -0.123239060791 0
0.204372985481 1.127635831737 0.287218137325 0
-0.143048997976 0.624907554596 -0.171873371355 0
0.250165968972 1.206870948307 0.337546261127 0
-0.068961850598 0.315763879268 -0.040789440779 0
0.062932074264 0.351556270828 -0.101528585872 0
-0.074172458569 0.015507447985 0.018257500576 0
0.057194845735 0.029279832375 -0.115644181119 0
-0.069818258363 0.030826557205 -0.027901989922 0
0.048093125963 0.055890572962 -0.157398715035 0
0.029999769825 1.042074669135 -0.035318745360 0
-0.105584257704 0.948343200174 -0.138139397589 0
0.124780828027 0.946701622942 0.066630010154 0
0.001448663571 0.931981140622 -0.023291441023 0
0.000128590203 0.789681464168 -0.008224081525 0
-0.054487159498 0.575805288944 -0.007803106406 0
0.059544100669 0.582819916709 0.006687122540 0
-0.001014511111 0.650637037037 0.022689148148 0
-0.203124487762 0.800625716790 -0.097369664660 0
0.127978784635 1.011413911250 0.238925193675 0
-0.168890572156 0.690676926794 -0.124504435540 0
0.193975299235 1.057476258111 0.325133965435 0
-0.141434546217 0.606016417374 -0.169776753440 0
0.242876308750 1.113731024823 0.398576503189 0
-0.070224427606 0.312404605794 -0.050459061734 0
0.063568080387 0.349481106940 -0.106790847414 0
-0.073504253073 0.013908597219 0.017108120923 0
0.058025923513 0.029515148342 -0.115017430502 0
-0.066927167081 0.025732662813 -0.029809531857 0
0.050051411251 0.057560443530 -0.156057441368 0
0.029927153056 1.033129457781 -0.052748535944 0
-0.102682410251 0.934157133646 -0.148562281010 0
0.130432417882 0.939493461550 0.053007256262 0
0.005551032628 0.922261027672 -0.034291458566 0
0.001998853419 0.781286607834 -0.010185870432 0
-0.052762952651 0.569547022917 -0.001169202746 0
0.061707041045 0.576592647117 0.009284493048 0
0.001676103704 0.644122222222 0.028221629630 0
-0.194342915010 0.785439087919 -0.098782593965 0
0.125506558924 0.963259880677 0.235474871702 0
-0.160773128059 0.674834099002 -0.124013507956 0
0.178165460031 0.973914951229 0.340464117208 0
-0.134070605971 0.589501345457 -0.168147371812 0
0.222662565562 1.000103711767 0.431838814688 0
-0.072233120858 0.309593951723 -0.060265948369 0
0.062489614338 0.347191101248 -0.112019919708 0
-0.073359892748 0.013837604135 0.014476559189 0
0.059647850291 0.029910005837 -0.114304897092 0
-0.066022493048 0.027140679930 -0.031929512286 0
0.052677341960 0.059308471715 -0.154573447321 0
0.033273118091 1.022127621464 -0.068006809462 0
-0.099859391073 0.922688097145 -0.153867902844 0
0.142662706894 0.925012496306 0.036339633846 0
0.012915380782 0.910575005890 -0.044100238160 0
0.003149245901 0.771692551865 -0.011395290484 0
-0.054526247543 0.562582765655 0.006159545532 0
0.060299980396 0.569447154140 0.011647494224 0
0.001227907407 0.636759259259 0.034056037037 0
-0.185158702318 0.772864980593 -0.096650914566 0
0.131110999978 0.903908896393 0.218835479243 0
-0.149651436390 0.662714994543 -0.121211204254 0
0.164961430061 0.880501031217 0.329359016542 0
-0.121242229194 0.578052127270 -0.165191149939 0
0.200571759249 0.873861493401 0.428232187665 0
-0.075351957814 0.306604146590 -0.067923842551 0
0.059385075779 0.344547772433 -0.117812435020 0
-0.073243485797 0.014273437434 0.012296905192 0
0.061945347929 0.029767395013 -0.113765382014 0
-0.066129410819 0.029263131469 -0.033627290389 0
0.055772406749 0.060116043880 -0.153455030904 0
0.040479490054 1.009816226945 -0.079101401646 0
-0.099428896048 0.914749328547 -0.153222606744 0
0.158065961347 0.907277711135 0.016016428928 0
0.021254690281 0.898917226792 -0.052730652332 0
0.005142459551 0.762610834599 -0.012803075794 0
-0.057497267214 0.556499649057 0.013541727498 0
0.057477328420 0.562883657852 0.011996792705 0
0.000199475185 0.630096296296 0.038909259259 0
-0.174858947569 0.761460749028 -0.091500315659 0
0.139488106414 0.841620720776 0.186977127254 0
-0.136500555959 0.652402976652 -0.116640507933 0
0.152028521399 0.788624931385 0.291587912380 0
-0.105927612880 0.568951754336 -0.161268968935 0
0.174844289736 0.751414663596 0.387348396945 0
-0.080065145562 0.304044596682 -0.071336122462 0
0.053506254054 0.341541697689 -0.123400435708 0
-0.072909418199 0.014002093377 0.011249014242 0
0.063302623798 0.029381433653 -0.112623553748 0
-0.066454568387 0.029464663157 -0.034615749787 0
0.057144605327 0.060213882239 -0.151940888890 0
0.047107894660 0.998909459443 -0.086573956192 0
-0.103612841283 0.913672818073 -0.144961459487 0
0.171572111625 0.893597073961 -0.007587939338 0
0.027242990507 0.892154093422 -0.059360570867 0
0.007506361064 0.757631167616 -0.015261142856 0
-0.061226190075 0.553749164030 0.017356424497 0
0.053361052352 0.559317542622 0.007303710143 0
-0.001179533333 0.626533333333 0.039396296296 0
-0.164368282264 0.754079786430 -0.083029536039 0
0.157972538386 0.778914821142 0.135752808341 0
-0.123695328429 0.646259785306 -0.109816685461 0
0.147988388848 0.711136928770 0.231751277754 0
-0.091693312495 0.563758299271 -0.155474820859 0
0.155982277631 0.652476244608 0.318449861105 0
-0.085800633091 0.302867407264 -0.071534254930 0
0.045001574417 0.338353751907 -0.128510738808 0
-0.072793845022 0.013924936632 0.010371888387 0
0.063952018638 0.029169111216 -0.110950015993 0
-0.067532973321 0.030323293009 -0.035320013159 0
0.057093601240 0.059819705274 -0.150293593799 0
0.052187163868 0.993270411752 -0.090236840614 0
-0.113293422944 0.918051074824 -0.122628186199 0
0.179643924651 0.880101648478 -0.034600751436 0
0.028775816400 0.887499695108 -0.061010325262 0
0.007406499774 0.753600831438 -0.015921235431 0
-0.065733801420 0.551377171913 0.018876354003 0
0.048466830662 0.556265639027 0.004854280185 0
-0.004353555556 0.623300000000 0.040053333333 0
-0.157719560107 0.749970000573 -0.069980362736 0
0.183452954394 0.726094481627 0.066150532923 0
-0.114449543588 0.643526544814 -0.098167054397 0
0.148240466118 0.653090986944 0.151823180246 0
-0.080740049500 0.561046221544 -0.143778320803 0
0.141323451173 0.579678280194 0.223007065059 0
-0.090742559866 0.301124632483 -0.071651766082 0
0.036344768181 0.335835850867 -0.131542957014 0
-0.073025921863 0.013643529748 0.009928880546 0
0.063336397749 0.028547780372 -0.110595480171 0
-0.068913041546 0.031398863572 -0.035371947990 0
0.055315575615 0.058309163860 -0.150399253674 0
0.057058248677 0.989204297918 -0.086719299220 0
-0.119624046381 0.925278348409 -0.095055381614 0
0.180490410117 0.869310343908 -0.052626932200 0
0.028000564139 0.885009959363 -0.056335263209 0
0.005139002423 0.750664180658 -0.013768954498 0
-0.069584224652 0.549675956835 0.018576524250 0
0.044752624753 0.553634925411 0.005396559571 0
-0.007549703704 0.620340740741 0.041966666667 0
-0.152774932361 0.750216195535 -0.059686130991 0
0.194721605580 0.689926968929 -0.013863349988 0
-0.110101161209 0.643586281376 -0.088076337971 0
0.165435643029 0.602449643845 0.059616457167 0
-0.075118368551 0.559683041530 -0.131833757983 0
0.162659913431 0.514518409393 0.110044391762 0
-0.093988309890 0.299476053114 -0.072261577989 0
0.029854346808 0.334448387388 -0.132718410965 0
-0.073291970296 0.013412371863 0.010040434161 0
0.062078213643 0.027768092436 -0.111093368411 0
-0.069907421071 0.031602289126 -0.035148109368 0
0.053001351734 0.056306066582 -0.151560744523 0
0.060126231948 0.987314608411 -0.074867242204 0
-0.118428328895 0.936189901078 -0.068118180274 0
0.182192220638 0.868919443619 -0.057957048513 0
0.030672183856 0.889293781500 -0.046127104293 0
0.005848043670 0.753469818690 -0.009634232497 0
-0.071791090926 0.551701767565 0.012999894279 0
0.042921411393 0.554633694335 0.003266156562 0
-0.009687296296 0.621000000000 0.040014074074 0
-0.148596512425 0.758017059032 -0.049650869708 0
0.206261203506 0.690501408270 -0.096313614767 0
-0.103177700846 0.653167818125 -0.080322704118 0
0.186629995371 0.580652156158 -0.058143082370 0
-0.065079291770 0.569747807941 -0.123921850849 0
0.191595333859 0.480778880484 -0.045586835554 0
-0.095810256264 0.299433338608 -0.072034401533 0
0.026880731126 0.334312172936 -0.132901262474 0
-0.073873327002 0.013840991686 0.010072714174 0
0.061607899278 0.027358858350 -0.111425436723 0
-0.071196692468 0.032389840719 -0.035017290893 0
0.051991994622 0.054648699129 -0.152622680415 0
0.061793627638 0.992993530819 -0.058814222453 0
