-0.156216951523 1.027715177456 0.129910202759 0
0.164858423398 0.959755525071 0.062612681079 0
-0.001161475221 0.976960967749 0.101315047701 0
-0.025363064367 0.840273846858 0.124605401076 0
-0.112990228974 0.629083472643 0.101395726929 0
-0.037958442566 0.621197601672 0.081684482089 0
-0.057055185185 0.701396296296 0.122140740741 0
-0.205815173099 0.841438623375 0.179100232844 0
0.142281948121 0.757517638879 0.055084427810 0
-0.227555089027 0.697587002515 0.166796370487 0
0.145744925031 0.632070512961 0.025088306565 0
-0.249665896413 0.589837631123 0.138416200859 0
0.155921039987 0.523078388714 -0.006762828912 0
-0.131952406348 0.344127328883 0.041009682120 0
0.013544216017 0.342122971984 0.039095226026 0
-0.083965018600 0.015148754746 0.054421964745 0
0.078868110225 0.013727934864 0.058178588901 0
-0.082526534871 0.004392998353 0.006970280405 0
0.068762517899 0.033931334842 0.014828762009 0
0.014099211085 1.099275493846 0.077600399972 0
-0.152027807766 1.031356186113 0.105846953365 0
0.172617508950 0.952953776017 0.079477509262 0
0.003764503125 0.975714237039 0.097564272793 0
-0.026226904783 0.840375707268 0.122035822073 0
-0.111999631551 0.628648246252 0.096775956102 0
-0.036247678853 0.620995337548 0.079936604674 0
-0.057224074074 0.701396296296 0.119037777778 0
-0.206814830335 0.849713624582 0.165704778600 0
0.142630044899 0.753727274252 0.109076283540 0
-0.227600523398 0.705223244837 0.162914989623 0
0.147914768970 0.624815794107 0.110701976726 0
-0.247738157722 0.595573745020 0.141279951880 0
0.159740351284 0.511287107013 0.109508744081 0
-0.127482833402 0.343173720339 0.037864090065 0
0.015730369408 0.342066916397 0.036968757602 0
-0.083107495313 0.015244637770 0.055061197942 0
0.078954342937 0.013561703789 0.057871275806 0
-0.081117956162 0.005195723038 0.007474656521 0
0.069266317082 0.034015569503 0.014543578071 0
0.022341344946 1.097270018484 0.073699110465 0
-0.150273671738 1.030029410984 0.080293108268 0
0.175311918616 0.953698686707 0.100405568140 0
0.005461552884 0.975535858120 0.094883034082 0
-0.026993339081 0.840819851363 0.119462961208 0
-0.109349646498 0.628279735317 0.090642904364 0
-0.032654370820 0.620973458059 0.078603713899 0
-0.056491481481 0.701559259259 0.115630000000 0
-0.210071557000 0.853756359944 0.150511493601 0
0.137660471843 0.764238149175 0.164854057014 0
-0.229625198198 0.709261152168 0.158000675342 0
0.147685308883 0.638201067314 0.190600853677 0
-0.247630565956 0.598218628889 0.143557481905 0
0.162661900104 0.527796849914 0.215796708265 0
-0.120058703072 0.342108276806 0.034098630686 0
0.019972864034 0.342363966922 0.034375407252 0
-0.082255264486 0.015587383647 0.055549191030 0
0.079209591320 0.013182912488 0.057208440465 0
-0.079983037347 0.007817630917 0.007550380585 0
0.070203880415 0.033254448633 0.013555966692 0
0.027022699875 1.096240272013 0.069743967808 0
-0.149858543816 1.024866264759 0.049621368413 0
0.169908181914 0.961806092196 0.127142481080 0
0.002826235546 0.976918230873 0.092332229147 0
-0.029232262229 0.842049113120 0.116496964348 0
-0.104547832517 0.628106537968 0.083512419633 0
-0.027077365668 0.621316775488 0.077792717070 0
-0.054424444444 0.701966666667 0.112157777778 0
-0.214062537885 0.854771081762 0.130393103014 0
0.126621445862 0.782248382504 0.212885246470 0
-0.233162322073 0.711171495146 0.148604494096 0
0.144940848674 0.663804928842 0.260679479020 0
-0.248847684922 0.599398084755 0.141343021262 0
0.165494437632 0.562106011298 0.308287424669 0
-0.110506966471 0.341065833475 0.030804117333 0
0.026275726342 0.343136963583 0.031766014708 0
-0.081314741816 0.016082657392 0.056303409661 0
0.079434733035 0.012631767652 0.056423687545 0
-0.078731141741 0.011423581699 0.007919157036 0
0.071378869249 0.031629930113 0.012110250076 0
0.028649972543 1.096588579442 0.066445327463 0
-0.145766918802 1.018145419596 0.016331719321 0
0.153325744666 0.973838963592 0.160614025143 0
-0.003357152031 0.979352724255 0.091501251339 0
-0.033601470565 0.843763889312 0.113725847740 0
-0.097772627734 0.628072240453 0.075639145850 0
-0.020038692336 0.622106239050 0.077165979352 0
-0.051306296296 0.702566666667 0.108497777778 0
-0.215876393554 0.853609622285 0.103459385400 0
0.112994100135 0.800745137244 0.260004266988 0
-0.234196013818 0.711501465935 0.131512214312 0
0.146053352011 0.694722412126 0.325692991469 0
-0.245925512033 0.599156582622 0.131692007168 0
0.175195343757 0.606182693888 0.391321651633 0
-0.099786492265 0.340039961967 0.028316916984 0
0.034509609760 0.344436736547 0.029488441385 0
-0.080265696750 0.016461888833 0.057455300044 0
0.079721367552 0.011990877708 0.055230922635 0
-0.077185556908 0.014966962820 0.008899190103 0
0.072879633273 0.029812533394 0.010229954654 0
0.028309106080 1.097243096348 0.064098004243 0
-0.138432324094 1.010226971829 -0.011348230051 0
0.127580409353 0.988638672204 0.191156185014 0
-0.011905836400 0.982368844233 0.091854706273 0
-0.037546842340 0.845320236393 0.110903001288 0
-0.089787109023 0.628061467380 0.068428098486 0
-0.012461972312 0.623332345869 0.077313353016 0
-0.047795555556 0.703370370370 0.105218148148 0
-0.215014937320 0.849938368282 0.078213280475 0
0.099880278677 0.819327347082 0.300850817473 0
-0.232900976597 0.709847962684 0.115254685091 0
0.151865784348 0.734107468759 0.382605453052 0
-0.239880506861 0.597584902289 0.122958914199 0
0.191648982711 0.663444507870 0.462458128121 0
-0.087963399871 0.339115079639 0.027043300054 0
0.044066382511 0.346282186476 0.028356517032 0
-0.079518199180 0.016997592422 0.059211366457 0
0.079949561195 0.011028338039 0.053890875826 0
-0.075741975916 0.018592297589 0.010707604427 0
0.074327497561 0.026358033020 0.007815929153 0
0.026014634003 1.098029321514 0.062562500727 0
-0.132459051724 1.002989387264 -0.031449166943 0
0.097196372023 1.001808969903 0.212464465548 0
-0.023087213898 0.984907370948 0.091622825011 0
-0.041937142349 0.846414754191 0.108159184628 0
-0.080852183054 0.627936926692 0.062201723645 0
-0.004648641262 0.624599433920 0.078399577396 0
-0.043855925926 0.704070370370 0.102490740741 0
-0.216915939174 0.845141790032 0.055325065717 0
0.089487174748 0.838666360293 0.334085153144 0
-0.235185190870 0.707366066647 0.100061877019 0
0.157394695227 0.785929736743 0.430294082558 0
-0.236704174494 0.596135057244 0.115216325582 0
0.206655381311 0.739357424355 0.521458283401 0
-0.075851637276 0.338197756835 0.027098298777 0
0.054286520883 0.348243108197 0.028371131448 0
-0.079070690491 0.017447466838 0.061301050916 0
0.080251321863 0.009926717941 0.052734826701 0
-0.074464324235 0.021765663487 0.013035613537 0
0.075738160714 0.022453528330 0.005700602390 0
0.021425453418 1.098256007097 0.061782355881 0
-0.128620021257 0.997523881906 -0.045186607287 0
0.068210176175 1.010959159283 0.225579405827 0
-0.034542292668 0.986411220852 0.090687463731 0
-0.045555958933 0.846876833028 0.105334947828 0
-0.070997429446 0.628069225601 0.057554077239 0
0.003776815581 0.625581155341 0.079533860967 0
-0.038000370370 0.704662962963 0.100365555556 0
-0.218007295814 0.839613525861 0.036378286168 0
0.089746201650 0.863206063443 0.364041518771 0
-0.236120263885 0.703298730163 0.085444513445 0
0.163150040204 0.846331022290 0.468807211494 0
-0.232715880925 0.593432716437 0.107085922540 0
0.216438749636 0.828245572831 0.567324170182 0
-0.065919688571 0.337676071150 0.028363756224 0
0.063573452438 0.349644738466 0.028226224385 0
-0.079054561485 0.017617435875 0.062567481162 0
0.080440658627 0.009136869179 0.051748224981 0
-0.073706133210 0.024279221241 0.014646370902 0
0.076785505410 0.019341336907 0.004082550205 0
0.015136207893 1.098317005102 0.062285697672 0
-0.128763749921 0.992809381273 -0.053726516385 0
0.044989446939 1.017585539426 0.231637874745 0
-0.045023508279 0.987110901601 0.089070446770 0
-0.047479159163 0.847056532926 0.102707962807 0
-0.061304232886 0.628560512690 0.054531115783 0
0.012171280199 0.626721467774 0.080578303664 0
-0.031316629630 0.705500000000 0.098907777778 0
-0.220024035846 0.832028163750 0.019755165334 0
0.094571674312 0.899877269815 0.390234534351 0
-0.235066890200 0.695593849251 0.069521500918 0
0.166354830966 0.918507377037 0.495822594404 0
-0.227249093549 0.586590704421 0.096625311183 0
0.218787646097 0.928852027784 0.595754002609 0
-0.057239089739 0.337651054980 0.030841361217 0
0.072008561091 0.350915215728 0.028622277485 0
-0.078931008253 0.017793553155 0.063465682156 0
0.080964993511 0.008726166187 0.050939871589 0
-0.072847268745 0.026114208821 0.015892867643 0
0.078033413433 0.017039268751 0.002858627609 0
0.007828757101 1.098809703491 0.064594008271 0
-0.133105609814 0.986951823660 -0.057956122154 0
0.028074063356 1.022589681495 0.233570760316 0
-0.054537991195 0.986525720485 0.087861644828 0
-0.048849023168 0.846604800570 0.101682420593 0
-0.053594429552 0.628822591898 0.053252304569 0
0.019043908148 0.627505511898 0.081579434714 0
-0.025501925926 0.706029629630 0.098397777778 0
-0.221837781197 0.821130533910 0.006916821903 0
0.101648219794 0.943878200075 0.406365090784 0
-0.233353931899 0.683204946599 0.053405620936 0
0.165865912932 0.993633354284 0.506611055380 0
-0.221944470473 0.574474104122 0.081931864008 0
0.213200953720 1.030995159297 0.602654922642 0
-0.050968452916 0.337634913087 0.033031463829 0
0.078576777009 0.351746070680 0.029028643923 0
-0.078701260700 0.017933922081 0.063986656754 0
0.081521264044 0.008364705083 0.050336277949 0
-0.072023453305 0.027158635818 0.016660877070 0
0.079091391220 0.015166866689 0.001990293895 0
-0.000716292668 1.098773342409 0.067726601662 0
-0.140904547456 0.980412144570 -0.059260902810 0
0.016022338676 1.026951674090 0.233048679240 0
-0.063418198090 0.985351771912 0.087051568193 0
-0.050212287103 0.845991007632 0.101682157094 0
-0.049095335586 0.628953977168 0.053420791071 0
0.023185241716 0.627971467521 0.082661891007 0
-0.021900111111 0.706322222222 0.098838888889 0
-0.221777733999 0.808876994407 0.000854130255 0
0.109052939341 0.994215307307 0.411206396093 0
-0.231945387719 0.668538801232 0.039829868240 0
0.162839831408 1.068525393579 0.501946256243 0
-0.218117204241 0.559467390479 0.065121184401 0
0.201953576472 1.128231261088 0.590190478492 0
-0.047716595235 0.337674595678 0.034434916344 0
0.083382415574 0.352419213824 0.029782090986 0
-0.078587830226 0.018135787327 0.064231837250 0
0.081830811668 0.007830667715 0.049951661559 0
-0.071599667257 0.027612537199 0.017000759896 0
0.079657536535 0.013486754000 0.001446059597 0
-0.009819984291 1.098229851644 0.070569588657 0
-0.151263536677 0.972949184342 -0.057421105488 0
0.010509039677 1.031600600562 0.230027171724 0
-0.070423077072 0.983923136158 0.086732513612 0
-0.050359339487 0.845494352990 0.102774207919 0
-0.045719380408 0.629164502861 0.054750938543 0
0.026645687980 0.628369061191 0.083788039906 0
-0.018619444444 0.706577777778 0.100149259259 0
-0.221826351231 0.795562327461 -0.001444418811 0
0.116241919039 1.047391157293 0.403341195924 0
-0.231111927270 0.653099969668 0.029142383688 0
0.158942497699 1.141297599546 0.480845915686 0
-0.216428889253 0.542898113863 0.048072513314 0
0.189116420730 1.218522101465 0.558350710021 0
-0.046219444263 0.337897845786 0.035527857159 0
0.086580813584 0.352844417101 0.030468543228 0
-0.078427952244 0.018252074009 0.064201469290 0
0.081963020571 0.007815562330 0.049644268935 0
-0.071342865671 0.027611221714 0.016961382709 0
0.079910965242 0.013547254997 0.001142262516 0
-0.018477270630 1.097706788830 0.073024598199 0
-0.161200178080 0.966684201840 -0.052540108992 0
0.009370929700 1.035135071973 0.227561377484 0
-0.075260868526 0.982576096085 0.088164390573 0
-0.049651601008 0.845149951750 0.105060549768 0
-0.042955207510 0.629637236365 0.057442219491 0
0.030082219368 0.628850974956 0.084744328821 0
-0.014839000000 0.706996296296 0.102311851852 0
-0.221229339390 0.783939676708 -0.001750980530 0
0.121396129768 1.095453286235 0.386553836495 0
-0.228810734135 0.640048565181 0.021811028614 0
0.153097944020 1.204860263739 0.447166121938 0
-0.215110370557 0.528112322703 0.032792956578 0
0.174744609699 1.296039859133 0.511115196843 0
-0.046065519801 0.338482594963 0.036818369394 0
0.087504205480 0.352931560004 0.030705366287 0
-0.078439975482 0.018184921039 0.063852074601 0
0.081973798271 0.008233335072 0.049627399438 0
-0.071466015997 0.027362918604 0.016559938600 0
0.079798418739 0.014748556397 0.001229801631 0
-0.025306038274 1.097094059771 0.075230137112 0
-0.172742566913 0.961139553253 -0.042775959257 0
0.014794006749 1.038481296176 0.223842036193 0
-0.077858848445 0.981510720215 0.091455069024 0
-0.047975416821 0.845027075902 0.108801587186 0
-0.041158363523 0.630267223403 0.061236108754 0
0.033024170064 0.629331369994 0.085247876594 0
-0.010961851852 0.707496296296 0.104963333333 0
-0.220808866741 0.773742472056 0.003598193274 0
0.130771045792 1.139621637296 0.357208044821 0
-0.225918075229 0.628858416394 0.020913048202 0
0.151878425941 1.259685700982 0.399490902040 0
-0.213603475216 0.515680910017 0.024491830454 0
0.164999227366 1.360844315992 0.448876245122 0
-0.047037567923 0.339325540585 0.038336008328 0
0.086083941238 0.352673221956 0.030530901939 0
-0.078488594020 0.018086287238 0.063290320706 0
0.081780255628 0.009037217140 0.049832276676 0
-0.071699347929 0.026823056118 0.015887864179 0
0.079315003779 0.016955780465 0.001658354823 0
-0.031216241322 1.096945482459 0.077151091409 0
-0.185103747102 0.956931105548 -0.028262524123 0
0.024359957564 1.041665219204 0.219087336536 0
-0.078890679935 0.981035458799 0.096531858541 0
-0.045432227677 0.845319477627 0.113348073766 0
-0.039814153101 0.630931175869 0.065598111596 0
0.035476936611 0.629964247395 0.085866460443 0
-0.007441074074 0.708137037037 0.107781851852 0
-0.219450739604 0.765942970819 0.015582814764 0
0.140565940481 1.174343717640 0.320867098922 0
-0.223006140209 0.620422410851 0.026915226279 0
0.151558378079 1.300685136268 0.344652665021 0
-0.212773902202 0.506422138614 0.024694962454 0
0.156195024809 1.409690867132 0.376393302890 0
-0.048506157381 0.340272487008 0.040141912027 0
0.083630801384 0.352479265888 0.030800065481 0
-0.078564809071 0.017885582275 0.062817341589 0
0.081611690895 0.010201418914 0.050216291426 0
-0.072065521095 0.026047958937 0.015272071153 0
0.078881725203 0.020362816630 0.002479501187 0
-0.036649065401 1.097427321044 0.079246456917 0
-0.197532411473 0.952308114743 -0.009410057981 0
0.035955541194 1.045656545863 0.211963638568 0
-0.078938836257 0.980771893306 0.102666927411 0
-0.042188772093 0.845846137992 0.118856095342 0
-0.039787287286 0.631760177286 0.070345734905 0
0.036480885019 0.630329329411 0.086520025410 0
-0.004762333333 0.708662962963 0.110934444444 0
-0.219111300664 0.758519232038 0.030071807790 0
0.152331963398 1.198985920610 0.278395299991 0
-0.220714453337 0.612648074499 0.036099501988 0
0.153051662854 1.328000037760 0.280287523167 0
-0.211643100291 0.498289422317 0.029396716724 0
0.149400134464 1.440625700240 0.294033832192 0
-0.051045143583 0.341446055585 0.042114301045 0
0.080354154131 0.352169477377 0.031281900151 0
-0.078658437662 0.017718243075 0.062479314847 0
0.081441731145 0.010998256963 0.050911016639 0
-0.072550385803 0.025243689573 0.014777352253 0
0.078339152860 0.022768057295 0.003568079820 0
-0.041314161576 1.097950230261 0.081932861994 0
-0.208885629355 0.949924775146 0.013832330119 0
0.049322314325 1.048779418369 0.203023462287 0
-0.077675660948 0.981181942632 0.109971849041 0
-0.038724586974 0.846666947330 0.124507616705 0
-0.041536743379 0.632691649223 0.075657940278 0
0.035552711387 0.630513047235 0.087188714886 0
-0.003422407407 0.709107407407 0.114338148148 0
-0.219839987943 0.754109429613 0.047223193018 0
0.166229107236 1.213275916522 0.230230783196 0
-0.217900757397 0.608124543634 0.048619705897 0
0.155625193472 1.340603278244 0.212229647959 0
-0.208391158401 0.493968171873 0.037471595229 0
0.143088840749 1.453524107868 0.207328566639 0
-0.054730826395 0.342799638750 0.044120963844 0
0.075875682724 0.351828486730 0.031889607959 0
-0.078959055751 0.017615416110 0.062096226492 0
0.081091684834 0.011565101055 0.051705430085 0
-0.073330560071 0.024311266663 0.014211954549 0
0.077459495159 0.024478600742 0.004699509366 0
-0.046064821095 1.099121168815 0.084888273244 0
-0.217316989596 0.949335106030 0.039758974766 0
0.063601505150 1.051100143967 0.191302841419 0
-0.074626152915 0.982077175205 0.117239007422 0
-0.034643599560 0.847673444313 0.129980543445 0
-0.043285987674 0.633615479227 0.081346954152 0
0.034320140406 0.630713110900 0.088372212031 0
-0.002295140741 0.709570370370 0.117937037037 0
-0.218611458266 0.752267737909 0.066987158987 0
0.178628155922 1.218467931594 0.176355342587 0
-0.212043926759 0.606442536041 0.063957996132 0
0.157116881265 1.340373274184 0.139953510066 0
-0.201684445478 0.493073695218 0.047589863263 0
0.135888220200 1.450058442372 0.118471478923 0
-0.058773570073 0.344236492503 0.046332967249 0
0.070846133624 0.351499402730 0.033104006906 0
-0.079317626929 0.017482753937 0.061649873998 0
0.080815719993 0.012082040274 0.052648447143 0
-0.074225875551 0.023272659854 0.013587737808 0
0.076553104845 0.025881959687 0.005948337990 0
-0.049670114277 1.100534135406 0.087644127904 0
-0.222260828514 0.949211312851 0.067436047490 0
0.077175695105 1.053188775650 0.175894900104 0
-0.070204097875 0.983106874527 0.123700734401 0
-0.029823616331 0.848772606218 0.135452765097 0
-0.044864590364 0.634436694597 0.087515140597 0
0.032989243170 0.630946590173 0.090177635838 0
-0.001323029630 0.709996296296 0.121911481481 0
-0.216244264149 0.751446036150 0.088203655153 0
0.188882108539 1.213511722219 0.118582035533 0
-0.206044047228 0.606142416593 0.078198080904 0
0.158649331204 1.327732656974 0.066733234791 0
-0.195569874120 0.493781449585 0.055834990492 0
0.129836357341 1.431776473430 0.030568504138 0
-0.063015379806 0.345707981345 0.048626563460 0
0.065501474476 0.351206618531 0.035063929833 0
-0.079725937609 0.017360672402 0.061247547132 0
0.080555539397 0.012751671436 0.053834464785 0
-0.075170698213 0.021990090949 0.013006111045 0
0.075641692614 0.027687542056 0.007549675306 0
-0.052044003471 1.101757213916 0.089891920068 0
-0.222955846901 0.949929094691 0.096878343583 0
0.089508708577 1.054374669163 0.157655730007 0
-0.064256428574 0.984131836828 0.129749919151 0
-0.024100671248 0.849804893738 0.141058116543 0
-0.046480374641 0.635101930148 0.093998389409 0
0.031376300223 0.631031458501 0.092495543627 0
-0.000600996296 0.710262962963 0.126156296296 0
-0.212574799909 0.751894331429 0.112786317880 0
0.194855424562 1.197351613030 0.058025426394 0
-0.200042673401 0.607432494929 0.095726968602 0
0.158674092806 1.302830746794 -0.006888397039 0
-0.189935508314 0.496561589999 0.067230779732 0
0.125817923019 1.400283666329 -0.056021954339 0
-0.067324144432 0.347155660662 0.050887768967 0
0.060387752609 0.350922443755 0.037302310375 0
-0.080124594127 0.017269127599 0.060780927784 0
0.080265256154 0.013304712125 0.054842259547 0
-0.076090885669 0.020604520413 0.012386483592 0
0.074635524214 0.029168566363 0.008949426712 0
-0.053150097075 1.102607855934 0.092065119240 0
-0.219191711726 0.953274997049 0.127370381774 0
0.100451189519 1.053084489132 0.137536410068 0
-0.056862308293 0.985229793592 0.135365954682 0
-0.017964162090 0.850613902226 0.146180901969 0
-0.048463315699 0.635697772561 0.100516723068 0
0.029178579482 0.630919352090 0.095095291864 0
-0.000329049630 0.710318518519 0.130567777778 0
-0.205610758877 0.755172383687 0.139597791226 0
0.195213621684 1.169175290821 -0.000338684339 0
-0.192841600016 0.611613714227 0.116249240896 0
0.156399422300 1.265158302261 -0.077341673509 0
-0.185029922680 0.502317221409 0.082298308664 0
0.122418344083 1.355077073404 -0.138762388072 0
-0.071947803804 0.348624650001 0.053150663839 0
0.055930639168 0.350663524893 0.039507378311 0
-0.080566147215 0.017252837269 0.060334989537 0
0.080014149317 0.013693712188 0.055669929243 0
-0.077081799958 0.019381538262 0.011829878116 0
0.073701740791 0.030151307231 0.010075972159 0
-0.052129704936 1.103066774066 0.094264627728 0
-0.211212228750 0.959751778145 0.154190224071 0
0.109709627858 1.049119718160 0.118702192198 0
-0.048394130754 0.986529528483 0.139730193675 0
-0.012304529559 0.851201786799 0.150287700714 0
-0.050917239245 0.636157231682 0.106982780665 0
0.026340894224 0.630680572631 0.097945296268 0
-0.000746251852 0.710251851852 0.134930740741 0
-0.194520346233 0.761845785854 0.165731303591 0
0.188142570683 1.130095172689 -0.050879008671 0
-0.183788890768 0.619188540699 0.136558644030 0
0.151846696064 1.215051188798 -0.140955785437 0
-0.181625435936 0.511073719272 0.098692168189 0
0.121441485358 1.296063403066 -0.215329240686 0
-0.076689550777 0.349994999752 0.055475427601 0
0.052290947629 0.350484991980 0.041677642856 0
-0.080969508211 0.017241776700 0.059946886421 0
0.079748119390 0.013853879241 0.056340440087 0
-0.077979194097 0.018103207655 0.011369794742 0
0.072843579540 0.030788590320 0.011007772521 0
-0.048127519830 1.103650410518 0.095992213653 0
-0.200242053214 0.969017836898 0.175006969980 0
0.118554464354 1.042470131449 0.102823814269 0
-0.038907445409 0.987859610918 0.142572338743 0
-0.007329467283 0.851494296143 0.153553014075 0
-0.053222763896 0.636436637141 0.112778284621 0
0.023568433753 0.630445916100 0.100624588439 0
-0.001441637037 0.710092592593 0.138888518519 0
-0.181879987142 0.771260127715 0.186553408023 0
0.177486572392 1.082168896539 -0.088010011708 0
-0.175255209860 0.629106047879 0.153909454378 0
0.146831627215 1.152763946862 -0.191573297221 0
-0.179290870270 0.521864805884 0.114275468219 0
0.122107940534 1.220642254838 -0.280045384638 0
-0.081021589663 0.351142936396 0.057635088794 0
0.049525541080 0.350389041605 0.043673792698 0
-0.081446165667 0.017288347044 0.059648181442 0
0.079600809043 0.013857742419 0.056911540482 0
-0.078919083853 0.017085854887 0.011037578358 0
0.072225528792 0.031158890779 0.011791884397 0
-0.042156292165 1.104349134949 0.096755698976 0
-0.187205512441 0.979031431525 0.192019929587 0
0.126774606912 1.034739123352 0.089306712914 0
-0.028814672514 0.989010357204 0.144600141560 0
-0.002683209657 0.851548095190 0.155844677057 0
-0.055698544864 0.636508744865 0.117511391621 0
0.020633439834 0.630209256633 0.102874668425 0
-0.002781555556 0.709896296296 0.142052962963 0
-0.168797842129 0.781156516541 0.201254264280 0
0.164526511979 1.035586474348 -0.110794786592 0
-0.167282625308 0.638631727408 0.169604834616 0
0.139592934970 1.085264482022 -0.227238563545 0
-0.176054278343 0.531804775015 0.130332094554 0
0.121039932953 1.136473132672 -0.327450888577 0
-0.084611870164 0.351958898459 0.059189466284 0
0.047343030182 0.350350603765 0.045300805375 0
-0.081954141675 0.017317061588 0.059437249499 0
0.079277973018 0.013726569965 0.057175127657 0
-0.079803555873 0.016058422029 0.010824404643 0
0.071488633922 0.031102589258 0.012153932553 0
-0.033708779073 1.105113863478 0.097382951348 0
-0.173109760907 0.988980236811 0.205029107316 0
0.134598473704 1.026604296348 0.077997852681 0
-0.018488279452 0.989921487167 0.145638999151 0
0.001527666218 0.851437576751 0.157139407351 0
-0.058383513204 0.636547860150 0.121580158521 0
0.017534575497 0.630026322787 0.105015060750 0
-0.004629518519 0.709733333333 0.144874444444 0
-0.157756521603 0.790807573151 0.213423788016 0
0.154294119016 0.989715892243 -0.121295553238 0
-0.160844775610 0.647659174044 0.184852888177 0
0.133193845486 1.015802041334 -0.245887014352 0
-0.173036165817 0.541055176086 0.146794440554 0
0.119993910163 1.045250417342 -0.355295898022 0
-0.087468939783 0.352590285002 0.060521367821 0
0.045476217560 0.350414142022 0.046831639444 0
-0.082380582783 0.017288766663 0.059535614208 0
0.078948247080 0.013596762697 0.057405709421 0
-0.080499136804 0.014467476196 0.010977212680 0
0.070739417569 0.030768180142 0.012380545351 0
-0.023780425562 1.105884968679 0.097606414091 0
-0.159862895011 0.998206349574 0.212794839305 0
0.142273305961 1.018300175503 0.069453214579 0
-0.008758033215 0.990401053795 0.145398463093 0
0.004858729000 0.851127179378 0.157451493804 0
-0.060893987056 0.636487484544 0.124678670669 0
0.014705777175 0.629819133315 0.106770632089 0
-0.006588296296 0.709555555556 0.147043333333 0
-0.149750135759 0.799791693750 0.223184916207 0
0.146982272229 0.943849128310 -0.120023437421 0
-0.156586165671 0.656263092564 0.197298488602 0
0.129860002094 0.944080488007 -0.247912120415 0
-0.171582527046 0.549374180172 0.161164185651 0
0.120809327275 0.950369360488 -0.361428925844 0
-0.089978091823 0.353003994683 0.061454717363 0
0.044080330467 0.350465295697 0.048054479835 0
-0.082876217075 0.017161173282 0.059685194493 0
0.078606442153 0.013373177274 0.057632967921 0
-0.081197928235 0.012778961127 0.011235246701 0
0.070042200001 0.030184015754 0.012537986775 0
-0.013072723817 1.106502452182 0.097169862138 0
-0.148057686799 1.006937850615 0.216003437426 0
0.150058685829 1.009297490910 0.063170431744 0
0.000233217455 0.990340611394 0.144099245664 0
0.007370451320 0.850664419712 0.157433777480 0
-0.063068063481 0.636335366302 0.126491841714 0
0.012359395354 0.629594643078 0.107897482090 0
-0.008511851852 0.709396296296 0.148262222222 0
-0.144093514363 0.808453055586 0.228913461525 0
0.145019235585 0.899288837910 -0.108116563241 0
-0.154253005680 0.664726786431 0.205315959779 0
0.131013375879 0.873009527598 -0.233663266278 0
-0.171772624729 0.557210277193 0.171616478733 0
0.125557989052 0.857262382286 -0.346298099203 0
-0.091989279058 0.353146201545 0.061889189302 0
0.043136902950 0.350443540769 0.048936269293 0
-0.083352154043 0.017219791371 0.059872822530 0
0.078239746388 0.013059777431 0.057889719473 0
-0.081811356360 0.012403898228 0.011459487657 0
0.069315258327 0.029124321954 0.012593011197 0
-0.002229497475 1.106726220314 0.096265791014 0
-0.137770030568 1.015807914329 0.215021549141 0
0.158824647386 0.999398676514 0.060104793815 0
0.008784855020 0.989952780841 0.142295687099 0
0.008863215516 0.850178282156 0.156953093330 0
-0.064948085514 0.636122632846 0.126513886543 0
0.010492812815 0.629412560484 0.107963013408 0
-0.010470444444 0.709285185185 0.148139259259 0
-0.140420232832 0.817575080245 0.231614233147 0
0.148804277943 0.857449910740 -0.085554653307 0
-0.153935051199 0.673867455432 0.209642295303 0
0.138210585452 0.804605400931 -0.202789342553 0
-0.173314199267 0.565847926967 0.177720871546 0
0.136022931360 0.766167527497 -0.309791651487 0
-0.093466341112 0.353007704676 0.061408671775 0
0.042548611008 0.350371366695 0.049162881780 0
-0.083777595223 0.017316823018 0.059837190131 0
0.077814967567 0.012804322557 0.057999777903 0
-0.082279874736 0.012607205019 0.011412049869 0
0.068561792491 0.028121152982 0.012510424035 0
0.008432580788 1.106545488755 0.095027873718 0
-0.129140744840 1.023377400168 0.210926377426 0
0.167935565147 0.989925392628 0.059719577336 0
0.016654574726 0.989155833121 0.140155743906 0
0.009808315165 0.849581902491 0.155581629655 0
-0.066809009408 0.635830068227 0.124971251568 0
0.008785895013 0.629085019877 0.107071423245 0
-0.012554407407 0.709122222222 0.146718148148 0
-0.138292842611 0.825662710151 0.231019602686 0
0.155014646860 0.820049245727 -0.051822697291 0
-0.154777127998 0.682015650219 0.210744289975 0
0.147479641137 0.743807214417 -0.155645224955 0
-0.175203032470 0.573916220515 0.179602425735 0
0.148076741329 0.681756868968 -0.251190642102 0
-0.094405461176 0.352549301092 0.060190967018 0
0.042415029723 0.350156696989 0.048615546738 0
-0.084103000353 0.017471854828 0.059731002097 0
0.077140441333 0.012335503858 0.058056763090 0
-0.082598620933 0.013440895504 0.011244858847 0
0.067538617608 0.026288401163 0.012202324957 0
0.018270809299 1.105983533185 0.093831209589 0
-0.123058483883 1.029658376817 0.202443000901 0
0.177402170088 0.980820716768 0.062531795011 0
0.023442948427 0.987944259867 0.137380444808 0
0.010122475314 0.848914021001 0.153625843081 0
-0.068622187141 0.635450242098 0.122152718253 0
0.007247192416 0.628670024762 0.105468743776 0
-0.014768111111 0.708907407407 0.144334074074 0
-0.138202447536 0.832834042635 0.227129820913 0
0.160104942906 0.792338944132 -0.012581198274 0
-0.156625855089 0.689158016479 0.208824757144 0
0.156687567433 0.692897763654 -0.094730538320 0
-0.177812665939 0.581056502070 0.178531255589 0
0.160896898253 0.611123261246 -0.173660142224 0
-0.094730016672 0.351779354015 0.058471866057 0
0.042582707225 0.349847289689 0.047517891258 0
-0.084242598071 0.017591654812 0.059653458145 0
0.076320146302 0.011799159105 0.058201293546 0
-0.082642192941 0.014539740097 0.011098927998 0
0.066398652875 0.024294115193 0.011995797129 0
0.027260713983 1.105244114399 0.092842614885 0
-0.120257401336 1.033075921556 0.190339649595 0
0.186291037690 0.974142785795 0.068718075861 0
0.028517849144 0.986486860508 0.134382007914 0
0.010199291538 0.848121680484 0.151198576554 0
-0.070587890788 0.635005855023 0.118297943039 0
0.005713540348 0.628201790742 0.103727925139 0
-0.017426259259 0.708666666667 0.141452962963 0
-0.141055236668 0.837689375790 0.221486800713 0
0.163470667950 0.775413099932 0.030609321930 0
-0.160447095830 0.693958001370 0.204677707847 0
0.164816990134 0.658979544489 -0.024979845032 0
-0.181507520904 0.585351876875 0.175628419520 0
0.173405335908 0.560155467080 -0.080779446148 0
-0.094355056106 0.350791125377 0.056143685343 0
0.043156251427 0.349589924133 0.046086892184 0
-0.084285111285 0.017938106688 0.059449380564 0
0.075595922666 0.011154735727 0.058107639753 0
-0.082585377414 0.016615615732 0.010820378927 0
0.065503840419 0.022191477419 0.011568966939 0
0.033977400091 1.104423356893 0.092157377243 0
-0.120432311933 1.034560387293 0.175232832355 0
0.194369641093 0.970138956434 0.080435803001 0
0.031794733256 0.985326223154 0.132351633422 0
0.009482336674 0.847432383107 0.148365179733 0
-0.072363185253 0.634540115331 0.113531301774 0
0.004406089561 0.627728092262 0.101675337369 0
-0.020112740741 0.708425925926 0.138005925926 0
-0.143813595422 0.840802982991 0.213833105721 0
0.167867807350 0.768237641659 0.080651081000 0
-0.163281486423 0.696741954242 0.200241968409 0
0.173539582617 0.642527691917 0.052127750176 0
-0.183508309949 0.587251984425 0.173650001617 0
0.186645242558 0.533749996800 0.021081500604 0
-0.093051914267 0.349674499251 0.053285142457 0
0.044072546236 0.349373444014 0.044279522871 0
-0.084139059235 0.018412126360 0.059145107425 0
0.074928193663 0.010550740720 0.057841997455 0
-0.082341139411 0.019307987195 0.010509906229 0
0.064825009211 0.020409881080 0.011042094957 0
0.038841584214 1.103741291640 0.092119399249 0
