-0.648489118078 0.915601231024 -0.855441530452 0
-0.864457522199 0.949193735913 -0.620460818401 0
-0.764993561867 0.929957199087 -0.729933445113 0
-0.803965178942 0.787064789300 -0.747683736761 0
-0.742699545601 0.587883137832 -0.768550689179 0
-0.831789341862 0.578786788673 -0.684012692771 0
-0.820229629630 0.643511111111 -0.755762962963 0
-0.644455073657 0.747034980719 -0.836373482525 0
-0.912584537134 0.789888154325 -0.642966475045 0
-0.590007909659 0.637308221821 -0.801622586729 0
-0.915114700549 0.668388296995 -0.621293198278 0
-0.537476299927 0.555212686439 -0.773289571493 0
-0.908903835639 0.569345463030 -0.588089047554 0
-0.725656190563 0.348335236719 -0.707425352496 0
-0.773192608941 0.353890478592 -0.618042918167 0
-0.764510054449 0.031172696430 -0.718473313885 0
-0.807832741222 0.035438213313 -0.668717374540 0
-0.733893841999 0.036672569477 -0.676117461743 0
-0.771772036468 0.036098569010 -0.636529604712 0
-0.718359359050 1.033001420603 -0.720459127146 0
-0.635016947628 0.917976228115 -0.840256430320 0
-0.857739532574 0.949929794742 -0.611432561954 0
-0.755085259139 0.931443108611 -0.718052083311 0
-0.791865536859 0.787958672115 -0.735771830506 0
-0.728381859427 0.588901108120 -0.755229555608 0
-0.817281719459 0.579534017822 -0.670521346395 0
-0.806203703704 0.644125925926 -0.742466666667 0
-0.622504592644 0.750201046401 -0.818134629274 0
-0.904839806084 0.790701768862 -0.636512085119 0
-0.563360786925 0.645230578868 -0.776960714771 0
-0.908183953319 0.669067539072 -0.615720769463 0
-0.507292308480 0.567742242074 -0.743148478957 0
-0.903708451728 0.569779148721 -0.582858818567 0
-0.721293392601 0.346521585849 -0.704122799843 0
-0.748309291360 0.360028608846 -0.596872733711 0
-0.764254316042 0.031601535510 -0.718134784163 0
-0.762179860257 0.035784272272 -0.621179450545 0
-0.733602782793 0.036428100132 -0.675722438526 0
-0.726375015465 0.042690270367 -0.589443299184 0
-0.709833574802 1.034935040943 -0.707969741401 0
-0.622000156691 0.920570247327 -0.824387137994 0
-0.851141023285 0.950309597849 -0.601683798804 0
-0.745449121689 0.932840317622 -0.705469279186 0
-0.779810123912 0.788756930099 -0.723224896296 0
-0.713559272660 0.589939451601 -0.741221029052 0
-0.802413887804 0.580098608496 -0.656519061088 0
-0.791759259259 0.644651851852 -0.728562962963 0
-0.602110852911 0.753785167509 -0.800270806328 0
-0.897339400392 0.791381997907 -0.630121632797 0
-0.539847954163 0.652789119337 -0.754062476585 0
-0.901808509111 0.669589323623 -0.610502266292 0
-0.481475457443 0.579344241245 -0.715678439893 0
-0.898633510003 0.569989210009 -0.578435412738 0
-0.716756028356 0.345274776603 -0.701991483754 0
-0.724802982546 0.365157358825 -0.578156154473 0
-0.763740394918 0.032171059091 -0.717463324353 0
-0.720520031736 0.035224508166 -0.574825013612 0
-0.732990783382 0.036384993980 -0.675056680744 0
-0.685356425729 0.044495958100 -0.542974989245 0
-0.701393809462 1.036728241658 -0.694778968703 0
-0.608814359176 0.922457571601 -0.807722375004 0
-0.843877202911 0.949506921527 -0.590926306860 0
-0.735376821236 0.933276913960 -0.691978935642 0
-0.767399870580 0.788672835622 -0.709893634369 0
-0.698752338947 0.590301167602 -0.727052226539 0
-0.787421441177 0.579652863751 -0.642253570080 0
-0.777366666667 0.644377777778 -0.714229629630 0
-0.583160060177 0.756711924369 -0.781940946135 0
-0.888765539591 0.790709803451 -0.622063021418 0
-0.518310702245 0.658982158221 -0.732387604887 0
-0.894483712321 0.668702610870 -0.604177400285 0
-0.458373366838 0.588612118500 -0.690797376378 0
-0.892490236915 0.568696436471 -0.573373272366 0
-0.712495261775 0.344308024572 -0.700434839038 0
-0.702319775327 0.368740575121 -0.560781786421 0
-0.762960964258 0.032874708977 -0.716554901073 0
-0.681720165077 0.035720438039 -0.530000019513 0
-0.732103710888 0.036858966312 -0.674204282577 0
-0.647292868674 0.046048240968 -0.497674166508 0
-0.692774304902 1.037631610346 -0.680416081513 0
-0.595369015730 0.923362932071 -0.790320280370 0
-0.835668862460 0.947328062671 -0.578971281849 0
-0.724681939045 0.932522674566 -0.677511035588 0
-0.754602289943 0.787519458704 -0.695837473882 0
-0.683910436462 0.589742939340 -0.712538643096 0
-0.772334142359 0.578139610389 -0.627609147660 0
-0.762974074074 0.643100000000 -0.699466666667 0
-0.566210686345 0.758338056410 -0.763655191800 0
-0.879223680259 0.788727374838 -0.612879719411 0
-0.499616832010 0.663123478275 -0.711582908195 0
-0.886004974083 0.666475470792 -0.597168767964 0
-0.438871956872 0.594561470152 -0.667950030827 0
-0.885152515067 0.565973137269 -0.568001682239 0
-0.708244101986 0.343511817714 -0.698824157039 0
-0.680437333842 0.370757333738 -0.544473677049 0
-0.762258802475 0.033610430929 -0.715630191692 0
-0.644885930821 0.040945574294 -0.488395386236 0
-0.731231000312 0.037639149242 -0.673408583471 0
-0.611505111259 0.055892739352 -0.456785796464 0
-0.683576778439 1.037305782554 -0.664692573688 0
-0.581856419168 0.923649421252 -0.772007968262 0
-0.827115091711 0.943806648732 -0.566025899329 0
-0.713767658341 0.930763133308 -0.662096736771 0
-0.741530948453 0.785418053920 -0.681088370101 0
-0.669117884086 0.588144890843 -0.697656117028 0
-0.757246175374 0.575660630563 -0.612544685820 0
-0.748522222222 0.640903703704 -0.684225925926 0
-0.550595466619 0.758977509822 -0.745543668920 0
-0.869484391529 0.785668074435 -0.603415954488 0
-0.484032841529 0.664703459060 -0.691748684595 0
-0.877218894046 0.663195912699 -0.590033314442 0
-0.423220873957 0.597338086478 -0.646548649955 0
-0.877579763126 0.562100403668 -0.562807797205 0
-0.703676137405 0.342758641566 -0.696517935701 0
-0.658498241974 0.371136585017 -0.530187542833 0
-0.761380791913 0.034458228329 -0.714635347629 0
-0.609516974072 0.053253887789 -0.450012615819 0
-0.730193767387 0.038041260234 -0.672490945123 0
-0.576975282803 0.074483939356 -0.421251769808 0
-0.673934825153 1.035868511989 -0.647734698246 0
-0.568453688385 0.923235978787 -0.752858466527 0
-0.818373798280 0.939073561064 -0.552170019782 0
-0.702806805102 0.928032323523 -0.645816914629 0
-0.728435984587 0.782436304627 -0.665817990397 0
-0.654685455826 0.585161086439 -0.682576326223 0
-0.742625631889 0.572104824573 -0.597356213207 0
-0.734051851852 0.637837037037 -0.668607407407 0
-0.537120462179 0.758383054663 -0.727635717838 0
-0.859294596336 0.781423051521 -0.593069745940 0
-0.471775803513 0.663653333523 -0.673152366611 0
-0.868033965142 0.658775851424 -0.582131934210 0
-0.411443124709 0.596515071695 -0.627310124342 0
-0.870054040915 0.556901404329 -0.557352043619 0
-0.697961283730 0.341361366566 -0.692520116851 0
-0.636516457942 0.369623008107 -0.519215981806 0
-0.760293787023 0.035354684898 -0.713230855437 0
-0.576488788482 0.070787956075 -0.418642578355 0
-0.729025314397 0.038431934609 -0.671106842892 0
-0.544595463287 0.097128216120 -0.393625193754 0
-0.664223444286 1.033410448826 -0.629628476982 0
-0.555043580435 0.923038849637 -0.732855140126 0
-0.809000626099 0.934388401962 -0.536988477270 0
-0.691508812156 0.925430173161 -0.628436842734 0
-0.715089945914 0.779673166313 -0.649679213439 0
-0.640243046793 0.581987786589 -0.666763014968 0
-0.728143800131 0.568788384332 -0.581524282310 0
-0.719292592593 0.635003703704 -0.652292592593 0
-0.525278830838 0.757593677498 -0.709694842087 0
-0.847112035993 0.776805390703 -0.580761727903 0
-0.461649145948 0.661379489749 -0.655785906639 0
-0.857651611573 0.654063255788 -0.572911017929 0
-0.402619181175 0.592580793113 -0.610575642402 0
-0.862058995546 0.551520824412 -0.550899637189 0
-0.691987117177 0.340565561150 -0.687925243281 0
-0.616205455384 0.369341020364 -0.503713649750 0
-0.759043456205 0.036289448343 -0.711809834477 0
-0.550515305258 0.080187541213 -0.395248350238 0
-0.727773586367 0.038394921259 -0.669627118785 0
-0.522231470599 0.112104256202 -0.372484101409 0
-0.654707915946 1.031215812193 -0.610532848687 0
-0.541528050258 0.922798588655 -0.711247685252 0
-0.799342813819 0.929567791090 -0.520270020099 0
-0.680006639466 0.922735973917 -0.609486518113 0
-0.701393478667 0.776851947954 -0.632087307238 0
-0.625695964881 0.578313298733 -0.649719344158 0
-0.713739790153 0.565731262962 -0.564534924163 0
-0.704166666667 0.632125925926 -0.635040740741 0
-0.515782706298 0.756334112210 -0.690724526274 0
-0.833561149414 0.771678505205 -0.566107356236 0
-0.454610792279 0.657307038663 -0.639113328997 0
-0.846783407023 0.649004148310 -0.562296575705 0
-0.397569451752 0.585751928797 -0.595520435131 0
-0.854188748437 0.546054852055 -0.543335857275 0
-0.686343178653 0.340259365381 -0.682311059983 0
-0.599255037667 0.368223189568 -0.485492271435 0
-0.758421595657 0.037086621062 -0.711029704333 0
-0.530892552491 0.075845717640 -0.378146841234 0
-0.727456611345 0.037319910325 -0.668571082102 0
-0.502764338383 0.107320130177 -0.354587810057 0
-0.645177904436 1.028910987187 -0.589744550849 0
-0.527049607296 0.922559531477 -0.687866303466 0
-0.788358061453 0.924828228442 -0.501588318188 0
-0.667347459866 0.920086724279 -0.588659164026 0
-0.686645214789 0.774174986650 -0.612915813276 0
-0.610883082870 0.574288968567 -0.631681122273 0
-0.699198760820 0.563412504212 -0.546543282543 0
-0.688470370370 0.629429629630 -0.617237037037 0
-0.507585973093 0.754768463321 -0.671687023551 0
-0.818990526361 0.766642921064 -0.548917411734 0
-0.450059413622 0.651653577167 -0.624041506937 0
-0.835059632179 0.644251280306 -0.549564014432 0
-0.395845488296 0.576437930864 -0.583052821417 0
-0.845748058205 0.541085905163 -0.533925350698 0
-0.678303834793 0.339609733740 -0.673990442929 0
-0.586819584463 0.366488603653 -0.463141623875 0
-0.757625022549 0.038009484205 -0.709894053309 0
-0.517129099386 0.058280165597 -0.368564141261 0
-0.727189307149 0.035458089948 -0.667129852224 0
-0.485113996015 0.082755702717 -0.341864997785 0
-0.635582817046 1.026905532076 -0.567474813464 0
-0.512217025931 0.922687893748 -0.663432232191 0
-0.776696897951 0.921155535352 -0.481677473867 0
-0.654165380152 0.918179343552 -0.566674821951 0
-0.671505010808 0.772310099097 -0.592675639296 0
-0.596467973408 0.570370795890 -0.612669759759 0
-0.685310430940 0.562946593733 -0.527709138502 0
-0.672729629630 0.627603703704 -0.599348148148 0
-0.500525311680 0.753831781197 -0.651375624877 0
-0.804814381074 0.762987581155 -0.530598715473 0
-0.448304237909 0.645257487504 -0.610185064700 0
-0.823306564303 0.641008709050 -0.534787021037 0
-0.398235980522 0.565092876911 -0.573510894238 0
-0.837152139265 0.537763908275 -0.522158167692 0
-0.667609199720 0.338023036829 -0.661284823693 0
-0.574021981629 0.366177039096 -0.442500207184 0
-0.756269228025 0.039724614938 -0.708496642797 0
-0.508967007506 0.043571827041 -0.365496087877 0
-0.726417933626 0.034067363275 -0.665618734670 0
-0.473640544164 0.060593352789 -0.337226463322 0
-0.625271944109 1.025540271950 -0.544240830770 0
-0.497547122172 0.924595924960 -0.638925165111 0
-0.764851707248 0.919107007802 -0.461429042377 0
-0.640959219636 0.917969077811 -0.544475634009 0
-0.656319423285 0.772194242566 -0.572234617253 0
-0.582214277400 0.568136740317 -0.592701768069 0
-0.671715218106 0.564834745290 -0.508173153719 0
-0.657059259259 0.627574074074 -0.581111111111 0
-0.495653050669 0.755113301636 -0.630770559504 0
-0.790834908042 0.760774038858 -0.510992402780 0
-0.449936458861 0.640882942532 -0.598006275035 0
-0.811300466713 0.639198922112 -0.517237391210 0
-0.404739564592 0.555426221303 -0.567484151305 0
-0.827896002371 0.535963557678 -0.506894978237 0
-0.652455678737 0.335970359547 -0.643445209436 0
-0.561710409964 0.366622789747 -0.424657278439 0
-0.752619004131 0.041991449060 -0.705715371011 0
-0.505727779447 0.035286672466 -0.363337150761 0
-0.722950537201 0.033097121193 -0.663261957946 0
-0.469223860379 0.045555179031 -0.333355745040 0
-0.614783381503 1.025645766110 -0.520144788199 0
-0.483689644697 0.926906550685 -0.616989412722 0
-0.751837783485 0.918678435035 -0.440876901024 0
-0.627523739612 0.918813782956 -0.523298863691 0
-0.641573894668 0.773139069045 -0.552262007086 0
-0.567765114173 0.567726266924 -0.572680605240 0
-0.657839847842 0.567487494445 -0.488699098081 0
-0.641666666667 0.628614814815 -0.562677777778 0
-0.490238961998 0.757384548498 -0.613268938945 0
-0.774905246728 0.759529790742 -0.489256479689 0
-0.453189815627 0.637856998073 -0.589761376609 0
-0.797126562093 0.638360422162 -0.497165034902 0
-0.414747327560 0.546647386743 -0.567205515853 0
-0.816042866208 0.535313429225 -0.488475416349 0
-0.630535481715 0.332453902504 -0.618689030142 0
-0.550758439355 0.366291745575 -0.408588042968 0
-0.748693577125 0.043001147748 -0.700947027124 0
-0.502205538823 0.030966026303 -0.362369613559 0
-0.720816278214 0.027265335291 -0.659271378469 0
-0.465865816329 0.040870723737 -0.332068053182 0
-0.603336657763 1.026471353934 -0.496471477164 0
-0.470395410511 0.929894889656 -0.596916217713 0
-0.737978011691 0.919296489431 -0.420071742374 0
-0.613902936752 0.920533080515 -0.502843877629 0
-0.627056547419 0.774929097600 -0.532572401721 0
-0.553490514560 0.568842050595 -0.552910395545 0
-0.644038616021 0.570489155420 -0.469455398272 0
-0.626918518519 0.630488888889 -0.544140740741 0
-0.483142240501 0.760685342141 -0.596612798900 0
-0.758593506249 0.759082731674 -0.465979646727 0
-0.454643386732 0.637273984430 -0.583592347062 0
-0.781860248934 0.638176697023 -0.474853059488 0
-0.424624459482 0.540900852696 -0.569879262888 0
-0.802059314546 0.535353495852 -0.466821194749 0
-0.601430621384 0.328656406092 -0.590627526868 0
-0.540713941562 0.365184616143 -0.395037682918 0
-0.744653748064 0.046450064406 -0.697531176635 0
-0.500323223668 0.028728124213 -0.362452865825 0
-0.720903108425 0.021245568126 -0.658005744784 0
-0.464025666319 0.037795012832 -0.331840092597 0
-0.591484902451 1.027984067093 -0.473341655016 0
-0.457380126874 0.932068710857 -0.578331457226 0
-0.723568950894 0.919601318996 -0.399516421209 0
-0.600124632286 0.921705991737 -0.483209015321 0
-0.612772330717 0.776167799806 -0.513464946471 0
-0.539528266129 0.569808361299 -0.533858135391 0
-0.630425241094 0.572679390081 -0.450816547386 0
-0.612766666667 0.631811111111 -0.526066666667 0
-0.473604541163 0.763163729048 -0.579854680458 0
-0.742538234191 0.758389477333 -0.442550022861 0
-0.452183144170 0.637672237638 -0.577598715223 0
-0.765517643074 0.637355166024 -0.450359647541 0
-0.430480680471 0.538068878415 -0.571649262144 0
-0.785470434907 0.534643451773 -0.441142709918 0
-0.569124257043 0.325352109392 -0.561700511156 0
-0.530196537521 0.363360751237 -0.383705795858 0
-0.736243028637 0.053996738387 -0.693200546229 0
-0.498763299942 0.027695237455 -0.362598852429 0
-0.716298121739 0.021943692355 -0.656643437373 0
-0.462191702914 0.035032960846 -0.331849232437 0
-0.579346414751 1.029015224961 -0.451787968674 0
-0.444753934687 0.933763543680 -0.562048161429 0
-0.708839632836 0.919896615926 -0.380242783767 0
-0.586362206635 0.922651037515 -0.465325525765 0
-0.598764283797 0.777130674641 -0.495759480184 0
-0.525676110925 0.570698857654 -0.515808901444 0
-0.616705629771 0.574393356023 -0.432945244857 0
-0.598892592593 0.632811111111 -0.508714814815 0
-0.462742829528 0.765062543085 -0.565337047059 0
-0.727716304848 0.758156437677 -0.421288714947 0
-0.445790881840 0.639040488418 -0.571906160499 0
-0.748329330439 0.636502755980 -0.425007974220 0
-0.430252521992 0.538030862450 -0.572215886435 0
-0.766556705066 0.533737779253 -0.412640460105 0
-0.535180768194 0.323591456546 -0.531857997081 0
-0.520692979257 0.361051654625 -0.372688892959 0
-0.716607339792 0.063163961075 -0.682463447700 0
-0.497098997319 0.027071113631 -0.362767521103 0
-0.698166446885 0.026574366025 -0.649558215869 0
-0.460297101960 0.033236681088 -0.332035301864 0
-0.566940067860 1.030116448692 -0.433658328461 0
-0.432476553879 0.935585313687 -0.548526012932 0
-0.693529883421 0.920852520789 -0.362459232050 0
-0.572457567610 0.924008072479 -0.449516205297 0
-0.584898119825 0.778404753498 -0.479541295131 0
-0.511762859714 0.572137386404 -0.498242553378 0
-0.602822360497 0.576083058112 -0.415423430016 0
-0.585211111111 0.634025925926 -0.491603703704 0
-0.451697305679 0.767122434803 -0.555254002695 0
-0.713286409876 0.758768448801 -0.401694620962 0
-0.435256413973 0.641375939607 -0.566638029672 0
-0.730480796476 0.636539780072 -0.400005362517 0
-0.421677806017 0.540123793031 -0.571340828923 0
-0.745593768053 0.533838595159 -0.383294507589 0
-0.501917088799 0.324559081422 -0.502487946258 0
-0.511900872243 0.358533989907 -0.362796208400 0
-0.684313371016 0.071154811360 -0.659441760282 0
-0.495643042403 0.027029855082 -0.362978186715 0
-0.661765403527 0.036159416807 -0.627371044649 0
-0.458717700004 0.033007582199 -0.332357133651 0
-0.553953863362 1.031889236699 -0.419067252541 0
-0.420783422960 0.936845527635 -0.537263832894 0
-0.677615137589 0.921993531539 -0.345421106756 0
-0.558509353852 0.925202526499 -0.435147883055 0
-0.571275951681 0.779449754281 -0.464307925794 0
-0.497796198973 0.573511254922 -0.481341608462 0
-0.588730964470 0.577325911446 -0.398379418145 0
-0.571614814815 0.634977777778 -0.474892592593 0
-0.440028880652 0.768559522448 -0.547455865280 0
-0.698597653664 0.759451148872 -0.382036545147 0
-0.421153483510 0.643404352783 -0.561311655891 0
-0.711838120884 0.636929968357 -0.374853346899 0
-0.404403474400 0.542773167189 -0.569275090357 0
-0.722703552889 0.534754981854 -0.353058174724 0
-0.470407003040 0.327355408059 -0.473149498577 0
-0.503795908951 0.355611066239 -0.353741963950 0
-0.640932226638 0.070099720475 -0.628115315023 0
-0.494182996711 0.027174036675 -0.362990374263 0
-0.614369283829 0.036334650713 -0.597850658866 0
-0.457221026486 0.033640554762 -0.332513170907 0
-0.539988762381 1.033329169749 -0.405853460196 0
-0.410325399448 0.937479023461 -0.528231231665 0
-0.660702028574 0.923636443321 -0.327964735312 0
-0.544613073548 0.926373101284 -0.421576940590 0
-0.558051197505 0.780405698646 -0.449331430325 0
-0.483365333124 0.575262509325 -0.465057983155 0
-0.574077431136 0.578056381202 -0.381811855579 0
-0.557888888889 0.635851851852 -0.458418518519 0
-0.428568273081 0.769236626500 -0.540726756243 0
-0.682543419980 0.760361135541 -0.360600757796 0
-0.405946112455 0.644895795065 -0.556208213899 0
-0.691837841093 0.637899957941 -0.348141957658 0
-0.382737473497 0.545924623408 -0.566539165407 0
-0.697826709376 0.536743150115 -0.321242077500 0
-0.440702157066 0.332115566503 -0.443392405198 0
-0.495929465546 0.352498977226 -0.344654197630 0
-0.593706432587 0.063315445028 -0.587839687691 0
-0.492831064045 0.027408101394 -0.362978166649 0
-0.563227973095 0.033744398036 -0.556884300990 0
-0.455955087666 0.034601938941 -0.332559848305 0
-0.525436479996 1.034580656429 -0.393154897548 0
-0.400839639493 0.936344189553 -0.520382257496 0
-0.643145516824 0.924453130878 -0.310303206817 0
-0.530832517154 0.926279036842 -0.408434934234 0
-0.545198184423 0.780095744053 -0.434530829179 0
-0.468975629918 0.576006196895 -0.449934865629 0
-0.559272101898 0.577235711044 -0.366200502041 0
-0.544322222222 0.635500000000 -0.442703703704 0
-0.419045837068 0.768417799452 -0.536621302596 0
-0.665318700400 0.760289167440 -0.337862697217 0
-0.390631040281 0.645230633245 -0.551773907976 0
-0.670882516408 0.638226195303 -0.320312119774 0
-0.360293795038 0.548520341909 -0.562364464967 0
-0.672014881136 0.538377039641 -0.288874691179 0
-0.413236393319 0.337141588470 -0.414624583726 0
-0.487230934541 0.348633592781 -0.335950207995 0
-0.546137382364 0.053390201926 -0.538175333317 0
-0.491610750063 0.027497294378 -0.362895315467 0
-0.513323972265 0.031215025036 -0.503633171737 0
-0.454640339496 0.034482185634 -0.332542999903 0
-0.510741766671 1.034553949042 -0.381104788200 0
-0.391400827994 0.934314607216 -0.512683993921 0
-0.625287271522 0.925494293967 -0.293125171262 0
-0.516918362366 0.925889173182 -0.395611284233 0
-0.532423678526 0.779510826077 -0.419868342011 0
-0.454968029625 0.576349950509 -0.435368178043 0
-0.544812624032 0.576332882846 -0.351140173395 0
-0.531000000000 0.634900000000 -0.427625925926 0
-0.410131218597 0.766917744290 -0.533224379956 0
-0.647300860761 0.760453835304 -0.314989099673 0
-0.374629692032 0.645437266755 -0.547160492538 0
-0.648994747061 0.639040249730 -0.292758040964 0
-0.337980921679 0.551001527873 -0.557261942822 0
-0.645773884870 0.540459287944 -0.257724064139 0
-0.388024002291 0.342787407651 -0.386613532713 0
-0.479041795307 0.344913047380 -0.329162994320 0
-0.497367018648 0.044339826927 -0.485207362185 0
-0.490931240261 0.028000975975 -0.362974138054 0
-0.464395664900 0.028804317067 -0.447350301491 0
-0.453796440566 0.034874771863 -0.332797647119 0
-0.495832275956 1.034361492042 -0.370057981744 0
-0.381529051886 0.933305426539 -0.504596558304 0
-0.607420808367 0.926511374884 -0.276751219938 0
-0.502789381293 0.925962087840 -0.383049585425 0
-0.519158222115 0.779437833533 -0.405786250435 0
-0.440902691334 0.576926918617 -0.420902514038 0
-0.530303291382 0.576167198428 -0.336206801402 0
-0.517411111111 0.634803703704 -0.412800000000 0
-0.400710095109 0.766469803092 -0.528935971566 0
-0.629730617082 0.760807323383 -0.292417177421 0
-0.358366085753 0.647049037642 -0.541495656892 0
-0.626619369144 0.640247762626 -0.266072150749 0
-0.316395317375 0.554808177181 -0.551160277960 0
-0.618818001956 0.543034848844 -0.228002341468 0
-0.364400964934 0.349642156012 -0.358459722551 0
-0.472496593910 0.341945319206 -0.323461779653 0
-0.447410231274 0.037564390734 -0.431367472398 0
-0.490231667429 0.028828617890 -0.362889307981 0
-0.414694737431 0.028404039005 -0.391275032989 0
-0.452957171944 0.035561685189 -0.332853648931 0
-0.480384425936 1.034622616967 -0.359557318352 0
-0.371042979309 0.933158546023 -0.496029573707 0
-0.589270310264 0.928680362888 -0.260777536736 0
-0.488223418980 0.927052813563 -0.370478296068 0
-0.505454509781 0.780404541303 -0.391692022258 0
-0.426599163232 0.578393480000 -0.406822586290 0
-0.515436103525 0.576925206942 -0.321545095614 0
-0.503433333333 0.635751851852 -0.398137037037 0
-0.389794696522 0.766554421597 -0.522218951968 0
-0.611356625837 0.762486673153 -0.270412609606 0
-0.341939339219 0.649176148015 -0.534230850761 0
-0.603653422330 0.643064899231 -0.240123196387 0
-0.295541681940 0.559113928379 -0.543851466114 0
-0.591036390609 0.547489976774 -0.199292813281 0
-0.342900452568 0.357377720004 -0.332280387974 0
-0.467938089749 0.340063064763 -0.319495010787 0
-0.397990628363 0.033135239759 -0.377892312833 0
-0.489722918927 0.029658449945 -0.362801226662 0
-0.365606234760 0.030143102827 -0.336613777896 0
-0.452356792813 0.036212029173 -0.332839814112 0
-0.464432112913 1.035835218921 -0.348868887367 0
-0.360219473396 0.933244042327 -0.487125155478 0
-0.570506993852 0.931188388430 -0.244717078001 0
-0.473166125958 0.928432323781 -0.357697338659 0
-0.491055863627 0.781645922517 -0.377291608205 0
-0.411807016887 0.579966883140 -0.392786211253 0
-0.500049673019 0.578046225674 -0.306902843153 0
-0.488833333333 0.636977777778 -0.383533333333 0
-0.378501618114 0.766755807260 -0.514362546628 0
-0.591596762299 0.764641617759 -0.249003955467 0
-0.326320758679 0.651165922980 -0.525685823765 0
-0.580092230296 0.646476685353 -0.215195044258 0
-0.276444561020 0.563030389361 -0.535332737105 0
-0.562923432752 0.552615424794 -0.172158242118 0
-0.324147908738 0.363851095622 -0.309001804547 0
-0.465075116257 0.339199498984 -0.316544424301 0
-0.347855943542 0.030605044609 -0.326404288671 0
-0.489378222608 0.030534741654 -0.362506558834 0
-0.315827144700 0.032007319895 -0.284765257129 0
-0.451965891774 0.036975600518 -0.332578380438 0
-0.448131442217 1.037279002041 -0.337625779997 0
-0.348801110603 0.932636892696 -0.477622776113 0
-0.551148087475 0.933125410320 -0.228540048288 0
-0.457516061400 0.929185388561 -0.344578402614 0
-0.476169259459 0.782309705696 -0.362656900599 0
-0.396967215755 0.580703726133 -0.378856651838 0
-0.484481947995 0.578560509011 -0.292236870819 0
-0.473966666667 0.637625925926 -0.368863703704 0
-0.367366142103 0.766238311819 -0.505214379824 0
-0.570699103553 0.766336951867 -0.227948127893 0
-0.312004504072 0.652100972125 -0.516161377891 0
-0.556080441863 0.649314028556 -0.191475149754 0
-0.259662251316 0.565437460043 -0.525893206546 0
-0.534987186348 0.557209676098 -0.146699009377 0
-0.307187106781 0.368213004129 -0.288318235914 0
-0.463178543515 0.338877889049 -0.313739084739 0
-0.297807266465 0.031025270005 -0.277756168995 0
-0.489099395350 0.031312782593 -0.362221870926 0
-0.266220500733 0.039619750783 -0.236646189552 0
-0.451633904774 0.037366893741 -0.332279463247 0
-0.431572867877 1.038190625157 -0.326500302198 0
-0.336922048378 0.931186334117 -0.467829261224 0
-0.531688637064 0.934164855597 -0.212792308332 0
-0.441596425323 0.929066595915 -0.331555858653 0
-0.460962868152 0.782106297592 -0.348065011902 0
-0.382393915109 0.580108364729 -0.364976270061 0
-0.468896569867 0.578134953506 -0.277341775880 0
-0.458985185185 0.637381481481 -0.353909259259 0
-0.356399189540 0.764823751520 -0.495006030562 0
-0.549624493331 0.767289488169 -0.207144363719 0
-0.299148440914 0.651604598664 -0.505769638349 0
-0.532200910262 0.651289339308 -0.168690076555 0
-0.245431885579 0.565831044052 -0.515847822916 0
-0.508093254767 0.560599784453 -0.122682240888 0
-0.290524478046 0.371134959113 -0.268539233908 0
-0.462092621050 0.339071279148 -0.311491511474 0
-0.250056029960 0.037834296159 -0.229117224818 0
-0.488889465249 0.032181187874 -0.361871707164 0
-0.219269590462 0.050213236854 -0.188367056115 0
-0.451487558696 0.038178448435 -0.331838504282 0
-0.415070098354 1.038269770594 -0.315584659460 0
-0.324622016114 0.928817716779 -0.457906805427 0
-0.511957022839 0.934590042345 -0.197409169138 0
-0.425336667513 0.928192949658 -0.318666626647 0
-0.445396448246 0.781155731885 -0.333496902436 0
-0.368065778175 0.578127203443 -0.351034886028 0
-0.453568832625 0.576924505464 -0.262411021298 0
-0.443748148148 0.636370370370 -0.338835555556 0
-0.345866022268 0.762414281592 -0.483461328875 0
-0.527621238384 0.767689980710 -0.187409956654 0
-0.288641549061 0.649206978291 -0.494486127732 0
-0.507747007408 0.652559462264 -0.147556140658 0
-0.234799451986 0.563640517524 -0.505170770539 0
-0.481706124763 0.562849230286 -0.100606871028 0
-0.273527197945 0.373467435133 -0.248142632936 0
-0.462255195657 0.340096397081 -0.309325120832 0
-0.207345509394 0.053071368938 -0.182848371346 0
-0.488619090044 0.032954993780 -0.361430043215 0
-0.179118282625 0.075603073551 -0.144675537613 0
-0.451330413277 0.038826811574 -0.331231709417 0
-0.398236107793 1.037544984778 -0.304666236986 0
-0.311012366259 0.924836378669 -0.447302325917 0
-0.491951350584 0.933445004549 -0.182399101114 0
-0.408319651697 0.925729748824 -0.305661396742 0
-0.429025914500 0.778655374086 -0.319030637319 0
-0.353092232391 0.574527922478 -0.336782934449 0
-0.437889180552 0.574753063440 -0.247475403431 0
-0.427881481481 0.633825925926 -0.324164444444 0
-0.334179327249 0.758308221307 -0.470239401405 0
-0.505387189564 0.766565364297 -0.169297712911 0
-0.279338317062 0.644018276687 -0.482170545729 0
-0.483517453048 0.652218499481 -0.128250701868 0
-0.226879905920 0.557867570990 -0.493957461705 0
-0.456060111489 0.563261185139 -0.080530703640 0
-0.257120711872 0.373810092493 -0.227641743148 0
-0.461718618893 0.341462916231 -0.305542637236 0
-0.171739162341 0.068146688961 -0.145663608649 0
-0.488063448108 0.034007756904 -0.360453871585 0
-0.145855991595 0.096558355473 -0.109824273316 0
-0.450911420827 0.039488908567 -0.330014639190 0
-0.380188964773 1.035085394790 -0.293321626840 0
-0.296009826845 0.919466205212 -0.436516061980 0
-0.470828761065 0.931209551963 -0.167653314385 0
-0.390064140680 0.922038909404 -0.292714719951 0
-0.411686809989 0.774987046689 -0.304657242066 0
-0.336899337535 0.570254493358 -0.322704282056 0
-0.421329702853 0.570966436085 -0.233052652108 0
-0.411155555556 0.630125925926 -0.309652962963 0
-0.319974646114 0.752606431960 -0.455956952281 0
-0.481548575653 0.764259089320 -0.153037874900 0
-0.270107755060 0.636235857159 -0.469494401871 0
-0.459192729961 0.650271167242 -0.111260874436 0
-0.221143163845 0.548346164144 -0.482764894883 0
-0.430958282212 0.561685674031 -0.063279755020 0
-0.241221691302 0.371758481702 -0.209323944117 0
-0.458555777730 0.341786065191 -0.299794808982 0
-0.147389915535 0.074387459879 -0.118779534960 0
-0.487352960959 0.034259904199 -0.359378343912 0
-0.123667723604 0.107511862274 -0.085588408811 0
-0.450187969879 0.038798601266 -0.328800137777 0
-0.360704455439 1.031332165445 -0.282107455840 0
-0.278314077597 0.914079095296 -0.425035690405 0
-0.448529248365 0.929086265000 -0.153395628011 0
-0.369930663271 0.918401401384 -0.279710614707 0
-0.392715246948 0.771428227412 -0.290301751109 0
-0.319281003911 0.566377561284 -0.307443519417 0
-0.404560288492 0.567095172709 -0.218599066255 0
-0.393385185185 0.626533333333 -0.294843333333 0
-0.302309977675 0.746789592925 -0.440295568645 0
-0.457381738205 0.762024610582 -0.138800439780 0
-0.259923691475 0.627714730313 -0.455679322430 0
-0.435285560956 0.647835825209 -0.097435862785 0
-0.217066362314 0.536885402151 -0.470695778912 0
-0.406728906979 0.559584806829 -0.049446277306 0
-0.223760296558 0.369066625673 -0.191883280502 0
-0.454755369550 0.343081089194 -0.293845878695 0
-0.133344286543 0.066382548775 -0.101845841625 0
-0.486261774016 0.034398735054 -0.357961960992 0
-0.107584487314 0.096616393159 -0.067437024783 0
-0.449341955356 0.038575105165 -0.327037085144 0
-0.340116920514 1.027747648062 -0.270742764368 0
-0.258314856991 0.910405841550 -0.412278437043 0
-0.426075460259 0.928544098975 -0.139305679047 0
-0.348647971823 0.916407918253 -0.266211458683 0
-0.372708204136 0.769547105623 -0.275530768735 0
-0.300561788791 0.564342235230 -0.291472775760 0
-0.386413615840 0.564732005775 -0.203179400733 0
-0.374577777778 0.624625925926 -0.278965925926 0
-0.281746031446 0.742660283402 -0.422615385020 0
-0.434168110383 0.761371082475 -0.125569812106 0
-0.248514813528 0.621040371602 -0.440401988228 0
-0.412417019190 0.646739376901 -0.085260878937 0
-0.213492979005 0.527114550164 -0.457468784213 0
-0.384037096137 0.558285932862 -0.037775426173 0
-0.205811873393 0.366842565909 -0.175600804113 0
-0.459822698044 0.352897122870 -0.293185109401 0
-0.126542466409 0.050328598646 -0.093608695117 0
-0.484968225107 0.035171913648 -0.355508647809 0
-0.097329119502 0.073061904795 -0.056307268428 0
-0.448387432408 0.037124529449 -0.323966677031 0
-0.318155994480 1.025727580080 -0.258738317517 0
-0.236994730277 0.906195433934 -0.398909439980 0
-0.403558313815 0.928082139620 -0.125478849606 0
-0.326720388133 0.914208633681 -0.252564799903 0
-0.352180520618 0.767494568042 -0.260462054411 0
-0.280921366269 0.562686019439 -0.275899870817 0
-0.366804354585 0.561897740510 -0.187639465557 0
-0.355161111111 0.622574074074 -0.262831111111 0
-0.261895648642 0.738451160828 -0.404930055626 0
-0.412796458580 0.760825029187 -0.113617223941 0
-0.239044527859 0.614802323548 -0.424951827844 0
-0.391734856167 0.645616188769 -0.074608507257 0
-0.212304625886 0.518503608940 -0.443869312733 0
-0.363651908168 0.556261634605 -0.028518482951 0
-0.187078906395 0.364949483028 -0.159693870300 0
-0.437607546584 0.348833853447 -0.276828178915 0
-0.122173408250 0.035900075750 -0.089422513655 0
-0.482489791182 0.036692228069 -0.354174437444 0
-0.090706655552 0.048778128090 -0.049352343683 0
-0.445626731555 0.034882921418 -0.322954183316 0
-0.295120597924 1.023360760568 -0.246666015376 0
-0.214098027403 0.904276524624 -0.385119600615 0
-0.380379272330 0.929400057430 -0.111795436509 0
-0.303703867212 0.914027236000 -0.238807004346 0
-0.330757006945 0.767527827198 -0.245567029008 0
-0.260507136462 0.563959839221 -0.261658792803 0
-0.346014596360 0.560563062885 -0.173096134675 0
-0.335458148148 0.622651851852 -0.247288518519 0
-0.241092567413 0.736761942187 -0.387265337923 0
-0.393353577219 0.762211858800 -0.102808995385 0
-0.229687607195 0.611828237391 -0.409027146965 0
-0.373226279113 0.646131037080 -0.065951395303 0
-0.212297251745 0.513699693224 -0.429607323934 0
-0.345571243574 0.555394365461 -0.022136946451 0
-0.169304772571 0.363995536035 -0.147175667693 0
-0.408035788227 0.341544768897 -0.254017684439 0
-0.119989632062 0.027731845262 -0.085855817876 0
-0.479184913256 0.037992218489 -0.350315603743 0
-0.088570732419 0.037873042646 -0.044970268597 0
-0.442323729111 0.029658822371 -0.320171439531 0
-0.271317283396 1.023037041438 -0.234505445900 0
-0.190592006601 0.904794191613 -0.370766031327 0
-0.357545328192 0.932411172752 -0.098092905108 0
-0.280585088553 0.915884215466 -0.224786870831 0
-0.309168891992 0.769625847661 -0.230756414053 0
-0.239806613313 0.567713701770 -0.247681593606 0
-0.324739245267 0.561351627954 -0.158730032358 0
-0.315690370370 0.624833333333 -0.231936296296 0
-0.215264756865 0.736917589970 -0.368992130767 0
-0.374839879357 0.765478396506 -0.092149069006 0
-0.216264354698 0.611684546577 -0.391965282293 0
-0.356016949670 0.648248339790 -0.058368022479 0
-0.209712832220 0.512366953663 -0.413744078861 0
-0.329276617992 0.555835196270 -0.017387921479 0
-0.152066168001 0.364109274701 -0.136971019598 0
-0.377073345216 0.335557445242 -0.226862752797 0
-0.119273404149 0.024584778428 -0.082163592708 0
-0.475968428608 0.038341724069 -0.344184599548 0
-0.087734405038 0.033271645886 -0.041036361488 0
-0.441463280165 0.019566591493 -0.316010992197 0
-0.246846551496 1.024552332999 -0.222302152957 0
-0.167964544894 0.905308296507 -0.356211713958 0
-0.336376662013 0.934989001989 -0.084654799981 0
-0.258760707821 0.917506907901 -0.210819453487 0
-0.288579785687 0.771464439411 -0.216243508461 0
-0.219622433765 0.571240681675 -0.233759872734 0
-0.303855710458 0.562430704035 -0.144353230956 0
-0.296465185185 0.626766666667 -0.216997777778 0
-0.188819022845 0.737000836796 -0.350542987207 0
-0.356992772192 0.768357385592 -0.081514276090 0
-0.200134984969 0.612375659831 -0.374050311852 0
-0.340114422763 0.650010730975 -0.050732160410 0
-0.202117523024 0.512800612475 -0.395842403763 0
-0.314604278325 0.555862554910 -0.012795758618 0
-0.136190741802 0.363244916464 -0.127991758003 0
-0.347245498895 0.330945154281 -0.198164986852 0
-0.119101511246 0.023332557334 -0.079851821055 0
-0.473275884462 0.041509694334 -0.336295952002 0
-0.087250714895 0.030517249165 -0.038675052677 0
-0.442971428025 0.014433860706 -0.310115765279 0
-0.223804385370 1.025813865744 -0.210080849766 0
-0.147214166001 0.906902531825 -0.341737870385 0
-0.317962791711 0.937878693558 -0.071789491576 0
-0.239273691535 0.919796864413 -0.197202619762 0
-0.269720498154 0.773862291281 -0.202261754368 0
-0.200685537299 0.574795297919 -0.220039885693 0
-0.284349435599 0.564166939091 -0.130296928798 0
-0.278124444444 0.629214814815 -0.202414814815 0
-0.166731009352 0.738572644789 -0.332872958414 0
-0.340281552368 0.771437747330 -0.071272951196 0
-0.182502888084 0.614129767654 -0.354720114200 0
-0.326602039031 0.652094853761 -0.042838945965 0
-0.188435672112 0.514330500817 -0.374965391243 0
-0.302876374869 0.556335914683 -0.007749707314 0
-0.122851942898 0.361820769629 -0.120071082834 0
-0.318103702514 0.328037982269 -0.168607550999 0
-0.119048421111 0.023482529683 -0.077833926243 0
-0.464137512586 0.049690926216 -0.322240907355 0
-0.086856887071 0.030013984553 -0.036813632333 0
-0.437531556433 0.018067620854 -0.297161978379 0
-0.203078214979 1.027716945679 -0.197762029349 0
-0.127616310221 0.908981861526 -0.326987590904 0
-0.301364205656 0.941109472017 -0.059095395282 0
-0.221289771463 0.922494105773 -0.183549936707 0
-0.252043693076 0.776615317546 -0.188440219457 0
-0.182858542238 0.578059358649 -0.206318401130 0
-0.266172394482 0.566729922917 -0.116335879979 0
-0.260552222222 0.631988888889 -0.188312592593 0
-0.148577852048 0.740991501692 -0.315398912156 0
-0.325564380891 0.774945054686 -0.061268044420 0
-0.162569322461 0.615771029545 -0.333733364843 0
-0.314983139013 0.654845756090 -0.034762501961 0
-0.167619883604 0.515274438333 -0.350876762948 0
-0.293591668370 0.557850812431 -0.001534568487 0
-0.111867700497 0.359921739576 -0.112583353271 0
-0.289457249653 0.327380605430 -0.139436925326 0
-0.118575222946 0.023808641815 -0.076650296563 0
-0.445996632503 0.058780275625 -0.297758262799 0
-0.086170303146 0.028878619033 -0.035591365953 0
-0.421965530077 0.026117035845 -0.271443211844 0
-0.184825341217 1.030245534963 -0.185539708010 0
-0.108781789485 0.911525619901 -0.311742339970 0
-0.286519968009 0.943863559734 -0.046506330835 0
-0.204593813827 0.925150846976 -0.169735058798 0
-0.235316857447 0.779277230442 -0.174984231385 0
-0.165808686650 0.580803696539 -0.192886217183 0
-0.249006627517 0.569555089134 -0.102786385500 0
-0.243572222222 0.634648148148 -0.174927407407 0
-0.131969321575 0.743989688128 -0.298013005368 0
-0.312811810328 0.778068805123 -0.051177609400 0
-0.140127101812 0.617683402110 -0.311878530181 0
-0.304758855101 0.657454238075 -0.026165130273 0
-0.140136551680 0.516449717864 -0.324814490973 0
-0.285760343153 0.559571406680 0.006017192195 0
-0.102675794775 0.357764730187 -0.105262949068 0
-0.260791109411 0.328379193541 -0.110483913007 0
-0.118395788492 0.024282327247 -0.076122506839 0
-0.415639633446 0.062117805033 -0.264301839955 0
-0.085802197313 0.028522764125 -0.035118899824 0
-0.391960477644 0.030957512135 -0.235925850976 0
-0.168029838293 1.032798405536 -0.173052120796 0
-0.090171942042 0.912962394684 -0.296139300326 0
-0.273440421339 0.945200685685 -0.034681655404 0
-0.188945763612 0.926534458404 -0.156170768198 0
-0.219480845594 0.780643885834 -0.162046695128 0
-0.149549210369 0.581964184668 -0.179702516574 0
-0.232764078708 0.571252637614 -0.089552881803 0
-0.227238148148 0.636000000000 -0.161997407407 0
-0.115035869787 0.745761913232 -0.281299192263 0
-0.302150379388 0.779898505457 -0.041886514402 0
-0.115178064841 0.618724084707 -0.289869486808 0
-0.296174759022 0.658900089625 -0.018179483557 0
-0.108066385202 0.517315315244 -0.298080271078 0
-0.279320304593 0.560500376335 0.013534284890 0
-0.094030709364 0.354850778190 -0.097561319193 0
-0.232480470354 0.329753983462 -0.083052253566 0
-0.118204579198 0.024638457222 -0.075808211080 0
-0.375969038059 0.057887740146 -0.225133591192 0
-0.085484943209 0.028249932643 -0.034844789042 0
-0.350616236442 0.030290539356 -0.194596843131 0
-0.152545544288 1.034187012633 -0.160340705058 0
-0.071384195045 0.914789006490 -0.279780761738 0
-0.261840502384 0.946429838446 -0.023437250513 0
-0.174000600968 0.928040342551 -0.142573130554 0
-0.204062104431 0.782081502734 -0.149239807189 0
-0.133494281859 0.583199495942 -0.166342407864 0
-0.216794493279 0.572977613155 -0.076214742344 0
-0.211122962963 0.637414814815 -0.148924074074 0
-0.096908325221 0.747723424127 -0.264547420785 0
-0.292558443638 0.781637907184 -0.033487621087 0
-0.088289330180 0.620718098977 -0.267275121725 0
-0.288266085899 0.660398476741 -0.010663858140 0
-0.073459175480 0.519931270135 -0.269964625143 0
-0.273600576960 0.561678941625 0.021113449207 0
-0.086480965707 0.352012347735 -0.090498948876 0
-0.202710276298 0.332614624045 -0.056435792514 0
-0.118099168616 0.025430008470 -0.075590283857 0
-0.328467280961 0.050208956905 -0.183379624572 0
-0.085254443443 0.028997316107 -0.034723211249 0
-0.299167376443 0.029085089053 -0.151252364719 0
-0.137815846443 1.035750324526 -0.147072681076 0
-0.052850439946 0.916339987256 -0.262851976307 0
-0.251134581393 0.946710245244 -0.012356887174 0
-0.159650842108 0.928910350580 -0.128809748665 0
-0.189138956674 0.782887561901 -0.136621678114 0
-0.117680482646 0.583918081863 -0.153365905406 0
-0.200999019935 0.573925617241 -0.063229452196 0
-0.195292222222 0.638200000000 -0.136080000000 0
-0.077600196601 0.749097211295 -0.248300407928 0
-0.281655497234 0.782056328345 -0.024948305618 0
-0.060321510175 0.623009290647 -0.244380802511 0
-0.279786102443 0.660639111597 -0.002751170117 0
-0.037595112505 0.523900467725 -0.240595236293 0
-0.267918987360 0.561539153061 0.029077189808 0
-0.079406994025 0.349119430422 -0.083977772317 0
-0.172548864125 0.336319426317 -0.030096006449 0
-0.117695660467 0.026329834313 -0.075250965424 0
-0.277000855284 0.042277323002 -0.137617640705 0
-0.084702670958 0.029822828347 -0.034497058679 0
-0.244100439611 0.028364509986 -0.105046805499 0
-0.123605948558 1.036703525042 -0.132990057668 0
-0.034874415716 0.917057514049 -0.245772770057 0
-0.241086892812 0.946162245310 -0.001608743412 0
-0.145907192963 0.928948922792 -0.115151272967 0
-0.174637457326 0.782833656664 -0.124020221062 0
-0.102274633636 0.583779926886 -0.140498995572 0
-0.185683388888 0.573893281856 -0.050434341018 0
-0.179867037037 0.638122222222 -0.123316296296 0
-0.056732688258 0.749238695281 -0.233383068829 0
-0.272337798579 0.781837416114 -0.016498802882 0
-0.031152245923 0.624998021153 -0.222338798522 0
-0.271980204053 0.660326159154 0.005255151757 0
-0.001520275209 0.528302294987 -0.211994084357 0
-0.262762581173 0.560784901870 0.037039002448 0
-0.072899379831 0.345975667792 -0.077283424040 0
-0.143259854645 0.340489124588 -0.004754130090 0
-0.117317151484 0.027166155569 -0.074766990588 0
-0.223287070258 0.035665308255 -0.089559086328 0
-0.084193234960 0.030993377817 -0.034149533713 0
-0.188082860454 0.028761657291 -0.057157446880 0
-0.109868418523 1.036853370746 -0.118114755218 0
-0.017344165950 0.918093929523 -0.228491675801 0
-0.230915080447 0.945314024240 0.009485789358 0
-0.132300215391 0.928974754403 -0.101218846517 0
-0.160329266565 0.782794417174 -0.111249055479 0
-0.087688728957 0.583676991521 -0.127158498517 0
-0.171277703697 0.573924287569 -0.037246451105 0
-0.165281851852 0.638081481481 -0.110177037037 0
-0.033573071744 0.749537197423 -0.217551137044 0
-0.262007588945 0.781184450081 -0.007710758962 0
-0.000822743262 0.627673371537 -0.200559846060 0
-0.263695182245 0.659516627999 0.013084458824 0
0.034189842469 0.533557406186 -0.184730492030 0
-0.256795822011 0.559623671852 0.044400392454 0
-0.067384584495 0.343107205485 -0.071266643770 0
-0.114845203908 0.345948457447 0.019378034820 0
-0.116981686875 0.027965243967 -0.074272374219 0
-0.168058470205 0.031960788068 -0.040315323413 0
-0.083769897123 0.032109026699 -0.033757866136 0
-0.131424790948 0.030085510060 -0.008830090368 0
-0.096430912448 1.037025107446 -0.102403559355 0
