0.193847321949 0.946923752207 0.002694694269 0
0.159407040454 0.930340630101 -0.315936142391 0
0.175081068014 0.934321681144 -0.167659860250 0
0.170534802078 0.785590939417 -0.157508190584 0
0.119329662237 0.579625856751 -0.081591943969 0
0.101111104890 0.585699299866 -0.203237353497 0
0.156270370370 0.641381481481 -0.145549259259 0
0.138743274610 0.945756199284 0.163183402579 0
0.095121589604 0.893363003328 -0.466604713765 0
0.059275852541 1.034716444202 0.207715230504 0
0.014620492445 0.965975672559 -0.525641326198 0
0.008073290202 1.111077458685 0.248787571851 0
-0.032880701734 1.043846681051 -0.570620997218 0
0.083710058186 0.342663949114 -0.018423298271 0
0.127425819099 0.345932919160 -0.189689030460 0
0.089082856860 0.023254955318 0.076882066006 0
0.102195076230 0.044020048088 -0.192016868065 0
0.036575612053 0.025299798138 0.077535625195 0
0.054593425566 0.051716839216 -0.188595569498 0
0.214475239217 1.041538609597 -0.177372197282 0
0.198182837296 0.944313140535 0.007633709798 0
0.160454052988 0.931600875416 -0.310802594900 0
0.177563851989 0.933790876081 -0.162647816279 0
0.169785094445 0.785142920740 -0.153582692908 0
0.118381309270 0.578893692296 -0.077596957925 0
0.098336532412 0.585608192368 -0.198921030606 0
0.154357037037 0.640988888889 -0.141775185185 0
0.134824312900 0.961294054549 0.164132242230 0
0.085406757418 0.912653845785 -0.459832444153 0
0.067529945504 1.060148391173 0.207851440436 0
0.015631591983 0.993801802910 -0.521353036860 0
0.026961963343 1.142778119031 0.248453683872 0
-0.019419438354 1.075915470782 -0.569246820123 0
0.085270712741 0.341381733474 -0.015133068541 0
0.127241348328 0.346008528747 -0.187945996756 0
0.091804840224 0.022577243176 0.077754442340 0
0.103472359932 0.042075611437 -0.191044751019 0
0.039398404990 0.026464321026 0.077479759114 0
0.055709762674 0.048833280650 -0.187893365068 0
0.217262648775 1.041017344308 -0.171342840796 0
0.202198550272 0.941247330631 0.013262911688 0
0.161755544282 0.932996528046 -0.304987038072 0
0.180039410507 0.933122639911 -0.156956419331 0
0.169169633560 0.784619689823 -0.149146836571 0
0.117188928497 0.578247267296 -0.073054838986 0
0.095713451106 0.585478539140 -0.194104088388 0
0.152477777778 0.640559259259 -0.137404074074 0
0.130942224099 0.976110518705 0.163268040952 0
0.075704506448 0.932895220212 -0.449195883490 0
0.076162646871 1.082754779295 0.206143204466 0
0.016419458853 1.020939237273 -0.512218753748 0
0.046514119535 1.170114659301 0.245962074668 0
-0.006833832590 1.105205616440 -0.562669641420 0
0.085930507767 0.339950474305 -0.012660060675 0
0.127114302806 0.346079362239 -0.185982563284 0
0.093645536617 0.022327359149 0.077662130895 0
0.104555620874 0.040224031309 -0.190312518048 0
0.041358332877 0.027551133287 0.077045861666 0
0.056668066132 0.046149702903 -0.187391637954 0
0.219641762409 1.040477715615 -0.164799355498 0
0.205935889529 0.938198469582 0.019204227235 0
0.162738293320 0.934657372849 -0.298770883921 0
0.182230180352 0.932604191908 -0.150908682730 0
0.168722627029 0.784277353167 -0.144393488516 0
0.115719412360 0.577992989596 -0.068011234192 0
0.093253432924 0.585590094973 -0.188858128899 0
0.150642222222 0.640370370370 -0.132496666667 0
0.126855596224 0.989401067489 0.160339077242 0
0.066168966411 0.953884402547 -0.434806426710 0
0.084023817256 1.101976900110 0.201621042610 0
0.016295030537 1.047938891444 -0.497293958448 0
0.065322932156 1.192288562990 0.240604588244 0
0.003269634681 1.133044444672 -0.549211060399 0
0.085421007519 0.339034053144 -0.009782263595 0
0.127837034523 0.346530619369 -0.184559270651 0
0.094045256986 0.021609611363 0.077203222827 0
0.104949096788 0.038421014231 -0.190836908481 0
0.041894619775 0.028078926516 0.076923439053 0
0.056984531180 0.043899082184 -0.188336060432 0
0.221247478665 1.040251897558 -0.157853201117 0
0.208597857628 0.935455923885 0.025776284056 0
0.164383994429 0.936002682490 -0.292078365674 0
0.184280602590 0.932060340078 -0.144308400279 0
0.168340342843 0.783950392943 -0.138978276969 0
0.114068258184 0.577963850071 -0.062492728624 0
0.091088940457 0.585721135405 -0.183232878051 0
0.149020000000 0.640181481481 -0.127116666667 0
0.121059164988 1.001082445363 0.155485889242 0
0.058866637080 0.973837585725 -0.417120717971 0
0.090304286050 1.118745101905 0.193191548252 0
0.017053027876 1.073707658348 -0.476416069084 0
0.082547576921 1.210019692752 0.231809062514 0
0.012652016065 1.158222110395 -0.529537504693 0
0.084541180691 0.338344335154 -0.006630223945 0
0.128949587978 0.347119983332 -0.183245405495 0
0.093831194153 0.020871227091 0.076677278936 0
0.104774864646 0.036593665161 -0.192269733679 0
0.041840920967 0.028522994789 0.076962277465 0
0.056748846479 0.041734414495 -0.190285470920 0
0.222493155863 1.040092779044 -0.149875012222 0
0.210795910812 0.932927715315 0.032560757992 0
0.166127773635 0.937073108317 -0.285203803023 0
0.186171362964 0.931469944302 -0.137507361520 0
0.167950054758 0.783615863122 -0.133180639179 0
0.112092344054 0.578134967025 -0.056530651024 0
0.089135200503 0.585872271274 -0.177276300574 0
0.147477407407 0.639996296296 -0.121260740741 0
0.115388109450 1.010606890540 0.149427099954 0
0.052900765149 0.992660981986 -0.396066850622 0
0.095771960938 1.132224902012 0.181619428969 0
0.017981106305 1.097883755594 -0.450354356779 0
0.096632874133 1.223581979491 0.219025472059 0
0.019925497362 1.180112083117 -0.505161735248 0
0.083906183082 0.337786574691 -0.003162399270 0
0.129684566883 0.347751655950 -0.181549472935 0
0.093565783217 0.020306481230 0.076263691983 0
0.104104394087 0.034721243055 -0.194258747365 0
0.041640855196 0.028365385746 0.076953030101 0
0.056067463038 0.039956868686 -0.192878709977 0
0.223393375805 1.039914759498 -0.141663305901 0
0.212580385167 0.930698168738 0.039537752061 0
0.167714573243 0.937933855133 -0.278143608365 0
0.187792288272 0.930906179508 -0.130512727830 0
0.167506309859 0.783322855879 -0.127031372560 0
0.109691618650 0.578498030274 -0.050314271420 0
0.087264097467 0.586123154909 -0.171166544755 0
0.145879259259 0.639866666667 -0.115069629630 0
0.109942399125 1.020119845556 0.140847436909 0
0.048340208799 1.008205859282 -0.373078264940 0
0.098246588792 1.143803316640 0.168734477733 0
0.019026237859 1.118908346015 -0.419165123404 0
0.103565640546 1.235268416526 0.205012052484 0
0.023551695803 1.200428886257 -0.473288953637 0
0.083045113727 0.337404774159 0.000420187228 0
0.131616944953 0.348817589917 -0.180267770060 0
0.093204952249 0.020082718598 0.075841335171 0
0.102975351726 0.033042341741 -0.197032629518 0
0.041285626860 0.028156547649 0.076744781124 0
0.054950712347 0.038529293196 -0.196407809781 0
0.224410305106 1.039612176780 -0.133310823302 0
0.213932638263 0.928656756982 0.047040490391 0
0.169104368507 0.938552665952 -0.270574434031 0
0.189114651677 0.930299709489 -0.122997819927 0
0.167086941057 0.782970811967 -0.120329191846 0
0.107299216631 0.578864175598 -0.043898196252 0
0.085731985805 0.586297745833 -0.164918875437 0
0.144536296296 0.639629629630 -0.108627407407 0
0.105844164090 1.027507908475 0.132712984853 0
0.045132190077 1.019823448560 -0.349485405017 0
0.098844672388 1.152955250336 0.153354001795 0
0.019980776514 1.135835024524 -0.383353806549 0
0.105739385686 1.244764191370 0.187061897518 0
0.023860036918 1.220949246259 -0.432119435825 0
0.082022890301 0.337074009731 0.004149724413 0
0.135694526387 0.350377400089 -0.179385165936 0
0.092882670153 0.019824646611 0.075474618243 0
0.101741215423 0.031537056440 -0.200359072677 0
0.040920652703 0.027599848767 0.076530200066 0
0.053772337976 0.037517586590 -0.200647306966 0
0.225769800111 1.039049349836 -0.124769402352 0
0.214853457575 0.926690628730 0.054896793539 0
0.170237738099 0.939007934938 -0.262663381141 0
0.190109311730 0.929639148401 -0.115134651215 0
0.166704880574 0.782537424865 -0.113133985039 0
0.104916128070 0.579270104846 -0.036639552116 0
0.084498178611 0.586378607646 -0.157878921672 0
0.143380370370 0.639329629630 -0.101310000000 0
0.101904227721 1.031820317514 0.125498951575 0
0.043202461346 1.028411103743 -0.326460672152 0
0.097678073278 1.158796842559 0.133935879359 0
0.021459650932 1.148606078356 -0.344314698510 0
0.104246452712 1.252123082850 0.161289160493 0
0.025546924500 1.239013765675 -0.382842147250 0
0.080585123484 0.336754489076 0.008128271001 0
0.134202439033 0.350588646295 -0.175098653952 0
0.092592560968 0.019770910912 0.074933544943 0
0.100856561600 0.029967387295 -0.201008949369 0
0.040562569385 0.027072242787 0.076024328039 0
0.052975523863 0.036587505601 -0.201674743830 0
0.227018203803 1.038353454964 -0.116109899932 0
0.215207060406 0.924834077635 0.062770981370 0
0.171120961491 0.939145146415 -0.254779569239 0
0.190718513379 0.928856851543 -0.107275444884 0
0.166366223609 0.781927062123 -0.105820923299 0
0.102684951755 0.579574676536 -0.029093682326 0
0.083516529834 0.586237668295 -0.150562132322 0
0.142433703704 0.638848148148 -0.093712592593 0
0.096982139793 1.032831794274 0.118929738965 0
0.040815420546 1.033359074728 -0.303206670987 0
0.094090015960 1.159869127843 0.110853134243 0
0.024041711692 1.155632367776 -0.300710176958 0
0.098355821257 1.255709574494 0.127397418299 0
0.030658242743 1.250949217254 -0.324459408534 0
0.078877559516 0.336361676056 0.012023517667 0
0.132808984203 0.350583932439 -0.170599828733 0
0.092385620876 0.019854202854 0.074214207191 0
0.099963543554 0.028226498786 -0.201678374592 0
0.040296650076 0.026731215459 0.075246242917 0
0.052214877858 0.035697521314 -0.202732779686 0
0.228276082296 1.037396736808 -0.107408187994 0
0.214966799403 0.923121953991 0.070905645292 0
0.171484533268 0.939111981850 -0.246648058103 0
0.190798542280 0.928044599335 -0.099162933927 0
0.166263021388 0.781147253730 -0.098317797182 0
0.100617127804 0.579679464868 -0.021653502713 0
0.082762683601 0.585947266467 -0.143343032615 0
0.141659259259 0.638203703704 -0.086146666667 0
0.091358403513 1.031489079593 0.113000481820 0
0.037173167290 1.033633183671 -0.281679213491 0
0.090252433002 1.154764219694 0.081155596723 0
0.025261443291 1.152836290640 -0.251895357050 0
0.091129459768 1.251907042462 0.080677745905 0
0.034085157886 1.252191107840 -0.251826507485 0
0.076791613507 0.335877760367 0.015803851892 0
0.131581841423 0.350454342230 -0.166227765997 0
0.092226025830 0.019996082780 0.073557512255 0
0.099140577818 0.026587536195 -0.202374261658 0
0.040089467694 0.026507342560 0.074558552153 0
0.051517061431 0.034773748184 -0.203734277692 0
0.229282127319 1.036302874578 -0.098880907768 0
0.214167178958 0.921576435185 0.079150744076 0
0.171403758655 0.938751010179 -0.238438718686 0
0.190401445095 0.927129320912 -0.090955146714 0
0.166320214295 0.780147445867 -0.090662507293 0
0.098831835623 0.579580239170 -0.014037496635 0
0.082155008582 0.585362170595 -0.135918015633 0
0.141033703704 0.637351851852 -0.078460740741 0
0.087171046712 1.030854733425 0.106070637026 0
0.037059269087 1.036509581796 -0.262847779924 0
0.086427041142 1.146512524418 0.052827779451 0
0.026741527235 1.145078831170 -0.205015174263 0
0.083694789767 1.242832687552 0.030020498449 0
0.038564635820 1.240948437050 -0.176960217816 0
0.074546664108 0.335267368986 0.019599262571 0
0.122143741213 0.348353508370 -0.160243595818 0
0.092148591142 0.020128943170 0.072922211968 0
0.098347990659 0.024881701881 -0.202027811903 0
0.039962788758 0.026240671126 0.073875149485 0
0.050796935673 0.033533491667 -0.202980033874 0
0.229867366646 1.035070932525 -0.090536643194 0
0.213063509849 0.920000004272 0.087365002886 0
0.171050528402 0.938629360597 -0.230242615839 0
0.189700242825 0.926332019416 -0.082769420630 0
0.165787777866 0.779340993395 -0.083051056607 0
0.097169391952 0.579715325862 -0.006365790335 0
0.081842951197 0.584711079821 -0.128458176906 0
0.140648148148 0.636540740741 -0.070781481481 0
0.084743700850 1.030013117825 0.102384529273 0
0.039846525790 1.043013007732 -0.239758202109 0
0.083822496904 1.144486328624 0.046643023759 0
0.027675458588 1.145582015110 -0.172157818732 0
0.082166994262 1.240026331991 0.012993824936 0
0.043142456085 1.236021704068 -0.133872298971 0
0.072788358154 0.334882666658 0.023172554934 0
0.114857319963 0.346912277370 -0.155397359631 0
0.092086978079 0.020516409111 0.072278923589 0
0.097647907177 0.023562642313 -0.202467082733 0
0.039854556071 0.026225700316 0.073171876047 0
0.050111855317 0.032318755109 -0.203186308536 0
0.230302454606 1.033887600442 -0.082306802311 0
0.211364567036 0.918570880311 0.095242354281 0
0.170361110467 0.938514656047 -0.222417377756 0
0.188534240605 0.925608887439 -0.074936673151 0
0.164730025847 0.778638766925 -0.075711125352 0
0.095596761523 0.579950698174 0.001121249393 0
0.081663573875 0.584009948710 -0.121172646487 0
0.140396296296 0.635718518519 -0.063313703704 0
0.083071908189 1.028675505653 0.109816642333 0
0.043355758086 1.048044284143 -0.231012929413 0
0.082019116117 1.145165076844 0.058424507944 0
0.027594508901 1.151370835861 -0.165335271734 0
0.082521216418 1.242053305733 0.030025939392 0
0.040497588998 1.242413975402 -0.126569418344 0
0.071513985196 0.334632218656 0.026593649243 0
0.108678122994 0.345830345699 -0.151249704247 0
0.092046492480 0.020967757152 0.071774764924 0
0.097307615492 0.022350083261 -0.203058699181 0
0.039784141652 0.026404748589 0.072614460729 0
0.049746671137 0.030980838777 -0.203632854911 0
0.230380430711 1.032716780595 -0.074178894285 0
0.209461745371 0.917635073034 0.102436757911 0
0.169776158799 0.938724261226 -0.215316359083 0
0.187323568563 0.925290051816 -0.067807070625 0
0.163389435937 0.778381615922 -0.069018677137 0
0.094259036821 0.580277219934 0.007979298418 0
0.081144934251 0.583630892170 -0.114426507812 0
0.139830000000 0.635340740741 -0.056520370370 0
0.086080458251 1.030753469698 0.130288706367 0
0.048078669627 1.053063821944 -0.233125583005 0
0.079633849845 1.144207595357 0.072854547059 0
0.028141934412 1.156800086220 -0.169253350798 0
0.075170399534 1.239659264318 0.043411847512 0
0.035144383796 1.249099196992 -0.127530792578 0
0.070712106501 0.334550992527 0.029754121026 0
0.104502096745 0.345489359638 -0.147697997131 0
0.091955281153 0.021318639097 0.071393274845 0
0.097239094122 0.021434274782 -0.203458549858 0
0.039655854043 0.026392251107 0.072198050635 0
0.049593835905 0.029581876001 -0.204098070957 0
0.230297309265 1.031966091901 -0.066409477651 0
0.207395430074 0.918010532188 0.108812298372 0
0.169791244917 0.939491163328 -0.209167654996 0
0.186354720670 0.925879541511 -0.061560897780 0
0.162028272754 0.779061170316 -0.063027269257 0
0.093417758701 0.580851251994 0.013830305178 0
0.080616659147 0.583928741732 -0.108615883450 0
0.139012962963 0.635907407407 -0.050658518519 0
0.094258866506 1.037399341400 0.150536091665 0
0.055957697474 1.059138665687 -0.239620587997 0
0.077084710236 1.148903502733 0.091511093519 0
0.030251835119 1.162827640369 -0.177764681617 0
0.064176248697 1.242804944284 0.056708695049 0
0.032740401936 1.254742817667 -0.133502874260 0
0.070644173623 0.334800280853 0.032545622072 0
0.102856052110 0.346083565237 -0.144657803170 0
0.091853389557 0.021648455312 0.071219102984 0
0.097057448425 0.021481117262 -0.204198384416 0
0.039532446122 0.026489273029 0.072058531880 0
0.049343988823 0.029206718776 -0.204975479953 0
0.230403873603 1.032113165074 -0.059161531099 0
0.205783304728 0.918965016979 0.114548247573 0
0.169859564076 0.941176475791 -0.203575751763 0
0.185621591664 0.927230926239 -0.055912418850 0
0.160696290184 0.780536827358 -0.057751388658 0
0.093069465199 0.581657664503 0.018678378730 0
0.080235632054 0.584855797484 -0.103761291617 0
0.138150740741 0.637259259259 -0.045703703704 0
0.101230393966 1.042319608403 0.165995097172 0
0.063403371533 1.064898835988 -0.243083208392 0
0.078593135696 1.155209408865 0.111630333454 0
0.032406608493 1.172160406670 -0.190428634804 0
0.063735959385 1.249303590202 0.075956951159 0
0.032281550108 1.264022991299 -0.146184741560 0
0.071283017004 0.335349054491 0.035030717163 0
0.102784976861 0.347385670788 -0.142015762393 0
0.091742738422 0.021880769392 0.071175659564 0
0.096826468091 0.022154315668 -0.205016172003 0
0.039405648981 0.026532259569 0.072076762788 0
0.049039507080 0.029387836251 -0.205988571478 0
0.230689814601 1.033026920520 -0.052778911277 0
0.204285601988 0.919882079728 0.119693445362 0
0.169919530750 0.942876708138 -0.198546971950 0
0.184932414859 0.928574306736 -0.050839712894 0
0.159267182623 0.782038077685 -0.053040766581 0
0.092554937468 0.582399730534 0.022800909495 0
0.079559634890 0.586099785707 -0.099607586555 0
0.137157407407 0.638640740741 -0.041358888889 0
0.106103980422 1.045261141655 0.178301505599 0
0.068146771444 1.067837413220 -0.245749833319 0
0.082758367452 1.161113224474 0.130916304259 0
0.037162383650 1.180085315151 -0.204777596265 0
0.069606862072 1.256499740285 0.097398206091 0
0.037730044332 1.272306149493 -0.162881647088 0
0.072024978659 0.335854943030 0.037089653630 0
0.102989084708 0.349036376420 -0.139806335499 0
0.091756784525 0.022098512210 0.071181847492 0
0.096716931928 0.023150668850 -0.205985286227 0
0.039403464172 0.026551276757 0.072142063539 0
0.048784578354 0.029301653488 -0.207217313958 0
0.230772389134 1.034030005954 -0.047268981514 0
0.203199679272 0.920672844560 0.124259781128 0
0.170214600152 0.944308954927 -0.194079757480 0
0.184552940358 0.929717664446 -0.046333738937 0
0.157907511219 0.783390906041 -0.048824946054 0
0.091960154968 0.583027362300 0.026318265920 0
0.078735473469 0.587382025025 -0.096044117656 0
0.136155185185 0.639881481481 -0.037582592593 0
0.107207525592 1.046131967127 0.186227189534 0
0.070475749428 1.068332106451 -0.247665222065 0
0.089226157811 1.166277250966 0.148097657301 0
0.042476637766 1.184740612906 -0.217607654710 0
0.081045585782 1.264335958026 0.121392013678 0
0.046033662276 1.279171297496 -0.182605371072 0
0.072699335763 0.336278626932 0.038730441436 0
0.103703984854 0.350781723635 -0.138006116887 0
0.091814791035 0.022372278967 0.071146077566 0
0.096600915704 0.024093031371 -0.206838168225 0
0.039446436577 0.026642134408 0.072117192846 0
0.048545711581 0.029102889525 -0.208407149249 0
0.230566200979 1.035089009359 -0.042541612284 0
0.202505118481 0.921466757386 0.128183510479 0
0.170617994997 0.945358878642 -0.190248775724 0
0.184424623022 0.930654776193 -0.042463302329 0
0.157025465080 0.784478673032 -0.045121340659 0
0.091380647358 0.583400360108 0.029246610523 0
0.077947112518 0.588555348982 -0.093061910987 0
0.135185555556 0.640933333333 -0.034314370370 0
0.107311017150 1.046600306834 0.192012364319 0
0.071947043601 1.068067552767 -0.248623488724 0
0.097269636265 1.170243940579 0.163315630208 0
0.047342655912 1.187190220543 -0.227581575494 0
0.096352469771 1.270578557615 0.147643714497 0
0.054650079712 1.285034048238 -0.204049223947 0
0.073206339551 0.336479391605 0.039720841386 0
0.105371497897 0.352520027169 -0.136641361434 0
0.091911254014 0.022802336089 0.071013120636 0
0.096497523300 0.024676237414 -0.207851381178 0
0.039538697368 0.027039632839 0.071896243255 0
0.048346893251 0.028453984978 -0.209878317950 0
0.230109884402 1.036169223843 -0.038768866445 0
0.201906976547 0.922159211161 0.131550939693 0
0.170910129403 0.946093914408 -0.186966043287 0
0.184288014877 0.931374356793 -0.039142680597 0
0.156326273645 0.785308028206 -0.041890990663 0
0.090763336374 0.583643460435 0.031736879507 0
0.077261360370 0.589516475918 -0.090531728629 0
0.134316296296 0.641748148148 -0.031476222222 0
0.107070997561 1.046610896723 0.197219499586 0
0.071554921096 1.066815041905 -0.248251722126 0
0.105103687573 1.172194125690 0.176313463665 0
0.052364886162 1.187947057852 -0.234211591928 0
0.111873134480 1.272690985407 0.170310313214 0
0.063974382088 1.287962112508 -0.223528521463 0
0.073525372872 0.336585045467 0.040395509365 0
0.106186816501 0.353926673790 -0.135528413834 0
0.092048547747 0.023251603569 0.070831631526 0
0.096465921372 0.025171020321 -0.208858767869 0
0.039676066305 0.027510065147 0.071611356876 0
0.048252047173 0.027706612320 -0.211278712360 0
0.229485443975 1.037098613757 -0.035566447526 0
0.201540311894 0.922355056044 0.134410680284 0
0.171154055462 0.946430062530 -0.184154560258 0
0.184237058272 0.931648621927 -0.036310981418 0
0.155834202829 0.785669605512 -0.039147841231 0
0.090100958697 0.583576211899 0.033823846110 0
0.076786586596 0.590033518870 -0.088435872868 0
0.133605555556 0.642114814815 -0.029021148148 0
0.106290253240 1.046175399330 0.200670725734 0
0.068863023599 1.063947799863 -0.246821207569 0
0.110617633609 1.172599468863 0.186168709794 0
0.056687403861 1.186412110484 -0.237198583594 0
0.122693405008 1.272104863784 0.188189658841 0
0.073602831753 1.286010558459 -0.236635760334 0
0.073224216249 0.336449380791 0.041137160945 0
0.104457632249 0.354498203769 -0.134494174301 0
0.092147595664 0.023467756634 0.070655097443 0
0.096374450874 0.025417401568 -0.209561948314 0
0.039772729173 0.027708917138 0.071365869282 0
0.048129899459 0.027123332924 -0.212094946618 0
0.228748694439 1.037663928100 -0.032921717956 0
0.201320589433 0.922206632427 0.136579008954 0
0.171456844186 0.946025046532 -0.182054923433 0
0.184290615401 0.931364598657 -0.034177456125 0
0.155635758299 0.785433657524 -0.036932023925 0
0.089494945881 0.583211275622 0.035632596974 0
0.076683295320 0.589926091161 -0.086666957664 0
0.133245555556 0.641892592593 -0.026907777778 0
0.104867505511 1.045555303705 0.201972835908 0
0.064842437933 1.060326875956 -0.243450710277 0
0.113593045250 1.172235578222 0.192589177300 0
0.059358716957 1.183428815542 -0.236089374908 0
0.128878057522 1.270390511995 0.200933749137 0
0.081577453149 1.280675856061 -0.243431372742 0
0.072190957932 0.336090615146 0.042107998913 0
0.100613262841 0.354141673989 -0.133539165113 0
0.092182531720 0.023428576034 0.070489663751 0
0.096113876565 0.025450729702 -0.210064344604 0
0.039796363871 0.027534429366 0.071160980038 0
0.047850725725 0.026856467912 -0.212421290612 0
0.227824164765 1.037779375426 -0.030856469862 0
0.201173306611 0.921144870635 0.138214857776 0
0.171785176305 0.944995005779 -0.180460920798 0
0.184397550824 0.930320025815 -0.032565847435 0
0.155725059093 0.784397847682 -0.035289457091 0
0.088739823750 0.582514927220 0.037263591154 0
0.076912919911 0.589003362327 -0.085147326488 0
0.133194814815 0.640896296296 -0.025060407407 0
0.101942936626 1.043348806712 0.201570807678 0
0.059668323268 1.056593243466 -0.236822495323 0
0.114748787933 1.169776082134 0.193556180674 0
0.059663721778 1.179778608815 -0.228840407454 0
0.132985108194 1.266200360896 0.205616555171 0
0.086013010029 1.274403591428 -0.240105684732 0
0.070159845241 0.335487393877 0.043756805470 0
0.096246060412 0.352964641055 -0.132853618492 0
0.092071662087 0.022896292619 0.070448012546 0
0.096433014326 0.024648169634 -0.210080643304 0
0.039678777458 0.026894051302 0.071237217701 0
0.048154587841 0.025809919711 -0.212250181596 0
0.227008845799 1.037098966321 -0.029089505306 0
