-0.222141806270 0.933771107727 0.054767134921 0
0.048934870067 0.922921779942 0.057976376122 0
-0.086541145359 0.897616140011 0.040804724540 0
-0.082969476585 0.774668201625 0.040090865187 0
-0.116627257399 0.589564005441 0.002983746677 0
-0.016482877351 0.598783399928 -0.000256504797 0
-0.073006296296 0.652177777778 0.039488148148 0
-0.383923370273 0.858218625301 0.043090301211 0
0.182323459467 0.820980094371 0.089324476944 0
-0.435906423124 0.903824961985 -0.044063042524 0
0.240136076824 0.871429620233 0.013378257523 0
-0.470395453356 0.955244099002 -0.124150327540 0
0.293167768998 0.936226865730 -0.038656185649 0
-0.113025336300 0.322541568577 0.053931920213 0
-0.007138495720 0.336034780932 -0.082675135844 0
-0.116244995688 0.024545986964 0.028152966452 0
0.015874379575 0.031701173206 -0.131414167389 0
-0.119939448456 0.028056180254 -0.014148205717 0
0.014285864143 0.041585289297 -0.176461872239 0
-0.108470889475 1.023675029334 0.044226437816 0
-0.218531503887 0.933501312503 0.051791956831 0
0.052538314476 0.922047996892 0.052531369563 0
-0.083134790462 0.897250255866 0.036195139193 0
-0.079754513286 0.774318559697 0.033737196905 0
-0.114062442631 0.589232751990 -0.004335344480 0
-0.014012946988 0.598554365195 -0.009588845065 0
-0.069772592593 0.651848148148 0.031351703704 0
-0.391396458126 0.896072256835 0.024688933292 0
0.206627058890 0.849716528471 0.066392970667 0
-0.429176862734 0.959803236093 -0.058310370104 0
0.248711414221 0.918984607637 -0.004924081114 0
-0.448190901075 1.026342794810 -0.131769846712 0
0.282822318159 0.999626264521 -0.048214432365 0
-0.111397000399 0.322876377242 0.050041572128 0
-0.007135747320 0.334691520129 -0.088621041764 0
-0.115750070846 0.025182353461 0.027744397469 0
0.014868625666 0.030298279499 -0.135119201131 0
-0.119425943239 0.030425457138 -0.014378724816 0
0.012185706808 0.037600301601 -0.180605432718 0
-0.105702787864 1.023244899229 0.037402601784 0
-0.214709909336 0.933130200432 0.047967806186 0
0.056343762028 0.921423299080 0.046116510027 0
-0.079496504735 0.896947594869 0.030710225103 0
-0.076154769557 0.774059030114 0.026512361567 0
-0.110867734587 0.589053743369 -0.012896615896 0
-0.010940772878 0.598455425932 -0.020010265307 0
-0.065963333333 0.651662962963 0.022025074074 0
-0.389221189800 0.930221808294 0.008532355849 0
0.222133166142 0.880502093866 0.043536798508 0
-0.414106294264 1.009275976507 -0.065690626560 0
0.248503231437 0.963585970647 -0.020157555285 0
-0.418935701347 1.086160955803 -0.130579780855 0
0.264991175840 1.053435359762 -0.053108621074 0
-0.109439668934 0.323513545109 0.045378899955 0
-0.006668213076 0.333509967948 -0.095526055199 0
-0.115271117080 0.026177933280 0.027071193912 0
0.013884352455 0.028849808011 -0.136618878128 0
-0.118890184608 0.033361070231 -0.014769748941 0
0.010802911074 0.034540920899 -0.182309476696 0
-0.102887375521 1.022803554917 0.030008278003 0
-0.210404321839 0.932908203944 0.042850476471 0
0.060605865514 0.920828853811 0.038591456809 0
-0.075396530744 0.896722418884 0.024058054132 0
-0.072152086577 0.773891074476 0.018474039854 0
-0.107230619621 0.589003858271 -0.021485343278 0
-0.007437077695 0.598428131991 -0.030250351793 0
-0.061754444444 0.651559259259 0.012786851852 0
-0.380914263852 0.959749506867 -0.004305696286 0
0.230288322558 0.908712247581 0.023479273341 0
-0.394246612512 1.048932018097 -0.069471709080 0
0.241560880854 1.000714107957 -0.031872951064 0
-0.387169491678 1.132668010083 -0.124511119182 0
0.242994303231 1.094579466631 -0.053460500750 0
-0.107260637197 0.324324680476 0.040600113568 0
-0.004800166553 0.332587247257 -0.102628910080 0
-0.114889581013 0.027037681591 0.026431144032 0
0.013323234747 0.027951989198 -0.136422863900 0
-0.118457070060 0.035950443466 -0.015080243595 0
0.010391950154 0.033164371063 -0.182180415085 0
-0.100101320737 1.022365367560 0.023287268050 0
-0.205842891058 0.932700484711 0.037572851210 0
0.065106844544 0.920400762142 0.030825318401 0
-0.071042729045 0.896547135495 0.017286858611 0
-0.067873262419 0.773768915520 0.010708563907 0
-0.103318181369 0.589034157282 -0.029459204549 0
-0.003644847397 0.598396182149 -0.039557338274 0
-0.057329259259 0.651481481481 0.004322370370 0
-0.368224332676 0.984617055827 -0.016784646514 0
0.233082244537 0.932513518598 0.002455041838 0
-0.370244601175 1.080144703114 -0.073778226615 0
0.229669504769 1.030571301354 -0.042581677380 0
-0.353528119954 1.167956145809 -0.119790906205 0
0.217771844969 1.124967402802 -0.051546717289 0
-0.104989922746 0.325183836533 0.036038013197 0
-0.002761473559 0.331722296392 -0.108848342756 0
-0.114637214079 0.027683282862 0.025796019989 0
0.013645370399 0.027307764212 -0.136869814161 0
-0.118140864920 0.037937841742 -0.015409902620 0
0.011113824825 0.031334409861 -0.182770710081 0
-0.097215889571 1.021918124246 0.016594024323 0
-0.201172795439 0.932566571882 0.033611986630 0
0.069690912800 0.920164912212 0.024145097316 0
-0.066598282493 0.896465155766 0.011793231996 0
-0.063506307231 0.773731426088 0.004431863290 0
-0.099421679753 0.589276442499 -0.036305503804 0
0.000178824709 0.598394930232 -0.047304867962 0
-0.052945185185 0.651488888889 -0.002758655556 0
-0.353896662875 1.001908047433 -0.028717625761 0
0.231007493329 0.950467902265 -0.023035577800 0
-0.345441874761 1.101540907962 -0.077499699460 0
0.215994492227 1.053101280043 -0.052973533534 0
-0.320032447673 1.191605876838 -0.114376704539 0
0.195039341295 1.145129482304 -0.045415956633 0
-0.102799719455 0.326142385772 0.031949379165 0
-0.000688460086 0.330972655644 -0.113649120672 0
-0.114566634043 0.028155665656 0.025149799426 0
0.014039554023 0.026775012120 -0.137501182885 0
-0.118023403690 0.039250963836 -0.015841720514 0
0.011887285792 0.028827862872 -0.183551898294 0
-0.094293106586 1.021509588865 0.009856018676 0
-0.196549237897 0.932488505032 0.030097916478 0
0.074200390593 0.920165112332 0.017714691459 0
-0.062209200449 0.896488606402 0.006722042783 0
-0.059138132437 0.773788727113 -0.001196146275 0
-0.095589503111 0.589706326184 -0.042621645533 0
0.003962259382 0.598435030139 -0.054354063497 0
-0.048587407407 0.651596296296 -0.009210888889 0
-0.336880936345 1.014814935650 -0.044381434549 0
0.224205534543 0.963463331062 -0.051502701642 0
-0.320138142409 1.116978963564 -0.085125407175 0
0.198067076945 1.067257781270 -0.065601452304 0
-0.288460044875 1.208539541440 -0.111996912598 0
0.174137573696 1.154739541653 -0.041642199092 0
-0.100724332775 0.327200896827 0.027906399197 0
0.001371459403 0.330275582298 -0.117605808816 0
-0.114662436524 0.028505611436 0.024216854612 0
0.014334757158 0.026311162425 -0.138175485647 0
-0.118076829903 0.040081516726 -0.016645107402 0
0.012415520362 0.026403688572 -0.184282131735 0
-0.091340987694 1.021194909700 0.003650190331 0
-0.191934134427 0.932590112642 0.026639287922 0
0.078648124492 0.920183864954 0.011086224763 0
-0.057885665925 0.896504395422 0.001769649027 0
-0.054874509863 0.773798584894 -0.006145010855 0
-0.091825524659 0.590167589700 -0.048582027605 0
0.007652999477 0.598611756944 -0.061116483906 0
-0.044314814815 0.651685185185 -0.015202962963 0
-0.314373029525 1.025401307670 -0.065080936357 0
0.209319086150 0.973574003601 -0.085048677010 0
-0.290071473839 1.128540109852 -0.098988205924 0
0.174686016093 1.075821517048 -0.083918154087 0
-0.255887994728 1.221777433971 -0.115856317184 0
0.155785062708 1.159187276750 -0.047246340231 0
-0.098696788334 0.328230097289 0.023883190367 0
0.003299982287 0.329678837134 -0.120892071567 0
-0.114837920818 0.028603620541 0.023150995992 0
0.014571227317 0.026112405447 -0.138774871906 0
-0.118228299278 0.040611341395 -0.017588169179 0
0.012788185334 0.025051578271 -0.184874874633 0
-0.088478066935 1.020877712363 -0.001466168899 0
-0.187500067724 0.932724770519 0.022977898369 0
0.082849945564 0.920046924600 0.003985422634 0
-0.053803036178 0.896349211684 -0.003320244322 0
-0.050840151116 0.773599544806 -0.010591370645 0
-0.088273325393 0.590636309206 -0.054335046304 0
0.011070466722 0.598917125975 -0.067996391820 0
-0.040153703704 0.651603703704 -0.020819037037 0
-0.285411005520 1.032077284332 -0.089094965234 0
0.186826153184 0.980069361158 -0.117478900617 0
-0.251995124466 1.134111249656 -0.118255381336 0
0.146651484695 1.079600786733 -0.105869724740 0
-0.212986875233 1.226457856189 -0.128822569818 0
0.133436997519 1.161045276252 -0.064079588640 0
-0.098839557113 0.325729264701 0.005850371613 0
0.004865130107 0.329109370028 -0.123514439561 0
-0.114123558130 0.029139695363 0.021467834885 0
0.014801108133 0.026039176340 -0.139135593839 0
-0.117379402861 0.041958873156 -0.019034359634 0
0.013079330293 0.024274773448 -0.185216362148 0
-0.085658764149 1.020465247052 -0.005145480116 0
-0.183223793893 0.932938850755 0.019682825609 0
0.086816492389 0.919964134413 -0.003131032408 0
-0.049931121010 0.896215757078 -0.008140682086 0
-0.046972283194 0.773415629020 -0.014484137994 0
-0.084957419410 0.590936970924 -0.058902554996 0
0.014112393493 0.599226291289 -0.074421983421 0
-0.036114592593 0.651548148148 -0.025789000000 0
-0.251431325192 1.034043552449 -0.111249876443 0
0.156831610241 0.983319995748 -0.145437900025 0
-0.202062721248 1.130494200987 -0.136506447766 0
0.110486937359 1.079985479414 -0.132661468881 0
-0.149183622937 1.216208161116 -0.144281564080 0
0.094731522475 1.166859824208 -0.097895917789 0
-0.099614590463 0.323790676139 -0.010656347578 0
0.006030204760 0.328609385570 -0.125589879221 0
-0.114137839933 0.030046101344 0.019549128723 0
0.015083845876 0.025943768596 -0.139244201781 0
-0.117381965270 0.043164620027 -0.020858045435 0
0.013401774710 0.023499865490 -0.185295399579 0
-0.082914357778 1.020086219106 -0.008774688089 0
-0.179084346583 0.932955593343 0.017093688436 0
0.090566461424 0.919375479500 -0.009638199755 0
-0.046271189891 0.895774519328 -0.012366504682 0
-0.043435086514 0.772929995176 -0.017713878997 0
-0.082070116731 0.590641119756 -0.061287495214 0
0.016567478997 0.599150905167 -0.079248608224 0
-0.032466777778 0.651085185185 -0.029009518519 0
-0.218851938763 1.031744888776 -0.126701353959 0
0.135604137083 0.981878961330 -0.162059487620 0
-0.158254634187 1.122294935718 -0.149207724847 0
0.083789696079 1.076419180975 -0.156341778064 0
-0.094987134170 1.200756673020 -0.154334689626 0
0.061016821018 1.166991719777 -0.132016355880 0
-0.101852738526 0.321708542887 -0.026739138027 0
0.006736215379 0.328127185213 -0.127895031263 0
-0.114245995529 0.031080978086 0.017558311923 0
0.015293697556 0.025963178913 -0.139310461678 0
-0.118096442790 0.043778433908 -0.022930060193 0
0.013629736675 0.023067168547 -0.185336098040 0
-0.080280310456 1.019416930547 -0.012009921229 0
-0.175178101530 0.932342456123 0.014880077217 0
0.093980521706 0.917371515542 -0.015780615410 0
-0.042987461593 0.894383356478 -0.016335484625 0
-0.040615114158 0.771497200195 -0.020622130861 0
-0.079930247710 0.589169271598 -0.061729968794 0
0.018246824663 0.597927685897 -0.081952381080 0
-0.029669000000 0.649514814815 -0.030296444444 0
-0.205218646791 1.027405036733 -0.133708185797 0
0.135893567891 0.973798826916 -0.171429520176 0
-0.144094495994 1.116956737453 -0.158652366299 0
0.086683104506 1.069889685637 -0.171828008985 0
-0.080221704917 1.194891427138 -0.167003729675 0
0.061144473964 1.160248275190 -0.148480213906 0
-0.104989940364 0.319282574612 -0.040685857863 0
0.007187969289 0.327088444084 -0.131356751419 0
-0.114435969073 0.031807758181 0.015564921995 0
0.015521526822 0.025856145321 -0.139504879289 0
-0.119246080961 0.043593156037 -0.025096199806 0
0.013865911330 0.022455308482 -0.185496270772 0
-0.077500703290 1.017898278764 -0.014656386276 0
-0.171849853352 0.931534794383 0.012160131723 0
0.096795971927 0.916032790376 -0.022476265731 0
-0.040199864783 0.893259008472 -0.020899126534 0
-0.038121523238 0.770343237783 -0.024355483089 0
-0.078363260754 0.587930132653 -0.063180726786 0
0.019429382866 0.596872784455 -0.085112921203 0
-0.027609888889 0.648203703704 -0.032406777778 0
-0.216692236181 1.026067282125 -0.132996921019 0
0.155699655799 0.973830648547 -0.171999140507 0
-0.154557817900 1.110899753441 -0.169337627244 0
0.105111815067 1.068335192894 -0.184846050554 0
-0.090626581700 1.187056627251 -0.189801970526 0
0.070082770812 1.157362920569 -0.168780033832 0
-0.108783365572 0.318006663247 -0.051973144628 0
0.007538207437 0.326106694808 -0.134724508970 0
-0.115416496739 0.032496257761 0.012907818971 0
0.015682570996 0.025794387994 -0.139733834504 0
-0.121808570950 0.041925489365 -0.028148125589 0
0.014048931970 0.022105615511 -0.185703814116 0
-0.074635704982 1.016759535140 -0.017507151435 0
-0.169092243154 0.931177102503 0.010087849197 0
0.099047938128 0.915857621629 -0.028340373304 0
-0.037891276765 0.892966877879 -0.024782696922 0
-0.035942786405 0.770033380470 -0.027935218938 0
-0.077197805314 0.587496543458 -0.065633238166 0
0.020227655950 0.596686889012 -0.089047130744 0
-0.026098629630 0.647807407407 -0.035511518519 0
-0.233691806523 1.026945103972 -0.126562020194 0
0.181112750295 0.978085189906 -0.164577016005 0
-0.172004626567 1.106612380648 -0.173739323102 0
0.127030522718 1.066901220655 -0.193596095454 0
-0.105678728838 1.176059621976 -0.206744737210 0
0.078380281304 1.151645458841 -0.192238312972 0
-0.112412138421 0.317993529701 -0.059489271126 0
0.007787052658 0.325563525150 -0.136526999680 0
-0.117635638846 0.033543142237 0.010414472587 0
0.015816792212 0.025797559737 -0.139716419940 0
-0.126064487780 0.042319618910 -0.030417960208 0
0.014188823946 0.021885878772 -0.185668169806 0
-0.072173211993 1.016476025066 -0.020680551990 0
-0.166893525268 0.931133230823 0.008653693582 0
0.100760175262 0.916326571504 -0.033213131339 0
-0.036087717096 0.893213746599 -0.027974479983 0
-0.034251017731 0.770274610857 -0.031394160178 0
-0.076533782354 0.587578715679 -0.068669704601 0
0.020577541388 0.597023365083 -0.093257968431 0
-0.025219333333 0.647992592593 -0.039125925926 0
-0.247608007901 1.031266602621 -0.115750006696 0
0.202900856930 0.985905798035 -0.151083139603 0
-0.191366189410 1.109965386258 -0.170715817530 0
0.148398747585 1.068830277246 -0.193607632007 0
-0.125101159393 1.172894232797 -0.212952086201 0
0.090916727546 1.147115913767 -0.206159928928 0
-0.115965797889 0.318657267512 -0.062666132522 0
0.007769391194 0.325339016656 -0.137309655173 0
-0.124281571009 0.034886910638 0.009842241772 0
0.015904597485 0.025798027786 -0.139623009074 0
-0.135279162537 0.040714038966 -0.030906465706 0
0.014263673859 0.021701960513 -0.185558229188 0
-0.070964644530 1.016550657582 -0.023538293507 0
-0.165321449990 0.930978205452 0.007539228760 0
0.101942495426 0.916745885231 -0.036935439743 0
-0.034825506206 0.893445691279 -0.030563118538 0
-0.033183982249 0.770517599141 -0.034827475890 0
-0.076289035515 0.587494502178 -0.072300509349 0
0.020603231094 0.597305506018 -0.097599248337 0
-0.025037925926 0.648214814815 -0.043279629630 0
-0.261643420359 1.035418850942 -0.101235906685 0
0.218917936313 0.991233352797 -0.136613370445 0
-0.210385085699 1.113397124297 -0.161815218882 0
0.166866159268 1.071244411704 -0.187052686348 0
-0.146506707408 1.172423962704 -0.211239647659 0
0.106300551744 1.145036183256 -0.208920524526 0
-0.118867056090 0.319153896290 -0.062808227934 0
0.007296792814 0.325025660855 -0.137644343106 0
-0.132248488125 0.035859087688 0.010322576394 0
0.016029587224 0.025607233481 -0.139416856944 0
-0.145244937885 0.039621604650 -0.030079098878 0
0.014379400802 0.021352855646 -0.185337353440 0
-0.070498955308 1.016474286512 -0.024180154509 0
-0.164516726926 0.931170333316 0.006656295116 0
0.102562790545 0.917702077348 -0.039144458434 0
-0.034175150215 0.894278282056 -0.032582967981 0
-0.032829556467 0.771415385568 -0.038681350923 0
-0.076616605555 0.587983114620 -0.076605808101 0
0.020227203926 0.598036873291 -0.101994621014 0
-0.025611555556 0.649100000000 -0.047986666667 0
-0.273756346037 1.038395335090 -0.086011418292 0
0.229501259133 0.993720963144 -0.124438541811 0
-0.227981633838 1.116600272113 -0.150560195212 0
0.182735157062 1.075784542024 -0.176724126328 0
-0.168981100668 1.175172747011 -0.206233255618 0
0.122985898822 1.148661516163 -0.199846847703 0
-0.121206422162 0.320234276549 -0.061374919164 0
0.006660887492 0.325060178310 -0.136875332764 0
-0.141128042481 0.036926485051 0.011948404955 0
0.016152079663 0.025462956340 -0.139035006788 0
-0.154587897231 0.041833154837 -0.028177852119 0
0.014501587336 0.021046944337 -0.184940230429 0
-0.070316419445 1.016936444737 -0.022748820012 0
-0.164857288783 0.932633993100 0.004436866675 0
0.102454177584 0.918735102057 -0.039857290656 0
-0.034403108604 0.895726054127 -0.034411308940 0
-0.033547070364 0.772932386321 -0.041900069297 0
-0.077718184999 0.589237981669 -0.080415935936 0
0.019302657969 0.599099640184 -0.105196917364 0
-0.026941481481 0.650633333333 -0.051987407407 0
-0.285584134263 1.039261873266 -0.073494670260 0
0.237067601488 0.992994035305 -0.114235805040 0
-0.247973643625 1.120491296415 -0.139563671028 0
0.197396314531 1.080810994806 -0.162914879032 0
-0.196022557388 1.183360236653 -0.197816125473 0
0.142253858719 1.157375256863 -0.181530160723 0
-0.122836866505 0.322078733829 -0.058057204214 0
0.005991758136 0.325470802023 -0.134642865617 0
-0.149637803776 0.037929543016 0.013997291779 0
0.016234017074 0.025280601657 -0.138496049613 0
-0.162827073154 0.044282205077 -0.026015786872 0
0.014559419031 0.020727464027 -0.184387001920 0
-0.070331740827 1.018070535668 -0.021034817846 0
-0.166285289204 0.933759750924 0.002540963370 0
0.101315513824 0.919202492718 -0.039749319780 0
-0.035670802867 0.896694151609 -0.035612242789 0
-0.035291666135 0.773969935333 -0.044212525091 0
-0.079472209426 0.590054273161 -0.083476547992 0
0.017786150395 0.599952079166 -0.107293311011 0
-0.029099481481 0.651688888889 -0.054847777778 0
-0.296681409594 1.036258055737 -0.064606261405 0
0.240384209945 0.990117345788 -0.109019138876 0
-0.267230861373 1.123145798932 -0.127543264397 0
0.206937160927 1.084597183330 -0.149145649311 0
-0.222586539949 1.194199930054 -0.182904810997 0
0.161315230849 1.168921827854 -0.157575184653 0
-0.124276907583 0.323532345949 -0.054010069588 0
0.005223297173 0.325886163869 -0.132730169851 0
-0.156933130814 0.037773544768 0.016021721829 0
0.016275557603 0.025199572409 -0.137995589327 0
-0.169209424421 0.045171385476 -0.024102138568 0
0.014597708398 0.020668822193 -0.183888638572 0
-0.070709416685 1.018922885280 -0.019515498704 0
-0.168859575948 0.934047987243 0.002260546617 0
0.098804283887 0.919358588145 -0.039582628320 0
-0.038229500584 0.897058989381 -0.035913623725 0
-0.038069741935 0.774393841724 -0.045279966917 0
-0.081976430664 0.590304314678 -0.084784199065 0
0.015494547360 0.600307987548 -0.107669309762 0
-0.031989444444 0.652092592593 -0.055812592593 0
-0.306171701905 1.031629170421 -0.058080925456 0
0.239645262522 0.987343591482 -0.108206126647 0
-0.284686553981 1.124902073399 -0.114794548533 0
0.210230278485 1.087166195952 -0.136937433278 0
-0.247344404389 1.204487319243 -0.163984421067 0
0.176617638580 1.176957854322 -0.131355884273 0
-0.125711372484 0.324348766948 -0.049223356741 0
0.004032988018 0.326053554315 -0.131546568942 0
-0.163655565812 0.036615914497 0.017692432768 0
0.016347449321 0.025174783399 -0.137571531042 0
-0.174789374579 0.043601174275 -0.022836619198 0
0.014653271728 0.020570437540 -0.183456655058 0
-0.071622335309 1.019381261209 -0.017404447819 0
-0.171867773400 0.934131180149 0.003003087786 0
0.095803455099 0.919435988583 -0.038790887562 0
-0.041253121732 0.897244596247 -0.035322654627 0
-0.041264697404 0.774627974011 -0.045296845138 0
-0.084979125798 0.590349933626 -0.085114758665 0
0.012621227972 0.600568329905 -0.107344213022 0
-0.035355629630 0.652322222222 -0.055912222222 0
-0.313105186873 1.026910951589 -0.055833189666 0
0.233791627933 0.986520119629 -0.113799620281 0
-0.297651021141 1.125523230810 -0.104972463184 0
0.209893703470 1.090983663503 -0.126896903871 0
-0.267017725819 1.212671141147 -0.145940495967 0
0.187346517464 1.181275333740 -0.105430184778 0
-0.127262561917 0.324973952200 -0.043915589703 0
0.002365979207 0.326197715297 -0.130421923242 0
-0.168593726360 0.035477005594 0.018219542060 0
0.016500843707 0.025272394378 -0.136968472161 0
-0.178119007848 0.043016233957 -0.022619026149 0
0.014774464914 0.020662860597 -0.182851875032 0
-0.073358896537 1.019607054189 -0.014816702353 0
-0.175321200041 0.933914117609 0.005064452231 0
0.092297671876 0.919285594585 -0.037086672369 0
-0.044765517303 0.897142491817 -0.033571425854 0
-0.044901047689 0.774571316693 -0.044108281032 0
-0.088323758707 0.590146278444 -0.084618957237 0
0.009391328586 0.600650906325 -0.106201538824 0
-0.039090370370 0.652296296296 -0.055135185185 0
-0.316854076588 1.023332266209 -0.058107060767 0
0.222896717384 0.987880229114 -0.123144745149 0
-0.304841241692 1.125604686961 -0.100225047483 0
0.205588167609 1.094337944687 -0.118406546201 0
-0.280104301959 1.218907749387 -0.130974401913 0
0.193932704030 1.180351702525 -0.080514463081 0
-0.128555822830 0.325321305022 -0.038156214317 0
0.000177351322 0.326242063513 -0.129263945590 0
-0.170679462192 0.034335729057 0.018509474643 0
0.016680029025 0.025331115933 -0.136210794447 0
-0.177891312277 0.045851196284 -0.021872982414 0
0.014899872869 0.020866428671 -0.182106463699 0
-0.076149585422 1.019439878520 -0.011586356946 0
