-0.922334686995 0.925195991613 -0.289422094848 0
-0.713111505508 0.923060095022 -0.116703624872 0
-0.815599175517 0.889768296272 -0.204321690465 0
-0.837607615958 0.773940800948 -0.169798453856 0
-0.863458382256 0.585939880147 -0.203432254587 0
-0.792855631538 0.588431070860 -0.131784233824 0
-0.847570370370 0.652748148148 -0.154035185185 0
-0.996980858436 0.764772537697 -0.262775049603 0
-0.744752527499 0.766751162381 -0.055599698908 0
-1.006095624412 0.654081522060 -0.256271116031 0
-0.725766040566 0.661328221117 -0.069045828426 0
-1.000193251134 0.553099068912 -0.258390442818 0
-0.696116855517 0.565175127079 -0.083000623142 0
-0.853599307086 0.316421752550 -0.237673305160 0
-0.776087041296 0.314786990649 -0.159256342283 0
-0.869784471138 0.027615665390 -0.247711906750 0
-0.838541895094 0.037799041569 -0.116780987131 0
-0.847307724373 0.026836207990 -0.283899582913 0
-0.794601584157 0.033499375539 -0.130207706434 0
-0.809434131391 1.008344062045 -0.244906535975 0
-0.921240895895 0.924829033997 -0.293090335973 0
-0.722524043261 0.922389341182 -0.108384537540 0
-0.820014489107 0.889221739674 -0.201575282602 0
-0.845270580691 0.773955865097 -0.167353053279 0
-0.870874275096 0.586025023581 -0.200873622520 0
-0.805052632397 0.588599436102 -0.124812613638 0
-0.857800000000 0.653081481481 -0.150990370370 0
-0.998856469954 0.765652957848 -0.267466129791 0
-0.756184343829 0.765389496097 -0.050200697230 0
-1.010461114008 0.655451393164 -0.257524880815 0
-0.736293548542 0.660313169697 -0.064985944028 0
-1.006446738639 0.554337382373 -0.255254755117 0
-0.705736577096 0.564532354444 -0.079517938094 0
-0.855231533065 0.316942467607 -0.236363828262 0
-0.792215362072 0.314659137255 -0.151437830163 0
-0.870106264143 0.028752690687 -0.248388727468 0
-0.850732330584 0.034220544723 -0.114962268201 0
-0.847557565712 0.025046320836 -0.284349520378 0
-0.806064720768 0.034794891648 -0.126537656031 0
-0.811814316567 1.007635255220 -0.241943777160 0
-0.919200679354 0.925272821988 -0.295637112961 0
-0.731521267126 0.921891415316 -0.099740262778 0
-0.823922662143 0.889166619867 -0.198127567589 0
-0.852767393367 0.774583710050 -0.164435847411 0
-0.878803892303 0.586777443544 -0.197931451340 0
-0.817110106219 0.589391003307 -0.118486883347 0
-0.867940740741 0.654055555556 -0.147816666667 0
-0.999148272119 0.767295749990 -0.269763813382 0
-0.767605912892 0.764466954394 -0.044217619581 0
-1.013969789777 0.657745127012 -0.257239250584 0
-0.746870308213 0.659830572294 -0.060847227801 0
-1.011737998167 0.556838971914 -0.251364298003 0
-0.715434427625 0.564511455220 -0.076427772894 0
-0.858136219481 0.318129871035 -0.234139200459 0
-0.806567977347 0.315496962552 -0.146556492431 0
-0.870445421293 0.030035762665 -0.248962293059 0
-0.857074513970 0.032314683119 -0.114230222172 0
-0.848048895916 0.023778707343 -0.284663896872 0
-0.812275427373 0.035372569076 -0.124870053843 0
-0.813117553018 1.007424931936 -0.237914438427 0
-0.915864081910 0.925974831486 -0.296891078688 0
-0.739237305326 0.920135348550 -0.091028372427 0
-0.826908460654 0.888612809676 -0.194028808602 0
-0.860300233502 0.775066543089 -0.161035061823 0
-0.887863585381 0.587555275709 -0.194716743171 0
-0.829875145318 0.590212634356 -0.112529928027 0
-0.878892592593 0.655029629630 -0.144491481481 0
-0.998227505080 0.769176102420 -0.271430804059 0
-0.778481879538 0.762515164655 -0.038273586028 0
-1.016493394764 0.660433641106 -0.256621501741 0
-0.757178671208 0.658324750475 -0.056869621565 0
-1.015912512902 0.559968867929 -0.247643905932 0
-0.725024256368 0.563496092048 -0.073731754778 0
-0.861856932356 0.319488061584 -0.231774734494 0
-0.818712038939 0.316666769469 -0.143594857703 0
-0.870862442450 0.031144487657 -0.248906028879 0
-0.859940515347 0.030632281060 -0.113754002079 0
-0.848725415205 0.023409829569 -0.284479708673 0
-0.815076609638 0.034060229047 -0.124000659171 0
-0.813175865079 1.006630331764 -0.232980802856 0
-0.912806717376 0.925950144417 -0.296505659460 0
-0.745972220195 0.917353390475 -0.082723251464 0
-0.829711238127 0.887205998119 -0.189343621920 0
-0.867876170351 0.774984430562 -0.156996842226 0
-0.897733038338 0.587991063402 -0.191034830541 0
-0.843142663931 0.590656936016 -0.106553013179 0
-0.890433333333 0.655618518519 -0.140744814815 0
-0.998770930088 0.770677586717 -0.273737535788 0
-0.788741345475 0.759636232530 -0.033090334193 0
-1.019296993460 0.662688025160 -0.256567318237 0
-0.767071648678 0.655879649227 -0.053590999833 0
-1.019479776534 0.562756122265 -0.244919196799 0
-0.734414127911 0.561507894277 -0.071829520135 0
-0.865502156511 0.320779507905 -0.229360107796 0
-0.828246656445 0.317669669343 -0.140802775108 0
-0.871222990830 0.032271553686 -0.248662651531 0
-0.861008418304 0.029063974343 -0.113715116241 0
-0.849345171483 0.023993765690 -0.284274431206 0
-0.816105751915 0.032327387452 -0.123845048647 0
-0.812286191687 1.004801845874 -0.227232440327 0
-0.910965967902 0.925640682307 -0.295309129978 0
-0.753382783219 0.914428622176 -0.074736236790 0
-0.833503974729 0.885616572357 -0.184460674553 0
-0.876193159353 0.774845167405 -0.152793562265 0
-0.907959219096 0.588431517002 -0.187146652872 0
-0.856389498546 0.591113191662 -0.100788295645 0
-0.902155555556 0.656174074074 -0.136816666667 0
-0.998869322876 0.771109837893 -0.275035531222 0
-0.799899674159 0.756844188468 -0.028145984864 0
-1.021862487620 0.663813862855 -0.256684259625 0
-0.778096027889 0.653505974737 -0.050531163486 0
-1.022598274950 0.564443920866 -0.243649709396 0
-0.745310462902 0.559482398329 -0.070263972090 0
-0.869941147719 0.322285837944 -0.227529517782 0
-0.836442151654 0.318855135572 -0.138133164672 0
-0.871820956195 0.033920879338 -0.248757671163 0
-0.862349325592 0.027966251309 -0.113759664763 0
-0.850377827117 0.022783125347 -0.283850437604 0
-0.817458627140 0.031267978040 -0.123930143489 0
-0.811013749003 1.002600412794 -0.220397607947 0
-0.909285554579 0.925640813578 -0.293347153635 0
-0.760819849384 0.911137939654 -0.066723737755 0
-0.837490295062 0.884035012267 -0.179311773854 0
-0.884688108189 0.774838033961 -0.148627390241 0
-0.918039772272 0.588983434547 -0.183232502390 0
-0.869170906562 0.591776157147 -0.095321024276 0
-0.913603703704 0.656859259259 -0.132942962963 0
-0.997621700111 0.771175668978 -0.274504515991 0
-0.811458466914 0.754132823562 -0.022537196821 0
-1.022808399010 0.664359138752 -0.256235960420 0
-0.789873729452 0.651116582958 -0.046558747780 0
-1.023956501787 0.565440880103 -0.242717598263 0
-0.757324746626 0.557293160362 -0.067613832247 0
-0.874650512197 0.324025388525 -0.225944069551 0
-0.843056743420 0.320413271024 -0.135286253098 0
-0.872955359485 0.035123118089 -0.248619954583 0
-0.863207692903 0.027674627297 -0.114088117160 0
-0.851467656344 0.022976481769 -0.283348868256 0
-0.818331749006 0.030964724208 -0.124327246328 0
-0.810095473663 1.000305545802 -0.213072909012 0
-0.908662396326 0.925092678599 -0.291143124523 0
-0.768625606912 0.908494118659 -0.059357108950 0
-0.841882907353 0.882506932780 -0.174452833841 0
-0.892669857106 0.774618822825 -0.144842770074 0
-0.927673460540 0.589494746749 -0.179701798365 0
-0.881275231073 0.592277093211 -0.090461358149 0
-0.924529629630 0.657403703704 -0.129359629630 0
-0.997135329717 0.770541056314 -0.273703611815 0
-0.822609100811 0.752061910959 -0.017142499576 0
-1.023838177751 0.664092080004 -0.255442877903 0
-0.801647675212 0.649158467350 -0.042178105423 0
-1.025061734134 0.565545113572 -0.241833818414 0
-0.769575955654 0.555389763864 -0.064121198195 0
-0.879317909916 0.325741132129 -0.224483976854 0
-0.847822811742 0.321932969048 -0.131837379800 0
-0.874483671871 0.035725040494 -0.248170707478 0
-0.863218448544 0.027557444380 -0.114780576380 0
-0.852435307959 0.023069615946 -0.282362365574 0
-0.818387984504 0.031301766586 -0.125062812988 0
-0.810684283332 0.998347696887 -0.205566837551 0
-0.908750245395 0.924328037908 -0.288591398107 0
-0.776600271533 0.906370800675 -0.052319322660 0
-0.846507304097 0.881124546998 -0.169642062398 0
-0.900144269524 0.774297370360 -0.141160064325 0
-0.936276566385 0.589956606130 -0.176383079264 0
-0.892246058610 0.592614695879 -0.085947233144 0
-0.934492592593 0.657785185185 -0.125866296296 0
-0.996863503258 0.769485718110 -0.271926756329 0
-0.833650673731 0.750495054439 -0.012128156857 0
-1.024952522494 0.663332559081 -0.254027178674 0
-0.813477946496 0.647573275874 -0.037729918566 0
-1.026174689014 0.565087531591 -0.241001469224 0
-0.781976701340 0.553772810236 -0.060251794161 0
-0.883763859207 0.327299265243 -0.222893388592 0
-0.851582246598 0.323369444366 -0.128023757799 0
-0.876904518547 0.036062605160 -0.247704191960 0
-0.862919564146 0.027604570613 -0.115619864885 0
-0.853670979871 0.022379636600 -0.280694170091 0
-0.818131657712 0.031935378788 -0.125857168347 0
-0.812615751463 0.996737523640 -0.198397252194 0
-0.909511570359 0.923617584634 -0.285457463006 0
-0.784336715043 0.904567409441 -0.045501387820 0
-0.851232482945 0.879923686492 -0.164692977045 0
-0.907176443443 0.773973383639 -0.137330994673 0
-0.943365776889 0.590558137666 -0.173483218339 0
-0.901753373850 0.592832687072 -0.081899225973 0
-0.943396296296 0.658011111111 -0.122434814815 0
-0.996927031981 0.768364888742 -0.268936628133 0
-0.844576867074 0.749404609926 -0.007252777465 0
-1.025806236415 0.662275505610 -0.251939116800 0
-0.825042070058 0.646439660817 -0.033173668466 0
-1.026819808135 0.564185852232 -0.239969744804 0
-0.794061371497 0.552498632168 -0.055777853350 0
-0.887520963702 0.328907730927 -0.221754260436 0
-0.855179412663 0.324654945439 -0.124660774457 0
-0.879925672538 0.035452703560 -0.247520771022 0
-0.862838159277 0.027744992696 -0.116302111181 0
-0.854451943985 0.023477728361 -0.279505903938 0
-0.818087783366 0.032588916887 -0.126473399136 0
-0.815372201852 0.995496416964 -0.191021530428 0
-0.911494176283 0.923465804673 -0.282137271629 0
-0.792709825748 0.903661059637 -0.039014624105 0
-0.856768939503 0.879440623025 -0.159840085749 0
-0.914487654379 0.774150354267 -0.133598695095 0
-0.950091976376 0.591680787200 -0.171059231530 0
-0.910841100618 0.593234400841 -0.078423664082 0
-0.951955555556 0.658548148148 -0.119279629630 0
-0.998256058784 0.767732274308 -0.266734552323 0
-0.856016035274 0.749295270023 -0.002533762047 0
-1.027640263040 0.661560554410 -0.251177705348 0
-0.837058245850 0.646248086782 -0.028556096223 0
-1.028440986510 0.563557818249 -0.240076370615 0
-0.806495646430 0.552072531758 -0.050623866264 0
-0.890128078125 0.331466682340 -0.222075136401 0
-0.859430697464 0.326067727074 -0.121965872022 0
-0.881744679630 0.034666578333 -0.247970744598 0
-0.862987481723 0.027812160631 -0.116827710436 0
-0.853445359398 0.028353870530 -0.279190254519 0
-0.818280833933 0.033049928754 -0.126996106225 0
-0.818925111729 0.994632043276 -0.184702056803 0
-0.914434773388 0.923965790420 -0.278386003073 0
-0.800800606469 0.903032095247 -0.032907637200 0
-0.862596246751 0.879417932259 -0.155025047648 0
-0.921668741833 0.774608085981 -0.129899030314 0
-0.956450402540 0.593128924272 -0.169166512958 0
-0.919057080179 0.593441323977 -0.075753263530 0
-0.959759259259 0.659151851852 -0.116385185185 0
-1.000423208219 0.767617726868 -0.265004202142 0
-0.866880383697 0.749500972369 0.002149228227 0
-1.030526295560 0.661336495715 -0.251738264902 0
-0.848539692021 0.646321897443 -0.023792613572 0
-1.031261632061 0.563459267648 -0.241125603945 0
-0.818177408854 0.551964220102 -0.044980754294 0
-0.892121856890 0.334410932651 -0.222425418667 0
-0.863973152989 0.327233495775 -0.120654690741 0
-0.883271606357 0.034823021779 -0.247921916730 0
-0.863558097706 0.027575459004 -0.117026911514 0
-0.852802081648 0.032857603309 -0.277638995983 0
-0.818883219906 0.032842530733 -0.127319048968 0
-0.823892984221 0.994544058251 -0.179019508005 0
-0.917469327523 0.924400611690 -0.274991598247 0
-0.808853765682 0.902565499667 -0.027329612457 0
-0.868388822753 0.879437352135 -0.150657052864 0
-0.928568733134 0.775000832038 -0.126642366182 0
-0.962240750674 0.594388476408 -0.167583079401 0
-0.926323430029 0.593643422264 -0.073594865824 0
-0.966955555556 0.659596296296 -0.113902962963 0
-1.002731966244 0.767449328919 -0.264296843829 0
-0.877759065039 0.750143266623 0.007121063277 0
-1.032879259032 0.660944955684 -0.253078988734 0
-0.860023550294 0.646616577774 -0.017838060157 0
-1.032905330329 0.563265002818 -0.242735331135 0
-0.829837543817 0.552023439289 -0.037859222681 0
-0.893390304503 0.337293964139 -0.223005997355 0
-0.868280961637 0.328280409034 -0.119752509493 0
-0.884847176103 0.035205533350 -0.246286060345 0
-0.864238882509 0.027364184788 -0.117109220122 0
-0.852761974642 0.036982386193 -0.274263591441 0
-0.819597424622 0.032682018913 -0.127519586225 0
-0.829769250721 0.994918311663 -0.173703465191 0
-0.920297297770 0.924848665869 -0.272178740737 0
-0.817875773114 0.902344886005 -0.021950879027 0
-0.874494565951 0.879577435312 -0.146710436868 0
-0.935586709722 0.775391078995 -0.123963934487 0
-0.967641292678 0.595555645590 -0.166150306530 0
-0.933074672820 0.593847904731 -0.071669484496 0
-0.973829629630 0.659937037037 -0.111628888889 0
-1.004740247422 0.767313219500 -0.263825783853 0
-0.889507582757 0.751183049722 0.012491965845 0
-1.033803802782 0.660363549647 -0.254081097005 0
-0.872545714931 0.647124165301 -0.010731411228 0
-1.032789371079 0.562672756126 -0.244093779097 0
-0.842502001607 0.552286972966 -0.029291328641 0
-0.894285399680 0.340031511704 -0.223036174509 0
-0.871872969682 0.329266847351 -0.118233425534 0
-0.887213207986 0.036101780320 -0.243804495846 0
-0.864576043152 0.027429374942 -0.117379487604 0
-0.853803411381 0.037901742045 -0.270184511648 0
-0.819946120008 0.032766291966 -0.127829469482 0
-0.835830852542 0.995314382768 -0.168653486594 0
-0.923649110850 0.925138605310 -0.269475450523 0
-0.827772225072 0.902241743807 -0.016702967639 0
-0.881269851217 0.879694054697 -0.142871892096 0
-0.943035649630 0.775648136512 -0.121442417579 0
-0.972749411117 0.596359293365 -0.164847356749 0
-0.939370187768 0.593822915011 -0.069959066888 0
-0.980444444444 0.659925925926 -0.109567037037 0
-1.006670774550 0.766752097592 -0.263237019100 0
-0.901833010381 0.752309312243 0.017975447966 0
-1.034248301110 0.659302904731 -0.254749850197 0
-0.885960159513 0.647690944343 -0.003433226280 0
-1.032452103755 0.561412713165 -0.245077954415 0
-0.855913563068 0.552730928201 -0.020284252708 0
-0.895097677423 0.342218979680 -0.222228374737 0
-0.874983143670 0.330033527086 -0.116718583213 0
-0.890711712679 0.037119570750 -0.239825926132 0
-0.864842720254 0.027380827046 -0.117738024218 0
-0.856154031451 0.038540514234 -0.264707790870 0
-0.820227805256 0.032815340502 -0.128201783948 0
-0.842289225401 0.995496190814 -0.163852246556 0
-0.927151071429 0.925221415100 -0.266847143992 0
-0.837788980275 0.901883415837 -0.011738684603 0
-0.888161217246 0.879577508359 -0.139230158907 0
-0.950473783612 0.775618743124 -0.119151641487 0
-0.977521240272 0.596772330519 -0.163584569802 0
-0.945135989671 0.593637226749 -0.068370285226 0
-0.986785185185 0.659566666667 -0.107665925926 0
-1.008288066098 0.765792847518 -0.262709459608 0
-0.914092209434 0.753132748746 0.023166654873 0
-1.034445705098 0.657903421304 -0.255392992789 0
-0.899943561624 0.647838143200 0.003979590536 0
-1.031760807030 0.559913698058 -0.245855144049 0
-0.870080329426 0.552745677264 -0.010594796763 0
-0.895562002525 0.343963494545 -0.220856271476 0
-0.877700524231 0.330689822358 -0.115573097867 0
-0.894043060682 0.038130935421 -0.235483297533 0
-0.865119248192 0.027338808178 -0.118088791300 0
-0.858528527486 0.038873390930 -0.259010437113 0
-0.820520987146 0.032894199189 -0.128560065666 0
-0.849010733056 0.995504892445 -0.159093526425 0
-0.931729593625 0.925229080914 -0.263853475893 0
-0.847384149599 0.901362779601 -0.007091295402 0
-0.895196004513 0.879312560481 -0.135609022399 0
-0.957581620091 0.775161881483 -0.116861725592 0
-0.982071610048 0.596710459415 -0.162364068164 0
-0.950515853685 0.593292224839 -0.066881382654 0
-0.992988888889 0.658814814815 -0.105975185185 0
-1.011334227309 0.764987698778 -0.261955517951 0
-0.925779491872 0.753760796616 0.028053425298 0
-1.036266064102 0.656748425023 -0.255588086382 0
-0.914292100871 0.647674996596 0.011648410457 0
-1.032469309815 0.558842646007 -0.245975290711 0
-0.885083563535 0.552340911600 0.000878353495 0
-0.895734244041 0.345252430451 -0.219147788643 0
-0.880069598658 0.331229096990 -0.114601684112 0
-0.897304592819 0.038705213054 -0.230913458678 0
-0.865339575451 0.027333082773 -0.118414094878 0
-0.860887734304 0.039412982252 -0.253019364761 0
-0.820742235539 0.032861762870 -0.128903413906 0
-0.856180065138 0.995448850077 -0.154370963217 0
-0.936736747263 0.924939949624 -0.261054509673 0
-0.857016107215 0.900601601251 -0.002863038192 0
-0.902333078803 0.878759237898 -0.132316794551 0
-0.964464135996 0.774229054857 -0.114888814368 0
-0.986217599917 0.596152803122 -0.161208843015 0
-0.955358273128 0.592726608951 -0.065499091876 0
-0.998937037037 0.657592592593 -0.104470740741 0
-1.015363833570 0.764205870164 -0.261425314627 0
-0.937489363910 0.754263831152 0.032867039666 0
-1.038873958048 0.655607765330 -0.255803328583 0
-0.929441652056 0.647420616209 0.019636643444 0
-1.033714708517 0.557872908332 -0.245904041016 0
-0.902043807209 0.551579905825 0.012911659782 0
-0.895296547938 0.346205555762 -0.217506337236 0
-0.882031676558 0.331530373120 -0.113631426323 0
-0.900584810176 0.039233706414 -0.227406121069 0
-0.865332701589 0.027149806743 -0.118744077928 0
-0.863511855386 0.038601332072 -0.248395540569 0
-0.820725291636 0.032615164815 -0.129223757450 0
-0.863571009347 0.995167178612 -0.149776993506 0
-0.942049127454 0.924386824197 -0.258490086356 0
-0.866651475690 0.899387225282 0.000933863501 0
-0.909589291592 0.877844687986 -0.129378280363 0
-0.971337025458 0.772875325810 -0.113282283191 0
-0.990028864840 0.595053006367 -0.160116030399 0
-0.959729114739 0.592065862152 -0.064212978139 0
-1.004718518519 0.655925925926 -0.103242962963 0
-1.019625696058 0.763168753561 -0.261390121064 0
-0.949580359675 0.754531578396 0.037085879081 0
-1.041539316756 0.654213783397 -0.256243398019 0
-0.945096212458 0.647162973511 0.026734225172 0
-1.034783658656 0.556724765061 -0.245982277263 0
-0.920249474861 0.550648973780 0.022176456167 0
-0.893985415978 0.347004306603 -0.216304734668 0
-0.882728171791 0.331773838170 -0.111498303903 0
-0.903401366132 0.039764587091 -0.224956678261 0
-0.864567842537 0.027298542464 -0.119424534799 0
-0.865897556767 0.038041602690 -0.245102526791 0
-0.819940135647 0.032815237549 -0.129790281155 0
-0.870839262752 0.994446867900 -0.145369968626 0
-0.947798347363 0.923542947611 -0.256160341790 0
-0.876283437555 0.897619190954 0.004270355542 0
-0.917014413650 0.876504833948 -0.126818024190 0
-0.978188242505 0.771010316498 -0.112028646504 0
-0.993563055187 0.593346595580 -0.159011259089 0
-0.963458163753 0.591208509307 -0.063024190073 0
-1.010233333333 0.653714814815 -0.102146296296 0
-1.024111450189 0.761791755588 -0.261697734099 0
-0.962131433870 0.754626545778 0.041020204773 0
-1.044195271861 0.652472011634 -0.256827955615 0
-0.961082281569 0.647017961758 0.032384606680 0
-1.035674916442 0.555257386772 -0.246201557321 0
-0.938909699864 0.549889194896 0.028366094477 0
-0.891691881285 0.347823634301 -0.216023638656 0
-0.882947849538 0.331844641684 -0.109558676996 0
-0.905226583155 0.040179303132 -0.223330387973 0
-0.863562183834 0.027332885128 -0.120136481661 0
-0.867369252266 0.038437349951 -0.242802103413 0
-0.818920234470 0.032942384918 -0.130390491292 0
-0.878368366498 0.993323320553 -0.141131827101 0
-0.953978152762 0.922834824478 -0.253890861594 0
-0.886125202043 0.895400374445 0.007363611338 0
-0.924723819739 0.875009333130 -0.124482298467 0
-0.985110739780 0.768887796801 -0.111100005986 0
-0.996867372564 0.591349834588 -0.158071655910 0
-0.966610178034 0.590190963996 -0.062115663301 0
-1.015388888889 0.651170370370 -0.101200740741 0
-1.028890798083 0.760567903483 -0.262570862693 0
-0.974895996165 0.754515651934 0.045292064222 0
-1.046724297610 0.650862870552 -0.257605674079 0
-0.976987949814 0.646865143117 0.037400720155 0
-1.036186899722 0.553955944177 -0.246455348199 0
-0.958023708606 0.548934385035 0.033277645914 0
-0.888633941741 0.349022623757 -0.217001439165 0
-0.882783424715 0.331787740788 -0.108135600939 0
-0.906088288091 0.040871207614 -0.223628433991 0
-0.862325528342 0.027195037350 -0.120948937493 0
-0.868008387225 0.039829920064 -0.242712366377 0
-0.817706771572 0.033155370479 -0.131105502742 0
-0.886142648256 0.992004667542 -0.136976847756 0
-0.960947651723 0.921860801002 -0.251893296271 0
-0.896156673143 0.893189167651 0.010004848306 0
-0.932886316522 0.873384145873 -0.122462831510 0
-0.992264079302 0.766569644902 -0.110305118551 0
-0.999867661787 0.589220608782 -0.157340780036 0
-0.969361721710 0.589136808842 -0.061456610763 0
-1.020340740741 0.648362962963 -0.100429629630 0
-1.034311654269 0.759153960558 -0.264621520830 0
-0.987695402841 0.754437346778 0.049195658886 0
-1.049329433149 0.649052712366 -0.259138591183 0
-0.992835854530 0.646868681819 0.041590416936 0
-1.036216136174 0.552631283252 -0.247186188188 0
-0.976447745046 0.548533226122 0.036557062617 0
-0.884804593047 0.350850525453 -0.219388065209 0
-0.882386095524 0.331652628042 -0.106779034397 0
-0.905916052056 0.041799965027 -0.224958731596 0
-0.860836586092 0.026994020145 -0.121664280469 0
-0.867654967936 0.040584366481 -0.243666253271 0
-0.816199654158 0.032939179089 -0.131749628114 0
-0.895016948334 0.990852513513 -0.133014488852 0
-0.968747883642 0.920879942699 -0.250048454007 0
-0.906557660105 0.891014846075 0.012346331949 0
-0.941595565182 0.871773364134 -0.120661571451 0
-0.999708345130 0.764171669413 -0.109648530707 0
-1.002812035606 0.587042548443 -0.156746334295 0
-0.972018206396 0.588090241370 -0.060959927422 0
-1.025203703704 0.645440740741 -0.099789259259 0
-1.039981133950 0.757688578717 -0.267717728739 0
-1.000569158684 0.754361457956 0.053028221223 0
-1.052122041698 0.647280569299 -0.261349772322 0
-1.008340144796 0.646974948299 0.045089017975 0
-1.036038116969 0.551663858117 -0.248313594132 0
-0.991204601505 0.549771706621 0.037843226711 0
-0.880568718139 0.353352985674 -0.222742028084 0
-0.881882021496 0.331550637510 -0.105455824081 0
-0.904962556524 0.043199402603 -0.226849476243 0
-0.859194390845 0.026879254861 -0.122213228319 0
-0.866496893848 0.042132254312 -0.245141922621 0
-0.814515705474 0.032567438798 -0.132261834264 0
-0.904610279702 0.989739499407 -0.129170712744 0
-0.977326821119 0.919681686959 -0.248295805877 0
-0.916907991181 0.888563988258 0.014367144333 0
-0.950648851531 0.869920168139 -0.119060566808 0
-1.007324535508 0.761492659191 -0.109068858571 0
-1.005671210891 0.584709927543 -0.156350937330 0
-0.974616817728 0.586814271305 -0.060666091497 0
-1.029951851852 0.642240740741 -0.099285185185 0
-1.045540212719 0.755912300554 -0.271626510544 0
-1.012819089829 0.753710369123 0.056591414917 0
-1.055165769518 0.645332019094 -0.264061389118 0
-1.021797571836 0.646478185282 0.047877791132 0
-1.035993540217 0.550870468098 -0.249758759709 0
-1.000829550392 0.552054910124 0.037825446949 0
-0.876240132710 0.356043559350 -0.226128871304 0
-0.880693474910 0.331460676210 -0.104139441292 0
-0.904257274966 0.044887317823 -0.228864006032 0
-0.857406411682 0.026977621601 -0.122775640130 0
-0.865603266124 0.044177292568 -0.246772748858 0
-0.812680831976 0.032331712286 -0.132799166324 0
-0.914724933333 0.988416935448 -0.125494397651 0
-0.987168416728 0.918333447460 -0.246358684735 0
-0.926817745732 0.886058310713 0.016180233628 0
-0.959981541685 0.867959891104 -0.117467069494 0
-1.014844085990 0.758545620301 -0.108340846168 0
-1.008470919753 0.582175279907 -0.155986269080 0
-0.977299827665 0.585459535144 -0.060372619401 0
-1.034692592593 0.638822222222 -0.098895185185 0
-1.051699241239 0.753994379740 -0.275448958128 0
-1.023171450451 0.751643054827 0.058792779155 0
-1.059494324484 0.643406570833 -0.266097260312 0
-1.031123543248 0.644375795983 0.049530974250 0
-1.037319731033 0.550476812865 -0.250320093496 0
-1.005881092194 0.552905537512 0.037127849689 0
-0.872394469977 0.358651751602 -0.229675509282 0
-0.879675230671 0.331405413408 -0.103301936742 0
-0.904198363798 0.046658029899 -0.230549977943 0
-0.856037487636 0.027034994326 -0.123118128216 0
-0.865393123481 0.046591543087 -0.248142831848 0
-0.811273363406 0.032098051008 -0.133120802029 0
-0.925336688754 0.987037076135 -0.122030867014 0
-0.997039252997 0.916599969526 -0.244818126546 0
-0.937297681756 0.883349051569 0.017738329702 0
-0.969544620977 0.865710907336 -0.116194573518 0
-1.022465904577 0.755287860206 -0.107942248271 0
-1.011526679614 0.579549923611 -0.155741217382 0
-0.980373302216 0.583867059985 -0.060162858274 0
-1.039670370370 0.635188888889 -0.098574074074 0
-1.057655486809 0.751873697960 -0.279584894468 0
-1.032315092171 0.747758391806 0.059621395104 0
-1.064400601694 0.641417136428 -0.268107416817 0
-1.036913830649 0.640325857753 0.050009742747 0
-1.039296173900 0.550507754794 -0.250774466337 0
-1.007802647135 0.550915369510 0.035982274374 0
-0.869343897636 0.361106249774 -0.233046391079 0
-0.878841190925 0.331307450598 -0.102846099476 0
-0.904424270866 0.048275624352 -0.231883709009 0
-0.855150961987 0.027075101501 -0.123381935648 0
-0.865516940808 0.048814595207 -0.249241381182 0
-0.810369683379 0.032042789502 -0.133355601300 0
-0.936701504626 0.985532400266 -0.118707857184 0
-1.007076808855 0.914335593606 -0.243880676480 0
-0.948551614374 0.880445942701 0.018867995770 0
-0.979592154307 0.863109321407 -0.115388915519 0
-1.030508495870 0.751723436305 -0.107909963674 0
-1.014480072655 0.576961481175 -0.155839561800 0
-0.983466737200 0.582026561516 -0.060252369642 0
-1.044633333333 0.631285185185 -0.098432592593 0
-1.062907940179 0.749147397244 -0.284049632841 0
-1.038875175152 0.741398294635 0.059791490241 0
-1.069105667356 0.638943148788 -0.270103563373 0
-1.039862137816 0.633918206099 0.049675260568 0
-1.041263730193 0.550404628222 -0.251209762125 0
-1.007260754453 0.546246990514 0.034660002545 0
-0.866768855798 0.363300017316 -0.236088220899 0
-0.878004414330 0.331062365168 -0.102815917462 0
-0.904812723822 0.049803260597 -0.232728071286 0
-0.854777121013 0.026976960698 -0.123419302408 0
-0.865875889603 0.050647618888 -0.250007238082 0
-0.809983204745 0.031934316572 -0.133341224228 0
-0.949012046362 0.983768437180 -0.115621674330 0
-1.015888314145 0.911949507660 -0.243160397645 0
-0.958648986943 0.877506031720 0.019799443364 0
-0.988430733778 0.860438546411 -0.114776707149 0
-1.037598724902 0.748215494246 -0.108052125449 0
-1.017236500623 0.574817648117 -0.156117163625 0
-0.986536292231 0.580321920188 -0.060453202212 0
-1.049388888889 0.627618518519 -0.098375185185 0
-1.067123153073 0.746224551689 -0.287069744547 0
-1.042699835068 0.734325249298 0.059824996935 0
-1.073029804952 0.636295219594 -0.270990737661 0
-1.040360135105 0.626921523793 0.049136349617 0
-1.042859947132 0.550108843094 -0.250924144263 0
-1.004698596116 0.540664979835 0.033981042800 0
-0.864856581818 0.365300024072 -0.238533166749 0
-0.877559440558 0.330880655759 -0.103115672794 0
-0.905761096384 0.051205101473 -0.233005495501 0
-0.854553827531 0.026771498280 -0.123496639918 0
-0.866831584862 0.051508835293 -0.250319087951 0
-0.809782386536 0.031980663493 -0.133390957148 0
-0.960323459421 0.981922526645 -0.112988704457 0
-1.025016234237 0.909771858243 -0.242545526413 0
-0.968793921655 0.874917744172 0.020579565315 0
-0.997448498345 0.858057680807 -0.114267182084 0
-1.044705737445 0.744985458707 -0.108221546863 0
-1.019813695595 0.573091478068 -0.156483145129 0
-0.989994322779 0.578746725126 -0.060549748936 0
-1.054159259259 0.624222222222 -0.098501481481 0
-1.072791711336 0.743475344150 -0.288161024718 0
-1.047319232495 0.728427074258 0.059842596905 0
-1.077711430289 0.633622899367 -0.271246007890 0
-1.041655774633 0.621214967210 0.048494866859 0
-1.045045757132 0.549855019307 -0.250520311064 0
-1.003140281824 0.536279041790 0.033289609697 0
-0.863319625504 0.367161751536 -0.240222178847 0
-0.877744971375 0.330824061777 -0.103577892096 0
-0.906940814527 0.052515550697 -0.232899282265 0
-0.854270009952 0.026463848254 -0.123568711955 0
-0.867967097692 0.052288248472 -0.250114314500 0
-0.809522824559 0.031784833659 -0.133513125369 0
-0.972358899950 0.980460043086 -0.110811512935 0
-1.033969640697 0.908348150497 -0.241656047157 0
-0.978263522862 0.872905015921 0.021500150269 0
-1.006052612338 0.856355352359 -0.113566007329 0
-1.051299793471 0.742446665041 -0.108199136159 0
-1.021886462755 0.571791226265 -0.156482539401 0
-0.992841273267 0.577858876190 -0.060337056348 0
-1.058137037037 0.621544444444 -0.098462222222 0
-1.079999336479 0.741261813643 -0.286166985592 0
-1.052552489437 0.724356349995 0.061271619454 0
-1.082562430194 0.631186449973 -0.270206850343 0
-1.043824921365 0.617490806848 0.048667379167 0
-1.046767197395 0.550005436918 -0.249646224868 0
-1.002372819127 0.534391034535 0.032874989055 0
-0.861900819512 0.368873417876 -0.240972947174 0
-0.878525827535 0.330990794274 -0.103984667905 0
-0.908105152596 0.053776849331 -0.232437617026 0
-0.854104879580 0.026186595117 -0.123590546150 0
-0.869016939792 0.053324606056 -0.249386560973 0
-0.809387282164 0.031674549334 -0.133577221487 0
-0.983919755552 0.979590874638 -0.108983817409 0
-1.042996725194 0.907087712676 -0.240926676433 0
-0.986699364862 0.871305314921 0.022057731522 0
-1.014193025785 0.854949205063 -0.113092437052 0
-1.057338425403 0.740233863003 -0.108118106421 0
-1.023638987101 0.570765282264 -0.156426508804 0
-0.994998773741 0.577177945351 -0.060181980387 0
-1.061366666667 0.619248148148 -0.098272592593 0
-1.088341147193 0.739119263548 -0.282739162467 0
-1.059986975905 0.722351364037 0.062169737803 0
-1.087508812873 0.628762456803 -0.268647907084 0
-1.046704020449 0.616058359131 0.048729431552 0
-1.048425767971 0.549933341015 -0.248836779813 0
-1.001442267609 0.535274903585 0.032500713916 0
-0.860874664713 0.370147865461 -0.241102948528 0
-0.879176038027 0.331112509874 -0.104384699211 0
-0.909260156387 0.054658925036 -0.231888861246 0
-0.853958190513 0.025916445668 -0.123613643555 0
-0.870051520908 0.054100815380 -0.248554125196 0
-0.809254183620 0.031471721332 -0.133623914503 0
-0.994230376715 0.978736534516 -0.107582380705 0
-1.051755571327 0.905576590683 -0.240592865178 0
-0.994082221740 0.869834623283 0.022098718453 0
-1.021707140907 0.853486579264 -0.113025657897 0
-1.062790019989 0.738037233792 -0.108149133042 0
-1.025270129971 0.569667685779 -0.156359630965 0
-0.996964676678 0.576192944482 -0.060023679046 0
-1.064137037037 0.617037037037 -0.098038518519 0
-1.096423271389 0.737021420424 -0.280739492026 0
-1.068372823547 0.721414828558 0.062345426157 0
-1.091744850917 0.626621449582 -0.267784189111 0
-1.049852425670 0.615944489789 0.048623759630 0
-1.049712508555 0.549577733222 -0.248428394489 0
-1.001031512164 0.536932722316 0.032263995439 0
-0.860439575119 0.370699665874 -0.240930827323 0
-0.879240369854 0.331121728859 -0.104723476048 0
-0.910115140753 0.054822942597 -0.231350278977 0
-0.853621703808 0.025748727178 -0.123654657330 0
-0.870783510427 0.054014610344 -0.247712707280 0
-0.808940112630 0.031562938780 -0.133617849473 0
-1.003430506654 0.977671970318 -0.106665031893 0
-1.060387263135 0.903806124772 -0.240440222811 0
-1.000522160805 0.868849754781 0.021866455176 0
-1.028688532848 0.852137039052 -0.113101438802 0
-1.067680097717 0.735989175996 -0.108013879289 0
-1.026713618247 0.568604768770 -0.156244897404 0
-0.998672037980 0.575163589638 -0.059834083879 0
-1.066488888889 0.615011111111 -0.097762222222 0
-1.104013571831 0.734806705066 -0.279857754772 0
-1.075197635843 0.720859251971 0.062972549248 0
-1.095345791187 0.624575107860 -0.267539247979 0
-1.052460978982 0.616321931094 0.048471700704 0
-1.050619816674 0.548978927364 -0.248400515451 0
-1.001032570657 0.538495745642 0.031854203305 0
-0.860377810959 0.370650245456 -0.240245361238 0
-0.878877237463 0.331140963443 -0.104769022074 0
-0.910727986967 0.054575665276 -0.230952775420 0
-0.853232810203 0.025712266765 -0.123710502123 0
-0.871258018805 0.053573371293 -0.246967663030 0
-0.808567143618 0.031802968829 -0.133579464645 0
-1.011912548316 0.976675921610 -0.106143495353 0
-1.068692961505 0.902206347592 -0.239911858379 0
-1.006473363338 0.867960396996 0.021940214495 0
-1.035259244116 0.850932268548 -0.112857440142 0
-1.072097001079 0.734105085817 -0.107645207492 0
-1.027829450585 0.567567528112 -0.156067206993 0
-0.999974989293 0.574164676135 -0.059604779367 0
-1.068318518519 0.613181481481 -0.097451111111 0
-1.110368621100 0.732761477068 -0.279527205753 0
-1.080710787225 0.719476552631 0.062048559279 0
-1.098022999923 0.622832777461 -0.267646646246 0
-1.054509876822 0.615735123770 0.047678108285 0
-1.050954440741 0.548623200251 -0.248397976175 0
-1.000827910228 0.539041783882 0.031397984800 0
-0.860436477946 0.370195990792 -0.239336294763 0
-0.878196736434 0.331119346289 -0.104504776769 0
-0.911092081706 0.054069653564 -0.230975037363 0
-0.852758146020 0.025804474313 -0.123819730344 0
-0.871529149451 0.052827646586 -0.246741819379 0
-0.808121114695 0.032310924618 -0.133551964587 0
-1.019887117922 0.975825167548 -0.105770661671 0
-1.076742791679 0.900598742471 -0.239076537219 0
-1.011800702836 0.867213289075 0.022225028401 0
-1.041353810147 0.849807489827 -0.112358194131 0
-1.075897275262 0.732297661820 -0.107026998709 0
-1.028523608056 0.566548377775 -0.155867411469 0
-1.000774113556 0.573075671126 -0.059369984995 0
-1.069551851852 0.611455555556 -0.097080740741 0
-1.115606339486 0.730644711203 -0.279363661772 0
-1.084766822366 0.717627179870 0.060529960172 0
-1.100242894106 0.621050445495 -0.267920649773 0
-1.056193533746 0.614449976725 0.046626235548 0
-1.051377484988 0.547716385415 -0.248766963438 0
-1.000970464662 0.538478974716 0.030988377646 0
-0.860667147101 0.369362353049 -0.238641514785 0
-0.877002828538 0.331016245040 -0.104145963427 0
-0.910974399092 0.053255148988 -0.230839478650 0
-0.852307260621 0.025975397138 -0.123873853484 0
-0.871321990854 0.052172097618 -0.246391749409 0
-0.807682128706 0.032829635662 -0.133420154349 0
-1.027772153137 0.975136171377 -0.105479916834 0
-1.084424262609 0.899161405366 -0.238154078641 0
-1.016704193877 0.866840898568 0.022575568173 0
-1.046995307333 0.848971701847 -0.111782654650 0
-1.079045230992 0.730770138858 -0.106348167653 0
-1.028645192089 0.565728553194 -0.155642255690 0
-1.000968483339 0.572168416951 -0.059118055269 0
-1.070088888889 0.610051851852 -0.096704074074 0
-1.120029811397 0.728660271792 -0.279134669690 0
-1.088095105349 0.716217521649 0.059767805921 0
-1.102241351041 0.619391313051 -0.268100795149 0
-1.058238480844 0.613378892368 0.046053582261 0
-1.051927643144 0.546488490783 -0.249515103222 0
-1.002197630638 0.537750366958 0.030865078342 0
-0.861010743176 0.368366753084 -0.238447348565 0
-0.875713765073 0.330833723901 -0.103680443881 0
-0.910875293261 0.052256478308 -0.230593481775 0
-0.851824599565 0.026117132207 -0.123940415777 0
-0.871178835655 0.051365963853 -0.246045272693 0
-0.807213670015 0.033339716396 -0.133279264032 0
-1.035328839982 0.974739848508 -0.105360583429 0
-1.091823617885 0.898487841449 -0.237166521448 0
-1.021478658851 0.867564148410 0.023037021080 0
-1.052298931618 0.849095117459 -0.111119594369 0
-1.081524441171 0.730158584769 -0.105624560120 0
-1.028475546507 0.565663775705 -0.155346372997 0
-1.000801024306 0.572013582796 -0.058815579515 0
-1.070166666667 0.609574074074 -0.096273703704 0
-1.123759790971 0.727428261143 -0.278837870498 0
-1.091335304277 0.716082642412 0.059652986103 0
-1.103949553557 0.618476955933 -0.268111797586 0
-1.060621695653 0.613500623801 0.045909430057 0
-1.052358720929 0.546106110750 -0.250021480044 0
-1.004099438710 0.538046346327 0.030835173468 0
-0.861136919182 0.368227754951 -0.238571810966 0
-0.875024348524 0.330877150655 -0.102979296751 0
-0.910710717249 0.052136030794 -0.230307378047 0
-0.851464015185 0.026412432972 -0.123922889195 0
-0.870990522095 0.051802493482 -0.245720179700 0
-0.806863477579 0.033970678928 -0.133043185669 0
-1.042375800567 0.975226269362 -0.105114497682 0
-1.098185520445 0.898115258875 -0.236163623194 0
-1.025462073116 0.868523738675 0.023540465602 0
-1.056803598948 0.849486966247 -0.110415877436 0
-1.083537099486 0.729967631397 -0.104844952996 0
-1.028169809501 0.565981180222 -0.155061795626 0
-1.000372140623 0.572194499124 -0.058557507676 0
-1.069959259259 0.609551851852 -0.095807407407 0
-1.126333982043 0.726542339588 -0.278450713119 0
-1.093753497136 0.716357924072 0.060271552382 0
-1.104791515760 0.617876263641 -0.268180019943 0
-1.062364919623 0.614038937370 0.046098910013 0
-1.052113950959 0.545926110646 -0.250666907503 0
-1.005570495433 0.538626295251 0.030748074173 0
-0.861171778306 0.368598388350 -0.239093712543 0
-0.874728556860 0.330901340466 -0.102241445690 0
-0.910664260802 0.052472279297 -0.230129060405 0
-0.851234081876 0.026558809867 -0.123855899995 0
-0.870990694300 0.052573635931 -0.245664743618 0
-0.806635592182 0.034307069866 -0.132825516953 0
-1.048717974364 0.975985424611 -0.105247741198 0
-1.103901253644 0.897983240880 -0.235152985394 0
-1.029034883984 0.869632667259 0.024080197794 0
-1.060869733237 0.850071582763 -0.109684140250 0
-1.085269532524 0.730074972433 -0.104030037309 0
-1.027970643308 0.566408083911 -0.154714984688 0
-1.000054179780 0.572537549057 -0.058239630112 0
-1.069785185185 0.609781481481 -0.095333703704 0
-1.128240088419 0.725767977818 -0.277192547568 0
-1.094777440099 0.716525040636 0.061540809767 0
-1.105449445183 0.617248954187 -0.268132241581 0
-1.063503325614 0.614283312889 0.046579509684 0
-1.052015036068 0.545489975492 -0.251510962768 0
-1.006911230634 0.538723103503 0.030664301152 0
-0.861200482435 0.369443651868 -0.240169054007 0
-0.874799580932 0.331006452417 -0.101725257851 0
-0.910820959189 0.053114880234 -0.230326340309 0
-0.851143163499 0.026648927526 -0.123809091759 0
-0.871292032206 0.053309335565 -0.246225576887 0
-0.806529180794 0.034410865260 -0.132689390982 0
-1.055193658757 0.976971040022 -0.105624584493 0
-1.108414488649 0.897714448276 -0.233995273845 0
-1.031258109859 0.870656875924 0.024704074023 0
-1.063675126874 0.850553292479 -0.108839831591 0
-1.086182509087 0.730153503830 -0.103153328938 0
-1.027996090993 0.566697092701 -0.154464894558 0
-0.999956668535 0.572656861836 -0.058014569211 0
-1.069781481481 0.609896296296 -0.094936296296 0
-1.129472939493 0.725015752599 -0.275822330361 0
-1.093682679156 0.716421684390 0.063200896033 0
-1.105814991148 0.616589075075 -0.267958607649 0
-1.063063693164 0.614120474943 0.047319401382 0
-1.051893983681 0.544793921108 -0.252243300854 0
-1.007022508180 0.538255265142 0.030669116868 0
-0.860958725513 0.370917877516 -0.242093026147 0
-0.874757507249 0.331043790089 -0.101203440126 0
-0.910927528576 0.054168826613 -0.230812770604 0
-0.851060558982 0.026692579103 -0.123597360920 0
-0.871637606316 0.053892428462 -0.247292613382 0
-0.806387424784 0.034124732221 -0.132462406065 0
-1.060591399258 0.977838374099 -0.105788034510 0
-1.112354887786 0.897260726533 -0.232682761528 0
-1.032989677285 0.871582895696 0.025488468400 0
-1.065980178866 0.850895347808 -0.107825611704 0
-1.086748214225 0.730141564307 -0.102132627515 0
-1.027982889280 0.566817925978 -0.154253285787 0
-0.999850672530 0.572573517968 -0.057817582539 0
-1.069722222222 0.609874074074 -0.094588888889 0
-1.129803501722 0.724406857963 -0.275518336572 0
-1.091950761083 0.716237834500 0.064970477261 0
-1.105161921801 0.616153507496 -0.268315163286 0
-1.061959202767 0.613885797868 0.048241799587 0
-1.050815376118 0.544118964352 -0.253197086764 0
-1.006552925615 0.537593977932 0.030826131240 0
-0.860594111571 0.372651812773 -0.244752952034 0
-0.874645108122 0.330942088116 -0.100885015077 0
-0.911492920769 0.055641690768 -0.231198756675 0
-0.851071647514 0.026612517771 -0.123444914020 0
-0.872555577128 0.053996610669 -0.248418994382 0
-0.806344410713 0.033670915866 -0.132342562524 0
-1.065405318911 0.978443947933 -0.106514947417 0
-1.116182006243 0.897218578432 -0.231334498421 0
-1.034544584422 0.873011359873 0.026269681523 0
-1.068162217318 0.851697682257 -0.106788853307 0
-1.087246309104 0.730628109290 -0.101058435011 0
-1.028002626257 0.567409039386 -0.154007111021 0
-0.999765109420 0.572933475824 -0.057588665875 0
-1.069659259259 0.610348148148 -0.094200740741 0
-1.130095219296 0.724292543167 -0.275161537192 0
-1.090561772954 0.716882619415 0.066929458405 0
-1.104569592531 0.616200749869 -0.268643281781 0
-1.061148438822 0.614528608367 0.049215231710 0
-1.049896420197 0.543798500306 -0.254168709283 0
-1.006441687448 0.537710655593 0.030962727467 0
-0.860545947584 0.374675196388 -0.247396610122 0
-0.875012661357 0.331083624001 -0.100744903803 0
-0.912062914129 0.057513519446 -0.230330671853 0
-0.851230834959 0.026612875314 -0.123302252592 0
-0.873422396314 0.055468837511 -0.248165729010 0
-0.806459275581 0.033298355393 -0.132264767385 0
-1.069703006363 0.979388035946 -0.107310447323 0
-1.119969394733 0.896874743634 -0.230268961936 0
-1.036180336653 0.874069389742 0.026771659711 0
-1.070402337122 0.852163885205 -0.106036455030 0
-1.087867795323 0.730823874219 -0.100238363090 0
-1.028028456211 0.567680641650 -0.153740791137 0
-0.999797990943 0.572975369461 -0.057307394392 0
-1.069629629630 0.610566666667 -0.093857777778 0
-1.130889134121 0.723854187827 -0.274568477254 0
-1.089696258288 0.717381477930 0.068631794536 0
-1.104244362082 0.615985969857 -0.268877719080 0
-1.060879948756 0.615067080166 0.049746193013 0
-1.049106959321 0.543272557930 -0.255175843053 0
-1.006829145415 0.537814049109 0.030649058811 0
-0.860562071632 0.376292547669 -0.249841152892 0
-0.875323296847 0.331023571588 -0.100693602252 0
-0.912566333407 0.059127573402 -0.228855679339 0
-0.851399505649 0.026421756853 -0.123212976424 0
-0.874150914560 0.057320201396 -0.247195488670 0
-0.806578527958 0.032632658138 -0.132269438674 0
-1.073340989440 0.979885411413 -0.108085644243 0
-1.123073936164 0.896196553335 -0.229512202542 0
-1.037317819484 0.875001828816 0.027017023281 0
-1.072102027148 0.852389707438 -0.105526338115 0
-1.088176725787 0.730833360536 -0.099548189571 0
-1.028045569525 0.567744802721 -0.153546302485 0
-0.999853275925 0.572773025793 -0.057087477727 0
-1.069607407407 0.610559259259 -0.093584814815 0
-1.131691985168 0.723237578973 -0.274553549282 0
-1.088206724929 0.717716324925 0.069899607538 0
-1.103796295937 0.615658694301 -0.269406205428 0
-1.060172566343 0.615390129683 0.049931699551 0
-1.048103634759 0.542734541797 -0.256342510229 0
-1.006765959240 0.537830324780 0.030077734711 0
-0.860927490115 0.377370878811 -0.252232616837 0
-0.875191591082 0.330974131502 -0.100788096121 0
-0.913371673498 0.060167120194 -0.226739183194 0
-0.851581843324 0.026317436592 -0.123096730357 0
-0.875097666344 0.058381421676 -0.245374398844 0
-0.806720037185 0.032158530693 -0.132196994864 0
-1.075910275631 0.980097026982 -0.108894921908 0
