-0.141946712124 1.120671004008 -0.220724699514 0
0.190058586482 1.082811280671 -0.196724903608 0
0.018855171290 1.085053137730 -0.203118015569 0
0.002415683595 0.949690022704 -0.166617323982 0
-0.052012867916 0.727502027438 -0.166153267593 0
0.025953304839 0.726868189179 -0.167320855166 0
-0.009796222222 0.809048148148 -0.147279629630 0
-0.152724046173 0.928610317464 -0.169978872114 0
0.205182936931 0.883302833301 -0.234595312848 0
-0.159986075118 0.782835318839 -0.166209189239 0
0.186443814886 0.856113522429 -0.359328338063 0
-0.175954747502 0.671761230877 -0.181419993920 0
0.174240435714 0.851508412949 -0.470745470232 0
-0.062772834005 0.445496653521 -0.240740362029 0
0.049515480019 0.446500782216 -0.223782864713 0
-0.054198668070 0.099335611834 -0.186021294659 0
0.061065509242 0.082228023359 -0.179722027385 0
-0.062312834033 0.097587856966 -0.233985067878 0
0.057988870170 0.084858050115 -0.228436759344 0
0.028429081463 1.202203156713 -0.245863293605 0
-0.144426866955 1.122643675375 -0.226337557075 0
0.187511669364 1.086465765432 -0.199045908243 0
0.016351463783 1.088004118563 -0.206682967376 0
-0.000405147527 0.953559961165 -0.167310523731 0
-0.053568556914 0.731160211822 -0.170419469996 0
0.024301453134 0.731876763982 -0.166389929847 0
-0.014180296296 0.813118518519 -0.147624074074 0
-0.157733722220 0.942235027109 -0.143547192437 0
0.203614240230 0.896716014157 -0.271172696243 0
-0.168773452371 0.799555552544 -0.114599140799 0
0.181559081455 0.896299677969 -0.398303092040 0
-0.188756944272 0.687824308884 -0.108029132574 0
0.166139657339 0.916237036489 -0.507360953835 0
-0.060706493578 0.457716496403 -0.272319552446 0
0.044466690965 0.447110638791 -0.195555571198 0
-0.048798729863 0.101507297835 -0.262565600699 0
0.048859298951 0.088782632768 -0.107871299134 0
-0.050756122182 0.102567626849 -0.311191336637 0
0.047781802807 0.084343935631 -0.156540024496 0
0.027067787857 1.204946167999 -0.250242538427 0
-0.146819288324 1.116431705650 -0.230606460108 0
0.185042538648 1.081698697248 -0.200636256847 0
0.013924753788 1.082646893764 -0.209256686378 0
-0.002996015394 0.948982189726 -0.167797885802 0
-0.054788472945 0.726436434759 -0.175431826310 0
0.022782820014 0.727953259523 -0.167629079547 0
-0.017520074074 0.808451851852 -0.149494074074 0
-0.163981202963 0.952326523783 -0.119459911743 0
0.202102104674 0.907403925643 -0.304544092175 0
-0.176789855364 0.816359111950 -0.067825629132 0
0.177339243426 0.931323975556 -0.428895902837 0
-0.198533477587 0.707564381655 -0.040436764125 0
0.159384150154 0.972489768877 -0.531204396602 0
-0.057815058624 0.462042958781 -0.299096583151 0
0.038697075489 0.441429707958 -0.167537539312 0
-0.042407137234 0.099171523066 -0.327117746185 0
0.032519562486 0.090932867675 -0.035867679177 0
-0.039280862115 0.103916796619 -0.375461584061 0
0.033524102055 0.078348859649 -0.083092053188 0
0.025928517765 1.199312447764 -0.253704296048 0
-0.149906262712 1.101820694445 -0.234038302405 0
0.181937844343 1.068435184615 -0.202387654643 0
0.010844456602 1.068835775999 -0.211519980485 0
-0.006043604531 0.935873084919 -0.168315307280 0
-0.056149739253 0.713375919467 -0.181128545414 0
0.020985964269 0.715418983074 -0.169885848269 0
-0.020855740741 0.795170370370 -0.151935555556 0
-0.170808840387 0.956876509538 -0.099379983867 0
0.202760097290 0.913816728546 -0.333254385593 0
-0.184726412259 0.831089002628 -0.026571316140 0
0.174653658461 0.959453962427 -0.450625642211 0
-0.206029583935 0.728155041752 0.019563721753 0
0.153871535934 1.017908130870 -0.543654193676 0
-0.053375689413 0.458522996061 -0.323425188115 0
0.031018802333 0.430283325236 -0.139128470326 0
-0.044185200279 0.093752045898 -0.377686352708 0
0.014425894994 0.083914762471 0.025985570654 0
-0.039190009818 0.097869940599 -0.425930615510 0
0.016936098085 0.062575465902 -0.017921617379 0
0.025184408963 1.185027092359 -0.256726515004 0
-0.153601773832 1.079757763108 -0.237300929900 0
0.178151210122 1.046667033103 -0.204409770254 0
0.007078405246 1.047029308950 -0.213921413932 0
-0.009850232656 0.914593075442 -0.169570786361 0
-0.057538954648 0.692422345893 -0.188405473220 0
0.019076382490 0.694821000911 -0.174093741137 0
-0.024226111111 0.773644444444 -0.155520000000 0
-0.177211300094 0.953924911236 -0.085027225989 0
0.204799887187 0.914330718122 -0.356867902842 0
-0.192406839587 0.841206379041 0.006520170898 0
0.172899422917 0.977649733171 -0.464672372195 0
-0.211968917957 0.746878121133 0.070172128340 0
0.148790253806 1.049832308144 -0.546605851625 0
-0.047343152468 0.447954429772 -0.347583128845 0
0.020582088115 0.415572694373 -0.108009449095 0
-0.048979115410 0.079509017543 -0.409562935131 0
-0.002779937049 0.064245720109 0.073873327301 0
-0.042474251099 0.075796729259 -0.457659957219 0
0.000514346540 0.029341601993 0.039809297991 0
0.023763765203 1.162953557874 -0.259193942180 0
-0.157631004664 1.049838472881 -0.240187868996 0
0.173770924823 1.014626848066 -0.205985971871 0
0.002731170949 1.016179948033 -0.215960822852 0
-0.014659532772 0.884212317930 -0.170875335131 0
-0.059125009943 0.662199817417 -0.194864162522 0
0.016964841361 0.664801379927 -0.178010216194 0
-0.027479888889 0.742948148148 -0.159275925926 0
-0.182349488003 0.942127583459 -0.074761274627 0
0.207047950142 0.904333661508 -0.373898410449 0
-0.198098241748 0.841665131827 0.030007854248 0
0.171324484928 0.983327529165 -0.469462754247 0
-0.214762978066 0.756170278467 0.106564135984 0
0.143746019526 1.066834477806 -0.538765850233 0
-0.041625332586 0.428783780557 -0.369268168996 0
0.008494706669 0.395393625181 -0.079538209971 0
-0.051791829082 0.054387014355 -0.423174791713 0
-0.023550626953 0.036765046316 0.090369988521 0
-0.040418291174 0.044394465409 -0.469437189822 0
-0.022502035331 0.002973435666 0.055063680814 0
0.021518247724 1.132146697937 -0.260534766338 0
-0.162387340348 1.012025406586 -0.242418140495 0
0.168928626587 0.976371599017 -0.207843536852 0
-0.002104746231 0.978214810613 -0.217878233198 0
-0.019308499413 0.846482495573 -0.172419942227 0
-0.061002008829 0.624616877102 -0.200239941327 0
0.014622542740 0.627308252127 -0.181420461892 0
-0.030648703704 0.704988888889 -0.162726666667 0
-0.188937917833 0.922209831517 -0.066899404875 0
0.210163859354 0.889233170874 -0.387212108134 0
-0.203029969601 0.830175369135 0.045565565710 0
0.169758414425 0.980333197001 -0.469168963612 0
-0.216558702415 0.750808119722 0.129199076560 0
0.138093241470 1.071840085499 -0.525994546607 0
-0.036435449698 0.402915964053 -0.388524916220 0
-0.003906516727 0.372934247237 -0.049892681176 0
-0.051188919903 0.030436524491 -0.421104637932 0
-0.043282045535 0.017476533231 0.097301668401 0
-0.031317250557 0.019433860866 -0.464156653312 0
-0.045265065092 -0.008474755324 0.055924064383 0
0.017764648315 1.095724894344 -0.257796798029 0
-0.166271235747 0.973514688864 -0.243547958421 0
0.165100268426 0.937654951396 -0.209726772636 0
-0.005953948751 0.939601214840 -0.219379441767 0
-0.022985761667 0.807792551890 -0.174282120028 0
-0.063536375976 0.586117374711 -0.204777624686 0
0.011751159135 0.588716503183 -0.184640080300 0
-0.033919111111 0.666188888889 -0.166052962963 0
-0.196889953070 0.901568978219 -0.060613800560 0
0.216309326792 0.877309710256 -0.397350381645 0
-0.207002461490 0.811364977864 0.053746477907 0
0.169798469751 0.974326424176 -0.468577050088 0
-0.217255549563 0.734516062338 0.140428324014 0
0.132377376062 1.069401858687 -0.515386500444 0
-0.031777744858 0.374297565476 -0.403095047547 0
-0.015130000355 0.354431793700 -0.021125262392 0
-0.045221560834 0.018474381564 -0.414115796793 0
-0.057795237233 0.012550912433 0.103752599964 0
-0.018649246529 0.014597737723 -0.454715077856 0
-0.060815445770 0.000860929035 0.056384567630 0
0.013385297355 1.058895759799 -0.254181609257 0
-0.169066869871 0.947146977169 -0.244535319343 0
0.162557820188 0.911749976243 -0.212770804143 0
-0.008547712845 0.913378622288 -0.221531583485 0
-0.025177537072 0.781075175922 -0.177829857050 0
-0.065918237403 0.559327317445 -0.209866296819 0
0.009323057795 0.561899869380 -0.189553281796 0
-0.036357851852 0.639396296296 -0.171092962963 0
-0.201061573762 0.883665546125 -0.058726158969 0
0.219892185756 0.871362120446 -0.403946446089 0
-0.208555237474 0.791314002932 0.054111491094 0
0.168576616682 0.969569675352 -0.470057938508 0
-0.216099994405 0.713791479744 0.140671840074 0
0.126401714007 1.065017900084 -0.511704301030 0
-0.027126118533 0.355975584850 -0.415655720281 0
-0.018377311426 0.334293787771 -0.016992629653 0
-0.038574174015 0.014835131311 -0.414366367088 0
-0.063613219562 0.009667196402 0.107560712003 0
-0.013583470306 0.019006940244 -0.455929314723 0
-0.066930891001 0.003054974785 0.059241156541 0
0.008983575845 1.034564243812 -0.250148791542 0
-0.171705105022 0.939114058319 -0.242747372542 0
0.160332352189 0.904865026797 -0.214199202622 0
-0.010833397713 0.905671667436 -0.221824330062 0
-0.026592903433 0.772027000224 -0.181821981241 0
-0.068358168057 0.549669228655 -0.213762435713 0
0.007214030758 0.552299313309 -0.194725247716 0
-0.037914074074 0.630225925926 -0.176721851852 0
-0.203200624904 0.870429170728 -0.058712007225 0
0.219550202669 0.868042432267 -0.405520600174 0
-0.209132276604 0.772294358031 0.049230902883 0
0.164840864134 0.962363065533 -0.474507898407 0
-0.215024168087 0.690748715405 0.132225355402 0
0.119361658311 1.055149939037 -0.518165677522 0
-0.025006844203 0.350009962500 -0.422239970722 0
-0.019066453214 0.327517409293 -0.018284183059 0
-0.035398410208 0.015610545291 -0.415556301591 0
-0.064962165790 0.008284590359 0.109058284421 0
-0.013136059128 0.024331106793 -0.457956271040 0
-0.069652435529 0.000412291774 0.061042285594 0
0.004211884787 1.028402459342 -0.244753422394 0
-0.175125834448 0.949448643430 -0.239162736575 0
0.157506044601 0.918360255531 -0.214134505818 0
-0.013707395799 0.917292620725 -0.220562970580 0
-0.027792652320 0.782128132159 -0.185289078135 0
-0.069938288188 0.558898978464 -0.217969439454 0
0.005821786676 0.561608417007 -0.199705838904 0
-0.038771851852 0.640155555556 -0.183123333333 0
-0.205555678785 0.862494892761 -0.062834443151 0
0.216600110761 0.864547767553 -0.401427436616 0
-0.209431984650 0.753662044003 0.034416176804 0
0.161377364078 0.948386060492 -0.482485007426 0
-0.214423495767 0.664867757283 0.109780196076 0
0.114797155068 1.034452883402 -0.536625882181 0
-0.027789957230 0.350491006443 -0.417958633765 0
-0.017455778928 0.336110446744 -0.023757443472 0
-0.036462749386 0.014862832491 -0.414923444668 0
-0.060304006866 0.009208528758 0.110042322913 0
-0.013452387221 0.020819379447 -0.457402388384 0
-0.066169745169 -0.005605099997 0.063829149728 0
-0.001798343754 1.041189699156 -0.238798301592 0
-0.179371265937 0.978421996135 -0.235135361997 0
0.154104256830 0.954984761451 -0.213189088906 0
-0.017066538202 0.949764390944 -0.218649293731 0
-0.028012437688 0.813175369998 -0.187655580083 0
-0.069494377456 0.588955875716 -0.219358364379 0
0.006013474256 0.591841049042 -0.200104034722 0
-0.038386296296 0.671074074074 -0.186538888889 0
-0.208202532434 0.869302854689 -0.071305058677 0
0.209297978814 0.866615325515 -0.388149170897 0
-0.210261555711 0.746840592117 0.008168537355 0
0.157207278130 0.930792996715 -0.487227555632 0
-0.214870881914 0.647289822610 0.068511173666 0
0.114110737314 1.002589729327 -0.561804098393 0
-0.035479888215 0.359874995554 -0.397040685702 0
-0.013326331142 0.359307840184 -0.033061237171 0
-0.038876945012 0.016443970043 -0.415068407957 0
-0.046034896202 0.010043855401 0.110125213128 0
-0.014805539299 0.019507293946 -0.457265580273 0
-0.050514719572 -0.019338551085 0.071316538450 0
-0.008456271049 1.074333081335 -0.234114576303 0
-0.183857764448 1.014822831990 -0.231661583015 0
0.150297040700 1.001979610486 -0.211351855916 0
-0.020614341654 0.991122446159 -0.216636602047 0
-0.027049676257 0.853193144339 -0.189746530301 0
-0.065617723039 0.627874753317 -0.218740332778 0
0.009397279269 0.631092556622 -0.197695516875 0
-0.034959888889 0.710892592593 -0.187815185185 0
-0.210801514749 0.884818553224 -0.083501132605 0
0.196632321652 0.877018862823 -0.365314149115 0
-0.210813900759 0.750829164328 -0.025499914450 0
0.153408989502 0.912247966895 -0.481673053734 0
-0.215882153078 0.641910091445 0.014511666326 0
0.118926229958 0.959635948630 -0.577832264428 0
-0.044426326549 0.376751607912 -0.366029616169 0
-0.001826312776 0.381122570741 -0.057203329729 0
-0.046295007429 0.020436975139 -0.415825527001 0
-0.027170276971 0.018145467439 0.103090172022 0
-0.023124526581 0.017058056355 -0.458500222113 0
-0.027387548006 -0.017296218188 0.069424944088 0
-0.015117796716 1.115914379993 -0.231784079469 0
-0.188078066415 1.047192138308 -0.228827268480 0
0.146354127753 1.045820089066 -0.209076518074 0
-0.024062969013 1.028964476608 -0.214590920625 0
-0.026020772710 0.890192837884 -0.190772265717 0
-0.061997587423 0.663777711525 -0.216249904491 0
0.012681557720 0.667843398943 -0.194182177552 0
-0.031977703704 0.747807407407 -0.187508888889 0
-0.212670905007 0.900625822199 -0.096569548419 0
0.184051992181 0.892331344225 -0.337476715384 0
-0.210259913161 0.758514978424 -0.063163067052 0
0.151686826462 0.892060241795 -0.462381332798 0
-0.217372492868 0.644647349115 -0.045462802774 0
0.126387810394 0.908587340554 -0.571028535589 0
-0.050531258800 0.398092995681 -0.336608524954 0
0.014412854871 0.398171880348 -0.096083797456 0
-0.058563993837 0.035845275742 -0.416432981676 0
-0.015860035757 0.035779133094 0.076113330573 0
-0.040337445049 0.029475247811 -0.461116687221 0
-0.014840867352 0.003268215950 0.039623476904 0
-0.021585261515 1.153751844144 -0.231099519818 0
-0.191040973945 1.070635643651 -0.229209566888 0
0.143184758613 1.080329515178 -0.208327619942 0
-0.026549812164 1.057801681640 -0.214586963081 0
-0.024792460993 0.918841281416 -0.191653359632 0
-0.058555929064 0.691171470519 -0.212861698507 0
0.016352215310 0.697064532763 -0.192016295423 0
-0.029522851852 0.776455555556 -0.186940000000 0
-0.212854061112 0.909602520849 -0.114444067576 0
0.174839097008 0.907056611827 -0.310509018785 0
-0.206457407447 0.763927287023 -0.107020667473 0
0.153489409540 0.871018521238 -0.432550764805 0
-0.214387804008 0.649862665374 -0.112155905048 0
0.136565518560 0.855455971531 -0.543067201935 0
-0.056058213837 0.420260309899 -0.321521474485 0
0.025829380558 0.417194675781 -0.129310123479 0
-0.066213767728 0.057043424489 -0.393484995811 0
-0.004467829825 0.053472047213 0.026507350312 0
-0.051270904422 0.053224846608 -0.439653677588 0
-0.002188798753 0.028170701277 -0.015255740687 0
-0.026854488685 1.182651815531 -0.231673561329 0
-0.193798234255 1.086091004777 -0.232548517509 0
0.139887119490 1.105930634077 -0.210247374881 0
-0.029071191186 1.078302318723 -0.217049773098 0
-0.024324074070 0.939734675201 -0.191856174485 0
-0.057810571398 0.711693862957 -0.206637620482 0
0.017710309596 0.718556464379 -0.188471984204 0
-0.028754000000 0.797559259259 -0.182740370370 0
-0.213732310447 0.913174998941 -0.136209092684 0
0.167861747365 0.918586613687 -0.284988077739 0
-0.201446215948 0.769074517689 -0.156244086625 0
0.156108633662 0.853937096506 -0.396033316928 0
-0.207457261543 0.659442107929 -0.184720952769 0
0.146205235728 0.810228508403 -0.500027720299 0
-0.062121002458 0.435251354221 -0.300269890522 0
0.032891738681 0.433117226922 -0.163114866078 0
-0.075230383883 0.073819376310 -0.331113819485 0
0.006942472970 0.068308554803 -0.038444843987 0
-0.063122064942 0.070342591863 -0.378132097421 0
0.010306366290 0.053759245355 -0.084990624407 0
-0.032204855275 1.203270744564 -0.233365523848 0
-0.196471511833 1.094322039558 -0.239076403294 0
0.136483236369 1.122129478725 -0.214484755650 0
-0.031757024395 1.090585860711 -0.222016156439 0
-0.024538742111 0.952920463195 -0.192192156197 0
-0.060271258736 0.726362713036 -0.199983777780 0
0.016088705670 0.731256822048 -0.184960707565 0
-0.028169111111 0.811288888889 -0.176633703704 0
-0.214526091625 0.909539930764 -0.167604718961 0
0.164469670475 0.925283842432 -0.258474406964 0
-0.195223605631 0.773270875169 -0.216343372196 0
0.159552636090 0.837572617639 -0.352979987320 0
-0.195547460227 0.674008691414 -0.269551100422 0
0.155213433834 0.770418321435 -0.444383889147 0
-0.065399892549 0.442347717499 -0.267179178442 0
0.036055503352 0.445655039412 -0.204504664519 0
-0.084063338907 0.086834492924 -0.245236535954 0
0.014722915546 0.081568101756 -0.108878163915 0
-0.075622055850 0.081123845870 -0.292834341873 0
0.017449175223 0.076667731477 -0.157438041776 0
-0.038272380191 1.215637533399 -0.236879224125 0
-0.198264046393 1.097444374458 -0.246039346854 0
0.134023713194 1.130099313698 -0.218555407385 0
-0.033725330572 1.096261397295 -0.227026588288 0
-0.025094593559 0.959769710919 -0.192149847941 0
-0.062444802733 0.734966148779 -0.193592247450 0
0.014661895873 0.738002712028 -0.182375054417 0
-0.027324481481 0.818859259259 -0.170860370370 0
-0.211909183477 0.903514860773 -0.203804868058 0
0.161932173732 0.928731344281 -0.230327967327 0
-0.185619779525 0.782908037018 -0.281780243023 0
0.163326934124 0.823147174899 -0.304481717868 0
-0.178138540105 0.701738514579 -0.358612592652 0
0.164102985669 0.738758117783 -0.380255490625 0
-0.069874690689 0.445574305497 -0.231051562071 0
0.034010566811 0.458272116552 -0.243411440256 0
-0.085069864564 0.098031268509 -0.152432611080 0
0.018561574382 0.092777349066 -0.179735773771 0
-0.078397814162 0.086341451135 -0.199211343331 0
0.019080364307 0.097656232000 -0.228371513890 0
-0.043768824276 1.221129586212 -0.241517735531 0
-0.198976749196 1.097602525281 -0.252407876948 0
0.132795812887 1.132820098301 -0.222017800339 0
-0.034667188933 1.097845673546 -0.231475062702 0
-0.025425960941 0.962437765182 -0.192670743326 0
-0.063201599585 0.738766031721 -0.190820567402 0
0.014427151586 0.740792326315 -0.183738178849 0
-0.025928925926 0.821922222222 -0.168820000000 0
-0.207362518675 0.899124140950 -0.241702407914 0
0.160458111015 0.931989515170 -0.202823827695 0
-0.173220795194 0.803349839221 -0.346482766968 0
0.167244939315 0.814238907018 -0.255144704420 0
-0.160234133608 0.746638425450 -0.441358304033 0
0.172871021969 0.717209598380 -0.313480041201 0
-0.072737863915 0.447025290572 -0.189257857769 0
0.028441292229 0.469024131769 -0.274813256691 0
-0.082396319423 0.109161152590 -0.061834540407 0
0.015904629401 0.100350659116 -0.244003244029 0
-0.076842865153 0.089357683752 -0.105952559917 0
0.011768578786 0.106064564784 -0.292374229401 0
-0.048457837232 1.222111773675 -0.247595569712 0
-0.198513009997 1.089241128459 -0.257475088520 0
0.132845828913 1.125180717168 -0.223614595360 0
-0.034478531803 1.089957628559 -0.234495749573 0
-0.025705555754 0.955260157524 -0.193303260540 0
-0.062122535131 0.730826862960 -0.186728008116 0
0.015728721619 0.734350107474 -0.184034000642 0
-0.025243740741 0.814974074074 -0.168088518519 0
-0.201715476106 0.891586444961 -0.279857392816 0
0.159158961639 0.929189610586 -0.175017891444 0
-0.160599721392 0.826797154119 -0.404071483417 0
0.170348709215 0.803986583901 -0.204133738644 0
-0.143776111502 0.798554375764 -0.509399520687 0
0.180700235136 0.698020736669 -0.243041396590 0
-0.072033345706 0.442141021017 -0.144676813834 0
0.022762470380 0.472545128792 -0.301327210266 0
-0.077007995257 0.112236374938 0.010383029062 0
0.008613635274 0.100746871927 -0.296424643552 0
-0.072379394108 0.087888620538 -0.031511848725 0
-0.001066126404 0.105292675360 -0.344123131406 0
-0.051566854227 1.213654034457 -0.251354024862 0
-0.197845532182 1.072538843936 -0.261730105771 0
0.133014567376 1.108129211897 -0.222977204127 0
-0.034193579923 1.073143354913 -0.236165549930 0
-0.026150360602 0.938729951009 -0.194077500697 0
-0.060933521019 0.713326844880 -0.182867351675 0
0.016863407671 0.717915063864 -0.185527283742 0
-0.024118037037 0.798422222222 -0.169024444444 0
-0.194548126542 0.881365632217 -0.316689431461 0
0.157844589680 0.920456854222 -0.147949938405 0
-0.149525746766 0.852167361978 -0.452475086565 0
0.172850177276 0.792374056212 -0.152235973254 0
-0.130224096686 0.854229985104 -0.560509670655 0
0.187282894576 0.681508140829 -0.170362174082 0
-0.069923280888 0.432228642029 -0.104707086730 0
0.015437520941 0.466083653042 -0.323106078907 0
-0.067367481761 0.106957672866 0.056800846171 0
0.006640938017 0.090192321868 -0.329357606329 0
-0.063364655601 0.083727406884 0.014212702246 0
-0.006403493689 0.095237837056 -0.376196622507 0
-0.053900341754 1.196452268887 -0.252740366470 0
-0.197300998363 1.046415157204 -0.263519117403 0
0.133390169690 1.081869822527 -0.223230344331 0
-0.033792814797 1.047007742924 -0.237050340016 0
-0.025734926201 0.912751904556 -0.194851240147 0
-0.060311668556 0.687145427861 -0.181857116209 0
0.016939444348 0.690915822468 -0.191783786620 0
-0.021611111111 0.772025925926 -0.172594444444 0
-0.186570325714 0.867736856403 -0.350337979010 0
0.155782545918 0.905433503322 -0.124057055605 0
-0.140118682638 0.874971801733 -0.488566768410 0
0.174144958064 0.779202680173 -0.104631762622 0
-0.120800706762 0.905827903593 -0.591476558205 0
0.191761160482 0.667265829050 -0.101369111003 0
-0.066809023407 0.417630932578 -0.069938558065 0
0.003557376282 0.446861343541 -0.342141191088 0
-0.059621248663 0.092149730468 0.085893145292 0
0.009033711611 0.066172158186 -0.334211094963 0
-0.057691554036 0.073640168462 0.040914369511 0
-0.007870819065 0.070778498409 -0.379845800297 0
-0.056170418746 1.170017771854 -0.252430705227 0
-0.196804179428 1.011147262867 -0.262843700032 0
0.134262308654 1.046411679729 -0.225584224332 0
-0.033074973715 1.011683097321 -0.237777118594 0
-0.024968532506 0.877468944248 -0.195980178182 0
-0.060724713583 0.651692643253 -0.182128955133 0
0.015140577404 0.654741328111 -0.199895560038 0
-0.020559444444 0.736255555556 -0.177220370370 0
-0.179058065120 0.851803170356 -0.380627964059 0
0.152243578196 0.883641758567 -0.104550505250 0
-0.132707336237 0.892546403338 -0.512949151688 0
0.173625526340 0.763885499720 -0.061538975859 0
-0.115330053908 0.948192154787 -0.604034103042 0
0.193612573787 0.655007560472 -0.036987070136 0
-0.061976531567 0.395518362769 -0.042203212630 0
-0.007999811131 0.414124897239 -0.354547663552 0
-0.054228469586 0.067722929575 0.105688503183 0
0.014316621067 0.033929184027 -0.321471182841 0
-0.055340074370 0.052997419056 0.059305946628 0
-0.007692744463 0.032332472310 -0.365089369406 0
-0.057739001242 1.134260623317 -0.252524540539 0
-0.196809687565 0.973859863003 -0.261812914876 0
0.134861154511 1.008637225644 -0.229846452419 0
-0.032708326007 0.974177478165 -0.239307011591 0
-0.024467550922 0.840044411240 -0.197446641008 0
-0.060983334615 0.614224805906 -0.182168014407 0
0.013395324291 0.617251463407 -0.205387479290 0
-0.020401259259 0.698696296296 -0.179740740741 0
-0.174077498991 0.841305863991 -0.408411967370 0
0.148964694402 0.866876410385 -0.084342171162 0
-0.129718839660 0.911984212656 -0.528220890952 0
0.171304285298 0.756384577961 -0.021562886792 0
-0.115041707485 0.987014404696 -0.604483294274 0
0.192660207624 0.653504628363 0.020962852491 0
-0.052330883484 0.377403988695 -0.011735980828 0
-0.017931335174 0.377612441653 -0.360115618837 0
-0.051210484710 0.042202335713 0.117970076218 0
0.008095789940 0.014410621096 -0.305122624716 0
-0.056312593997 0.030175446219 0.071079349121 0
-0.019673739972 0.008689871266 -0.344942645916 0
-0.058147741232 1.096879188712 -0.251006878817 0
-0.196410357559 0.937538999953 -0.259314135189 0
0.135972221367 0.971029359642 -0.234073608424 0
-0.031884357330 0.937211353285 -0.240157900612 0
-0.023650799223 0.803073601505 -0.198117069364 0
-0.058387624844 0.576387580997 -0.182628616123 0
0.015024277913 0.581920629177 -0.208330114468 0
-0.019940740741 0.661833333333 -0.179613703704 0
-0.170535321716 0.833257476385 -0.426749028822 0
0.147723320778 0.851587722694 -0.069567859375 0
-0.129991437057 0.923667433500 -0.533984894412 0
0.168700737622 0.752316827603 0.010143985857 0
-0.117690832787 1.010714119333 -0.596829839669 0
0.190437368981 0.657727896393 0.068688710469 0
-0.046328944131 0.345823101504 -0.004021081398 0
-0.026608629103 0.345334409174 -0.365309982817 0
-0.043742722136 0.025746049334 0.123569778181 0
-0.004724770052 0.013131309183 -0.298544907662 0
-0.049625477125 0.019253560195 0.075688062920 0
-0.030673071938 0.025456115390 -0.338096047212 0
-0.057542162426 1.060063240193 -0.248506654069 0
-0.197785635910 0.909731123038 -0.255535770165 0
0.135368106763 0.941618373775 -0.240414456040 0
-0.032748972949 0.908572811418 -0.241484733897 0
-0.023525673597 0.774214694305 -0.200172950331 0
-0.058094938874 0.547848039896 -0.186873416027 0
0.015057595007 0.553572162842 -0.213263382094 0
-0.019053111111 0.632944444444 -0.182122962963 0
-0.173400863292 0.826305383412 -0.434488630090 0
0.146508473833 0.841028114058 -0.063711240688 0
-0.133727206113 0.928280231259 -0.531155217545 0
0.165366105842 0.752031131179 0.027791041544 0
-0.121981091513 1.021868517192 -0.583807182147 0
0.185338993218 0.665283592821 0.098044805288 0
-0.043342597576 0.324282382473 0.000227646749 0
-0.037201180557 0.322553481195 -0.375276982186 0
-0.039198615465 0.020908037997 0.127852445308 0
-0.006914524862 0.010567983003 -0.298748387651 0
-0.044905258672 0.028460039692 0.080104991224 0
-0.028184512546 0.031519768752 -0.337453918993 0
-0.057235335680 1.031761814022 -0.246486105427 0
-0.198483029217 0.903545098196 -0.250595199308 0
0.135206480338 0.932870667309 -0.245285833400 0
-0.033108458763 0.901042629147 -0.241602840159 0
-0.023385649369 0.766172367302 -0.202001632176 0
-0.060461351825 0.540706357439 -0.191334203863 0
0.012824981485 0.545037556366 -0.217618099533 0
-0.019331259259 0.624725925926 -0.185230370370 0
-0.179385273907 0.826703712686 -0.433103485308 0
0.146873062068 0.844369149586 -0.062261499838 0
-0.136978983909 0.933811660686 -0.522807954770 0
0.164555387551 0.760738052642 0.034392087212 0
-0.124123805859 1.029996848780 -0.571056014444 0
0.181040274100 0.677737859302 0.109960386764 0
-0.044610120400 0.320256058749 -0.000660538364 0
-0.043655230635 0.315057161442 -0.379692221767 0
-0.038537358435 0.020438881938 0.130478066957 0
-0.007902275646 0.009347204478 -0.298204752130 0
-0.044058138113 0.028068014580 0.082721023449 0
-0.029458212153 0.030126331037 -0.336845111332 0
-0.056989291478 1.024422008449 -0.242986372001 0
-0.198903718556 0.919690959153 -0.247284306114 0
0.135144352374 0.945077979301 -0.245222105079 0
-0.033478745123 0.915110613584 -0.240250670742 0
-0.024853967308 0.779312554688 -0.203832261920 0
-0.066116756369 0.554562300630 -0.195660139573 0
0.007258261012 0.556727495411 -0.221964281103 0
-0.022727148148 0.637477777778 -0.190128888889 0
-0.185625344851 0.829459100592 -0.424090679686 0
0.148724099822 0.855904093422 -0.062656656593 0
-0.138698800653 0.932005603793 -0.516823693917 0
0.165350482519 0.766897828413 0.029268253457 0
-0.122240888828 1.025819562925 -0.569517435494 0
0.178523091933 0.679288174050 0.100026363167 0
-0.049765614797 0.332231727673 -0.007225007649 0
-0.046713758936 0.320443998633 -0.375607203886 0
-0.039513838833 0.023230033481 0.127969222592 0
-0.008129725104 0.011659333407 -0.298061552418 0
-0.044287704413 0.022725290618 0.079529844811 0
-0.030827449364 0.031563006011 -0.336508463722 0
-0.057353565511 1.038530939773 -0.238635650442 0
-0.198923127300 0.952533707313 -0.243789014292 0
0.135501363506 0.972422142086 -0.242533120524 0
-0.033566541425 0.945050824590 -0.237699728531 0
-0.027136120972 0.808023722017 -0.205876694830 0
-0.073169759285 0.583834403213 -0.198464326172 0
-0.000029222099 0.583624066128 -0.225499612082 0
-0.027878481481 0.665862962963 -0.195592962963 0
-0.193002786748 0.836608809233 -0.405359323495 0
0.153144610573 0.871810340207 -0.066372638008 0
-0.139880538961 0.922155621163 -0.511080974808 0
0.167987423324 0.770036017410 0.011540255847 0
-0.117232849851 1.006766943208 -0.575469455998 0
0.179860676840 0.672399906958 0.067550565780 0
-0.057440427980 0.355451187238 -0.017357348828 0
-0.043105835195 0.334865971287 -0.361928469600 0
-0.046776888556 0.029255648729 0.123553256240 0
-0.007920217781 0.014714291143 -0.298798091800 0
-0.051652530355 0.021894607550 0.075684048313 0
-0.030994079348 0.034580897809 -0.337039727624 0
-0.056176626168 1.068745161039 -0.233205479760 0
-0.198985517820 0.995621389765 -0.240856349109 0
0.135782011598 1.008397408276 -0.238772661176 0
-0.033830588802 0.984451277287 -0.234944375219 0
-0.030063456496 0.846319848068 -0.207710804397 0
-0.080635579367 0.623249425715 -0.200703871037 0
-0.007777431200 0.620315791844 -0.228336698323 0
-0.033025555556 0.704003703704 -0.200192592593 0
-0.198759063479 0.849272896586 -0.375617858843 0
0.157811433181 0.891578933998 -0.073440622247 0
-0.142499134567 0.903218786903 -0.499076188307 0
0.170528699564 0.776250153194 -0.016993440263 0
-0.116362782095 0.968202558701 -0.582011652627 0
0.182268797548 0.669307648263 0.017417910199 0
-0.073443570539 0.373192404778 -0.050285109792 0
-0.034979959907 0.357543401567 -0.340406814092 0
-0.057452009619 0.042716848053 0.111099853538 0
-0.006660036796 0.017586456281 -0.298298440232 0
-0.064291449047 0.024436963364 0.066507412902 0
-0.031107786150 0.032378406942 -0.337959675787 0
-0.054946583277 1.108425363156 -0.229903314298 0
-0.197186789965 1.039247357507 -0.238714720576 0
0.137814806486 1.038658477358 -0.235481958255 0
-0.032627801495 1.021427187257 -0.232497464497 0
-0.033596309257 0.882820079144 -0.207279944218 0
-0.086599607564 0.660158119107 -0.201471512742 0
-0.013451339164 0.656382480629 -0.228221549936 0
-0.038290370370 0.740496296296 -0.200998148148 0
-0.200193864781 0.867860330807 -0.339690172163 0
0.164926976417 0.905292584466 -0.084005876647 0
-0.144085869713 0.880290434065 -0.473908960788 0
0.174389072156 0.779864868320 -0.055246570907 0
-0.117392805553 0.914306468303 -0.574543892146 0
0.185073825906 0.667920328949 -0.046868309482 0
-0.089765724943 0.389088611270 -0.093224849666 0
-0.024538070477 0.383356748397 -0.315874567206 0
-0.068355679051 0.063205125955 0.075313389255 0
0.000095822910 0.021382930552 -0.297462504747 0
-0.078187683947 0.040919648253 0.033169504277 0
-0.023485281839 0.028475158544 -0.339689743107 0
-0.051664746245 1.145848084955 -0.229034400747 0
-0.195577591808 1.077255651191 -0.237587719977 0
0.139160341953 1.064370811817 -0.232965623831 0
-0.031810376023 1.053377613347 -0.230804522377 0
-0.036895195924 0.914679816592 -0.206045484774 0
-0.090413248664 0.692071083614 -0.201265649628 0
-0.016126715461 0.688299084888 -0.224670181583 0
-0.042220370370 0.772440740741 -0.198737037037 0
-0.200913341396 0.889446538868 -0.302993104679 0
0.169965636041 0.913964714544 -0.099191283228 0
-0.148594012553 0.856501496914 -0.435260295765 0
0.175487994752 0.785076372602 -0.101648876719 0
-0.124186765310 0.853673193132 -0.542737480661 0
0.183633624016 0.674469354106 -0.121176984383 0
-0.099279761711 0.408476486140 -0.132697933649 0
-0.015054341678 0.411569946573 -0.300623137619 0
-0.081355981023 0.080276483808 0.012809114900 0
0.012861931727 0.038596519901 -0.301361597819 0
-0.093934989798 0.062513790842 -0.030730213925 0
-0.003515465444 0.035803654067 -0.347334292116 0
-0.047831047839 1.178346932323 -0.230252193831 0
-0.195149689749 1.103757528604 -0.238620506597 0
0.139138244138 1.083964135781 -0.228788618931 0
-0.032035792645 1.076501385415 -0.229302102374 0
-0.039965436963 0.937930944557 -0.204064760499 0
-0.093772420771 0.715122726618 -0.200609529689 0
-0.017916697971 0.711984836624 -0.218401439948 0
-0.046575555556 0.795888888889 -0.194484814815 0
-0.202431267483 0.907813828408 -0.272260396945 0
0.172925951859 0.915309560815 -0.119790639158 0
-0.158649009137 0.832797796669 -0.389618850555 0
0.171893348607 0.791157201970 -0.154917073987 0
-0.140531217786 0.794254393334 -0.491693531659 0
0.174121996460 0.689898996956 -0.203332706869 0
-0.104658629966 0.424456468565 -0.176101177558 0
-0.004455001095 0.434415938472 -0.289978719894 0
-0.091212796423 0.091970340597 -0.061064340536 0
0.020063977172 0.065026899103 -0.289905226421 0
-0.104486037052 0.083586836903 -0.107139885317 0
0.010461990702 0.068973526724 -0.337672724208 0
-0.043227495750 1.202033372753 -0.232107805244 0
-0.195285655067 1.121094158162 -0.239781607088 0
0.138576904938 1.097341562608 -0.225343034149 0
-0.032651374999 1.091920036331 -0.228169760156 0
-0.042610157494 0.953562257813 -0.202160121065 0
-0.096435354435 0.730400087048 -0.201035791696 0
-0.019290381501 0.728378920975 -0.212218686868 0
-0.051075555556 0.811770370370 -0.190567037037 0
-0.204322435566 0.922438383202 -0.245510212186 0
0.173634177876 0.912462349179 -0.147515028262 0
-0.172761207326 0.813771488525 -0.337774466753 0
0.163743201097 0.802951877578 -0.215030701169 0
-0.163217265759 0.746670847418 -0.425097431100 0
0.158451180830 0.720014851808 -0.290021157380 0
-0.103856247845 0.439130582085 -0.218728961684 0
0.001476540996 0.448725256395 -0.273141427492 0
-0.095069923079 0.099233806699 -0.136321375069 0
0.024397977768 0.087376646309 -0.250856385686 0
-0.106953850870 0.098634695305 -0.183521281886 0
0.019774442543 0.092627569735 -0.299235705480 0
-0.038968444014 1.217689492733 -0.234729369535 0
