-0.171334143710 0.974111295024 -0.530749734405 0
0.135575559252 0.949571736458 -0.545085777797 0
-0.016054215107 0.947056942565 -0.522381810954 0
-0.019052907911 0.804174695656 -0.512195642193 0
-0.073698998894 0.591360553314 -0.550341313890 0
0.041195267541 0.597142847842 -0.555649104691 0
-0.014438222222 0.662281481481 -0.521233333333 0
-0.230824302117 0.949509847268 -0.700609712978 0
0.160560322609 0.958553974619 -0.727235766671 0
-0.208569350612 0.920203922034 -0.813050244237 0
0.145436808195 0.911763120883 -0.834432442852 0
-0.186226686750 0.915393237040 -0.911351184863 0
0.122136520827 0.894686580441 -0.932642735918 0
-0.084573292977 0.326760949833 -0.586616809510 0
0.040137595235 0.338895812855 -0.581100872252 0
-0.145655755709 0.044312487633 -0.584087161533 0
0.100174759744 0.067798382473 -0.574273239867 0
-0.138458220325 0.059822349766 -0.629825246219 0
0.096559295636 0.096267067075 -0.615635980785 0
-0.011247067183 1.055800834781 -0.530914919693 0
-0.170619453428 0.973950613495 -0.528202621779 0
0.136297423049 0.949459405926 -0.542467597507 0
-0.015359723550 0.946738944611 -0.519971114526 0
-0.018494252738 0.803749249993 -0.511598238997 0
-0.073224305665 0.591048530100 -0.551875650651 0
0.041649032646 0.597121257695 -0.557310552451 0
-0.014089185185 0.661977777778 -0.522533333333 0
-0.230153133018 0.951326227912 -0.698321993608 0
0.160877890154 0.960246617165 -0.724574637898 0
-0.208048395987 0.922123145625 -0.810818899236 0
0.145818494332 0.914245005094 -0.832121364256 0
-0.186011893823 0.917529308450 -0.909171413393 0
0.122741561194 0.897586270573 -0.930570503174 0
-0.084164988025 0.326329660343 -0.587249842949 0
0.041228930433 0.338839783929 -0.582429191861 0
-0.145219739189 0.044384191515 -0.583721481571 0
0.101293119278 0.066487126788 -0.574634072340 0
-0.137856176047 0.059617683199 -0.629525972603 0
0.098095011661 0.094926098160 -0.616051592001 0
-0.010770670216 1.055569446535 -0.527250201561 0
-0.169972820833 0.974098884348 -0.526445159188 0
0.136945499207 0.949471123304 -0.540441446433 0
-0.014753346271 0.946650519921 -0.518240382310 0
-0.018053161949 0.803580643256 -0.511411891753 0
-0.072846893975 0.591009475329 -0.553117839367 0
0.042018806492 0.597206449707 -0.558573881685 0
-0.013766777778 0.661896296296 -0.523562962963 0
-0.229670503601 0.953092648632 -0.696714496514 0
0.161160945018 0.961432966370 -0.722524020952 0
-0.207764846588 0.924179298420 -0.809325124611 0
0.146016568806 0.916311072978 -0.830430900584 0
-0.186082436183 0.919835992796 -0.907776771158 0
0.122733091703 0.899946651361 -0.929022578747 0
-0.083999095473 0.326165578326 -0.587475526115 0
0.042287792763 0.338891835266 -0.583351489217 0
-0.144975597838 0.044486649827 -0.583369733603 0
0.102441492372 0.065299355592 -0.575003172876 0
-0.137516656417 0.059418018202 -0.629258197961 0
0.099654762910 0.093761602179 -0.616434424100 0
-0.010482843413 1.055567491158 -0.523927846976 0
-0.169494627178 0.974376339073 -0.525249720534 0
0.137428672482 0.949736285358 -0.539114558284 0
-0.014298501913 0.946772035414 -0.517126822084 0
-0.017696560496 0.803641629048 -0.511643458969 0
-0.072527597157 0.591166713103 -0.554430674904 0
0.042335159682 0.597454007650 -0.559845197182 0
-0.013502592593 0.662025925926 -0.524700000000 0
-0.229209799104 0.954647068670 -0.695665613663 0
0.161639336280 0.962602446460 -0.721136104003 0
-0.207485877821 0.926195711852 -0.808429015215 0
0.146438113611 0.918374401328 -0.829404450805 0
-0.186088948563 0.922170005625 -0.906986791737 0
0.123012256072 0.902250976981 -0.928164005436 0
-0.083700453852 0.326247894242 -0.588198984058 0
0.043344588559 0.339084426368 -0.584023343174 0
-0.145725895568 0.044335000366 -0.584219626572 0
0.103445151260 0.064358647988 -0.575303378474 0
-0.138455539372 0.060262892763 -0.629802264652 0
0.101038080024 0.092757948958 -0.616801566777 0
-0.010335397730 1.055743154199 -0.521372744889 0
-0.169332146869 0.974521835012 -0.524622876710 0
0.137601419088 0.949869278875 -0.538235937056 0
-0.014158201735 0.946796535683 -0.516488327816 0
-0.017581846773 0.803626403376 -0.511995830333 0
-0.072235082189 0.591222120078 -0.555480905381 0
0.042630269812 0.597567870737 -0.560770743874 0
-0.013270037037 0.662055555556 -0.525570370370 0
-0.229209120597 0.955921786428 -0.695108972066 0
0.161793350297 0.963867898871 -0.720176384872 0
-0.207549638924 0.928038761272 -0.808026627692 0
0.146696820512 0.920058283490 -0.828629344512 0
-0.186371164742 0.924380002932 -0.906688984150 0
0.123423315790 0.904142672470 -0.927516709960 0
-0.083393895941 0.326237127274 -0.588730664492 0
0.043822403401 0.339149833008 -0.584416860179 0
-0.146207567246 0.044236756441 -0.584749194654 0
0.103869359201 0.064039287550 -0.575533330732 0
-0.139016186769 0.061013623025 -0.630038857097 0
0.101621705504 0.092449295656 -0.617033130878 0
-0.010265981279 1.055788125368 -0.519816334328 0
-0.169380912284 0.974775905002 -0.524413060531 0
0.137568361256 0.950140834152 -0.537699693071 0
-0.014225047418 0.946971740241 -0.516203165499 0
-0.017618741966 0.803772563954 -0.512393821107 0
-0.071938737553 0.591364657927 -0.556107064841 0
0.042930573686 0.597781013392 -0.561222898195 0
-0.013059185185 0.662211111111 -0.526059259259 0
-0.229407021877 0.957475810673 -0.694983560335 0
0.161716681800 0.965362867112 -0.719547667425 0
-0.207765527862 0.930046724532 -0.808015786538 0
0.146892795022 0.921678021949 -0.828088529545 0
-0.186802796249 0.926691274856 -0.906768495543 0
0.123860064749 0.906012917475 -0.927031177020 0
-0.083166749638 0.326332119107 -0.588952112075 0
0.044472021510 0.339340509200 -0.584601776563 0
-0.146721736481 0.044149509465 -0.585302473694 0
0.104433122839 0.063582946746 -0.575735942183 0
-0.139640466771 0.061570486323 -0.630365739381 0
0.102395217302 0.091965367140 -0.617265438610 0
-0.010324020291 1.055971928599 -0.518844477498 0
-0.169459563512 0.975255712427 -0.524430145281 0
0.137499049277 0.950566110684 -0.537395925143 0
-0.014326589481 0.947349188930 -0.516135407717 0
-0.017710488858 0.804125460675 -0.512820190405 0
-0.071708964080 0.591673209508 -0.556377923226 0
0.043162613607 0.598156061348 -0.561357210786 0
-0.012904296296 0.662540740741 -0.526233333333 0
-0.229472531577 0.959342541008 -0.695140242052 0
0.161732352897 0.967081349487 -0.719119702706 0
-0.207825701808 0.932299085987 -0.808264330961 0
0.147097405484 0.923637724814 -0.827782952499 0
-0.187092996056 0.929090851563 -0.907131220749 0
0.124287488677 0.908199502248 -0.926816750916 0
-0.082960637796 0.326621697135 -0.589061369244 0
0.045382667500 0.339709054965 -0.584609274665 0
-0.147518106567 0.044051690588 -0.586090610720 0
0.105335439271 0.062850312233 -0.575977214543 0
-0.140633373801 0.062409596517 -0.630811081138 0
0.103617726746 0.091233124521 -0.617520918640 0
-0.010447929160 1.056354156805 -0.518287829940 0
-0.169568935453 0.975678237027 -0.524577358979 0
0.137391439307 0.950863476169 -0.537259386315 0
-0.014462863968 0.947645725902 -0.516204709142 0
-0.017834224376 0.804403679227 -0.513289819176 0
-0.071489024381 0.591923353621 -0.556617364556 0
0.043388283922 0.598406528907 -0.561462208005 0
-0.012720629630 0.662796296296 -0.526414814815 0
-0.229345356036 0.961241678103 -0.695501575546 0
0.161918667834 0.968616254333 -0.718826980828 0
-0.207822015157 0.934517762279 -0.808725121288 0
0.147415619581 0.925610947871 -0.827682101394 0
-0.187380552085 0.931322582055 -0.907731959351 0
0.124865497361 0.910516463481 -0.926860918463 0
-0.082814410388 0.326860770446 -0.589185364940 0
0.046371459478 0.339969292502 -0.584737467950 0
-0.148247761077 0.043916793050 -0.586877561388 0
0.106342401087 0.061815464049 -0.576247443047 0
-0.141506250852 0.063073329724 -0.631283775731 0
0.105047747060 0.090048557263 -0.617908338843 0
-0.010677742463 1.056657347344 -0.518120739484 0
-0.169819605586 0.976004681980 -0.525094320091 0
0.137171818183 0.951395301047 -0.537419982333 0
-0.014710708694 0.948026347912 -0.516593773958 0
-0.017964467578 0.804765722657 -0.513942674043 0
-0.071285269748 0.592199348972 -0.556869816880 0
0.043591999055 0.598758957120 -0.561611618880 0
-0.012592703704 0.663122222222 -0.526637037037 0
-0.229494881755 0.963176762431 -0.696182099883 0
0.161782265377 0.970439929597 -0.718845353936 0
-0.208042386687 0.936757526518 -0.809490562141 0
0.147524761353 0.927894046769 -0.827913238757 0
-0.187795335935 0.933507649804 -0.908626179200 0
0.125273006726 0.913178479710 -0.927236646924 0
-0.082654135446 0.327136831221 -0.589423197546 0
0.047632503611 0.340330668138 -0.584826614013 0
-0.149172568673 0.043720348557 -0.587835359088 0
0.107418688171 0.060676343130 -0.576486596348 0
-0.142628284185 0.063818832970 -0.631853037294 0
0.106596719690 0.088703554780 -0.618298241793 0
-0.010999358972 1.057041851503 -0.518331902855 0
-0.170186989130 0.976397049775 -0.526214334758 0
0.136859436842 0.952195033971 -0.537963061318 0
-0.015060203413 0.948600642240 -0.517447554402 0
-0.018112339441 0.805324080046 -0.514791996444 0
-0.071112267308 0.592649716675 -0.556997931691 0
0.043767641779 0.599245684689 -0.561623915583 0
-0.012477037037 0.663622222222 -0.526770370370 0
-0.229765961507 0.965518665505 -0.697470661083 0
0.161511629713 0.972738457646 -0.719219163504 0
-0.208440405036 0.939260798921 -0.810840578935 0
0.147650714309 0.930794208528 -0.828570830415 0
-0.188346430276 0.936209166272 -0.909999404827 0
0.125795209931 0.916408655264 -0.928098265613 0
-0.085475593398 0.327857958136 -0.590555814370 0
0.049444052884 0.340855708713 -0.584922861791 0
-0.152033815096 0.040664344672 -0.588312167137 0
0.109160252425 0.058769025057 -0.576824628709 0
-0.146671048160 0.060487299486 -0.632613678658 0
0.109072892306 0.086576260463 -0.618790852595 0
-0.011408765818 1.057617953914 -0.518904314455 0
-0.170650441031 0.976879787676 -0.527768527662 0
0.136464854720 0.953266983674 -0.538899944887 0
-0.015487868169 0.949386922388 -0.518683666749 0
-0.018274230162 0.806097874442 -0.515684452693 0
-0.070985509635 0.593249396324 -0.556670430141 0
0.043894737493 0.599895676583 -0.561215296617 0
-0.012411111111 0.664307407407 -0.526525925926 0
-0.230179415604 0.968158354380 -0.699165611323 0
0.160991488863 0.975435770264 -0.719981491621 0
-0.209033861547 0.942118157934 -0.812619420879 0
0.147720384701 0.934150243844 -0.829656535130 0
-0.189072853213 0.939338767548 -0.911791130958 0
0.126360869357 0.920012684959 -0.929423902645 0
-0.089675192996 0.328912425151 -0.591652903232 0
0.051390650293 0.341559351840 -0.584594707048 0
-0.155349189570 0.036683043123 -0.588455683251 0
0.111002033594 0.056759080000 -0.577118221444 0
-0.151533430797 0.055695092625 -0.633269907426 0
0.111712965268 0.084344562762 -0.619224629944 0
-0.011901904502 1.058404172976 -0.519890401137 0
-0.171115619302 0.977539666154 -0.529736301109 0
0.136063651318 0.954434161228 -0.540143471247 0
-0.015926085046 0.950335690495 -0.520251127281 0
-0.018460744069 0.807042312945 -0.516550913412 0
-0.070845440973 0.593973957587 -0.555708864928 0
0.044035082343 0.600668537590 -0.560175182668 0
-0.012332777778 0.665137037037 -0.525692592593 0
-0.230511481061 0.970850010915 -0.701270853368 0
0.160642417792 0.978310388543 -0.721000728378 0
-0.209616235818 0.945135498492 -0.814845259672 0
0.147860543286 0.937820598066 -0.831029963662 0
-0.189756675953 0.942668104204 -0.914036193188 0
0.126944295889 0.924010168191 -0.931049052058 0
-0.095096988379 0.330382765807 -0.592839150158 0
0.053277630923 0.342408239265 -0.583768313599 0
-0.159276107569 0.031864906740 -0.588596483706 0
0.112599222143 0.055043079017 -0.577340206699 0
-0.157363496350 0.050232981089 -0.633799232436 0
0.114092346005 0.082241253561 -0.619677469276 0
-0.012444915265 1.059355575972 -0.521916432301 0
-0.171614064236 0.978218743326 -0.532130360805 0
0.135633609062 0.955777489826 -0.541955595742 0
-0.016376399404 0.951424677804 -0.522273290886 0
-0.018597319203 0.808144383459 -0.517378277262 0
-0.070662835283 0.594803310676 -0.553985905747 0
0.044218817465 0.601550267274 -0.558343023082 0
-0.012227555556 0.666111111111 -0.524162962963 0
-0.230742299421 0.972710037478 -0.703799311007 0
0.160057849137 0.981213182689 -0.722621086288 0
-0.210041383250 0.947425623268 -0.817505791288 0
0.147841346981 0.941454649873 -0.832980717537 0
-0.190240072291 0.945285637916 -0.916726928943 0
0.127463108315 0.928261703079 -0.933210165617 0
-0.101762715603 0.332295878660 -0.593606072288 0
0.055804009113 0.343463458015 -0.582785290638 0
-0.163119954461 0.026694619621 -0.588678167835 0
0.114789886682 0.052589270661 -0.577562743045 0
-0.163288494445 0.044452917881 -0.634163848735 0
0.117282958829 0.079491489441 -0.620041786535 0
-0.012983859395 1.060446791963 -0.524939343908 0
-0.172075228075 0.978902748146 -0.535152537071 0
0.135239835517 0.957037752092 -0.544133154206 0
-0.016803361120 0.952517277310 -0.524747220258 0
-0.018743336055 0.809285362340 -0.518109651784 0
-0.070425484783 0.595607422352 -0.551225920741 0
0.044450713395 0.602494901556 -0.555506312698 0
-0.012118888889 0.667140740741 -0.521692592593 0
-0.230861861649 0.974145714400 -0.706961223821 0
0.160010636815 0.983885774831 -0.724546924543 0
-0.210202608136 0.949689332333 -0.820856236050 0
0.148027652674 0.944835293383 -0.835184621806 0
-0.190341042128 0.947849099382 -0.920181665124 0
0.127987448109 0.932498886174 -0.935545617160 0
-0.108292802080 0.334369775754 -0.593274348738 0
0.059674367495 0.344815742226 -0.582154641448 0
-0.166036096359 0.022456167242 -0.588986953476 0
0.117744202580 0.048953240297 -0.577993290921 0
-0.168006028651 0.039606368457 -0.634663235011 0
0.121658604891 0.075400560085 -0.620650419873 0
-0.013458686779 1.061531393966 -0.528656163902 0
-0.172579970506 0.979057131195 -0.538589734840 0
0.134809871440 0.957968677123 -0.546838372334 0
-0.017252907221 0.953212633718 -0.527663540704 0
-0.018837788031 0.810081825005 -0.518785411686 0
-0.070125512032 0.596090471747 -0.547315151581 0
0.044746347696 0.603122574187 -0.551475128831 0
-0.011967814815 0.667896296296 -0.518151851852 0
-0.231138580873 0.975689495215 -0.710509107453 0
0.160228137041 0.986825944883 -0.726851447749 0
-0.210426300931 0.952093522074 -0.824575862914 0
0.148187956439 0.948837470287 -0.837852087003 0
-0.190427297210 0.950730753434 -0.923950071995 0
0.128217192552 0.937537997746 -0.938341413123 0
-0.113900898814 0.336265528288 -0.592279874259 0
0.065231856945 0.346284344249 -0.582376743280 0
-0.167978911935 0.019354520228 -0.589401490104 0
0.121133703888 0.044118881284 -0.578572400559 0
-0.171369328224 0.035761988624 -0.635266866893 0
0.126769931531 0.070203155359 -0.621260308727 0
-0.014155300804 1.062206643956 -0.532876491021 0
-0.173037777156 0.977831618914 -0.542817644306 0
0.134419055053 0.957399654925 -0.550173527829 0
-0.017672823464 0.952489894262 -0.531270154845 0
-0.018951431715 0.809543455945 -0.519692731092 0
-0.069757056542 0.595325328017 -0.542406948700 0
0.045106577611 0.602578303460 -0.546411936748 0
-0.011810888889 0.667485185185 -0.513700000000 0
-0.231446697681 0.976265027926 -0.714813767215 0
0.159895749626 0.987890818600 -0.729908789869 0
-0.210556179468 0.952975749575 -0.828911045679 0
0.147996261810 0.950812319632 -0.841231829577 0
-0.190388308447 0.952315998093 -0.928142492130 0
0.128278673410 0.940665348215 -0.941814290947 0
-0.119974933572 0.337631617758 -0.592598865740 0
0.071900091382 0.347272071755 -0.584376102681 0
-0.169302586868 0.016534431230 -0.590043098281 0
0.123798554229 0.039762125306 -0.579505403090 0
-0.173875013578 0.032258207478 -0.636045147194 0
0.130971068360 0.065506389557 -0.622169226396 0
-0.014960289581 1.061469839589 -0.537277359781 0
-0.173675435844 0.974085965903 -0.547446149270 0
0.133858805789 0.954603762581 -0.554110368952 0
-0.018241882130 0.949430827216 -0.535348592781 0
-0.019099950387 0.806784810876 -0.520619742720 0
-0.069426404074 0.592568431861 -0.536595912623 0
0.045430572371 0.600020260588 -0.540422823023 0
-0.011691000000 0.665122222222 -0.508462962963 0
-0.232074785694 0.974179146978 -0.719452630992 0
0.158900584274 0.986431913217 -0.733674885510 0
-0.210831293712 0.951210705613 -0.833549773550 0
0.147464428987 0.950127613435 -0.845301245459 0
-0.190335301903 0.951020413438 -0.932663197135 0
0.128065087710 0.941096219628 -0.945920198514 0
-0.125726529201 0.337909866605 -0.595131569014 0
0.078727000221 0.347207727270 -0.588564417431 0
-0.169745389409 0.014534377346 -0.590700039815 0
0.125302944131 0.036626994711 -0.580613438201 0
-0.175069436059 0.029413706288 -0.636901693760 0
0.133562949410 0.062043087928 -0.623277339081 0
-0.015861120632 1.058379932905 -0.542269883028 0
-0.174325662586 0.967685909938 -0.552526597710 0
0.133288932637 0.949228451351 -0.558345607515 0
-0.018825329517 0.943797076461 -0.539767820052 0
-0.019251939829 0.801588373119 -0.521541903213 0
-0.069080726424 0.587593836766 -0.530253885772 0
0.045766081897 0.595292628734 -0.533892464287 0
-0.011599148148 0.660637037037 -0.502877777778 0
-0.232669697163 0.968979329383 -0.724547012764 0
0.158356607124 0.982613134339 -0.737623637643 0
-0.210971216000 0.946644459756 -0.838684310367 0
0.147139627055 0.947332737084 -0.849599996727 0
-0.189998509545 0.946729550920 -0.937768112323 0
0.127771427267 0.939436472157 -0.950238626324 0
-0.131696568451 0.337248585050 -0.599921835990 0
0.085949264389 0.346216493735 -0.594611761396 0
-0.169564376355 0.013054340687 -0.591358001602 0
0.126061487169 0.034529867757 -0.581765256302 0
-0.175345030414 0.027047940458 -0.637781012425 0
0.135117446701 0.059657266240 -0.624438636322 0
-0.016564837296 1.052679905818 -0.547879976249 0
-0.174939899590 0.958538448379 -0.557968795126 0
0.132748166517 0.941068555224 -0.562881498592 0
-0.019381385882 0.935437122087 -0.544489407401 0
-0.019406977007 0.793809475493 -0.522527864318 0
-0.068733520799 0.580279351224 -0.523764419873 0
0.046103229707 0.588241253117 -0.527145083170 0
-0.011541703704 0.653885185185 -0.497303703704 0
-0.233174091234 0.960595880798 -0.730018986627 0
0.158559838026 0.975921693233 -0.741774074833 0
-0.211066593264 0.939028298334 -0.844225339823 0
0.147096181433 0.941871379706 -0.854105694567 0
-0.189634146592 0.939854285609 -0.943182095606 0
0.127388990574 0.935129899360 -0.954733261429 0
-0.138250209544 0.335762095623 -0.606383144845 0
0.093892748769 0.344389445902 -0.601930778383 0
-0.168941578092 0.011909078737 -0.591962311279 0
0.126413992612 0.033030806175 -0.582959582307 0
-0.175038006742 0.025293238828 -0.638524426203 0
0.136149734660 0.057886394777 -0.625642470704 0
-0.017297508565 1.044236066980 -0.553770146043 0
-0.175613383428 0.946211240258 -0.563573453909 0
0.132166683008 0.930242507629 -0.567781556762 0
-0.019954806388 0.924189872169 -0.549456687352 0
-0.019423124875 0.783309473917 -0.523518517531 0
-0.068346429511 0.570575829117 -0.516902112343 0
0.046479143056 0.578808855923 -0.520001335972 0
-0.011458777778 0.644781481481 -0.491481481481 0
-0.233985108677 0.949126428026 -0.735564633542 0
0.159136176204 0.965944647906 -0.746335585184 0
-0.211406311873 0.928299259444 -0.849816198844 0
0.147108752052 0.933028467092 -0.858945967365 0
-0.189584558531 0.930518623150 -0.948457568703 0
0.126875441764 0.927374145566 -0.959511471144 0
-0.146048797760 0.333858452826 -0.613723276079 0
0.102467517410 0.341883695430 -0.609846828263 0
-0.168153481878 0.011115064818 -0.592804621253 0
0.126592201633 0.031981192420 -0.584100154340 0
-0.174584857887 0.024068677827 -0.639443382411 0
0.136993463862 0.056625783467 -0.626748387552 0
-0.018036616731 1.032841417186 -0.560330165584 0
-0.176103696858 0.930773211047 -0.569350886680 0
0.131749896369 0.916080556017 -0.572752191174 0
-0.020370636942 0.909784446335 -0.554501571485 0
-0.019398548841 0.769872843571 -0.524172303989 0
-0.067981585282 0.558304979628 -0.509589373875 0
0.046834170848 0.566813301088 -0.512282075693 0
-0.011426925926 0.633118518519 -0.485229629630 0
-0.234595500136 0.934944238503 -0.741275387491 0
0.159375127882 0.952733024587 -0.751013181244 0
-0.211347102871 0.914540472525 -0.855469045584 0
0.146944574737 0.920339507615 -0.863731296348 0
-0.189093263585 0.917646353673 -0.953843723298 0
0.126305352197 0.915751795547 -0.964080352187 0
-0.154214283913 0.331366524201 -0.621437356209 0
0.111432751126 0.338787227730 -0.617977749765 0
-0.167301298456 0.010681780065 -0.593811818900 0
0.126761640667 0.031254688399 -0.585276550630 0
-0.174084320027 0.023706800934 -0.640380823393 0
0.137855008344 0.055644799358 -0.627896658570 0
-0.018619603979 1.018181664362 -0.567535305869 0
-0.176506555979 0.912281747724 -0.575280202859 0
0.131409534858 0.898821258388 -0.578068406050 0
-0.020698163153 0.892357402467 -0.559769511459 0
-0.019330611958 0.753664164877 -0.524709530909 0
-0.067731076573 0.543751865449 -0.502041314892 0
0.047082158662 0.552461516861 -0.504130099207 0
-0.011494444444 0.619118518519 -0.478670370370 0
-0.235221563896 0.917481532126 -0.747100552607 0
0.159641625300 0.936425606711 -0.756035817408 0
-0.211148229622 0.897601419296 -0.861215621204 0
0.146455591063 0.904609309369 -0.868832465366 0
-0.188370628860 0.900867328037 -0.959554512504 0
0.125231669544 0.900696924390 -0.969048197737 0
-0.162225937175 0.328511885554 -0.629279612551 0
0.120462312935 0.335442874941 -0.626026383974 0
-0.166380737326 0.010951086116 -0.594752571963 0
0.126911663607 0.031042418917 -0.586318611690 0
-0.173540759719 0.024359784842 -0.641155951232 0
0.138711018574 0.055313311520 -0.628816998889 0
-0.019258904506 1.000459495062 -0.574707403588 0
-0.176716621837 0.890262034522 -0.581980444271 0
0.131246850407 0.877786961067 -0.584017636681 0
-0.020857963430 0.871399336673 -0.565668069023 0
-0.019247841603 0.734319888734 -0.525134617099 0
-0.067645597443 0.526581812169 -0.494278629668 0
0.047162990870 0.535492672904 -0.495651452801 0
-0.011735629630 0.602466666667 -0.471818518519 0
-0.235569123905 0.896377114475 -0.753723599294 0
0.160058959658 0.915341338923 -0.761902623438 0
-0.210767490340 0.877032764172 -0.867774764453 0
0.146351591608 0.884645405834 -0.874947304068 0
-0.187479117389 0.880895572118 -0.965935800645 0
0.124463872046 0.880905558511 -0.975253603834 0
-0.170380192932 0.325212190169 -0.636907484540 0
0.129281763605 0.331746354488 -0.633797705443 0
-0.165623823432 0.011444184178 -0.595776230598 0
0.127164566633 0.030969497628 -0.587305661387 0
-0.173284945527 0.025389890161 -0.641940689034 0
0.139714203260 0.055001346568 -0.629724887889 0
-0.019752393992 0.979080139510 -0.582947759978 0
-0.176914652288 0.865546635973 -0.589411428135 0
0.131090360277 0.854042931045 -0.590773358544 0
-0.021006436751 0.847843003680 -0.572293423333 0
-0.019164847517 0.712815713621 -0.525730155260 0
-0.067684587707 0.507882854580 -0.486679069029 0
0.047124041082 0.516880408285 -0.487247237848 0
-0.012025703704 0.584181481481 -0.465011111111 0
-0.235976331095 0.872614988411 -0.761046153614 0
0.160460107158 0.890290122759 -0.768838224562 0
-0.210638438696 0.853378936785 -0.874997716643 0
0.146359351320 0.859922738560 -0.881923248892 0
-0.186814628212 0.857927889239 -0.972822611165 0
0.123876202155 0.856709542169 -0.982012596340 0
-0.178304173665 0.321969625039 -0.643671713127 0
0.137428299049 0.328105853406 -0.640706517938 0
-0.165097785345 0.012182031283 -0.596809725275 0
0.127488488955 0.031020898616 -0.588142602501 0
-0.173398172128 0.026756380294 -0.642668472095 0
0.140793377261 0.054879580844 -0.630429209711 0
-0.020183162379 0.955044271276 -0.591801228076 0
-0.177037688452 0.838563669547 -0.597068419348 0
0.131001698646 0.827954585456 -0.597747520377 0
-0.021091058961 0.822037698678 -0.579141975361 0
-0.019070541350 0.689386771477 -0.526483119812 0
-0.067877943491 0.487655559509 -0.479602887572 0
0.046936155791 0.496597093526 -0.479335290543 0
-0.012366111111 0.564285185185 -0.458740740741 0
-0.236404174751 0.846626115792 -0.768554103197 0
0.161064653085 0.863179389572 -0.775901861875 0
-0.210816395260 0.827045776771 -0.882391131683 0
0.146319501440 0.832080229365 -0.888705473534 0
-0.186503653670 0.831567636763 -0.980006896473 0
0.123301207112 0.829359858284 -0.988333219504 0
-0.186132769827 0.318727025518 -0.649679512858 0
0.145106009675 0.324536663826 -0.646960857036 0
-0.164709086343 0.013027801375 -0.597745756065 0
0.127752737234 0.031032730523 -0.588880693589 0
-0.173747591049 0.027923770697 -0.643360975679 0
0.141857818555 0.054305820294 -0.631234251803 0
-0.020471640865 0.928732048891 -0.600660174325 0
-0.177126149516 0.809177301463 -0.604683663358 0
0.130943272598 0.799462029114 -0.605033647194 0
-0.021128537383 0.793815979880 -0.586174444982 0
-0.018899762686 0.663812303020 -0.527630612013 0
-0.068185106639 0.465960741838 -0.472901275627 0
0.046642814581 0.474661440323 -0.471830580979 0
-0.012673407407 0.542792592593 -0.452796296296 0
-0.237023503957 0.818448270018 -0.775923491006 0
0.161803334753 0.832993075134 -0.783378433957 0
-0.211344375685 0.797744852013 -0.889541025059 0
0.146374885044 0.801225162957 -0.895903963334 0
-0.186887553214 0.801515223133 -0.987086840869 0
0.122681555217 0.798174508516 -0.995269051364 0
-0.194075766637 0.315709310142 -0.654624034288 0
0.152661333528 0.321156450493 -0.652209997653 0
-0.164591032818 0.014001085428 -0.598758575606 0
0.128104371953 0.030936406095 -0.589463109735 0
-0.174537909263 0.029277137043 -0.644057964408 0
0.143043220768 0.053852452146 -0.631725380726 0
-0.020617613128 0.900119999836 -0.609124747994 0
-0.177139047210 0.778399660723 -0.611810911267 0
0.130955970098 0.769527486439 -0.611961511783 0
-0.021092306865 0.764142740670 -0.592837998599 0
-0.018686428540 0.636881473131 -0.528893086430 0
-0.068467752506 0.443631321898 -0.466958310200 0
0.046366778714 0.452120898019 -0.465153436359 0
-0.012946518519 0.520492592593 -0.446992592593 0
-0.237451007558 0.788549403317 -0.782855270029 0
0.162859560194 0.801571740088 -0.790395993305 0
-0.211576966853 0.767226372924 -0.896313877382 0
0.146736071606 0.768722915036 -0.902512985212 0
-0.187130796746 0.770600856160 -0.993841852127 0
0.122182277515 0.764662924963 -1.001617106332 0
-0.202444178736 0.313263482463 -0.658012374989 0
0.160515058835 0.318366990763 -0.655995005892 0
-0.164665622000 0.015089689867 -0.599825391523 0
0.128590606069 0.031105369363 -0.590056794638 0
-0.175705392458 0.030740175798 -0.644742186691 0
0.144464740972 0.053868761082 -0.632059815463 0
-0.020623432346 0.869965419878 -0.617465273594 0
-0.177051212351 0.746384681386 -0.619344631831 0
0.131064158160 0.738252282538 -0.619098887146 0
-0.020977300480 0.733191810747 -0.599833133831 0
-0.018437349453 0.609147220812 -0.530333641484 0
-0.068709513877 0.421464429635 -0.462008121878 0
0.046131830064 0.429680473496 -0.459505647529 0
-0.013128777778 0.498088888889 -0.441311111111 0
-0.237637476366 0.758380607148 -0.790172395611 0
0.163824221567 0.768459963220 -0.797698472035 0
-0.211735263642 0.736399883823 -0.903498987231 0
0.147094979550 0.734574705482 -0.909417556508 0
-0.187448933068 0.739354037478 -1.001042626277 0
0.121821592587 0.729863018864 -1.008198848093 0
-0.211263756189 0.311549247899 -0.659603802093 0
0.169075281197 0.316227335945 -0.657883407436 0
-0.165024499277 0.016489330366 -0.601079134426 0
0.129120051315 0.031492643900 -0.590567479972 0
-0.177431865026 0.032819308870 -0.645393035258 0
0.146114575098 0.054085222336 -0.632222917563 0
-0.020574697676 0.838346874770 -0.626640054370 0
-0.176887315470 0.713268800437 -0.626155916059 0
0.131246965828 0.705904155783 -0.625604059798 0
-0.020784374378 0.701161860128 -0.606178175055 0
-0.018123397321 0.580541866245 -0.531363378469 0
-0.068948038650 0.398808268523 -0.457553392199 0
0.045895170031 0.406760567579 -0.454375595388 0
-0.013321000000 0.475088888889 -0.435740740741 0
-0.237589576302 0.727158985468 -0.796798878966 0
0.164446764806 0.734283488259 -0.804422191667 0
-0.212039860910 0.703893160822 -0.909948808869 0
0.147172937940 0.699397431361 -0.915749681558 0
-0.187989944012 0.705798656752 -1.007558689923 0
0.121279004672 0.693478887374 -1.014391383913 0
-0.220789861368 0.310692624524 -0.659114316420 0
0.178659411612 0.314767977526 -0.657480154064 0
-0.165836679378 0.018468341296 -0.602527769104 0
0.129825307592 0.031949923448 -0.591024231026 0
-0.179912813347 0.036029287850 -0.645861455059 0
0.148291247928 0.054194003420 -0.632238595920 0
-0.020454301774 0.805567533899 -0.635239552049 0
-0.176752066996 0.680204164478 -0.632903846822 0
0.131400409897 0.673673980919 -0.632075876896 0
-0.020621424487 0.669189145968 -0.612514923518 0
-0.017836998430 0.552122179336 -0.532756526009 0
-0.069235504610 0.376865130925 -0.453560137978 0
0.045605295072 0.384589714883 -0.449788989083 0
-0.013580777778 0.452825925926 -0.430725925926 0
-0.237497272383 0.694201134912 -0.803522800462 0
0.164749821814 0.699599605823 -0.811238418035 0
-0.212487742519 0.670062761569 -0.916610622699 0
0.146994536946 0.663612936345 -0.922139011113 0
-0.188591459898 0.671040730423 -1.014315255953 0
0.120606582873 0.656128035094 -1.020724146632 0
-0.230363782888 0.310683376363 -0.656303239757 0
0.188923243501 0.314027917992 -0.654291900309 0
-0.166811480258 0.020813756524 -0.603770985732 0
0.130800033915 0.032645174234 -0.591178664137 0
-0.182715329774 0.039609870989 -0.645938584447 0
0.151106953809 0.054782855514 -0.631576262975 0
-0.020305384633 0.772803709119 -0.643771209964 0
-0.176477347278 0.647677554576 -0.639091305489 0
0.131685486906 0.641722353604 -0.637874319020 0
-0.020341010747 0.637584819849 -0.618273104861 0
-0.017561580056 0.524130200820 -0.533985409676 0
-0.069504050023 0.355659268104 -0.449865165413 0
0.045328407314 0.363226268342 -0.445558509818 0
-0.013866074074 0.431314814815 -0.426000000000 0
-0.237249123185 0.661409172970 -0.809722358962 0
0.165020657042 0.665610946526 -0.817322470332 0
-0.212753154983 0.636720603924 -0.922803813191 0
0.146982516878 0.628460441594 -0.927792817253 0
-0.188983669900 0.637475757140 -1.020449797876 0
0.120280134182 0.620239281002 -1.026129730359 0
-0.239988337761 0.311503528241 -0.650943484204 0
0.200175509916 0.314108722619 -0.647920274339 0
-0.167871928736 0.023388595824 -0.604943876725 0
0.132018304351 0.033646030373 -0.591300706682 0
-0.185672645547 0.043250612412 -0.645845802203 0
0.154478777282 0.055463798842 -0.630720575463 0
-0.020042764882 0.740474707286 -0.651416836007 0
-0.175946836251 0.616092713824 -0.645334041552 0
0.132221462813 0.610501357705 -0.643812845947 0
-0.019809930971 0.606753574561 -0.624171252411 0
-0.017109137528 0.496471336563 -0.536151028850 0
-0.069677748246 0.335382094755 -0.447404909579 0
0.045137466806 0.342885568392 -0.442560912398 0
-0.014129148148 0.410740740741 -0.422418518519 0
-0.236652777549 0.629501992945 -0.816014158802 0
0.165271182719 0.632899938972 -0.823505798008 0
-0.212614558913 0.604173234100 -0.929052255081 0
0.147158189349 0.594747979536 -0.933622007207 0
-0.189026787068 0.604742468266 -1.026618538662 0
0.120141471996 0.586457796573 -1.031561475834 0
-0.250069697399 0.312447435621 -0.643312689180 0
0.213121840940 0.314156577614 -0.638255412469 0
-0.169195280361 0.026199658591 -0.606105894034 0
0.133624748867 0.035344356292 -0.591330203818 0
-0.189028060930 0.047119144463 -0.645518692153 0
0.158596855834 0.057052440671 -0.629271828271 0
-0.019598506078 0.708979467402 -0.658973627790 0
-0.175342435524 0.585832013739 -0.650476615932 0
0.132830141032 0.580555244368 -0.648716896853 0
-0.019203946676 0.577208484351 -0.629023797981 0
-0.016618423280 0.470200570632 -0.537458420457 0
-0.069782451474 0.315635026010 -0.445365034842 0
0.045011222732 0.323110933290 -0.439996310104 0
-0.014352666667 0.390703703704 -0.419266666667 0
-0.235912766572 0.598948873337 -0.821227620295 0
0.165130816726 0.602087703447 -0.828651765639 0
-0.212347801982 0.572736135687 -0.934163788191 0
0.147272524132 0.562950249608 -0.938463300364 0
-0.189015212058 0.572808499591 -1.031701506416 0
0.120050747865 0.554551142248 -1.036011436887 0
-0.260191104099 0.313481155270 -0.632947064533 0
0.226692874840 0.313876686835 -0.625055620062 0
-0.170505542455 0.028951819986 -0.607045556205 0
0.135257979993 0.037386321863 -0.590932797703 0
-0.192335281916 0.050713011518 -0.644916993304 0
0.162971247795 0.058991372746 -0.626982908437 0
-0.019167875102 0.678895961695 -0.665111296538 0
-0.174605610789 0.556330329638 -0.655237110432 0
0.133569150141 0.551385767776 -0.652968656970 0
-0.018485935979 0.548417778148 -0.633377215122 0
-0.016097277976 0.444558660109 -0.538587764660 0
-0.069784887435 0.296001092746 -0.443769802391 0
0.044971439650 0.303633478787 -0.437851009432 0
-0.014605000000 0.370896296296 -0.416662962963 0
-0.234917585387 0.569304383588 -0.826090445618 0
0.165009806645 0.572652099030 -0.833087411470 0
-0.211899876000 0.541705159071 -0.938808949204 0
0.147593607402 0.532376434800 -0.942557859266 0
-0.188917237364 0.541041650557 -1.036273780499 0
0.120244560218 0.523204910408 -1.039837400837 0
-0.270194285251 0.314692150349 -0.619649959456 0
0.240482328016 0.312370131209 -0.608261119629 0
-0.171941335403 0.031888320203 -0.607917956040 0
0.136233243379 0.039042503179 -0.590155474034 0
-0.195701708219 0.054235561253 -0.644254965148 0
0.166906390277 0.059524057676 -0.624420294254 0
-0.018672523261 0.649750744446 -0.670311366305 0
-0.173841259380 0.528645678685 -0.658992445919 0
0.134339549533 0.524287607435 -0.656370599343 0
-0.017725514879 0.521567230956 -0.636820701438 0
-0.015442051276 0.420572791430 -0.539162193189 0
-0.069538724820 0.276697874866 -0.442526055252 0
0.045164516305 0.284638460514 -0.436013482190 0
-0.014720407407 0.351539629630 -0.414551851852 0
-0.233761225481 0.542019027081 -0.829952890803 0
0.164937985835 0.546008617592 -0.836580118689 0
-0.211380110694 0.512823055580 -0.942396984197 0
0.148159153544 0.503946570868 -0.945476799439 0
-0.188793496101 0.511163488384 -1.039809398827 0
0.120734888978 0.493210049885 -1.042463152443 0
-0.278814755905 0.316321630417 -0.604020986523 0
0.253392753160 0.309902511980 -0.588798204273 0
-0.173494194127 0.035334165131 -0.608726260685 0
0.137961429747 0.040877195444 -0.588915575919 0
-0.199110201635 0.058581979772 -0.643189168332 0
0.171458288728 0.061198996796 -0.620528844464 0
-0.018170133202 0.622389943647 -0.674920267795 0
-0.172868967520 0.504670903331 -0.661653920409 0
0.135313844553 0.501120761220 -0.658185681615 0
-0.016792359020 0.498480864482 -0.638947268197 0
-0.014700764425 0.399701906681 -0.539024242708 0
-0.068958315821 0.258167559149 -0.441583590192 0
0.045656442192 0.266821916550 -0.434452014170 0
-0.014769333333 0.333244074074 -0.413018518519 0
-0.232378488781 0.516779884277 -0.832851794110 0
0.165252288617 0.521618050027 -0.838649218563 0
-0.210604707358 0.486366403639 -0.945092231691 0
0.148988988648 0.477993961161 -0.947008233004 0
-0.188555193185 0.483607281293 -1.042616228221 0
0.121700584577 0.466275649280 -1.043719714107 0
-0.284370776273 0.318331685038 -0.587955929978 0
0.263676421213 0.308243067757 -0.568958590971 0
-0.174690525892 0.038762140433 -0.609092627321 0
0.140620017866 0.043148452537 -0.587902931142 0
-0.201945420270 0.063067730235 -0.641507774499 0
0.176251233804 0.064074183269 -0.616659568011 0
-0.017557290232 0.598544242285 -0.678692768551 0
-0.171745289815 0.486562376724 -0.663709459497 0
0.136431758339 0.483532318616 -0.659350149262 0
-0.015721797667 0.481058487784 -0.640467397169 0
-0.013942658417 0.384041493680 -0.538713087755 0
-0.068208621265 0.243367845553 -0.440686481728 0
0.046293317563 0.252981048773 -0.432992824523 0
-0.014785370370 0.318945185185 -0.412000000000 0
-0.230878835803 0.494541996960 -0.835279479896 0
0.166035142356 0.498788383453 -0.840387243775 0
-0.210171576714 0.462429581697 -0.947248204981 0
0.150266597180 0.454633321112 -0.948604227278 0
-0.189220749746 0.458245347746 -1.044953174174 0
0.123344519333 0.442715869834 -1.045282225880 0
-0.285933296082 0.320347995537 -0.575286387006 0
0.269337009847 0.307493941140 -0.553907249307 0
-0.174713556892 0.041000077919 -0.608966197494 0
0.142402185648 0.044731730303 -0.587426134008 0
-0.203034747347 0.065964623574 -0.639934154502 0
0.179258338031 0.066017564721 -0.614313885950 0
-0.016859725323 0.579871274902 -0.682736985880 0
-0.170499290597 0.474249118407 -0.664948780952 0
0.137659635023 0.471562123765 -0.659280053784 0
-0.014568036689 0.469269550226 -0.640980795801 0
-0.013244002710 0.373279470583 -0.537968233272 0
-0.067472184843 0.231222153211 -0.440209765390 0
0.046908473994 0.241776771218 -0.431965679295 0
-0.014794740741 0.307379259259 -0.411677777778 0
-0.229289879735 0.478983773434 -0.836756732370 0
0.167115044402 0.484690476634 -0.840507983911 0
-0.210139215952 0.444435651430 -0.948276562592 0
0.152374982381 0.437617950400 -0.947634730859 0
-0.190753199970 0.439139531064 -1.045921958075 0
0.126144325575 0.423213132586 -1.044078856380 0
-0.285172935253 0.322660535381 -0.565479544481 0
0.272466769903 0.307243514098 -0.542319668556 0
-0.174048483573 0.042328874908 -0.608899184688 0
0.143098555234 0.045665227229 -0.587500726981 0
-0.202864291422 0.067382700829 -0.639334160530 0
0.180654603946 0.066444024328 -0.613810396613 0
-0.016297546538 0.566676270745 -0.685863240805 0
-0.169273881549 0.467125988355 -0.666565862943 0
0.138856333716 0.464851656722 -0.659363383948 0
-0.013456383773 0.462623029820 -0.641777819292 0
-0.012608400156 0.367368920547 -0.537849091266 0
-0.066907622588 0.223951732906 -0.440365213683 0
0.047362554946 0.235242833243 -0.431582411599 0
-0.014837888889 0.300598518519 -0.412029629630 0
-0.227971306448 0.469843819409 -0.838449393872 0
0.168372132491 0.475954637235 -0.840716847922 0
-0.210194754951 0.432966070135 -0.949449479527 0
0.155141957391 0.426420466807 -0.946926830941 0
-0.192064532175 0.426984619983 -1.046825714350 0
0.129736641406 0.409644672141 -1.043170400360 0
-0.283790409241 0.324432916453 -0.560000077427 0
0.273886923573 0.307096551781 -0.535813864494 0
-0.173581657071 0.043193709209 -0.608862680781 0
0.143332820706 0.046054780084 -0.587683286341 0
-0.202621585350 0.068447997136 -0.638916569658 0
0.181206011698 0.066360015015 -0.613907945697 0
-0.015926793221 0.559290105817 -0.687947443806 0
-0.168099448017 0.465686242950 -0.668996421341 0
0.139968918799 0.463988882718 -0.659390267948 0
-0.012471799962 0.461643534437 -0.642967437005 0
-0.012181374072 0.367035239991 -0.538371448197 0
-0.066930420888 0.223707888799 -0.440738036632 0
0.047300290763 0.234987037733 -0.431441513203 0
-0.014966296296 0.300450000000 -0.412466666667 0
-0.226990519963 0.468274265191 -0.840815705142 0
0.169711387616 0.473854744345 -0.840778216203 0
-0.210175486450 0.429457045517 -0.951303131101 0
0.158279384430 0.423583091837 -0.946850372414 0
-0.192636594100 0.421903729745 -1.048620469472 0
0.134141631063 0.406364629147 -1.043197917513 0
-0.282414608332 0.324940936764 -0.562251603685 0
0.273827762288 0.307049199703 -0.535522211121 0
-0.173492958966 0.043257277464 -0.608703780698 0
0.143137264168 0.045744052003 -0.587912580017 0
-0.202537711636 0.068840308529 -0.638473624393 0
0.181001961421 0.065735874412 -0.614389091468 0
-0.015615005868 0.558687791547 -0.688445283027 0
-0.166971311521 0.470030018205 -0.671632339260 0
0.140985493802 0.469123984983 -0.658862726660 0
-0.011609606847 0.466475169832 -0.643993234163 0
-0.011946389797 0.372342398263 -0.538976894648 0
-0.067448061849 0.229824010312 -0.440947025107 0
0.046797086206 0.240561217836 -0.431197227505 0
-0.015218370370 0.306409629630 -0.412740740741 0
-0.226223902618 0.474223209215 -0.843295585464 0
0.171190126061 0.479358582179 -0.840153847953 0
-0.210358096868 0.433884179470 -0.953377518938 0
0.161250139980 0.429315441845 -0.946484054612 0
-0.193110091197 0.424766177048 -1.050669332131 0
0.138536709873 0.411714851684 -1.043330338994 0
-0.280894672092 0.324045465663 -0.571369315933 0
0.272038507679 0.307513059211 -0.541307150817 0
-0.173494994553 0.042040649751 -0.608233813009 0
0.142564633236 0.044876536629 -0.588172743687 0
-0.202270669997 0.067697475179 -0.638200803873 0
0.180087522508 0.064912771505 -0.615098493306 0
-0.015021611642 0.563701410682 -0.689102793499 0
-0.165880014130 0.480521962278 -0.673309302643 0
0.142010483014 0.479610005581 -0.659030368844 0
-0.010655758018 0.476974264251 -0.644907533158 0
-0.011610407985 0.383076954386 -0.539759399265 0
-0.068827887495 0.241672458356 -0.441222601562 0
0.045460635678 0.251619374799 -0.431148260043 0
-0.016134703704 0.317980370370 -0.413125925926 0
-0.225662600019 0.484473699594 -0.844794429393 0
0.173004065823 0.491918846561 -0.840059172374 0
-0.210439216923 0.443831295849 -0.954855488879 0
0.163920119312 0.441460457914 -0.946269647361 0
-0.193431940112 0.434614355593 -1.052103230558 0
0.142124020490 0.422793926699 -1.043387917750 0
-0.278871319940 0.321694597689 -0.585878488826 0
0.267985514775 0.308694709336 -0.551835983497 0
-0.173524477510 0.039761918515 -0.607554718883 0
0.141597004498 0.043581068205 -0.588711390991 0
-0.201731979952 0.065417113301 -0.638058497604 0
0.178374893264 0.063763728853 -0.616540530880 0
-0.013962080262 0.574008225946 -0.690224419970 0
-0.164840083779 0.496285584113 -0.674551909509 0
0.142999500953 0.495217869829 -0.659224551456 0
-0.009714981746 0.492586567409 -0.645632429024 0
-0.011050634380 0.398554038755 -0.540697345649 0
-0.069545151765 0.258013558115 -0.441690631333 0
0.044803789163 0.267007214876 -0.431407933264 0
-0.016248111111 0.333983703704 -0.413818518519 0
-0.225292523555 0.499304814532 -0.845821023108 0
0.175600545930 0.508951120809 -0.839868142909 0
-0.210280711433 0.459143398128 -0.956087515386 0
0.166675102480 0.458971308570 -0.946318069605 0
-0.193445513332 0.450342240041 -1.053402860441 0
0.144985095207 0.440874154059 -1.043515927337 0
-0.273664757534 0.319309257612 -0.603013710216 0
0.262638267504 0.309657302867 -0.565830967981 0
-0.172820877357 0.036600697712 -0.606989021582 0
0.140380284285 0.041977429733 -0.589328314759 0
-0.199792116209 0.061773352055 -0.638976870492 0
0.176106899529 0.062245585500 -0.618435440087 0
-0.012150407876 0.590094432706 -0.689995880622 0
-0.163901838792 0.517031595454 -0.674861749990 0
0.143892613917 0.515554418922 -0.658685511919 0
-0.008861663662 0.512979583473 -0.645536988247 0
-0.010503220251 0.418222859214 -0.541256745555 0
-0.069970099360 0.277132372082 -0.442282362966 0
0.044444589100 0.285175392977 -0.431943653558 0
-0.016026851852 0.352798518519 -0.414829629630 0
-0.224881722651 0.519479575260 -0.845952905984 0
0.178952425796 0.529616382311 -0.838842688367 0
-0.210039898291 0.479584343455 -0.956338973578 0
0.169822821273 0.481054775859 -0.945929815353 0
-0.193362546042 0.471172684471 -1.053658761122 0
0.147737599484 0.464263132108 -1.043231720614 0
-0.265852236361 0.317196398224 -0.619686348913 0
0.255401390213 0.310777798299 -0.580880509737 0
-0.171552791450 0.033066321317 -0.606418064999 0
0.138867135008 0.040202253476 -0.590123556467 0
-0.196763926626 0.057067201885 -0.640662613833 0
0.173225220615 0.060382561529 -0.620891901242 0
-0.009999552084 0.611039545760 -0.688771107906 0
-0.163186104213 0.541707426575 -0.674511883933 0
0.144588069693 0.539640702235 -0.658017509927 0
-0.008183895569 0.537118085347 -0.645065838030 0
-0.009973346924 0.441092796565 -0.541914937772 0
-0.070137017044 0.298485621162 -0.443219168959 0
0.044340294494 0.305625968372 -0.432910889872 0
-0.015546740741 0.373918518519 -0.416411111111 0
-0.225024681679 0.544010282974 -0.845296572033 0
0.182034566802 0.553583900588 -0.837703025546 0
-0.210433171709 0.504149424725 -0.955728419824 0
0.172270311395 0.506073634002 -0.945204960185 0
-0.193900238707 0.496380924663 -1.052898108609 0
0.149659882972 0.490295983116 -1.042543193002 0
-0.256613246093 0.315225696479 -0.633989968335 0
0.246653583233 0.311962269291 -0.595298163735 0
-0.170107353319 0.029701389989 -0.605672755514 0
0.137176215810 0.038412327981 -0.590939320465 0
-0.193322289627 0.052373024207 -0.642161061364 0
0.169965412936 0.058299444142 -0.623555038800 0
-0.008023422401 0.635642853720 -0.687262192554 0
-0.162613714725 0.569045903735 -0.673946993198 0
0.145139235429 0.566179755241 -0.657178430011 0
-0.007650156549 0.563725511007 -0.644420641993 0
-0.009541076742 0.465998455250 -0.542831433095 0
-0.070050411213 0.321298441213 -0.444627910415 0
0.044492902029 0.327608384658 -0.434512870221 0
-0.014822111111 0.396529629630 -0.418570370370 0
-0.225714281703 0.571310374832 -0.844269960286 0
0.184617117273 0.580131970209 -0.836427893028 0
-0.211248907168 0.531993237077 -0.954913120076 0
0.174177168680 0.532898581409 -0.943988324981 0
-0.194710169779 0.524866667811 -1.052063658572 0
0.151084881129 0.517760552445 -1.041201945622 0
-0.247160087358 0.313771015363 -0.644684433659 0
0.237349952503 0.313115354176 -0.607534696510 0
-0.168827032331 0.026868144948 -0.604832110552 0
0.135651394338 0.036917387901 -0.591472196267 0
-0.190113630499 0.048411061461 -0.643135063654 0
0.166903534630 0.056580533703 -0.625693218231 0
-0.006463751460 0.662814882365 -0.685339962799 0
-0.162226842863 0.598620586196 -0.672325196713 0
0.145533574207 0.594809416527 -0.655885047147 0
-0.007249773714 0.592405712344 -0.643045515404 0
-0.009097097116 0.492406949295 -0.543571121123 0
-0.069670990696 0.344416594084 -0.446484898863 0
0.044936137550 0.350068164210 -0.436709115351 0
-0.013886666667 0.419522222222 -0.421262962963 0
-0.226657745168 0.601610543038 -0.842138157015 0
0.185399438996 0.609113086821 -0.835020904222 0
-0.211955163823 0.563489601646 -0.953167977871 0
0.175003697247 0.562077896818 -0.942672432408 0
-0.195184943476 0.556725765603 -1.050555895296 0
0.151844393413 0.546988303039 -1.039904424725 0
-0.238256624746 0.313061915543 -0.651528504329 0
0.227962389413 0.314329711574 -0.617165748241 0
-0.167787990852 0.024429156191 -0.603977031566 0
0.134339768438 0.035606683540 -0.591838142802 0
-0.187358850364 0.044924272486 -0.643742146878 0
0.164151386168 0.055329101952 -0.627288214455 0
-0.005255806873 0.692283883984 -0.682210210472 0
-0.161798649678 0.630160005964 -0.669432372516 0
0.145950548291 0.625008350564 -0.653148348353 0
-0.006837994536 0.622752800436 -0.640343800516 0
-0.008740744905 0.519809457191 -0.543688286474 0
-0.069149480649 0.367055199424 -0.448797205104 0
0.045528207358 0.372116510518 -0.439539179597 0
-0.012826222222 0.442033333333 -0.424407407407 0
-0.227195627888 0.633652572696 -0.838866016514 0
0.185625782867 0.639732084038 -0.832292493898 0
-0.211988822327 0.596821772366 -0.950262777696 0
0.175356401121 0.593111760677 -0.940136442797 0
-0.194906739398 0.590647675872 -1.047836065301 0
0.152297544824 0.578198104870 -1.037485966667 0
-0.230150335182 0.313008767552 -0.655206555807 0
0.218826760788 0.315836538447 -0.624310980328 0
-0.166853385486 0.022105586815 -0.603118140360 0
0.133179486433 0.034616872730 -0.592045288851 0
-0.184892889571 0.041301131499 -0.644233102192 0
0.161668529914 0.054290316702 -0.628593119480 0
-0.004344270644 0.723563211017 -0.677419879329 0
-0.161349593446 0.663223496073 -0.665327531660 0
0.146393074138 0.656186043602 -0.649636685352 0
-0.006387591080 0.654274251244 -0.636683069779 0
-0.008370804605 0.547977449115 -0.543433732992 0
-0.068426709639 0.389722525287 -0.451662700553 0
0.046329023091 0.394213467968 -0.443103887987 0
-0.011557629630 0.464529629630 -0.428025925926 0
-0.227080548536 0.667051459906 -0.834624639538 0
0.185265631464 0.671212654678 -0.828931589617 0
-0.211483236082 0.630759355320 -0.946144145361 0
0.175193307503 0.624605486700 -0.936799806665 0
-0.193949736947 0.625341333702 -1.043573057119 0
0.152410196145 0.609654074302 -1.034243014745 0
-0.222443329087 0.313884567939 -0.656539729952 0
0.209689229993 0.317547502922 -0.629587707196 0
-0.166030939955 0.020067060411 -0.602289213299 0
0.132165079997 0.033723724629 -0.592100195119 0
-0.182660550518 0.037654525685 -0.644697583317 0
0.159413163526 0.053481215615 -0.629538109242 0
-0.003742054057 0.756229955114 -0.671112847391 0
-0.160932328177 0.698224321660 -0.660090332200 0
0.146794439587 0.689280440297 -0.645072967760 0
-0.005976370702 0.687674759709 -0.631962510698 0
-0.008024042097 0.577981300303 -0.542470512197 0
-0.067600344998 0.413270563062 -0.455190109390 0
0.047249636643 0.417173072176 -0.447669991535 0
-0.010128296296 0.487825925926 -0.432225925926 0
-0.226446026378 0.702262865251 -0.829466741460 0
0.184568324442 0.704620029287 -0.824576082167 0
-0.210638764492 0.666672557866 -0.941182692345 0
0.174581368394 0.657606106465 -0.932275589296 0
-0.192549241864 0.661494231266 -1.038635017535 0
0.152069392655 0.641822733513 -1.029842758674 0
-0.214701112243 0.315695168078 -0.655907618806 0
0.199664695822 0.319629445358 -0.633668198045 0
-0.165471401087 0.018343854237 -0.601448892678 0
0.131155007362 0.032878716021 -0.591978639461 0
-0.180821561216 0.034488945910 -0.644900490217 0
0.157139842906 0.052682003396 -0.630280493864 0
-0.003652521616 0.790716050820 -0.663709617494 0
-0.160312651584 0.734254698375 -0.654526199334 0
0.147378792776 0.723103590476 -0.640281701892 0
-0.005381170023 0.721906131341 -0.627002295719 0
-0.007549900668 0.608447932564 -0.541936653002 0
-0.066465329827 0.437734474252 -0.459494781844 0
0.048484641494 0.441270842122 -0.453469980740 0
-0.008470407407 0.512055555556 -0.437092592593 0
-0.225355544440 0.736916413448 -0.824111162883 0
0.183787969712 0.737856419661 -0.820115690101 0
-0.208852992386 0.702361948766 -0.936051539586 0
0.173601108625 0.690340154591 -0.927575750035 0
-0.190280212308 0.697261987040 -1.033713227669 0
0.151195844662 0.673780260809 -1.025194934307 0
-0.206847985820 0.318519735656 -0.653215374489 0
0.188591603133 0.322077025285 -0.636509090087 0
-0.165251591373 0.016739712871 -0.600664933198 0
0.130165380456 0.032112874962 -0.591616071534 0
-0.179488269273 0.031556488397 -0.644960676731 0
0.154863234197 0.052150302101 -0.630640825911 0
-0.003373089566 0.825932763403 -0.656122363099 0
-0.159631876370 0.770207586983 -0.648423020169 0
0.148009524559 0.756900835027 -0.634970264554 0
-0.004740307814 0.756060689128 -0.621547685229 0
-0.007022768141 0.638888807719 -0.541280854786 0
-0.065288488538 0.462501231015 -0.465290809117 0
0.049749740437 0.465570098885 -0.460921832442 0
-0.006711629630 0.536259259259 -0.442544444444 0
-0.223974687332 0.771059882388 -0.818293555490 0
0.183128285805 0.769834591454 -0.815200472905 0
-0.206423887900 0.736364228287 -0.930030631771 0
0.172270695109 0.721009706915 -0.922006256644 0
-0.187446788640 0.731207440547 -1.027616262216 0
0.149888878579 0.703451091466 -1.019493602736 0
-0.199062569606 0.321784676103 -0.649003787496 0
0.177335549472 0.324807863818 -0.637693710110 0
-0.165364852867 0.015288094921 -0.599888149463 0
0.129392274126 0.031546946108 -0.591089898565 0
-0.178717150515 0.029121426986 -0.644773423232 0
0.152873824511 0.052039827896 -0.630625610364 0
-0.002829932183 0.860998830103 -0.648001636773 0
-0.158887210427 0.805948506619 -0.641829924801 0
0.148720167584 0.790414820809 -0.630096065879 0
-0.003980194111 0.789954005647 -0.616104284060 0
-0.006346249179 0.669202866174 -0.540942544771 0
-0.064102150455 0.487323120383 -0.471837901956 0
0.050996996013 0.490100127803 -0.469235067934 0
-0.005014037037 0.560596296296 -0.448848148148 0
-0.222323436892 0.805749026113 -0.812043108425 0
0.182267699782 0.802552897378 -0.810680582462 0
-0.204000362065 0.770241288265 -0.923400455160 0
0.170859875650 0.752684899644 -0.916945705699 0
-0.184441510525 0.764768906730 -1.020720617420 0
0.148451585508 0.734116423726 -1.014330860952 0
-0.190300538660 0.325599011035 -0.643204150929 0
0.165354573061 0.328313894632 -0.636829821880 0
-0.165697445638 0.013848603246 -0.598976321573 0
0.128807414237 0.031133915047 -0.590505645572 0
-0.178213942847 0.026565821481 -0.644428960526 0
0.151107181434 0.052157724589 -0.630444770941 0
-0.001781340496 0.895745442953 -0.639770857514 0
-0.157995422660 0.840555770909 -0.635540562753 0
0.149541936969 0.822709524195 -0.625364032989 0
-0.003116631073 0.822666878571 -0.610916107338 0
-0.005701613376 0.698540490731 -0.541103380710 0
-0.062921579405 0.511606964693 -0.478927928260 0
0.052206490464 0.514278111623 -0.478095741278 0
-0.003419559259 0.584514814815 -0.455844444444 0
-0.220321681070 0.838136551254 -0.806146270127 0
0.181243297550 0.832242459592 -0.806437731602 0
-0.201402114537 0.801915177749 -0.917173542875 0
0.169457844222 0.782185737958 -0.912572833124 0
-0.181135893129 0.795400978746 -1.014420690933 0
0.146874388783 0.763215928507 -1.009941084561 0
-0.180454406485 0.329685897661 -0.635573617461 0
0.152804501959 0.332484426340 -0.633567726847 0
-0.166412610908 0.012481344942 -0.597900971993 0
0.128313258871 0.030906493730 -0.589818452368 0
-0.178211426798 0.024085021748 -0.643840882288 0
0.149484125926 0.052294863320 -0.630176177209 0
-0.000362202867 0.929232896995 -0.631713289554 0
-0.157107088601 0.873144884736 -0.628446926942 0
0.150361677575 0.853275158387 -0.620114481441 0
-0.002241479299 0.853520293524 -0.605094521665 0
-0.005039598398 0.726235629797 -0.540836318026 0
-0.061948999231 0.534518363663 -0.486096080441 0
0.053179751495 0.537191534604 -0.486820612333 0
-0.002128581481 0.607122222222 -0.462877777778 0
-0.218182495578 0.868409832182 -0.799455980621 0
0.179738423400 0.860581498139 -0.801683095615 0
-0.198508560515 0.831081198674 -0.909984269261 0
0.167711327492 0.810254107339 -0.907662974674 0
-0.177565830244 0.822996838234 -1.007173513163 0
0.145225244602 0.790907994452 -1.005067775808 0
-0.169583410419 0.333814304387 -0.626024012374 0
0.139036402770 0.337124577210 -0.628037786264 0
-0.167445550169 0.011557374418 -0.596682532523 0
0.127766197014 0.031049471522 -0.588641772784 0
-0.178667676284 0.022527082869 -0.642921716249 0
0.147827096626 0.052611846874 -0.629471151862 0
0.001283134937 0.960655084504 -0.623483285102 0
-0.156417659656 0.901894954688 -0.621373824703 0
0.150950063344 0.879900544221 -0.614846450552 0
-0.001598989577 0.880503804069 -0.599296360471 0
-0.004689323261 0.750459859222 -0.540523978879 0
-0.061216381280 0.554461752884 -0.493375439542 0
0.053892058709 0.557245008368 -0.495520332329 0
-0.001159966667 0.626825925926 -0.470018518519 0
-0.216018980389 0.894066654828 -0.792788884684 0
0.177608656209 0.885823091902 -0.796884304595 0
-0.195257488008 0.855982198008 -0.902859442841 0
0.165520269987 0.835368934445 -0.902796914703 0
-0.173717950213 0.847386316822 -0.999837547423 0
0.143356674228 0.815534573892 -1.000351236697 0
-0.157980883411 0.337178766023 -0.615325621029 0
0.125615883789 0.341561496764 -0.620727193005 0
-0.168688650969 0.011068475089 -0.595496030732 0
0.127372098881 0.031459715379 -0.587411558061 0
-0.179434093851 0.022071108515 -0.641840504456 0
0.146434451030 0.053191854156 -0.628627511217 0
0.002801375089 0.988026099180 -0.615815841146 0
-0.155559250686 0.927133811817 -0.613014433419 0
0.151718426134 0.903415489464 -0.608638549484 0
-0.000757265270 0.904222104401 -0.592393683398 0
-0.004141897287 0.771505944566 -0.539457914451 0
-0.060494223026 0.571285754572 -0.500730702029 0
0.054574526670 0.574325279090 -0.504229868641 0
-0.000296369259 0.643500000000 -0.477274074074 0
-0.213530974317 0.915698592362 -0.784785320112 0
0.175405742900 0.910019814809 -0.791063414457 0
-0.191767483748 0.878082871886 -0.894823500947 0
0.163439861573 0.859771297225 -0.897087639192 0
-0.169738224113 0.870264006553 -0.991647098910 0
0.141698547730 0.839618829670 -0.994875757166 0
-0.146270900665 0.340242628033 -0.604212812895 0
0.112760467048 0.345575190964 -0.612064166278 0
-0.170157147804 0.011644394830 -0.594317052975 0
0.127066662240 0.032331604227 -0.586013081687 0
-0.180467785406 0.023481717281 -0.640554497532 0
0.145281506539 0.054182708566 -0.627548158504 0
0.004500029920 1.012096568473 -0.606994393320 0
-0.154737165079 0.947392507944 -0.605616283272 0
0.152429824643 0.922001313165 -0.603378985849 0
0.000027920371 0.923002712109 -0.586466282185 0
-0.003729730139 0.788062905890 -0.539157051844 0
-0.059964009874 0.584609896071 -0.507960449310 0
0.055047678986 0.588011523661 -0.512760489750 0
0.000309629259 0.656722222222 -0.484385185185 0
-0.211126738685 0.935458137301 -0.777879190730 0
0.173353500102 0.930925870966 -0.786042856175 0
-0.188872839081 0.898895685815 -0.888173996972 0
0.161558072321 0.881185921340 -0.892325673981 0
-0.166514415396 0.891769516579 -0.985061183071 0
0.140317077265 0.861145529971 -0.990403169835 0
-0.134597492012 0.342614737251 -0.593489967421 0
0.100860128488 0.348981151361 -0.602794610011 0
-0.171360348912 0.013335392501 -0.592996464211 0
0.126731454696 0.033904377356 -0.584558343017 0
-0.181124017259 0.026464966132 -0.639003179008 0
0.144137356000 0.056071630441 -0.626272386340 0
0.006009591073 1.031186935086 -0.599180436682 0
-0.154089332198 0.962174339603 -0.598498585755 0
0.152962066746 0.935328188107 -0.598518673452 0
0.000640334827 0.936425828562 -0.580904249209 0
-0.003556758905 0.799560753212 -0.539220331637 0
-0.059773513955 0.593317398321 -0.515286057636 0
0.055159556184 0.597363297307 -0.521312675487 0
0.000394844444 0.665470370370 -0.491566666667 0
-0.208947492136 0.952636663374 -0.771404159755 0
0.171635675061 0.947977555083 -0.781206459898 0
-0.186216094398 0.916622111667 -0.881781824218 0
0.160004455035 0.898981675738 -0.887852372121 0
-0.163633367153 0.909689213402 -0.978739870365 0
0.139202959435 0.879363717121 -0.986227055249 0
-0.123487607734 0.343358631496 -0.585344898317 0
0.090148814574 0.351000154055 -0.594942802924 0
-0.171763798258 0.016022941633 -0.591688878647 0
0.126126253242 0.036118968279 -0.583134153515 0
-0.180565622236 0.031034626392 -0.637312446516 0
0.142638490246 0.058607961923 -0.625038868212 0
0.007268807169 1.044846950294 -0.591591204046 0
-0.153467082156 0.972295801321 -0.590451527775 0
0.153504164022 0.944653902196 -0.592871709584 0
0.001269183461 0.945530236034 -0.574510731848 0
-0.003284196062 0.806931364027 -0.538689489221 0
-0.059736444740 0.598080029139 -0.522593591430 0
0.055099885080 0.602913386401 -0.529773845192 0
0.000231852963 0.670344444444 -0.498707407407 0
-0.207218064213 0.965145073167 -0.763819406907 0
0.170121424751 0.960289990293 -0.775526895232 0
-0.183914615751 0.930331042532 -0.874462643261 0
0.158921113434 0.912041970838 -0.882559197417 0
-0.161147113333 0.924594080261 -0.971420596728 0
0.138630461705 0.893162563196 -0.981184138711 0
-0.111606458122 0.342266082365 -0.580176908147 0
0.081088915770 0.351714962717 -0.589476143680 0
-0.170580073839 0.020618477516 -0.590163498766 0
0.124936310142 0.039312171606 -0.581856643202 0
-0.177638287761 0.037476086466 -0.635444127808 0
0.140436462301 0.061963277243 -0.624059565096 0
0.008355114701 1.054089501304 -0.583732788228 0
-0.152894294336 0.977798630867 -0.582409381903 0
0.153995962427 0.949533850367 -0.586964635401 0
0.001831696355 0.950113076075 -0.568015139388 0
-0.003105161697 0.810075232818 -0.538051435506 0
-0.059811665020 0.599133691333 -0.529438099487 0
0.054915596417 0.604793172353 -0.537679809902 0
-0.000081045556 0.671540740741 -0.505388888889 0
-0.206256758482 0.973254365197 -0.755985070205 0
0.170209782428 0.968964609917 -0.769291526104 0
-0.182665563200 0.940829780396 -0.867291381777 0
0.158748194502 0.922417314521 -0.877046866387 0
-0.159736855369 0.936899573608 -0.964401690535 0
0.138725214868 0.905184861048 -0.976062094713 0
-0.098593728017 0.339107080992 -0.577700150011 0
0.073606395863 0.350859718526 -0.587768703541 0
-0.166236370792 0.028564736565 -0.589371786359 0
0.122739094979 0.043510655944 -0.581008262405 0
-0.170203452183 0.046757832024 -0.634511638736 0
0.136775589972 0.066466266702 -0.623557418247 0
0.008967542930 1.058797072342 -0.575865851862 0
-0.152491868486 0.979963795848 -0.573912201891 0
0.154319057667 0.951276759020 -0.580649215893 0
0.002228141680 0.951473565224 -0.561112140566 0
-0.003043862834 0.810287600538 -0.536929886618 0
-0.059915548847 0.597730573026 -0.535260964632 0
0.054693465958 0.604222697954 -0.544476498916 0
-0.000444144444 0.670307407407 -0.511081481481 0
-0.205755834121 0.980358707552 -0.747577156644 0
0.170577430958 0.975386428311 -0.762412596677 0
-0.182080034921 0.950071747925 -0.859466163249 0
0.158959201024 0.931167621655 -0.871127572357 0
-0.159122007653 0.947653263734 -0.956740199002 0
0.139355144472 0.916100004706 -0.970632742527 0
-0.084547572393 0.334735625613 -0.576175913834 0
0.067177325969 0.348889329616 -0.589079934596 0
-0.156437833278 0.041227999121 -0.589687974749 0
0.119452715601 0.048401311134 -0.580601968969 0
-0.155469910702 0.060825079246 -0.634402069912 0
0.131609077911 0.071778691815 -0.623498761946 0
0.009297065214 1.060215947937 -0.568306646214 0
-0.152312391227 0.980557507081 -0.565088659152 0
0.154433920950 0.951717298031 -0.573819074670 0
0.002403444424 0.951405976776 -0.553818573240 0
-0.003115271153 0.809344238743 -0.535329195143 0
-0.060086675118 0.595656202903 -0.539841043204 0
0.054408384160 0.602845783849 -0.549915335230 0
-0.000815988889 0.668362962963 -0.515559259259 0
-0.205220049237 0.986836527890 -0.738749466825 0
0.170811311966 0.980346823433 -0.754914819479 0
-0.181427259868 0.958127623462 -0.851029007128 0
0.159268773583 0.938645364227 -0.864628037341 0
-0.158411138434 0.956978735912 -0.948349618947 0
0.140044243350 0.925407985050 -0.964642509680 0
-0.077453544639 0.331382454925 -0.575964304256 0
0.061478152194 0.346726611184 -0.591066641354 0
-0.147001671225 0.049094330883 -0.587698911325 0
0.115385808940 0.053614795023 -0.580413445111 0
-0.142562832165 0.067215566586 -0.632823741011 0
0.125477545055 0.077446916184 -0.623594468524 0
0.009428399178 1.060154579946 -0.561021984339 0
-0.152217751443 0.980584606703 -0.557550569652 0
0.154438775558 0.951358794774 -0.567986287745 0
0.002474734779 0.950871870128 -0.547490532443 0
-0.003324073865 0.808305895572 -0.533188500714 0
-0.060443601099 0.593873254002 -0.543500258496 0
0.053952856583 0.601521799535 -0.554328474129 0
-0.001253566667 0.666633333333 -0.519181481481 0
-0.204912923910 0.991511720878 -0.731045640113 0
0.171129238859 0.983388565518 -0.748482990402 0
-0.181064433090 0.964187362330 -0.843658348569 0
0.159575384409 0.943593484020 -0.858900796946 0
-0.157973339614 0.964093083004 -0.941016308111 0
0.140514625456 0.931436180362 -0.959295518534 0
-0.077256221605 0.329376397765 -0.578225765683 0
0.056734402813 0.344866189584 -0.592546311639 0
-0.143689092270 0.048882564154 -0.585201222505 0
0.111334183277 0.058142766711 -0.580239619044 0
-0.138546721933 0.063079920716 -0.631637456459 0
0.119541410124 0.082377778248 -0.623595351805 0
0.009425332887 1.059631389962 -0.554626613536 0
-0.152394612465 0.981313995337 -0.551854287293 0
0.154175851977 0.951701726592 -0.563641641472 0
0.002264546926 0.951120064027 -0.542761032353 0
-0.003749553740 0.808256275141 -0.531736231415 0
-0.061031022659 0.593556370285 -0.546477737062 0
0.053303428124 0.601315029418 -0.557867934844 0
-0.001746540741 0.666218518519 -0.522096296296 0
-0.205221129993 0.994423057393 -0.725158165027 0
0.171119734979 0.985591134945 -0.743774787448 0
-0.181466636211 0.968275330907 -0.838069695063 0
0.159379724926 0.946604573859 -0.854461066113 0
-0.158320728687 0.968994070343 -0.935474525132 0
0.140246302713 0.935052537381 -0.954960897637 0
-0.077260203489 0.329013983352 -0.581133922971 0
0.053172716600 0.344117611414 -0.592363054920 0
-0.145195547227 0.047811871705 -0.586205450355 0
0.108242550487 0.061967294265 -0.579980939211 0
-0.140431491259 0.063597563493 -0.632166830179 0
0.115046287455 0.086727033754 -0.623283114486 0
0.009330316608 1.059922442867 -0.549073646058 0
-0.152848453815 0.981869965473 -0.547436524516 0
0.153652526648 0.951940688361 -0.560190551093 0
0.001774611946 0.951283429223 -0.539070659830 0
-0.004374304029 0.808240105241 -0.530678473260 0
-0.061923556207 0.593629021916 -0.548809937312 0
0.052397520132 0.601082147861 -0.560533522573 0
-0.002339444444 0.666014814815 -0.524337037037 0
-0.205745212881 0.996179506188 -0.720623973324 0
0.170915192922 0.987310240570 -0.740008605189 0
-0.182257699822 0.971090127032 -0.833831097543 0
0.158946586540 0.949003649649 -0.850907611583 0
-0.159138575100 0.972358930932 -0.931347571453 0
0.139669858314 0.938067851976 -0.951455777545 0
-0.077664386369 0.329056178888 -0.583458876897 0
0.050050666304 0.343497213200 -0.591917211566 0
-0.147025352156 0.046847078316 -0.587593950362 0
0.105463013862 0.065261948789 -0.579733938942 0
-0.142668692825 0.064554854745 -0.632890604799 0
0.111008912172 0.090670780614 -0.622839022136 0
0.008957204294 1.060143953492 -0.543995764167 0
-0.153405419491 0.982086071261 -0.543937549668 0
0.153023033422 0.951704641760 -0.557348359998 0
0.001161600280 0.951076835438 -0.536109392178 0
-0.005136542213 0.807929950693 -0.529853976900 0
-0.063028710222 0.593621689529 -0.550519770782 0
0.051313603895 0.600491182280 -0.562391809553 0
-0.003018651852 0.665614814815 -0.525929629630 0
-0.206793850570 0.997573654523 -0.716872603060 0
0.170265272696 0.988157613141 -0.736951877535 0
-0.183523513189 0.973254516213 -0.830292460669 0
0.158252343856 0.950728432300 -0.848145303726 0
-0.160502422524 0.974771158099 -0.927959599109 0
0.138876275438 0.940442969699 -0.948778536131 0
-0.078253655480 0.328983077739 -0.584895899250 0
0.046530483510 0.342692972257 -0.591677418488 0
-0.147830320213 0.046277839974 -0.588052645763 0
0.102054461080 0.069000010979 -0.579375414854 0
-0.143650474633 0.064824651194 -0.633029055294 0
0.106096633265 0.095106387460 -0.622230191378 0
0.008421310249 1.059981201005 -0.539474737513 0
-0.153921002110 0.982193446404 -0.541043978590 0
0.152436492025 0.951396431903 -0.555111939778 0
0.000597219048 0.950821456010 -0.533713637149 0
-0.005860789140 0.807617774816 -0.529150962395 0
-0.064146018364 0.593628650739 -0.551864655573 0
0.050224655517 0.599951082494 -0.563767421871 0
-0.003764370370 0.665259259259 -0.527125925926 0
-0.208094188249 0.998650505390 -0.713645118833 0
0.169424413300 0.988914030380 -0.734520350351 0
-0.185228035079 0.974807779394 -0.827248185017 0
0.157323183134 0.952301050795 -0.845975641927 0
-0.162412780030 0.976475744959 -0.925036620474 0
0.137836913463 0.942583637156 -0.946689652270 0
-0.078942095144 0.328924552587 -0.585922379366 0
0.043901824452 0.342025438780 -0.591603124565 0
-0.148136790207 0.045948671001 -0.588352525656 0
0.099457171133 0.071682698356 -0.579044049607 0
-0.144044221525 0.064801556033 -0.633209546704 0
0.102372147050 0.098317457564 -0.621664542766 0
0.007757513614 1.059755609650 -0.535563644506 0
-0.154300526760 0.982267016370 -0.538694383393 0
0.151999042033 0.951040112296 -0.553072577506 0
0.000161828640 0.950554578764 -0.531657450676 0
-0.006520478884 0.807324216105 -0.528444177063 0
-0.065153365514 0.593532930720 -0.552764157139 0
0.049231050043 0.599595830731 -0.564669901723 0
-0.004586703704 0.664948148148 -0.527855555556 0
-0.208986192456 0.999424693534 -0.711065536959 0
0.168823765733 0.989556603875 -0.732284591606 0
-0.186740021445 0.975774696177 -0.824831870690 0
0.156592148575 0.953758800501 -0.843990172852 0
-0.164278922261 0.977523635564 -0.922718577996 0
0.136933081542 0.944622083699 -0.944763362326 0
-0.079543566359 0.328810883598 -0.586856266252 0
0.041861106484 0.341570759615 -0.591300501230 0
-0.148457408817 0.045575161529 -0.588627591722 0
0.097310080299 0.073818120724 -0.578673683354 0
-0.144444993599 0.064710061789 -0.633372299185 0
0.099310617455 0.100952585543 -0.621030885692 0
0.007184624888 1.059495921975 -0.532157011210 0
-0.154615523323 0.982490808848 -0.536601808464 0
0.151628664641 0.950790622551 -0.551123288220 0
-0.000214006830 0.950444576101 -0.529744182918 0
-0.007152015261 0.807205647781 -0.527603550259 0
-0.066098852916 0.593555800728 -0.553290783231 0
0.048300415767 0.599463323033 -0.565131751856 0
-0.005431962963 0.664825925926 -0.528211111111 0
-0.209515406907 1.000183087671 -0.708850781037 0
0.168426761287 0.990267076973 -0.730128793567 0
-0.187733448036 0.976620536510 -0.822725034671 0
0.156027990495 0.955285935095 -0.842074415463 0
-0.165748665622 0.978504821684 -0.920703292483 0
0.135967574394 0.946688126843 -0.942844322494 0
-0.080116484995 0.328861122019 -0.587748657084 0
0.040547943784 0.341356440069 -0.590845140717 0
-0.149145295883 0.045186086075 -0.589070277961 0
0.096025547492 0.075081627482 -0.578395169635 0
-0.145232135190 0.065087801141 -0.633488085658 0
0.097491093079 0.102489788553 -0.620597762004 0
0.006654255312 1.059381963608 -0.529389287942 0
-0.155025346576 0.982692652114 -0.535743758195 0
0.151195212728 0.950840211650 -0.550429429534 0
-0.000648459297 0.950491929211 -0.529057468088 0
-0.007749284564 0.807253085323 -0.527541528283 0
-0.067058253211 0.593707535913 -0.553485995235 0
0.047362134729 0.599498016800 -0.565179805035 0
-0.006337481481 0.664866666667 -0.528222222222 0
-0.209961320592 1.000869219509 -0.707930789230 0
0.168414406455 0.991283851001 -0.729178831918 0
-0.188329128974 0.977233949333 -0.821818521140 0
0.155638776911 0.957106901323 -0.841330298544 0
-0.166825622000 0.979177526343 -0.919882527770 0
0.135155366684 0.949108859455 -0.942089674956 0
-0.082403610862 0.329226888356 -0.589005272861 0
0.039952769607 0.341332647121 -0.590402521561 0
-0.150857045795 0.043199206205 -0.589194333595 0
0.095592909426 0.075511696057 -0.578279005578 0
-0.147656870527 0.062961410825 -0.633731361746 0
0.096820939840 0.103214952192 -0.620296090922 0
0.006192161040 1.059397648814 -0.527407855439 0
-0.155425384559 0.983029735362 -0.535225300970 0
0.150771104126 0.950908343412 -0.549826819496 0
-0.001089780799 0.950623995024 -0.528576559577 0
-0.008403339548 0.807393692619 -0.527508396861 0
-0.067995817845 0.593879822574 -0.553258077368 0
0.046442057162 0.599665180910 -0.564782070847 0
-0.007299703704 0.665000000000 -0.527825925926 0
-0.210355541489 1.001284315922 -0.707405934748 0
0.168594323705 0.992186038153 -0.728326181428 0
-0.188785678317 0.977598598742 -0.821295007949 0
0.155451582700 0.958733043765 -0.840653371330 0
-0.167528796592 0.979381871968 -0.919461552721 0
0.134827700858 0.951334418163 -0.941465137086 0
-0.084967700599 0.329682459962 -0.590120263973 0
0.040075439335 0.341469071625 -0.589974878350 0
-0.152849692010 0.040868401786 -0.589261362809 0
0.096044588193 0.074975847440 -0.578354261083 0
-0.150492170439 0.060545471832 -0.633888571283 0
0.097412890270 0.102712805073 -0.620344770137 0
0.005826712061 1.059502159354 -0.526200803368 0
-0.155860651264 0.983434816324 -0.535139901398 0
0.150333930530 0.951231127687 -0.549599443746 0
-0.001541125916 0.950960940331 -0.528450519440 0
-0.008932383694 0.807737305350 -0.527425524014 0
-0.068570770586 0.594203895897 -0.552672618645 0
0.045886806688 0.600024297795 -0.563981286079 0
-0.007943888889 0.665340740741 -0.527122222222 0
-0.210836087558 1.001176600382 -0.707359682500 0
0.168680871949 0.992797329605 -0.727978753218 0
-0.189230521200 0.977695957188 -0.821284447532 0
0.155259511682 0.959803352589 -0.840408716463 0
-0.168076347515 0.979334490498 -0.919580527230 0
0.134631707418 0.952859648972 -0.941266707729 0
-0.088066372769 0.330382633716 -0.590952837211 0
0.040704857346 0.341812918446 -0.589288858026 0
-0.155225040063 0.038119117261 -0.589288439803 0
0.096910409407 0.074062787696 -0.578435893726 0
-0.153914140076 0.057573362108 -0.634056136062 0
0.098635849717 0.101688189393 -0.620486743381 0
0.005537806750 1.059826523936 -0.525775632154 0
-0.156337302818 0.984057997586 -0.535681084492 0
0.149854246003 0.951792460592 -0.550066785738 0
-0.002022698645 0.951573333211 -0.528930834408 0
-0.009429820164 0.808358543917 -0.527472627199 0
-0.068998406404 0.594819201077 -0.551870814601 0
0.045485771606 0.600638952430 -0.562907277455 0
-0.008434888889 0.665966666667 -0.526200000000 0
-0.211260308362 1.001177607536 -0.707980547397 0
0.168689403924 0.993226706163 -0.728425911013 0
-0.189586563532 0.977822464623 -0.821918158723 0
0.155086836504 0.960312584511 -0.840857502754 0
-0.168455646622 0.979215022618 -0.920333775183 0
0.134458085490 0.953692756942 -0.941682750111 0
-0.091970393152 0.331467257610 -0.591432838229 0
0.041965430105 0.342418939391 -0.588411674814 0
-0.157988144892 0.034864908454 -0.589235561724 0
0.098547512690 0.072506774368 -0.578620440498 0
-0.157986925123 0.053982815515 -0.634167046876 0
0.100952031558 0.099923311587 -0.620774511426 0
0.005178670012 1.060438236180 -0.526086136428 0
-0.157010860245 0.984602316214 -0.536994698986 0
0.149211106494 0.952525361253 -0.551152873090 0
-0.002668068320 0.952296675137 -0.530033054636 0
-0.009962972797 0.809094407496 -0.527526928580 0
-0.069359609041 0.595521736629 -0.550655745258 0
0.045151974387 0.601384961215 -0.561380477944 0
-0.008900851852 0.666722222222 -0.524885185185 0
-0.211849272726 1.000831438084 -0.709407246731 0
0.168451815628 0.993446897282 -0.729587063900 0
-0.190087615148 0.977217710038 -0.823274780723 0
0.154785499667 0.960393727054 -0.841970122285 0
-0.168970932275 0.978472268097 -0.921672401694 0
0.134155658392 0.953764871968 -0.942767236266 0
-0.095843299041 0.332652703694 -0.591221712576 0
0.044333665518 0.343234444673 -0.587801745923 0
-0.160411985657 0.031855633083 -0.589128069542 0
0.101610543503 0.069342566804 -0.579014171504 0
-0.161692944364 0.050459026976 -0.634256836534 0
0.105231413339 0.096472132412 -0.621266862441 0
0.004496102158 1.061167422215 -0.526878607913 0
-0.157701719616 0.985350777224 -0.539301342115 0
0.148554130104 0.953335498415 -0.552853252749 0
-0.003344789322 0.953216622025 -0.531875004094 0
-0.010516902154 0.810051174042 -0.527755719402 0
-0.069607057123 0.596449014723 -0.549031753070 0
0.044936237186 0.602323885437 -0.559405742455 0
-0.009253111111 0.667729629630 -0.523237037037 0
-0.212343684108 1.000495328724 -0.711874864929 0
0.167947527129 0.993460674474 -0.731451695764 0
-0.190480780636 0.976219970587 -0.825583763566 0
0.154486396192 0.960035818234 -0.843749554182 0
-0.169343969584 0.977352807379 -0.923841828760 0
0.134027604077 0.953129593814 -0.944545376061 0
-0.100803107014 0.334263908314 -0.590659730025 0
0.049522187325 0.344466301322 -0.588195976876 0
-0.163161192029 0.028271402413 -0.588982935859 0
0.107765203131 0.062360704182 -0.579573838216 0
-0.165984446453 0.046392944632 -0.634237456869 0
0.113809616645 0.088999120172 -0.621861824439 0
0.003672040751 1.062093478510 -0.528240360245 0
-0.158469748887 0.985748530147 -0.542488462521 0
0.147849334982 0.954043490222 -0.555321511564 0
-0.004071847851 0.953946506968 -0.534504989959 0
-0.011008953492 0.810854596334 -0.528302584522 0
-0.069783386130 0.597289120584 -0.546918298681 0
0.044796982465 0.603113762927 -0.556903923711 0
-0.009510444444 0.668644444444 -0.521140740741 0
-0.213106523578 0.999733621440 -0.715161455698 0
0.167762975197 0.993085679847 -0.734102639795 0
-0.191022817052 0.974866651165 -0.828699717468 0
0.154538856102 0.959099570365 -0.846260114368 0
-0.169776558341 0.975466321472 -0.926947082653 0
0.134266637165 0.952333404985 -0.946912867038 0
-0.107772008021 0.336304345684 -0.590403053407 0
0.054973748780 0.345744773129 -0.588496307923 0
-0.166196312627 0.023697478102 -0.589045681854 0
0.112977266770 0.055887582105 -0.579784996939 0
-0.170924738041 0.041132633720 -0.634410757314 0
0.121202683526 0.082112562757 -0.621963271310 0
0.002694487353 1.062829260150 -0.530307527621 0
-0.159319462307 0.985191103749 -0.546471745825 0
0.147104959010 0.954096521692 -0.558239448841 0
-0.004857697209 0.953903147435 -0.537728561673 0
-0.011438300771 0.810940050358 -0.529039570346 0
-0.069876003056 0.597470634464 -0.544075826401 0
0.044745136148 0.603189048533 -0.553646313380 0
-0.009671703704 0.668944444444 -0.518466666667 0
-0.214141386429 0.998006003189 -0.719176862969 0
0.167587548932 0.992011656432 -0.737198783655 0
-0.191852096836 0.972906297760 -0.832623703150 0
0.154718180219 0.957358169915 -0.849193191047 0
-0.170399288905 0.972991125910 -0.930921686710 0
0.134663746984 0.950530475717 -0.949714065530 0
-0.115108390133 0.338166724283 -0.590579862151 0
0.061320028076 0.346777444480 -0.589961661197 0
-0.168419632803 0.019760601327 -0.589546782199 0
0.117604622462 0.049331438827 -0.579915370124 0
-0.174817759502 0.036306796360 -0.635039860072 0
0.127872042564 0.075319803333 -0.621791364616 0
0.001573578029 1.062800538283 -0.533129923230 0
