-0.129395784764 0.926254362495 0.058420617522 0
-0.137248336833 0.930098626889 -0.262375738530 0
-0.133644982478 0.924567478179 -0.113366336195 0
-0.123726081705 0.775907414796 -0.113861279768 0
-0.157632630522 0.577958138410 -0.036768799696 0
-0.170185341535 0.567070909786 -0.158794640818 0
-0.118164074074 0.630851851852 -0.106864444444 0
-0.298633021543 0.918046883142 0.049155647057 0
-0.305033065759 0.924916688807 -0.257641318864 0
-0.424752105667 0.935362532232 0.046660659879 0
-0.428036229289 0.934812672573 -0.260903105336 0
-0.523672503907 0.958651387175 0.047003882572 0
-0.530773897670 0.955891227618 -0.254468828995 0
-0.237888363403 0.343748103314 -0.026061023857 0
-0.208459657280 0.328553502265 -0.161703527573 0
-0.246085624690 0.034398602255 -0.001058677831 0
-0.198127575859 0.030416781644 -0.193600700997 0
-0.297032976521 0.045616103567 -0.007395418696 0
-0.240125449481 0.053087667073 -0.185914831589 0
-0.132919382191 1.039259121555 -0.104989988687 0
-0.129424269960 0.926155289905 0.057436788768 0
-0.137753069721 0.930273988098 -0.263344149598 0
-0.133917354146 0.924615252122 -0.114345338374 0
-0.123879036312 0.775941915726 -0.114925041567 0
-0.158527192840 0.577810686080 -0.037876994258 0
-0.171385900696 0.567339155389 -0.159907354742 0
-0.119147037037 0.630874074074 -0.107894074074 0
-0.298614128697 0.917070506784 0.048125337520 0
-0.305481137853 0.923816968039 -0.258188131239 0
-0.424626588206 0.935129507533 0.045515244619 0
-0.428521281793 0.933326181292 -0.261195759325 0
-0.523622735936 0.958469595188 0.045800688261 0
-0.531358290337 0.954032644457 -0.254695265415 0
-0.238608584171 0.343590496387 -0.026135905460 0
-0.207720305957 0.328503186474 -0.160970136478 0
-0.246133412970 0.033535627218 -0.000601493228 0
-0.197973049768 0.031888421555 -0.194233305183 0
-0.297100269656 0.044730853424 -0.006819668908 0
-0.239014372958 0.056274609242 -0.186631551151 0
-0.134434303464 1.039348236728 -0.106388307284 0
-0.130657727252 0.925536976916 0.056731381052 0
-0.139226456341 0.929755481995 -0.264041940931 0
-0.135258964469 0.924050263869 -0.115048352990 0
-0.124560789222 0.775413310647 -0.115709720197 0
-0.159176257118 0.577304724102 -0.038736251437 0
-0.172422662752 0.567087496698 -0.160746698549 0
-0.119823703704 0.630359259259 -0.108775555556 0
-0.299792773143 0.915574157490 0.047322704830 0
-0.306878337896 0.921635006437 -0.258761130330 0
-0.425870865411 0.933146858287 0.044566823624 0
-0.429967848425 0.930496268544 -0.261727342685 0
-0.524840952887 0.956345203820 0.045149816419 0
-0.533074482861 0.950289162378 -0.255325958899 0
-0.239872117282 0.343359010631 -0.025791717298 0
-0.209071503384 0.328297633400 -0.161196392130 0
-0.246511827130 0.032543264177 -0.000386237494 0
-0.198178959640 0.031973250304 -0.195359225705 0
-0.297579015245 0.043319830166 -0.006520339098 0
-0.238789767302 0.057182372196 -0.188139426683 0
-0.137363792803 1.038801235179 -0.107407479026 0
-0.133202234235 0.923657487178 0.056223151400 0
-0.141966048872 0.927901023896 -0.264544569775 0
-0.137883041041 0.922184178594 -0.115554548365 0
-0.126030268145 0.773645841729 -0.116301763878 0
-0.159515804030 0.575773961240 -0.039358693252 0
-0.173188312430 0.565658779134 -0.161330631858 0
-0.120105185185 0.628644444444 -0.109504444444 0
-0.302333242760 0.913718764411 0.046716919063 0
-0.309580961489 0.919012171036 -0.259328073287 0
-0.428573248521 0.930108295951 0.044085522905 0
-0.432743204806 0.926917628925 -0.261957434576 0
-0.527624506277 0.952693828576 0.044878954873 0
-0.535998655160 0.946012388812 -0.255557754341 0
-0.242473568313 0.342724160930 -0.024669255411 0
-0.214899867397 0.327730785842 -0.165119397953 0
-0.247127282845 0.030895490098 0.000035679319 0
-0.199042680124 0.028923782542 -0.197124641678 0
-0.298382078714 0.040901783774 -0.005832818472 0
-0.240751311972 0.052608458726 -0.191100592635 0
-0.141203701024 1.036933644943 -0.108184394017 0
-0.136938168939 0.919395875276 0.055859145813 0
-0.145786167815 0.923281190828 -0.264910803275 0
-0.141628948857 0.917731014018 -0.115916532174 0
-0.127738474876 0.769415130230 -0.116643828634 0
-0.158284193536 0.572124809480 -0.039641228460 0
-0.172409783609 0.561900434569 -0.161552417713 0
-0.118697777778 0.624577777778 -0.110001111111 0
-0.306030452998 0.908886112157 0.046278485154 0
-0.313378801859 0.913811590750 -0.260009970578 0
-0.432409037155 0.924163882626 0.043609545221 0
-0.436615770821 0.920556608817 -0.262355646709 0
-0.531668878753 0.945872366840 0.044163485526 0
-0.539921575845 0.939112495986 -0.255966159576 0
-0.247220344490 0.341421199323 -0.023022414515 0
-0.224294750239 0.326130998772 -0.170753610028 0
-0.248098644302 0.028254847870 0.000976514114 0
-0.199895119334 0.023982342784 -0.199753550246 0
-0.299720351172 0.036537486651 -0.004335411489 0
-0.243759900931 0.043852621565 -0.195520822979 0
-0.145710800202 1.032467022354 -0.108630129386 0
-0.141450096317 0.911199889738 0.055623056827 0
-0.150473399594 0.914674839958 -0.265146716870 0
-0.146188645944 0.909316142751 -0.116149049092 0
-0.129728175632 0.761324821647 -0.116800054063 0
-0.156877796625 0.564940057671 -0.039471951669 0
-0.171503819669 0.554544057549 -0.161309592954 0
-0.116970370370 0.616788888889 -0.110097777778 0
-0.310518890257 0.900240877943 0.046131603607 0
-0.318020919740 0.904277848426 -0.260595504688 0
-0.436988484981 0.914649383942 0.042982538719 0
-0.441285186017 0.910461261272 -0.263051934814 0
-0.536424837314 0.935629326441 0.042916923726 0
-0.544560567277 0.928878610227 -0.256761283892 0
-0.256176870758 0.338673077595 -0.020685593138 0
-0.237767568323 0.322866189437 -0.178584418556 0
-0.249274652968 0.024096376736 0.003226762768 0
-0.200941053965 0.018720066383 -0.203645686932 0
-0.301367816238 0.029679526455 -0.000865920803 0
-0.246707562285 0.034193133591 -0.201950419756 0
-0.151032243182 1.024017443912 -0.108698510410 0
-0.146528092351 0.898298024604 0.055767418305 0
-0.155479128078 0.901302429509 -0.265009132443 0
-0.151170584913 0.896164173643 -0.116004385755 0
-0.131674495543 0.748614623135 -0.116536390584 0
-0.155385558860 0.553429602581 -0.038896977698 0
-0.170232886727 0.542852485259 -0.160692255303 0
-0.114847037037 0.604529629630 -0.109708888889 0
-0.315584271687 0.887130546314 0.046294279173 0
-0.322980007809 0.890042222762 -0.260808477028 0
-0.442028661045 0.901641745055 0.042644408556 0
-0.446189575467 0.896994034750 -0.263878123867 0
-0.541565988677 0.922415663814 0.041849222025 0
-0.549360137367 0.916012385922 -0.257911861927 0
-0.269006732552 0.334260087216 -0.017334693802 0
-0.253840719494 0.317826965379 -0.187843392680 0
-0.250611862712 0.019575958560 0.005186190806 0
-0.202451540879 0.014114078854 -0.205853354976 0
-0.302872772501 0.024182487014 0.002153620510 0
-0.249108227940 0.026760521521 -0.206143292668 0
-0.157084177157 1.010821353349 -0.108597265574 0
-0.151806948432 0.882081984129 0.056178067470 0
-0.160742362385 0.884762086654 -0.264601792289 0
-0.156377506155 0.879777574253 -0.115593462256 0
-0.133574376332 0.732789357281 -0.116043718453 0
-0.153958767516 0.539117720277 -0.038176134931 0
-0.168528557748 0.528262562709 -0.159980465598 0
-0.112412962963 0.589318518519 -0.109047407407 0
-0.320876284236 0.871132225117 0.046685587481 0
-0.328324090809 0.874642161532 -0.260737353616 0
-0.447141155270 0.886974349484 0.042408966978 0
-0.451427012547 0.883161468284 -0.264119668829 0
-0.546309426212 0.909169111084 0.040779219579 0
-0.554403015825 0.903332239110 -0.258303526204 0
-0.283218420882 0.329229532733 -0.012703200189 0
-0.271771501390 0.313282521721 -0.198560449050 0
-0.252501899640 0.016241574517 0.005754419059 0
-0.203925436293 0.011085491873 -0.206617708197 0
-0.304901521120 0.019491095357 0.003443669811 0
-0.251410125944 0.019946424871 -0.208502154689 0
-0.163307874593 0.994400136154 -0.108568973201 0
-0.156791016980 0.861695138478 0.056370858191 0
-0.165663124151 0.863996216996 -0.264413701523 0
-0.161258616161 0.859192365242 -0.115400604546 0
-0.135268363226 0.712790150542 -0.115763417043 0
-0.152658498097 0.520795099690 -0.037687153107 0
-0.166829470725 0.509720808297 -0.159518806659 0
-0.109924444444 0.570007407407 -0.108545185185 0
-0.325932160240 0.851941599038 0.046853146654 0
-0.333416039778 0.857051524612 -0.260991272717 0
-0.452025669819 0.868904254698 0.041875677466 0
-0.456393238598 0.867266478560 -0.264248767212 0
-0.550527056471 0.893054825404 0.039426315169 0
-0.558945277690 0.889151390593 -0.258272851366 0
-0.298824378089 0.323069343844 -0.006864423439 0
-0.290745754611 0.308881335106 -0.211212124941 0
-0.254546229772 0.013416956710 0.005728870858 0
-0.205612162942 0.009510681007 -0.208044377292 0
-0.307030473542 0.015474924843 0.004059079835 0
-0.253467572358 0.015203818608 -0.211827365178 0
-0.169172241710 0.973755704641 -0.108535204535 0
-0.161858720591 0.837019846107 0.056254248608 0
-0.170724789391 0.839101418509 -0.264531977530 0
-0.166252842538 0.834405524414 -0.115517447959 0
-0.136925740956 0.688711412975 -0.115777552379 0
-0.151568057701 0.498519845877 -0.037341984098 0
-0.165573370719 0.487423816573 -0.159190814800 0
-0.107681481481 0.546733333333 -0.108182222222 0
-0.331126143501 0.829709907095 0.046791213088 0
-0.338541296962 0.833724887010 -0.261418271013 0
-0.457065534684 0.847643093296 0.041336799687 0
-0.461404225266 0.845214991498 -0.264738863066 0
-0.555203931595 0.872906681095 0.038263836194 0
-0.563536665506 0.868532182518 -0.258641935930 0
-0.315549265379 0.316631059619 0.000560688962 0
-0.308994042509 0.304806410145 -0.225864140283 0
-0.256223104779 0.011479820471 0.005290195690 0
-0.206087943950 0.007977567191 -0.208507969553 0
-0.308755394347 0.011592953413 0.003888399449 0
-0.254186635054 0.007903337375 -0.213342576824 0
-0.175666009554 0.948850437711 -0.108795407403 0
-0.166426810983 0.810032381603 0.055970000522 0
-0.175321789862 0.811937723481 -0.264816520426 0
-0.170766750748 0.807330953449 -0.115801725719 0
-0.138339755750 0.662349505489 -0.115946684321 0
-0.151023561613 0.473871673502 -0.037156491757 0
-0.164931818620 0.462977241867 -0.159034627404 0
-0.105968888889 0.521122222222 -0.107912222222 0
-0.335774726122 0.804828753531 0.046554555715 0
-0.342841609119 0.800554239171 -0.261899516184 0
-0.461507621874 0.824054312328 0.040749656118 0
-0.465514465631 0.813321553909 -0.267068068565 0
-0.559589604591 0.849859122293 0.037365083427 0
-0.567336186536 0.837624372568 -0.261569147221 0
-0.331352653423 0.310504940286 0.009776532743 0
-0.324099422323 0.301673531811 -0.242764703313 0
-0.256904732274 0.009763328661 0.004522997528 0
-0.206857830318 0.007683049857 -0.208601373771 0
-0.309361615371 0.006949879101 0.003116158386 0
-0.254544846053 0.001965309984 -0.214089452170 0
-0.182421565583 0.921545840976 -0.109123003830 0
-0.170649160735 0.780501049144 0.055668959702 0
-0.179451482728 0.782241125310 -0.265121056137 0
-0.174872467942 0.777719356748 -0.116104392687 0
-0.139623264538 0.633430628020 -0.116143003108 0
-0.150982869529 0.446657379205 -0.037096460649 0
-0.164862066674 0.436060953767 -0.159004179260 0
-0.104721481481 0.492874074074 -0.107756296296 0
-0.340030950326 0.776519258522 0.046266863863 0
-0.346711662793 0.767515467870 -0.262262796136 0
-0.465519304397 0.797223226771 0.040258641521 0
-0.469171239744 0.782418763148 -0.266722817085 0
-0.563559879954 0.823595691290 0.037016170466 0
-0.570514621336 0.808392542277 -0.260399113067 0
-0.345936060771 0.305412177936 0.021665993403 0
-0.333706611494 0.297903551002 -0.262773106708 0
-0.257630348331 0.009068936733 0.003889920373 0
-0.207207447732 0.007708854539 -0.207882738114 0
-0.309884116561 0.003655040627 0.002528776114 0
-0.254006954890 -0.002983458308 -0.213569881439 0
-0.189854341200 0.891508857461 -0.109534619057 0
-0.174597784669 0.749592153162 0.055264932709 0
-0.183252767626 0.751133296942 -0.265530109561 0
-0.178680449051 0.746712610973 -0.116510207563 0
-0.140855115189 0.603105996355 -0.116430427883 0
-0.151352681641 0.418021003660 -0.037203521138 0
-0.165208376712 0.407851230426 -0.159150245690 0
-0.103837037037 0.463166666667 -0.107723333333 0
-0.343991084914 0.747145235454 0.045550657952 0
-0.350564460089 0.737041055060 -0.262498813389 0
-0.469354533272 0.768593735872 0.039546685114 0
-0.472938641086 0.752764685976 -0.266458010308 0
-0.567236990457 0.795546176797 0.036867658015 0
-0.573757092613 0.779916883727 -0.259349903566 0
-0.357564773139 0.302238182631 0.036829521064 0
-0.336275111359 0.295635389235 -0.287632601837 0
-0.258177725838 0.008991992528 0.003581276665 0
-0.207626305881 0.008196614607 -0.206654578303 0
-0.310039659932 0.000581265062 0.002477313519 0
-0.253033351314 -0.007501353415 -0.212005937797 0
-0.196491118354 0.860065550986 -0.110131868753 0
-0.178540122294 0.718349807856 0.054901160655 0
-0.187073502734 0.719813626982 -0.265897501516 0
-0.182499108892 0.715438057717 -0.116876331652 0
-0.142250794817 0.572517149642 -0.116730648970 0
-0.152118326512 0.389068374677 -0.037522279627 0
-0.165922801087 0.379570589173 -0.159528987454 0
-0.103294074074 0.433174074074 -0.107805925926 0
-0.347929021191 0.717320506152 0.044861928792 0
-0.354514066302 0.707441354718 -0.262496468818 0
-0.473310377601 0.738716495848 0.039047538520 0
-0.476876597743 0.723345151759 -0.266078105753 0
-0.571160343660 0.765715560087 0.036951424241 0
-0.577488405523 0.750783895042 -0.258335332815 0
-0.364413239739 0.301025446866 0.055156155532 0
-0.329215534735 0.295390426548 -0.316414684432 0
-0.258237085255 0.008458467573 0.002827063292 0
-0.210061117279 0.009554516811 -0.205129749305 0
-0.309196635343 -0.004311727978 0.001536466733 0
-0.254288805915 -0.009147772559 -0.210697419705 0
-0.201864622984 0.828550333732 -0.110985672389 0
-0.182247818111 0.686299613171 0.054567547334 0
-0.190612999446 0.687585824489 -0.266236306136 0
-0.186065219180 0.683301638800 -0.117211666560 0
-0.143691183298 0.541017691898 -0.117030902590 0
-0.153328059390 0.359184403693 -0.038265534860 0
-0.167020778768 0.350535307964 -0.160347928273 0
-0.103090370370 0.402188888889 -0.108234814815 0
-0.351631501170 0.687009211968 0.044413282684 0
-0.358115342574 0.676133065534 -0.262661137388 0
-0.477102648136 0.707811587331 0.038385637805 0
-0.480490445458 0.692023174075 -0.265852787211 0
-0.575200388617 0.734059323586 0.036351846226 0
-0.581104830814 0.719315990000 -0.257620563700 0
-0.364865252313 0.301880354686 0.077398814189 0
-0.308073681014 0.298702248824 -0.349507520434 0
-0.258785527512 0.007982036491 0.001866492705 0
-0.215497123128 0.012957489954 -0.204162402789 0
-0.308518792762 -0.008919981467 0.000271690050 0
-0.259015792120 -0.007126423460 -0.210457233577 0
-0.206802520784 0.796190025978 -0.111920201055 0
-0.185936552716 0.655082898736 0.054101027550 0
-0.193880303856 0.656232894274 -0.266714055211 0
-0.189488948565 0.652019266340 -0.117682712563 0
-0.145367022603 0.510307579270 -0.117336892914 0
-0.155103004933 0.330168020728 -0.038932935445 0
-0.168471913396 0.322796876865 -0.161135008779 0
-0.103169629630 0.372011111111 -0.108366296296 0
-0.355324760800 0.655208618577 0.043998361332 0
-0.361337591052 0.643984575431 -0.263711036233 0
-0.480837266602 0.675777466979 0.038030664372 0
-0.483681751902 0.660207683514 -0.266369053168 0
-0.579016943762 0.701772058852 0.036006135769 0
-0.584316828295 0.687526068180 -0.257743700853 0
-0.358315777457 0.304770102987 0.100600195105 0
-0.266435553604 0.306681208664 -0.381378848633 0
-0.261340717318 0.009467440791 0.001351674157 0
-0.224837144738 0.019526925368 -0.205838780954 0
-0.310576228583 -0.008886751904 0.000572366768 0
-0.268386761579 0.000167252529 -0.213931800412 0
-0.211595018606 0.764658002394 -0.113032421021 0
-0.190826728616 0.625340063532 0.053835063422 0
-0.198459110329 0.626430921977 -0.266987784543 0
-0.194174508282 0.622252188743 -0.117952352089 0
-0.148546127909 0.481029227259 -0.117470764336 0
-0.157354829469 0.303017553980 -0.039528363688 0
-0.170402675862 0.297018768259 -0.161840163923 0
-0.103644444444 0.343496666667 -0.108416296296 0
-0.360207137254 0.623212345996 0.043825333361 0
-0.365830669397 0.612828000130 -0.265343337823 0
-0.485742069328 0.643698788923 0.038048956503 0
-0.488152929276 0.629341095851 -0.267055176571 0
-0.583613218372 0.670361959836 0.035970523228 0
-0.588699480145 0.656954240728 -0.257948432751 0
-0.341170148848 0.310302105942 0.126510316526 0
-0.206391212406 0.316763252343 -0.399913512167 0
-0.265655389967 0.012741004335 0.001184593415 0
-0.238480056079 0.030663585458 -0.213896953209 0
-0.314711646458 -0.006096750308 0.001676506147 0
-0.282789759170 0.015564189269 -0.225960181226 0
-0.217468493930 0.734646921730 -0.113875724609 0
-0.194437714451 0.596044177644 0.053476448790 0
-0.201492442203 0.597078238034 -0.267359809346 0
-0.197440776925 0.592933194306 -0.118316921646 0
-0.150440343192 0.452165065234 -0.117695046346 0
-0.160007939378 0.276255073101 -0.039753964237 0
-0.172972949626 0.271196650208 -0.162117067620 0
-0.104671111111 0.314975185185 -0.108365185185 0
-0.363796954657 0.592368340914 0.043557744788 0
-0.368714736558 0.581661401343 -0.267270985315 0
-0.489526633414 0.611611621932 0.037741899204 0
-0.491103581647 0.597740668317 -0.268151755051 0
-0.587341624877 0.637985149801 0.035459238242 0
-0.591430965493 0.625679667890 -0.258711953736 0
-0.307735096515 0.318271958936 0.154722893030 0
-0.136665672666 0.325933731354 -0.394602706199 0
-0.272888544918 0.019276739707 0.002415323308 0
-0.252938389537 0.048816003483 -0.232349139182 0
-0.322435988080 0.001922742002 0.004762431916 0
-0.296942964077 0.042579203105 -0.251363942997 0
-0.221727932793 0.705116789141 -0.114698290334 0
-0.197518877625 0.567504283503 0.053280295649 0
-0.204106935312 0.568562012851 -0.267565807185 0
-0.200240402046 0.564412806811 -0.118518117627 0
-0.152103076252 0.424018667552 -0.117787394650 0
-0.162791510760 0.250135189408 -0.039796105874 0
-0.175663413838 0.245975769699 -0.162202893028 0
-0.105918518519 0.287031111111 -0.108155925926 0
-0.366812452530 0.561337635481 0.043477099434 0
-0.371104160714 0.550953897391 -0.269257980499 0
-0.492636628862 0.579956154580 0.037671288449 0
-0.493552452329 0.566598758262 -0.269304809032 0
-0.590825511280 0.605323729514 0.035223929513 0
-0.593719985296 0.594700031504 -0.259481626722 0
-0.257547897829 0.326967400806 0.175907436203 0
-0.075967957858 0.331017455821 -0.365162658096 0
-0.281059191708 0.027787527308 0.005365889550 0
-0.257980791950 0.084338544725 -0.264983813449 0
-0.331349311676 0.013031697164 0.009211483043 0
-0.294561167046 0.095509467526 -0.294546453133 0
-0.225196807657 0.676455890160 -0.115348812820 0
-0.200394540408 0.541983948338 0.053129705300 0
-0.206164271597 0.543040669527 -0.267732159903 0
-0.202650677769 0.538898034887 -0.118675549886 0
-0.153580985748 0.398810352514 -0.117800815479 0
-0.165488043801 0.226902476701 -0.039730402715 0
-0.178324629728 0.223616232861 -0.162167451298 0
-0.107218888889 0.261942962963 -0.107890370370 0
-0.369613226515 0.534059216501 0.043297126507 0
-0.373064869672 0.524825704622 -0.271391106268 0
-0.495637374846 0.551246906531 0.037416871992 0
-0.495594495658 0.539794315993 -0.270508262335 0
-0.594052066365 0.575623813217 0.034751926131 0
-0.595990510539 0.567274861072 -0.260403756895 0
-0.201359798152 0.332683711973 0.181478835716 0
-0.043507385709 0.334849830696 -0.328946754528 0
-0.289508245994 0.038928274139 0.010984720203 0
-0.215518822237 0.153320774375 -0.293781783617 0
-0.340776332565 0.029458017850 0.017581448496 0
-0.220700271476 0.190493930854 -0.324247699731 0
-0.227792501206 0.650912905337 -0.115917187668 0
-0.202464950586 0.521844634784 0.053070886128 0
-0.207328510596 0.522927391125 -0.267805907084 0
-0.204214162088 0.518777685755 -0.118740617591 0
-0.154424544228 0.378928099009 -0.117705777030 0
-0.166877655633 0.207802389733 -0.039606201551 0
-0.179569071879 0.205227067321 -0.162075397150 0
-0.107927407407 0.242151851852 -0.107531851852 0
-0.371528412912 0.511071288473 0.043276733604 0
-0.374006955587 0.503065516533 -0.272784298947 0
-0.497689412167 0.527200095355 0.037331660013 0
-0.496621782023 0.517327051004 -0.272035328488 0
-0.596477842687 0.550346655788 0.034400871656 0
-0.597343727922 0.543928411575 -0.262078673039 0
-0.158362968845 0.336266478218 0.172135286453 0
-0.031103030723 0.339474754733 -0.297350419257 0
-0.293296450718 0.045321438530 0.014028364166 0
-0.132331022085 0.186553077030 -0.257802790963 0
-0.344939450414 0.039448276189 0.021782448606 0
-0.136018883524 0.227662207921 -0.282968284378 0
-0.229420363629 0.630791143689 -0.116286859472 0
-0.203335561717 0.510354306445 0.053182806645 0
-0.207482026420 0.511525286238 -0.267703744391 0
-0.204684095201 0.507338555096 -0.118633215391 0
-0.154479978525 0.367602472001 -0.117487403407 0
-0.167752248931 0.196448100615 -0.039423578417 0
-0.180280240825 0.194442207061 -0.161920247811 0
-0.108491111111 0.230703333333 -0.107125925926 0
-0.372262213487 0.497729791785 0.043240339181 0
-0.374062587450 0.490968735346 -0.273119219900 0
-0.498450735638 0.513826246172 0.037814375850 0
-0.496738427748 0.504714175357 -0.272897701979 0
-0.597658544766 0.535952207793 0.034658550219 0
-0.597432337125 0.531109139315 -0.263068924177 0
-0.129636956684 0.336754604673 0.161253498199 0
-0.025860362859 0.342797496506 -0.273764550038 0
-0.293990114023 0.046845483993 0.014632148712 0
-0.144233211026 0.190938657514 -0.255459016674 0
-0.345773260907 0.041931705673 0.022114111053 0
-0.155514047681 0.231158571844 -0.279789331903 0
-0.230148214581 0.619288437813 -0.116310031187 0
-0.203983351850 0.504291770167 0.053398772564 0
-0.207518165077 0.505648591190 -0.267494367175 0
-0.204992912098 0.501378289603 -0.118421340189 0
-0.154492600644 0.361727970733 -0.117219467439 0
-0.168001344027 0.190242622638 -0.039092322471 0
-0.180516910773 0.188614122872 -0.161595860298 0
-0.108769629630 0.224774074074 -0.106680000000 0
-0.372843752423 0.491029412559 0.043165508325 0
-0.374046424974 0.484661915783 -0.272868433024 0
-0.499161966859 0.506085161498 0.037769846178 0
-0.496768136326 0.497993356295 -0.272915769552 0
-0.598038321320 0.528657272822 0.034351262209 0
-0.597648301184 0.523798520411 -0.263125277609 0
-0.116551499408 0.336923856383 0.153903814326 0
-0.026241897550 0.345913374035 -0.260692300380 0
-0.291386959912 0.042333727734 0.012169915482 0
-0.149393766843 0.193238969751 -0.251963189427 0
-0.343108053920 0.035027559065 0.017929048488 0
-0.164588652813 0.232838866513 -0.275154279100 0
-0.229194377898 0.613617267779 -0.115638832358 0
-0.204358786383 0.506871403474 0.053747379496 0
-0.207325416575 0.508535313249 -0.267150070648 0
-0.205060080134 0.504123333819 -0.118076993127 0
-0.154324474712 0.364571292774 -0.116920058445 0
-0.166940853088 0.192759417109 -0.038736736391 0
-0.179618665710 0.191218149601 -0.161224718512 0
-0.108044074074 0.227793333333 -0.106358518519 0
-0.373285552567 0.494623648064 0.043346184275 0
-0.373839927036 0.487377394049 -0.272272836866 0
-0.499780479545 0.507661239132 0.036932549405 0
-0.496637780078 0.499954419382 -0.273196799072 0
-0.598714943121 0.529296221991 0.033041566425 0
-0.597741916057 0.524887463191 -0.263637797232 0
-0.119288613537 0.335387801694 0.158231249941 0
-0.024542324503 0.344393948200 -0.265399771569 0
-0.290441701025 0.041673752579 0.011832131235 0
-0.135221268996 0.191474751629 -0.246739829270 0
-0.342076295761 0.033578669841 0.017305479467 0
-0.144089106969 0.233395557488 -0.269119965758 0
-0.228454835489 0.616518742243 -0.114369144998 0
-0.204293973042 0.517927550273 0.054247445952 0
-0.206830638031 0.519837633561 -0.266652320193 0
-0.204769292684 0.515310260791 -0.117579742217 0
-0.153951242369 0.375826580915 -0.116511403647 0
-0.164910763565 0.203537554455 -0.038409533568 0
-0.177821394936 0.201929782219 -0.160872339630 0
-0.106600000000 0.239362222222 -0.106124814815 0
-0.373239971471 0.506139343696 0.043629889339 0
-0.373353213709 0.498642864050 -0.271342310329 0
-0.499764330420 0.518781068753 0.037007697501 0
-0.496303934816 0.509504780098 -0.273209646182 0
-0.599065808283 0.539347546759 0.032813521687 0
-0.597611055610 0.533313443035 -0.264123528662 0
-0.141565484545 0.333917090704 0.171032950512 0
-0.026100193944 0.339760196296 -0.288729262333 0
-0.288687913090 0.039997302344 0.010959334706 0
-0.101693270171 0.176068504799 -0.233495606197 0
-0.340094969130 0.030243506698 0.015837586324 0
-0.091627471344 0.219433397150 -0.252337814900 0
-0.227792347385 0.627744002376 -0.112811758872 0
-0.203241134131 0.537406083235 0.055033936801 0
-0.205443199183 0.539720973163 -0.265865635017 0
-0.203546527064 0.535003323047 -0.116796771181 0
-0.152855247086 0.395507268817 -0.115957431329 0
-0.162058347119 0.222301113755 -0.038166988378 0
-0.175305176329 0.220499817036 -0.160591189614 0
-0.104648888889 0.259265555556 -0.106039629630 0
-0.372205010282 0.526223885979 0.044051599676 0
-0.371856160067 0.517609393235 -0.270200027191 0
-0.498540556161 0.540478452116 0.037107736474 0
-0.494773517489 0.528818554606 -0.272206499182 0
-0.597379877486 0.562737032150 0.032564887212 0
-0.596543487846 0.551989874719 -0.263667313223 0
-0.178908088642 0.331738701746 0.183529832097 0
-0.036577800103 0.333914861175 -0.322627239327 0
-0.283531200691 0.033198336654 0.007236776364 0
-0.210706202185 0.154217625800 -0.293034349542 0
-0.333984511373 0.018640720787 0.009276026352 0
-0.212405508744 0.191876757264 -0.323295962157 0
-0.225294855402 0.647684315407 -0.111283979565 0
-0.201405727835 0.561484435569 0.056237465920 0
-0.203380420746 0.564185163694 -0.264660570307 0
-0.201605102285 0.559284542494 -0.115596114754 0
-0.151367922188 0.419642679640 -0.115088182170 0
-0.158497619872 0.244579928573 -0.037768279362 0
-0.172199077547 0.242032205814 -0.160129169228 0
-0.102754814815 0.283444814815 -0.105967777778 0
-0.370389098124 0.551347974616 0.044561960231 0
-0.369869672483 0.542666653982 -0.269049792132 0
-0.496401210260 0.567363299422 0.035813416863 0
-0.492735679667 0.554425630603 -0.271054469582 0
-0.594817232553 0.591114599588 0.030557698280 0
-0.594467760446 0.578357660853 -0.263415708433 0
-0.225913626737 0.329342055244 0.185122823116 0
-0.066810326172 0.331394298508 -0.358299717067 0
-0.272716659999 0.021396739260 0.001290131936 0
-0.258153822483 0.067354643521 -0.250295357889 0
-0.320378218107 -0.000529979562 -0.001745351453 0
-0.299251298754 0.070382493026 -0.275567726099 0
-0.222188118155 0.672183823103 -0.109612068273 0
-0.199355318116 0.587352352355 0.057579207371 0
-0.201190626943 0.590339051068 -0.263317122105 0
-0.199501322900 0.585300651621 -0.114256260254 0
-0.150060999834 0.445371265083 -0.114078217693 0
-0.155938834664 0.268436749529 -0.037311835910 0
-0.170057259797 0.265134242171 -0.159607263950 0
-0.101799629630 0.308959629630 -0.105837407407 0
-0.368364732455 0.578772520732 0.045063255066 0
-0.367687153712 0.568909595367 -0.267863271558 0
-0.493899744628 0.597200343411 0.034411677035 0
-0.490533059860 0.580868251186 -0.269917992447 0
-0.591955365203 0.622413925946 0.027981609010 0
-0.591698888298 0.606406093524 -0.263035123220 0
-0.267671715038 0.324707906860 0.176602399145 0
-0.114874627956 0.330202529270 -0.385627027942 0
-0.260196148080 0.010673981959 -0.002362461948 0
-0.245333129340 0.036708655354 -0.219827703197 0
-0.303832254128 -0.017633419583 -0.009859164286 0
-0.289750666791 0.022065883723 -0.232056138467 0
-0.218247962746 0.698537860597 -0.107953130747 0
-0.196729282194 0.613808310326 0.058846094476 0
-0.198479727380 0.617135521357 -0.262047359193 0
-0.196857690313 0.611932680323 -0.112991399251 0
-0.148611750796 0.471561286359 -0.113133907994 0
-0.154311793786 0.292804300105 -0.036812721748 0
-0.168834631935 0.288887470395 -0.159042643696 0
-0.101580000000 0.334661111111 -0.105633333333 0
-0.365768116426 0.607252730604 0.045529127710 0
-0.364974409405 0.595654682655 -0.266415070104 0
-0.491117487955 0.626258058740 0.033764239089 0
-0.487819915732 0.607563127147 -0.268764220842 0
-0.588701671592 0.652492296993 0.025925851795 0
-0.588968285813 0.633028817541 -0.261820941456 0
-0.300245964477 0.319042392124 0.161743970446 0
-0.173494815032 0.326776769110 -0.397593733182 0
-0.250231189530 0.002954153565 -0.003220639223 0
-0.229461668099 0.023158011599 -0.205967766972 0
-0.290392128669 -0.029354692261 -0.013460596640 0
-0.271643568530 0.000049482159 -0.210820206213 0
-0.213725136618 0.725470501388 -0.106236839602 0
-0.193041686321 0.643371321812 0.059666656906 0
-0.194876154680 0.646965771051 -0.261223445247 0
-0.193245173386 0.641632273685 -0.112172200841 0
-0.146176885727 0.500856333142 -0.112543529423 0
-0.153125554479 0.320066626710 -0.036323415107 0
-0.167967255060 0.315639404769 -0.158497601547 0
-0.101730740741 0.363192592593 -0.105371481481 0
-0.362066421045 0.637631095782 0.045805431691 0
-0.361390289169 0.625556638650 -0.265182553465 0
-0.487189637402 0.657578607576 0.033221412211 0
-0.484220266428 0.637487715884 -0.268148032637 0
-0.584623405609 0.684294879475 0.024465453867 0
-0.585651579773 0.661969325940 -0.260646930001 0
-0.325444353677 0.313379191012 0.141641439034 0
-0.236934368785 0.318673630114 -0.390010601742 0
-0.244398097331 -0.001911844672 -0.002541313575 0
-0.216852050080 0.015260093820 -0.201332848545 0
-0.282918740671 -0.035798628054 -0.013919592343 0
-0.257037649932 -0.011529281379 -0.203408893928 0
-0.208520905242 0.755379129788 -0.104829079114 0
-0.190419117292 0.673005867915 0.060542116258 0
-0.192368453160 0.676825684894 -0.260344705047 0
-0.190719914763 0.671380079120 -0.111297707587 0
-0.145201420935 0.530065977997 -0.111869884165 0
-0.152294230007 0.347565552083 -0.035849224909 0
-0.167432239830 0.342707120726 -0.157970658350 0
-0.102195185185 0.391888888889 -0.105091111111 0
-0.359434199194 0.667440506110 0.046493146706 0
-0.358931191633 0.655694356186 -0.263706783573 0
-0.484372578106 0.688156882765 0.033328297387 0
-0.481785218929 0.667256853736 -0.267104519815 0
-0.581915344305 0.714868336992 0.024537883966 0
-0.583319603633 0.691001620081 -0.259124443150 0
-0.339999514760 0.309214307642 0.121331841981 0
-0.285625839634 0.309682353553 -0.366065771884 0
-0.242138863412 -0.004197608291 -0.001616285963 0
-0.205017147196 0.008631834160 -0.200527336419 0
-0.280968602951 -0.037656164719 -0.013209197941 0
-0.243417895807 -0.020731431665 -0.200737454626 0
-0.204367252508 0.785320578521 -0.103539008470 0
-0.187433070277 0.702065593866 0.061227452109 0
-0.189517224238 0.705949182990 -0.259657756395 0
-0.187845054377 0.700466279532 -0.110612389574 0
-0.144089226235 0.558554480886 -0.111289381285 0
-0.151727061512 0.374283397808 -0.035323725849 0
-0.167162173861 0.369010617863 -0.157390770135 0
-0.102943703704 0.419766666667 -0.104752592593 0
-0.356461998551 0.696825339660 0.047220102235 0
-0.356110416543 0.684955868672 -0.262298117030 0
-0.481358993572 0.717688744112 0.033895724812 0
-0.479001586889 0.695999242299 -0.266060049254 0
-0.579064143266 0.744124545343 0.025415288296 0
-0.580587216417 0.719491141069 -0.258405104331 0
-0.344481411203 0.307749157297 0.105491526088 0
-0.313092029140 0.303006540257 -0.338255022092 0
-0.242969024517 -0.004299705455 -0.000967239315 0
-0.199616866839 0.005027807446 -0.202071527384 0
-0.283587043229 -0.035638865235 -0.012353762015 0
-0.238429259541 -0.023789882328 -0.202115711483 0
-0.199831218644 0.814572742272 -0.102409302371 0
-0.184435366647 0.730496660260 0.061764056837 0
-0.186887476529 0.734551822164 -0.259116428419 0
-0.185086700184 0.728981382620 -0.110075805899 0
-0.143205074923 0.586469583838 -0.110819929765 0
-0.151379838355 0.400498334456 -0.034591962099 0
-0.167083443210 0.394855629780 -0.156608210529 0
-0.103908518519 0.447114814815 -0.104178518519 0
-0.353491923497 0.725594945966 0.047969184940 0
-0.353514914841 0.713747916418 -0.260981040902 0
-0.478455953520 0.746508795416 0.035372274759 0
-0.476420172822 0.724546602511 -0.264985279074 0
-0.576385334123 0.772554591745 0.027352379471 0
-0.578139879118 0.747944364769 -0.258054480063 0
-0.343402677320 0.308019405542 0.091839270933 0
-0.325449423339 0.299137200673 -0.311921240328 0
-0.244097963008 -0.003809127437 -0.000572062507 0
-0.198359543220 0.002794291807 -0.203408555194 0
-0.286624830989 -0.032618350992 -0.011667711067 0
-0.239005716444 -0.023368098235 -0.203938624071 0
-0.195211704336 0.843251986698 -0.101589810283 0
-0.181298876024 0.759415541678 0.062091667128 0
-0.184286612817 0.763507343826 -0.258783812744 0
-0.182282488620 0.757912018089 -0.109746718136 0
-0.142387091662 0.614798917962 -0.110518915078 0
-0.151087576038 0.427048530083 -0.034210557927 0
-0.166962631046 0.421210588997 -0.156195431067 0
-0.104928888889 0.474896296296 -0.103844444444 0
-0.350398518043 0.755387909646 0.048544196611 0
-0.351301806065 0.746022797152 -0.259878492894 0
-0.475556285734 0.775888559781 0.037259845720 0
-0.474226346386 0.756489802896 -0.264161851602 0
-0.573587631141 0.801731847862 0.030038289992 0
-0.576179669774 0.779395146094 -0.257732723062 0
-0.338066455262 0.309747091529 0.078436017256 0
-0.327667764179 0.298579543285 -0.288480824706 0
-0.245173744239 -0.002590650975 -0.000320360410 0
-0.199442411615 0.002336282537 -0.204679491896 0
-0.290033175157 -0.027932745921 -0.010665840607 0
-0.242694963408 -0.019198728323 -0.206203661852 0
-0.190837392422 0.872296431930 -0.101065137700 0
-0.177940074630 0.788202811864 0.062348940401 0
-0.181380108845 0.792186418154 -0.258523370721 0
-0.179213578686 0.786633708394 -0.109486954653 0
-0.141448020552 0.642904030868 -0.110263515565 0
-0.150732382730 0.453342640897 -0.033967475287 0
-0.166797188564 0.447204346528 -0.155912756287 0
-0.106016666667 0.502422222222 -0.103685555556 0
-0.347076069926 0.784729301556 0.049105280439 0
-0.349032399699 0.782509973179 -0.258764735280 0
-0.472458663608 0.804431709604 0.038951445539 0
-0.471993530630 0.792962929078 -0.261870210624 0
-0.570633289365 0.829866482905 0.033095263172 0
-0.574165707092 0.815525658912 -0.255120279858 0
-0.329185954869 0.313023385136 0.065404596829 0
-0.322686949662 0.300698529200 -0.268155201165 0
-0.246902707906 -0.000120072089 0.000255435708 0
-0.200743887993 0.002856121416 -0.205811693732 0
-0.294373646017 -0.020744792861 -0.008841278367 0
-0.246299659214 -0.013121931089 -0.208309006309 0
-0.186727281900 0.901078620876 -0.100692397696 0
-0.174459555490 0.815504895801 0.062462853911 0
-0.178304271623 0.819173734255 -0.258408616901 0
-0.175999228888 0.813759968337 -0.109369166856 0
-0.140435930174 0.669430552049 -0.110090932150 0
-0.150335278842 0.478110444359 -0.033826058637 0
-0.166603021724 0.471598987517 -0.155725072881 0
-0.107139259259 0.528377777778 -0.103655925926 0
-0.343601151017 0.811947779744 0.049313241908 0
-0.346090208953 0.812216697602 -0.257729390934 0
-0.469157440638 0.831080457206 0.040277820816 0
-0.469051366738 0.822924201710 -0.259791190142 0
-0.567612115665 0.855803182009 0.035879634889 0
-0.571437205224 0.845226322667 -0.252775590491 0
-0.317744831927 0.317356158140 0.053019094719 0
-0.313163626458 0.304500596815 -0.250393206501 0
-0.248144293278 0.002544737434 0.001248786701 0
-0.201827313536 0.003965223133 -0.207041841021 0
-0.297694647470 -0.013183092010 -0.006433469444 0
-0.248978440735 -0.006203740261 -0.210239716993 0
-0.182588270586 0.928248553495 -0.100423961040 0
-0.171127240561 0.841836150177 0.062433720082 0
-0.175785582754 0.844636148500 -0.258435728225 0
-0.173154158624 0.839619107341 -0.109387800839 0
-0.139975869114 0.694671851310 -0.109907472539 0
-0.151010069667 0.501823972732 -0.033729704343 0
-0.167502797526 0.494873905843 -0.155574255721 0
-0.109162962963 0.553000000000 -0.103720740741 0
-0.340256775973 0.837458793903 0.049376778960 0
-0.343504094951 0.836325118082 -0.256883338910 0
-0.465886381839 0.856599573662 0.041445024771 0
-0.466470871600 0.847065130398 -0.258357096064 0
-0.564453661473 0.881138296639 0.038007334352 0
-0.568907495580 0.869367177421 -0.251261282154 0
-0.304883682180 0.322390949921 0.040679175235 0
-0.300621508751 0.309316469971 -0.234389135488 0
-0.248484076087 0.004575009972 0.002345718410 0
-0.201636016801 0.004979772609 -0.207887768948 0
-0.299359023274 -0.006937821865 -0.004042844088 0
-0.249535048608 -0.000631099530 -0.211214011453 0
-0.178903121177 0.954141161661 -0.100233382744 0
-0.168125633674 0.865257667984 0.062523399642 0
-0.173121324944 0.867975158836 -0.258341683082 0
-0.170384071325 0.862990396317 -0.109294578654 0
-0.139631721396 0.717455360730 -0.109845909802 0
-0.152018552040 0.523174108549 -0.033691007528 0
-0.168673012063 0.515733744992 -0.155484595840 0
-0.111487777778 0.575181481481 -0.103843703704 0
-0.337256016785 0.860372884878 0.049658831618 0
-0.340809303199 0.859280736236 -0.255865509203 0
-0.462912175348 0.879552503734 0.042259366753 0
-0.463840606320 0.869342460783 -0.256504364031 0
-0.561422005977 0.904264711416 0.039394823578 0
-0.565957303192 0.892216142767 -0.249177456057 0
-0.291079073013 0.327712366343 0.028493062007 0
-0.286138981648 0.314604355047 -0.219614565807 0
-0.248186996994 0.006322353031 0.003716225598 0
-0.201382116255 0.006607695395 -0.208864315882 0
-0.299803324935 -0.002015716833 -0.001561137363 0
-0.249593664746 0.005388445942 -0.212184413221 0
-0.175274664774 0.977541143005 -0.099876315072 0
-0.165125970774 0.884914181031 0.062566107285 0
-0.170352524328 0.887897695405 -0.258292934631 0
-0.167574526620 0.882782518375 -0.109251002794 0
-0.139535485350 0.736688088796 -0.109913574253 0
-0.153248118269 0.541137993672 -0.033718661026 0
-0.170034608340 0.533132448030 -0.155458273283 0
-0.114029629630 0.593896296296 -0.104056296296 0
-0.334261386078 0.879958641360 0.049795100100 0
-0.338087397928 0.880531709595 -0.254867018117 0
-0.460023786422 0.898533490274 0.042662520488 0
-0.461156571432 0.890134071406 -0.254518930659 0
-0.558490819869 0.923153132110 0.040165126009 0
-0.563052363960 0.913260700604 -0.246569241467 0
-0.277578987938 0.332856227027 0.016981636744 0
-0.270966931821 0.319540401922 -0.206005701251 0
-0.247516947363 0.008445910248 0.005552840670 0
-0.200933418401 0.008882713807 -0.209583254466 0
-0.299636061191 0.003208751135 0.001335090413 0
-0.249083264637 0.011904553875 -0.212636746489 0
-0.171847158909 0.997331650265 -0.099462826206 0
-0.161289999626 0.901174910649 0.062790796694 0
-0.166642915715 0.904663701553 -0.258061065739 0
-0.163884275009 0.899307314609 -0.109027248189 0
-0.139284147474 0.752553839053 -0.109921712420 0
-0.154890650274 0.555795580987 -0.033738693390 0
-0.171750257739 0.547183422780 -0.155426788820 0
-0.116877037037 0.609174074074 -0.104269629630 0
-0.330430198224 0.896582546290 0.049947583858 0
-0.334385820171 0.898008726066 -0.253700815903 0
-0.456277045380 0.914594862425 0.042861853639 0
-0.457409925199 0.908115631103 -0.252574744552 0
-0.554862709017 0.938748383963 0.040472894331 0
-0.559407265806 0.931004509066 -0.243760366047 0
-0.264656103073 0.337262504910 0.006321507497 0
-0.255604346448 0.323869886650 -0.193682441296 0
-0.246359574460 0.010839627953 0.007394795689 0
-0.200238621578 0.011804220307 -0.209922793371 0
-0.298726350663 0.008256447132 0.003835693837 0
-0.247973280245 0.018988010461 -0.212503208917 0
-0.167033172158 1.013871301335 -0.098957485938 0
-0.157325165049 0.913694380830 0.062994608152 0
-0.162672713326 0.917786077014 -0.257850221553 0
-0.159995934466 0.912144711072 -0.108825426307 0
-0.138976486477 0.764789880576 -0.110017544885 0
-0.156891276966 0.566938176411 -0.033972352276 0
-0.173754382080 0.557688794890 -0.155613187647 0
-0.120002222222 0.620848148148 -0.104695925926 0
-0.326473063806 0.909935214356 0.049983008665 0
-0.330318507671 0.909479961874 -0.252665767665 0
-0.452247179531 0.928453583110 0.042910394094 0
-0.453212286971 0.921022061208 -0.251166789166 0
-0.550826625930 0.952775513151 0.040691989712 0
-0.555218005694 0.944275459352 -0.241784866773 0
-0.252748210935 0.340484449231 -0.003310693488 0
-0.240578183851 0.327074770313 -0.182365565925 0
-0.245163171088 0.013257505360 0.008760225009 0
-0.199322362850 0.015424719248 -0.209697141807 0
-0.297608421334 0.012901179965 0.005445404079 0
-0.246232179324 0.026972018116 -0.211426890539 0
-0.162188466199 1.026709784622 -0.098538752052 0
-0.153704809282 0.922591396043 0.063164105311 0
-0.159211029911 0.927448357910 -0.257667368293 0
-0.156529666038 0.921448626928 -0.108656653010 0
-0.138824395271 0.773606407306 -0.110208081207 0
-0.159431322724 0.574881555162 -0.034271658136 0
-0.176231639508 0.564994218857 -0.155870992588 0
-0.123488888889 0.629181481481 -0.105184074074 0
-0.322856803642 0.920423853851 0.049846850605 0
-0.326805856937 0.918613588659 -0.251759468601 0
-0.448556222933 0.939378954784 0.042605291175 0
-0.449540017456 0.931691006149 -0.249847669044 0
-0.546952187645 0.964232757558 0.040601100773 0
-0.551188709190 0.956190155364 -0.239949480437 0
-0.242935466417 0.342667187865 -0.011610562186 0
-0.226497264761 0.329242531642 -0.171947293513 0
-0.244058327040 0.016026658077 0.009616865164 0
-0.198288104233 0.020276693560 -0.208537384331 0
-0.296479425346 0.017655362189 0.006300986043 0
-0.243982329778 0.036049946786 -0.208861819109 0
-0.158380718784 1.035999388972 -0.098190533849 0
-0.150300723132 0.927949946800 0.063336322443 0
-0.155636571148 0.933454126004 -0.257487578999 0
-0.153087982349 0.927152407665 -0.108486999154 0
-0.138216170021 0.778941046973 -0.110306534007 0
-0.161741571348 0.579577043810 -0.034332591785 0
-0.178311185851 0.569016273011 -0.155906956673 0
-0.126545185185 0.634144444444 -0.105413703704 0
-0.319413873205 0.928029638104 0.049365609165 0
-0.323308006275 0.926992216195 -0.250741021599 0
-0.444955951834 0.947833849487 0.041680575046 0
-0.445891030189 0.941291751835 -0.248044076558 0
-0.543266440612 0.973082081287 0.039845986867 0
-0.547030454159 0.967213058133 -0.237480883493 0
-0.236015226815 0.343680728922 -0.018637612051 0
-0.213857112559 0.330147615683 -0.162402354976 0
-0.242896823256 0.018989293897 0.009891514617 0
-0.196891607059 0.026762882739 -0.205666896358 0
-0.295204297670 0.022539571464 0.006293886426 0
-0.241135946141 0.046153224917 -0.203845876618 0
-0.155182760004 1.041689406317 -0.097942808256 0
-0.147419575527 0.930560456115 0.063458484036 0
-0.152694913113 0.936745480403 -0.257354014610 0
-0.150203782942 0.930127126755 -0.108366191555 0
-0.137281958138 0.781678964444 -0.110441463963 0
-0.163576997332 0.581931149108 -0.034330300694 0
-0.179801375682 0.570736724733 -0.155894533149 0
-0.128891481481 0.636648148148 -0.105547407407 0
-0.316456664136 0.933332969628 0.048856410508 0
-0.320419692629 0.933683501253 -0.249607719205 0
-0.441789123761 0.954256121277 0.040727675445 0
-0.442939444100 0.948279821821 -0.245838646465 0
-0.540114990386 0.979701576546 0.039205428615 0
-0.543779952924 0.974900006832 -0.234725427600 0
-0.231820469302 0.343926706071 -0.024001056217 0
-0.203132617523 0.330287322881 -0.153977018718 0
-0.241921516109 0.021575922594 0.009739997554 0
-0.195531256114 0.035976867580 -0.200273529613 0
-0.294058500903 0.026797973463 0.005729476362 0
-0.238292181173 0.058010540897 -0.195489854063 0
-0.152272392065 1.044665186269 -0.097879292244 0
-0.145491087914 0.931697628571 0.063371242433 0
-0.150717318318 0.938558376343 -0.257428320620 0
-0.148269426838 0.931626049942 -0.108454059651 0
-0.136616950935 0.783047158568 -0.110715753045 0
-0.164665591139 0.583170844329 -0.034277886576 0
-0.180461742917 0.571440980556 -0.155848031297 0
-0.130210740741 0.637918518519 -0.105583333333 0
-0.314459977081 0.935864164606 0.048318030851 0
-0.318405555233 0.936576675013 -0.248612962842 0
-0.439641020514 0.957587454273 0.039958300263 0
-0.440875151764 0.951318409885 -0.243898393643 0
-0.537881236980 0.983397139997 0.038650394494 0
-0.541856270230 0.977911148086 -0.232830867831 0
-0.229539420952 0.344123649199 -0.026674968105 0
-0.197111027270 0.330497183682 -0.150118577897 0
-0.241332995211 0.023202616208 0.009524241929 0
-0.194396252410 0.042505911884 -0.196188113484 0
-0.293377363428 0.029123407963 0.005287823519 0
-0.236039894166 0.066134698890 -0.189528492669 0
-0.150304636895 1.046161538046 -0.097987768933 0
-0.144836291259 0.931848224700 0.063264745127 0
-0.150122605754 0.939261949083 -0.257521530404 0
-0.147657926044 0.932072788768 -0.108559719590 0
-0.136519966188 0.783453513214 -0.110959350292 0
-0.165170550807 0.583735113468 -0.034138758855 0
-0.180605917173 0.571544664442 -0.155709933976 0
-0.130643333333 0.638311111111 -0.105540740741 0
-0.313765252329 0.936492561084 0.047906328563 0
-0.317780207652 0.937737013318 -0.248056565037 0
-0.438907701664 0.958388836200 0.039421014501 0
-0.440283519898 0.951965807807 -0.242687404931 0
-0.536966301635 0.984664938682 0.038059590005 0
-0.541661935528 0.977761265909 -0.231882807557 0
-0.228732784866 0.344305113695 -0.027573907472 0
-0.196440606604 0.330551180971 -0.149765012344 0
-0.241381131626 0.023926174936 0.009423115523 0
-0.194260312074 0.043164601153 -0.195708568651 0
-0.293389603193 0.030136052732 0.005159832507 0
-0.235956925656 0.066670178596 -0.188945191662 0
-0.149783232879 1.046614686021 -0.098241818337 0
