-0.809208469471 0.995431950522 -0.035431384617 0
-0.478493685856 1.035625450168 -0.000089035488 0
-0.645173081338 0.997965438800 -0.012587429078 0
-0.629762675797 0.861838360623 0.021497882122 0
-0.649347721776 0.645318876858 -0.010912094313 0
-0.572124998297 0.645483588228 -0.000090220428 0
-0.613859259259 0.720711111111 0.032039148148 0
-0.812824302527 0.802883233669 0.014473671568 0
-0.476152210598 0.840140165840 0.056889517927 0
-0.827404631724 0.658743273929 -0.003647691626 0
-0.454938463461 0.714712616443 0.035287488284 0
-0.839829481976 0.546585405412 -0.029218378690 0
-0.429665395689 0.609826800687 0.002078967912 0
-0.660491746977 0.362978121960 -0.084162017664 0
-0.527994037534 0.381529908806 -0.103675600333 0
-0.659185311421 0.018718718047 -0.136581526442 0
-0.578677236271 0.085682694441 0.105721942479 0
-0.652506649376 0.024751610706 -0.184418933952 0
-0.580564080427 0.048028118189 0.074607949406 0
-0.659920288023 1.102861390978 -0.076090182917 0
-0.810953572086 0.996399228079 -0.054323147658 0
-0.481566117557 1.037459322784 -0.008992798238 0
-0.647680298057 0.999342742086 -0.026591448465 0
-0.632813058750 0.863189526086 0.007774104723 0
-0.651451761765 0.646795638018 -0.023943381346 0
-0.574329242831 0.647151276044 -0.012433398692 0
-0.616559259259 0.722188888889 0.019491629630 0
-0.822451972932 0.803504265717 -0.007016514753 0
-0.479336255423 0.842734601213 0.050537403915 0
-0.838163499728 0.660825133199 -0.033720650519 0
-0.456164703501 0.716483775134 0.037401613278 0
-0.851224588472 0.550456507988 -0.065925498687 0
-0.429724117493 0.609461099094 0.012171320566 0
-0.661405713485 0.362494653075 -0.089364411989 0
-0.516801339841 0.398638984832 -0.143891372975 0
-0.659063107836 0.018882077668 -0.136478626550 0
-0.576818586680 0.105585077827 0.058799793981 0
-0.652372013549 0.024905681425 -0.184315467298 0
-0.577437934850 0.068492627849 0.026967822300 0
-0.660855035994 1.103725434398 -0.091011302772 0
-0.812145378761 0.996686072855 -0.071877437625 0
-0.484204114460 1.038921288131 -0.017955448451 0
-0.649658688555 1.000203668184 -0.039915343572 0
-0.635173310835 0.864083604211 -0.005166039668 0
-0.652755179061 0.647643402806 -0.036200977351 0
-0.575682403351 0.648520774237 -0.024389687434 0
-0.618562962963 0.723203703704 0.007499851852 0
-0.831143907975 0.803690776830 -0.027487474305 0
-0.482170375801 0.844787637805 0.043481707752 0
-0.848201903994 0.663085388714 -0.062933876126 0
-0.457271198373 0.718264364665 0.038939327610 0
-0.862099203586 0.554835540487 -0.101559067857 0
-0.429994775968 0.609624420147 0.021931300900 0
-0.661882618525 0.361827521031 -0.094784371064 0
-0.506100039268 0.418078232454 -0.180606034382 0
-0.659046566072 0.018981477861 -0.136513989277 0
-0.575546716360 0.124055826243 0.009265657388 0
-0.652355767127 0.025041079625 -0.184346324718 0
-0.576105827814 0.088064788040 -0.023807601024 0
-0.660593011760 1.104045504036 -0.105468191105 0
-0.812778769648 0.997428404445 -0.088964307048 0
-0.486514187615 1.041128810219 -0.026686187270 0
-0.651187012981 1.001682549134 -0.052827347334 0
-0.636916732303 0.865707271258 -0.017444755413 0
-0.652878113631 0.649186527875 -0.048079107072 0
-0.575841875564 0.650695570405 -0.036094536957 0
-0.619414814815 0.724988888889 -0.004233481481 0
-0.839087376422 0.804632545904 -0.047537125366 0
-0.484587734869 0.847531866897 0.036425196495 0
-0.857429161838 0.666704123988 -0.091770903560 0
-0.458414963440 0.721233989673 0.039971059487 0
-0.872239689638 0.561342688283 -0.137318435996 0
-0.430591212912 0.611531514033 0.031157928964 0
-0.661810526580 0.361641299314 -0.097515894750 0
-0.497926194906 0.440001032176 -0.214660983347 0
-0.659164485385 0.019225793980 -0.136436192759 0
-0.572867049850 0.143079071679 -0.044863490264 0
-0.652490237141 0.025301635120 -0.184268780422 0
-0.572264852294 0.113249203042 -0.083584597606 0
-0.658815707115 1.104978573307 -0.119652886281 0
-0.812482577221 0.999033556220 -0.104965017028 0
-0.487431570007 1.042785916089 -0.036668305010 0
-0.651614811365 1.003347723784 -0.065737178774 0
-0.637977444830 0.867590931145 -0.029359123164 0
-0.652388094068 0.650862734509 -0.059474829157 0
-0.575402920849 0.653107537327 -0.047279212297 0
-0.619759259259 0.727022222222 -0.015619148148 0
-0.846083644286 0.806860525573 -0.065989488458 0
-0.486062019835 0.849494037988 0.027385645974 0
-0.864710876444 0.671995492236 -0.118731756163 0
-0.459342674182 0.723789044921 0.038921337812 0
-0.880290167416 0.570443094669 -0.171594027081 0
-0.431179590231 0.613664566324 0.038133631534 0
-0.661254643779 0.361721853420 -0.098525791040 0
-0.493119819793 0.462875516059 -0.245749076189 0
-0.659207468538 0.019440376459 -0.136302224037 0
-0.568093127080 0.161973645428 -0.099574812661 0
-0.652529709888 0.025410185122 -0.184147671070 0
-0.565984021488 0.139213189756 -0.142783853263 0
-0.656109179197 1.106079646352 -0.133608330484 0
-0.811912414922 1.000044141313 -0.119588321176 0
-0.487788648831 1.044099775843 -0.047202186600 0
-0.651576185749 1.004532686711 -0.078260122543 0
-0.638316889820 0.868951976523 -0.041109168937 0
-0.651600373871 0.651982938468 -0.070258396776 0
-0.574661591196 0.654832674207 -0.057897497434 0
-0.619629629630 0.728525925926 -0.026586074074 0
-0.852782959475 0.808867439913 -0.082714690039 0
-0.487277796681 0.850979114878 0.017378644789 0
-0.871177315689 0.677574591359 -0.143879495078 0
-0.460641726211 0.726130642434 0.036143494333 0
-0.887151429519 0.580364748514 -0.203832217893 0
-0.432393117910 0.616128372952 0.042301062495 0
-0.660468122598 0.361679056238 -0.099431354102 0
-0.490945346310 0.484762614257 -0.273343041735 0
-0.659135488669 0.019535311057 -0.136216197611 0
-0.561078612900 0.177970468592 -0.151033933562 0
-0.652485279690 0.025570917758 -0.184057226552 0
-0.557118612642 0.161922417616 -0.197037045591 0
-0.653517142847 1.106633954169 -0.147111023705 0
-0.810424968498 1.001458141898 -0.134011160730 0
-0.487203877060 1.044606342422 -0.057178706659 0
-0.650661865968 1.005500552672 -0.090476307883 0
-0.638091413877 0.869972525238 -0.052827960612 0
-0.650756806156 0.652986047745 -0.080479173721 0
-0.573812091756 0.656117101777 -0.068223704234 0
-0.618981481481 0.729737037037 -0.037029851852 0
-0.857530207533 0.811293764677 -0.099410534510 0
-0.487494744730 0.851776637071 0.008267107375 0
-0.875837975335 0.684019248438 -0.168572091402 0
-0.461208681230 0.727740255242 0.032199506929 0
-0.892044926756 0.591340447061 -0.234954509427 0
-0.433025518817 0.618071521838 0.043566534211 0
-0.659816113158 0.361822283158 -0.099124108512 0
-0.490768261648 0.503492489288 -0.296605987811 0
-0.659078573288 0.019599313546 -0.135988919864 0
-0.553543246251 0.189609841465 -0.198031449515 0
-0.652448087194 0.025469568612 -0.183853255620 0
-0.548733868331 0.177244598136 -0.245079069008 0
-0.650981149739 1.106911576678 -0.160326054175 0
-0.808220134024 1.002269410907 -0.148142451831 0
-0.485868155138 1.044720965763 -0.067371576169 0
-0.648998790712 1.005975394155 -0.102637474642 0
-0.637104478692 0.870516799710 -0.064480923351 0
-0.649363263280 0.653426990652 -0.090823761954 0
-0.572438675898 0.656835643905 -0.078516120227 0
-0.617859259259 0.730422222222 -0.047609629630 0
-0.860214579743 0.812962622012 -0.115922666980 0
-0.487321111158 0.852214317691 -0.000996778154 0
-0.878341718931 0.689489090350 -0.191705195319 0
-0.461653790905 0.728851039269 0.026777870503 0
-0.894983524747 0.601390940304 -0.263534765046 0
-0.433627192218 0.619574479332 0.041727516633 0
-0.658876243424 0.361794837648 -0.098962127136 0
-0.491677355000 0.517475225151 -0.316014120723 0
-0.658860693490 0.019529563868 -0.135918469128 0
-0.546455854160 0.198584516175 -0.242676512610 0
-0.652261010631 0.025160850693 -0.183815762085 0
-0.540942434465 0.193099856895 -0.290936522706 0
-0.648292641247 1.106725757231 -0.173428624138 0
-0.805759758472 1.002669248688 -0.161250924134 0
-0.483734790492 1.044488494363 -0.078861981640 0
-0.646775541146 1.006077853762 -0.114901452942 0
-0.635419862694 0.870713346394 -0.076216127521 0
-0.647573849502 0.653447244552 -0.101404274591 0
-0.570671465247 0.657141412731 -0.089040394817 0
-0.616348148148 0.730703703704 -0.058455185185 0
-0.860351136352 0.813539323876 -0.132471587010 0
-0.487201725051 0.852603904148 -0.010782477769 0
-0.879033040853 0.693309107164 -0.213174618125 0
-0.462341110624 0.729591421325 0.019194510404 0
-0.896363724216 0.609052017235 -0.288984221252 0
-0.434631239103 0.620559673476 0.036439472940 0
-0.657837963571 0.361742407941 -0.098407825880 0
-0.493065741191 0.525212578709 -0.331777190247 0
-0.658670907409 0.019239847586 -0.135985429368 0
-0.540316690933 0.201723021372 -0.281384358813 0
-0.652079640160 0.024118308052 -0.183966401610 0
-0.535279190410 0.199805100589 -0.329968852502 0
-0.645522352258 1.106395821452 -0.186251058421 0
-0.802998521610 1.003733979971 -0.173425537521 0
-0.480726392012 1.044200602758 -0.091328070556 0
-0.643980599631 1.006498588272 -0.127148860267 0
-0.633272353775 0.871237409531 -0.087937540702 0
-0.645468078947 0.653719097113 -0.112333608246 0
-0.568579270204 0.657700509249 -0.099974459681 0
-0.614485185185 0.731251851852 -0.069707777778 0
-0.859198315437 0.814506912731 -0.148660694683 0
-0.486286407599 0.853084780168 -0.021254088033 0
-0.878116796814 0.697167305773 -0.233459312000 0
-0.461733957220 0.730290027807 0.009848433937 0
-0.895878382914 0.615860067622 -0.312224606497 0
-0.434726345108 0.621216044361 0.028076223214 0
-0.656858944371 0.362750354812 -0.091999360441 0
-0.495071062767 0.526697866513 -0.344481859454 0
-0.658602350589 0.018979895408 -0.136203637592 0
-0.536719878557 0.198928935837 -0.314276053875 0
-0.652116923496 0.023180657475 -0.184263087352 0
-0.533668878973 0.196325395871 -0.362993821063 0
-0.642551474849 1.106504355236 -0.198816787409 0
-0.799031905948 1.005800905549 -0.186190744690 0
-0.476555519764 1.042270784419 -0.103029482998 0
-0.640159455565 1.006610903368 -0.139342459341 0
-0.631015978148 0.871355369712 -0.099792907101 0
-0.642961376515 0.653526159269 -0.123537342580 0
-0.566088444486 0.657892949375 -0.111209627009 0
-0.612300000000 0.731400000000 -0.081302592593 0
-0.856089533310 0.816482801545 -0.164243537584 0
-0.483766902766 0.851677373625 -0.031694483441 0
-0.874503144340 0.701796908155 -0.252704730112 0
-0.459480957251 0.728715214129 -0.001047443087 0
-0.891992606148 0.622778555061 -0.333887337948 0
-0.433014053615 0.619413603740 0.016561333178 0
-0.655656212227 0.364291132903 -0.086281697181 0
-0.497280803473 0.523270595658 -0.355118109695 0
-0.658377576362 0.019399886753 -0.136720252864 0
-0.531988546033 0.193372233243 -0.338862888413 0
-0.651980717511 0.023074976725 -0.184834614424 0
-0.529716509741 0.191828013367 -0.387668227206 0
-0.639045453202 1.106490097969 -0.211141857274 0
-0.794883312341 1.006305419943 -0.198160201263 0
-0.471906069258 1.038871245587 -0.115322802660 0
-0.635975210632 1.005204512038 -0.151438935869 0
-0.628229914618 0.869925680695 -0.111754326404 0
-0.640293545198 0.651675399229 -0.134883946160 0
-0.563431909978 0.656304034367 -0.122581349938 0
-0.609807407407 0.729937037037 -0.093243333333 0
-0.852117038163 0.816913780414 -0.177334622070 0
-0.480244512734 0.848321121831 -0.043995002040 0
-0.869380258286 0.704243005980 -0.268573734389 0
-0.456533623526 0.724806132268 -0.015175182709 0
-0.885678495620 0.626914979741 -0.351668437011 0
-0.430805111300 0.615057811551 0.000482992368 0
-0.653897839325 0.363200953196 -0.092416786935 0
-0.499620439052 0.514824276074 -0.363953659203 0
-0.657377061335 0.018827306600 -0.137133279325 0
-0.527452584301 0.181765807213 -0.354043464345 0
-0.650849089867 0.022173532923 -0.185254025742 0
-0.525431203239 0.179418452819 -0.402827804092 0
-0.634832221196 1.105076114384 -0.223348258836 0
-0.790706928080 1.005411074494 -0.209782633079 0
-0.467225443729 1.035519403245 -0.127989693414 0
-0.631668752292 1.003110207333 -0.163550197716 0
-0.624774633229 0.867817689865 -0.123816194586 0
-0.637952512784 0.649320136466 -0.146376198407 0
-0.561068258246 0.653569114466 -0.134077958864 0
-0.606992592593 0.727733333333 -0.105375185185 0
-0.847227069795 0.815747474723 -0.189490029842 0
-0.476176740763 0.844737981193 -0.057357847013 0
-0.862927705590 0.703989043036 -0.282122857608 0
-0.452816661208 0.720379153077 -0.032100581670 0
-0.877786532374 0.626909970763 -0.365928641670 0
-0.427992571712 0.609988793925 -0.019555769441 0
-0.651987022798 0.360428946410 -0.106994028814 0
-0.501588261329 0.503187584006 -0.371136058856 0
-0.655948535653 0.017859860907 -0.137266363055 0
-0.523834250707 0.165599317825 -0.359318874049 0
-0.649126663675 0.020674994605 -0.185380341926 0
-0.521215276396 0.160552564091 -0.407869663011 0
-0.629553296368 1.103445130534 -0.234808924223 0
-0.786011029590 1.004972619917 -0.220848515867 0
-0.461670407049 1.033821727993 -0.142059197494 0
-0.626572329025 1.002067106559 -0.176051951476 0
-0.620161070821 0.866800707369 -0.136137407371 0
-0.635348999721 0.648164407894 -0.158365557041 0
-0.558453951875 0.651866297156 -0.145958432536 0
-0.603837037037 0.726533333333 -0.117701851852 0
-0.840669872594 0.814934861052 -0.199016009592 0
-0.470661664288 0.842653191142 -0.072487060430 0
-0.854569297695 0.702864301597 -0.291559477665 0
-0.447432537595 0.717430057202 -0.051791280683 0
-0.868214518599 0.625405829367 -0.375251808172 0
-0.423842818223 0.606335751611 -0.043186442987 0
-0.650417900854 0.360466443239 -0.111367133696 0
-0.502446055922 0.491995680786 -0.377590725451 0
-0.655284580312 0.017477974721 -0.137644402342 0
-0.523080355188 0.150115533916 -0.358621820644 0
-0.648373481458 0.019595725189 -0.185781391481 0
-0.519797654395 0.140067967922 -0.406347894772 0
-0.622633596509 1.103007065602 -0.246421599005 0
-0.779074982357 1.007260964215 -0.232807240181 0
-0.454268851032 1.032963667011 -0.154850744111 0
-0.619558094711 1.002810236926 -0.188417748076 0
-0.614597090892 0.867453034077 -0.148605700247 0
-0.631791683703 0.648289017425 -0.170299239726 0
-0.554908730521 0.651955356665 -0.157806899175 0
-0.600192592593 0.726955555556 -0.130282962963 0
-0.833456861021 0.817679171565 -0.206731343038 0
-0.463077104378 0.840737582806 -0.088231815355 0
-0.844810766478 0.703709518472 -0.297281355750 0
-0.439745222923 0.714858579974 -0.072143283603 0
-0.856682444744 0.624782985773 -0.379760313096 0
-0.416901438210 0.603380529435 -0.068105444820 0
-0.648336109493 0.361186059726 -0.120257096478 0
-0.501905914950 0.484330578727 -0.384614423016 0
-0.654827116707 0.018113637743 -0.138351001563 0
-0.525119016311 0.146008231657 -0.359305359152 0
-0.647720991342 0.019851809513 -0.186474796291 0
-0.521614262773 0.139168241668 -0.407579980831 0
-0.614343987372 1.104216776810 -0.258068838849 0
-0.770406015831 1.011520190936 -0.246079363101 0
-0.445692698690 1.032386600250 -0.166312692175 0
-0.611207007654 1.004675054631 -0.200861077736 0
-0.608436777888 0.869123365128 -0.161483040997 0
-0.627680938807 0.649463517394 -0.182417190965 0
-0.550797696939 0.653102973178 -0.169918767576 0
-0.595955555556 0.728440740741 -0.143119259259 0
-0.823918855511 0.822666753453 -0.213685654090 0
-0.454487428152 0.838658784326 -0.104194091776 0
-0.833084601784 0.705353838411 -0.300120409005 0
-0.430687285081 0.712359699292 -0.092755769812 0
-0.841944189681 0.623680836726 -0.380158510559 0
-0.407442381095 0.600961611922 -0.093386682446 0
-0.646231340703 0.363297119651 -0.127912899046 0
-0.500165043723 0.479543649882 -0.392769644250 0
-0.654971019288 0.018957866217 -0.139349036051 0
-0.527148943433 0.145677750753 -0.359590532338 0
-0.647664989101 0.020576205381 -0.187447069057 0
-0.523820965518 0.140449581100 -0.408078661438 0
-0.605110034571 1.106467516134 -0.269780336029 0
-0.760973391150 1.018129251511 -0.259593402151 0
-0.436630981648 1.034543632409 -0.177316815840 0
-0.602210953207 1.009067988156 -0.213244127809 0
-0.601563316585 0.873273759054 -0.174566956580 0
-0.623077047091 0.653252818637 -0.195124639501 0
-0.546153232363 0.656860556392 -0.182869026023 0
-0.591137037037 0.732400000000 -0.156345925926 0
-0.813111602973 0.830213122778 -0.220252168395 0
-0.445979900645 0.839573157614 -0.119302626918 0
-0.819797601995 0.708337686985 -0.300370664167 0
-0.421547883448 0.712991312606 -0.113931039628 0
-0.825676678671 0.622270250150 -0.376009854072 0
-0.397216428225 0.602102114413 -0.120435727614 0
-0.644531356156 0.370150596514 -0.127309546075 0
-0.497458659427 0.476371942263 -0.400588378044 0
-0.656380609264 0.020643023470 -0.139794595295 0
-0.527789512099 0.144442463935 -0.359123581389 0
-0.649088205208 0.019903800085 -0.187916235642 0
-0.525310646440 0.133071134705 -0.406600480563 0
-0.594699363752 1.110926749849 -0.281896345980 0
-0.751224249772 1.027391488250 -0.273147335574 0
-0.427388562748 1.039570812183 -0.188182760395 0
-0.592976809056 1.016250126802 -0.225508160527 0
-0.594434467888 0.880332864855 -0.187428896532 0
-0.618318722878 0.659795729564 -0.208248309478 0
-0.541360249089 0.663119761445 -0.196130833261 0
-0.585900000000 0.739185185185 -0.170372592593 0
-0.801962090207 0.840532014185 -0.227454822579 0
-0.438105609651 0.843824395883 -0.133091746103 0
-0.806494116888 0.713682933578 -0.299607918705 0
-0.413301374160 0.717216124293 -0.135050410610 0
-0.809477662044 0.621858317153 -0.368807890187 0
-0.387712329694 0.607297982370 -0.148272510706 0
-0.642916918773 0.377956529194 -0.136362035834 0
-0.493834574623 0.473851638908 -0.406530228617 0
-0.659326861115 0.023332145054 -0.140780705566 0
-0.527568917471 0.142915658605 -0.358892816090 0
-0.652291182317 0.017330764199 -0.188570877458 0
-0.525593869536 0.128034247839 -0.405413248781 0
-0.582810011729 1.117985352816 -0.294168667920 0
-0.741563374705 1.038905644609 -0.285894409983 0
-0.418164710880 1.047612961007 -0.198863645108 0
-0.583749399016 1.026065527893 -0.237255393678 0
-0.587167610924 0.890082939828 -0.199654493306 0
-0.613634501543 0.668814252242 -0.220057625437 0
-0.536635709253 0.672141372797 -0.208199912310 0
-0.580925925926 0.748703703704 -0.183505555556 0
-0.790764848886 0.853066118859 -0.234693991519 0
-0.430531769610 0.851608534447 -0.145050495493 0
-0.793775826971 0.721541059554 -0.298013740280 0
-0.405890186830 0.725334025631 -0.154862820467 0
-0.794029380870 0.623623594329 -0.359158155911 0
-0.379227263402 0.616864100423 -0.175119260535 0
-0.641821550895 0.387777545999 -0.146369753719 0
-0.491162825928 0.472317023084 -0.409076649769 0
-0.664653151107 0.026622242394 -0.143840680165 0
-0.527275260358 0.141552605728 -0.358656266040 0
-0.658441342272 0.016315901086 -0.191006458411 0
-0.525803678594 0.124245118914 -0.404348641836 0
-0.570898270719 1.127889303784 -0.305180384260 0
-0.732233708391 1.052433316344 -0.297966134187 0
-0.409061714303 1.057038779746 -0.209787230241 0
-0.574761327321 1.037582931871 -0.248795119267 0
-0.580205750260 0.901593708807 -0.211425669349 0
-0.609205644717 0.680027401091 -0.230937473557 0
-0.532167247954 0.683272717975 -0.219316696980 0
-0.576211111111 0.760144444444 -0.195148518519 0
-0.778797449395 0.867249921436 -0.242131328579 0
-0.423011499486 0.861025699700 -0.156394249534 0
-0.780873499963 0.731763099185 -0.296503277302 0
-0.398961966152 0.735502998062 -0.174125922322 0
-0.778592232473 0.628364701160 -0.348653029375 0
-0.371779221049 0.628869332545 -0.201473034227 0
-0.640965099693 0.399377013257 -0.157230355357 0
-0.490267325455 0.472033094486 -0.408977540253 0
-0.671177114414 0.030851191412 -0.148116924280 0
-0.527064436091 0.140984681420 -0.358559753626 0
-0.665802345150 0.020456509984 -0.195366054760 0
-0.525837203370 0.122526281167 -0.403806733841 0
-0.560284530078 1.139598330815 -0.315842196481 0
-0.723608875598 1.066624913721 -0.309164643075 0
-0.400473358632 1.066752432686 -0.220732247593 0
-0.566383051998 1.049576960804 -0.259917499789 0
-0.573850035706 0.913605910917 -0.222720966274 0
-0.604890377590 0.691851740113 -0.241250074979 0
-0.527856551652 0.695251769203 -0.229643242105 0
-0.572000000000 0.772181481481 -0.205844074074 0
-0.767876125464 0.882389707314 -0.248531347331 0
-0.415995643056 0.870959894367 -0.166965389127 0
-0.769220827690 0.743899429653 -0.294747497829 0
-0.392663911578 0.746658829797 -0.192531314747 0
-0.765798381747 0.635613832457 -0.336969660802 0
-0.365828493843 0.642160793381 -0.227050403021 0
-0.637740757218 0.404261929216 -0.203580516029 0
-0.489824903223 0.472756557221 -0.406839438090 0
-0.673450335349 0.038343228467 -0.150282634577 0
-0.526858757799 0.140626053460 -0.358434281536 0
-0.667576076550 0.024723382429 -0.196644372629 0
-0.525791433340 0.121645478262 -0.403468784334 0
-0.550377180472 1.151675671993 -0.326534973674 0
-0.716049391727 1.081143611493 -0.318251557949 0
-0.392419835877 1.076249707124 -0.231782907924 0
-0.558788289917 1.061622480046 -0.270046322637 0
-0.568145639949 0.925635409134 -0.233202117979 0
-0.601648102004 0.703861433195 -0.250680246811 0
-0.524619388344 0.707074020394 -0.238986416762 0
-0.568544444444 0.784274074074 -0.215663333333 0
-0.758027266392 0.898057008210 -0.252709579186 0
-0.409506730206 0.880771996811 -0.177349120094 0
-0.759508042191 0.757423734786 -0.291919112551 0
-0.387249834579 0.758000245875 -0.210219603346 0
-0.755814360612 0.646083833824 -0.325815473898 0
-0.361138831428 0.655789158318 -0.251242619633 0
-0.634184732148 0.414005845174 -0.239228249758 0
-0.489748381349 0.474234993278 -0.403056578069 0
-0.675221782107 0.052741201899 -0.153490510580 0
-0.526441039473 0.140158160182 -0.358235795463 0
-0.670416910119 0.033301105658 -0.197857319583 0
-0.525462093445 0.120777568459 -0.403101619736 0
-0.541489745669 1.163663944104 -0.336471755954 0
-0.709489022720 1.096483493009 -0.325625150647 0
-0.384781147184 1.086856901259 -0.243716717302 0
-0.551845847620 1.074632027328 -0.279722904306 0
-0.562809271919 0.938650277571 -0.243172276714 0
-0.599267891084 0.717045651666 -0.259945984745 0
-0.522235747655 0.719884043648 -0.248178167808 0
-0.565777777778 0.797377777778 -0.225112222222 0
-0.749794629882 0.914716149850 -0.255520313186 0
-0.403340225745 0.891726296427 -0.188524851005 0
-0.752402640971 0.772529730686 -0.288588701129 0
-0.381977149315 0.770770405442 -0.228047405343 0
-0.749467530917 0.659496460398 -0.316528756746 0
-0.356938389705 0.670544469938 -0.274448414290 0
-0.629234316970 0.427253461842 -0.278071725607 0
-0.490158128248 0.476716830840 -0.397140412878 0
-0.670367565600 0.079554510646 -0.162310341920 0
-0.525869726913 0.139842237863 -0.357963906572 0
-0.665862215133 0.058895512005 -0.206154674166 0
-0.524877614354 0.120267028683 -0.402744870796 0
-0.533593754075 1.176586242339 -0.345936028406 0
-0.703432934819 1.112260601434 -0.332371888344 0
-0.377473216929 1.098259270508 -0.256272662311 0
-0.545298142022 1.088277413900 -0.289313004824 0
-0.557775846874 0.952446209089 -0.252611883454 0
-0.597137094922 0.731152639975 -0.269243416735 0
-0.520098266945 0.733742221650 -0.257461984031 0
-0.563422222222 0.811300000000 -0.234201481481 0
-0.742515521132 0.931844043423 -0.258203065475 0
-0.397506180773 0.903529751602 -0.200186752578 0
-0.746521561285 0.788611543399 -0.286233412902 0
-0.377049141317 0.784477474039 -0.245538771760 0
-0.744872790846 0.674615579207 -0.310131918576 0
-0.353230252629 0.686249552583 -0.296730954986 0
-0.623593586751 0.444679146910 -0.318629996453 0
-0.490894508559 0.480333756703 -0.388916568955 0
-0.665758506914 0.116889879524 -0.173099837897 0
-0.525117306160 0.139813499205 -0.357591958767 0
-0.664213017634 0.094773622842 -0.216434587592 0
-0.523965902701 0.120298790451 -0.402395510756 0
-0.526635478331 1.190071011425 -0.355399360174 0
-0.698080217726 1.126513881614 -0.337947028852 0
-0.370898865192 1.107796518029 -0.268384898268 0
-0.539460073426 1.100210380756 -0.298151940060 0
-0.553283240698 0.964427642387 -0.261633233472 0
-0.595594201326 0.743659084316 -0.277954895495 0
-0.518537783866 0.745670436883 -0.266175587583 0
-0.561311111111 0.823462962963 -0.242681111111 0
-0.735451612466 0.946786699014 -0.261265114862 0
-0.392360684313 0.913392609041 -0.211701171019 0
-0.741351525570 0.802938415288 -0.285558325687 0
-0.372825711152 0.796178881698 -0.261981066065 0
-0.741376611061 0.688666122453 -0.307946941111 0
-0.350260879862 0.699863133355 -0.317286662460 0
-0.618720600185 0.463736213726 -0.357418085975 0
-0.491808619795 0.483824947707 -0.380506288161 0
-0.657967197240 0.157284292461 -0.183926897095 0
-0.524339644253 0.139778265236 -0.357398178167 0
-0.658203647165 0.136566126869 -0.227973685669 0
-0.522949150586 0.120496917145 -0.402295884141 0
-0.520771783622 1.201728306596 -0.364551485718 0
-0.693270903958 1.138851443794 -0.343364320353 0
-0.365022485245 1.115337367409 -0.280619352574 0
-0.534253059688 1.110210098383 -0.306910624188 0
-0.549410588223 0.974606021341 -0.270179511922 0
-0.594505691037 0.754510312815 -0.286308006584 0
-0.517436648639 0.755819517225 -0.274512338160 0
-0.559559259259 0.833855555556 -0.250652592593 0
-0.729934196352 0.960012405337 -0.264301063665 0
-0.387301387467 0.921160564645 -0.223474324544 0
-0.737678151913 0.815847610303 -0.286068948782 0
-0.368778435635 0.805709509921 -0.278033422030 0
-0.739547285560 0.701769798641 -0.308734263103 0
-0.347319759402 0.711313727149 -0.336970325714 0
-0.615241316472 0.484533417472 -0.395342644493 0
-0.492774111550 0.487129494737 -0.372218267293 0
-0.645388102143 0.198376248471 -0.199783204678 0
-0.523563716043 0.139798281836 -0.357153041013 0
-0.645548537595 0.180354704262 -0.245000635858 0
-0.521923689946 0.120747993462 -0.402140869210 0
-0.515536340347 1.211341785719 -0.373991447879 0
-0.689201146651 1.149254819189 -0.348416549831 0
-0.359863662838 1.121406659160 -0.293661012252 0
-0.529738557059 1.118521257581 -0.315812805586 0
-0.545961647194 0.983211761697 -0.278407782158 0
-0.593665794256 0.763977703205 -0.294595577747 0
-0.516611031443 0.764494424370 -0.282646283511 0
-0.558074074074 0.842711111111 -0.258229259259 0
-0.726273728639 0.971750086414 -0.266585683097 0
-0.382936331336 0.927502535225 -0.235908288215 0
-0.735780353745 0.827552098011 -0.287415037791 0
-0.365744974060 0.813480744583 -0.293806728556 0
-0.739513153976 0.713833828826 -0.310979458492 0
-0.345545683223 0.720465131578 -0.355385366300 0
-0.612953189151 0.507203679952 -0.432076994040 0
-0.494056968675 0.490265663496 -0.364125842117 0
-0.629408069867 0.238232867206 -0.222158923459 0
-0.522744481532 0.139831590936 -0.356938731164 0
-0.628550299420 0.219968206000 -0.267270831628 0
-0.520831118662 0.121042858136 -0.402025651893 0
-0.511075265598 1.219451338538 -0.383240371452 0
-0.685884732281 1.157474510508 -0.352903373224 0
-0.355549313685 1.126057588836 -0.306769270752 0
-0.525964897662 1.125008269833 -0.324487477340 0
-0.542843996320 0.989924443302 -0.286469415371 0
-0.592955574710 0.771713501560 -0.302576836684 0
-0.515924441364 0.771392463692 -0.290469378824 0
-0.556714814815 0.849729629630 -0.265316666667 0
-0.723813629527 0.981123324684 -0.268997144282 0
-0.379630130412 0.932465094412 -0.248386098408 0
-0.735274708129 0.837052638687 -0.289723429798 0
-0.364387690227 0.819501669246 -0.308848264198 0
-0.741163495447 0.723729465123 -0.314270488514 0
-0.345790232948 0.727118800558 -0.372038606791 0
-0.611597729933 0.530740180571 -0.466254480438 0
-0.495508376378 0.492936747765 -0.356761279283 0
-0.612079545843 0.273201090891 -0.247976331765 0
-0.521888126358 0.139745119783 -0.356513954038 0
-0.609415290388 0.254918943826 -0.293010571176 0
-0.519717157344 0.120980044742 -0.401599059237 0
-0.507617286007 1.225851454159 -0.392112278689 0
-0.682621628441 1.164840329407 -0.358088783434 0
-0.351884931414 1.128477888323 -0.319000712684 0
-0.522636582596 1.129983173331 -0.333076042610 0
-0.540567981437 0.995193957057 -0.294433933894 0
-0.592245675196 0.777601748767 -0.309671594038 0
-0.515232883928 0.776627491570 -0.297482668331 0
-0.555403703704 0.855259259259 -0.272252222222 0
-0.720990109541 0.988922996879 -0.273474665122 0
-0.376741562708 0.935086225696 -0.260278083729 0
-0.734991606823 0.845066372105 -0.294127204435 0
-0.363742698481 0.822507828399 -0.321969857012 0
-0.743430062530 0.732168529440 -0.319458554336 0
-0.346683553674 0.730696019692 -0.386315593477 0
-0.610290831177 0.555287984253 -0.497971899132 0
-0.496834568983 0.495200939257 -0.350488471494 0
-0.597543222038 0.303217170524 -0.279210210555 0
-0.520916964984 0.139481449555 -0.356282531149 0
-0.594196277613 0.287327475751 -0.325098481832 0
-0.518478666620 0.120537742657 -0.401279181342 0
-0.504536737642 1.230871262210 -0.400712062732 0
-0.680410594268 1.169625335941 -0.362982812423 0
-0.349120859989 1.130648340152 -0.331922018525 0
-0.520145511966 1.133497566645 -0.341869757042 0
-0.538273263130 0.998883136120 -0.302632893439 0
-0.591530337967 0.781996658725 -0.316882644938 0
-0.514540155878 0.780361377296 -0.304621861019 0
-0.554092592593 0.859251851852 -0.279222592593 0
-0.719225887480 0.994156592059 -0.277644133170 0
-0.374788704169 0.937339722189 -0.273274985858 0
-0.736237033506 0.850650172833 -0.298472631665 0
-0.364031850591 0.824563718929 -0.335037467106 0
-0.747538156481 0.738155454059 -0.324313070949 0
-0.348573823834 0.733065899603 -0.399995101364 0
-0.607467998759 0.578795803461 -0.525835859399 0
-0.497956844092 0.496898982941 -0.346131887099 0
-0.587228881420 0.324752878990 -0.315503935817 0
-0.519958201936 0.139095839387 -0.356108332213 0
-0.584210036194 0.310997756739 -0.362099011341 0
-0.517288572239 0.119485462154 -0.400805245313 0
-0.501914836388 1.234249197852 -0.409704459803 0
-0.678316833999 1.173222820119 -0.369765423156 0
-0.346972554738 1.131862586754 -0.342614606335 0
-0.518076541342 1.135930974421 -0.350575835338 0
-0.536578461788 1.001420335313 -0.311072641545 0
-0.590922516564 0.785076069608 -0.324157033861 0
-0.513976685288 0.782724104384 -0.311735423074 0
-0.552825925926 0.862025925926 -0.286532592593 0
-0.717312335525 0.998390733330 -0.283210876580 0
-0.372607591551 0.938325202760 -0.284712444639 0
-0.737475256405 0.855294481920 -0.304048756787 0
-0.363869897916 0.825027741612 -0.345835917276 0
-0.751936904876 0.743162368854 -0.329940200425 0
-0.350318310492 0.733220968332 -0.410676703340 0
-0.602746236370 0.600200753000 -0.549739301347 0
-0.498947988304 0.497944857967 -0.343734432205 0
-0.579659892843 0.339385422987 -0.355184805347 0
-0.518920912627 0.138703860553 -0.355917710494 0
-0.577191673948 0.330204132667 -0.402923989267 0
-0.516033975604 0.118218103416 -0.400206616641 0
-0.499848055850 1.236469433043 -0.418719366505 0
-0.676512529919 1.175569412616 -0.376920101934 0
-0.345126258702 1.132436877091 -0.353264430623 0
-0.516279470891 1.137406803355 -0.359459990943 0
-0.535021066531 1.002962760063 -0.319764890517 0
-0.590285639225 0.787102476985 -0.331778984691 0
-0.513405291569 0.784156037828 -0.319081750882 0
-0.551707407407 0.863807407407 -0.294145185185 0
-0.715389425736 1.001098825951 -0.289586267688 0
-0.371110072381 0.938483371996 -0.296931369880 0
-0.738746724731 0.858472353477 -0.310308809295 0
-0.364000074313 0.824110872386 -0.356236682967 0
-0.756506792863 0.746809953212 -0.336180873674 0
-0.352554038273 0.731224863238 -0.419930057275 0
-0.595646451170 0.617028873162 -0.568954601952 0
-0.499673978108 0.498511540766 -0.342907993491 0
-0.573263445699 0.345320398225 -0.396077016948 0
-0.517882075786 0.138334391795 -0.355802850775 0
-0.570714343301 0.341494556645 -0.444536101658 0
-0.514789327639 0.117048454491 -0.399698769042 0
-0.497660805873 1.237785720170 -0.427778765146 0
-0.675588024482 1.176136229685 -0.383899996394 0
-0.343898351891 1.132885493454 -0.365239823062 0
-0.515123340788 1.137905134766 -0.368888597543 0
-0.533487275958 1.003475656721 -0.328914514623 0
-0.589739705740 0.788076767750 -0.339930356103 0
-0.512916841983 0.784642290374 -0.327009788198 0
-0.550766666667 0.864574074074 -0.302280740741 0
-0.714152144320 1.002095817310 -0.295574797472 0
-0.370475481998 0.938632185692 -0.310232159750 0
-0.740639537319 0.859896570540 -0.315451669151 0
-0.364585704122 0.822999022551 -0.367179705779 0
-0.761528197290 0.748775230272 -0.341054049429 0
-0.355099658227 0.728691155624 -0.429137953000 0
-0.587684819479 0.628596914758 -0.584405296285 0
-0.500122887292 0.498457511171 -0.343850345920 0
-0.568108979256 0.344182148741 -0.438506328961 0
-0.517201882055 0.137993361518 -0.355603569024 0
-0.565230551370 0.344556935954 -0.487096369764 0
-0.513946400173 0.116256669001 -0.399266206309 0
-0.496893550753 1.238352486387 -0.437229166374 0
-0.675180836548 1.175694462689 -0.391895883789 0
-0.343174556650 1.133180464119 -0.377709369390 0
-0.514443833935 1.137832613449 -0.379012957482 0
-0.532214532266 1.003508117338 -0.338414380991 0
-0.589195432684 0.788395893611 -0.348438945067 0
-0.512409224932 0.784693098799 -0.335375380648 0
-0.549988888889 0.864833333333 -0.310910370370 0
-0.712932099139 1.001901960350 -0.302735323300 0
-0.369690009787 0.938766067592 -0.323243714042 0
-0.741861123735 0.859979055827 -0.321128216093 0
-0.364827086741 0.821690942324 -0.377266930560 0
-0.765612431951 0.749388665143 -0.346094978128 0
-0.356969668129 0.725654038540 -0.436837164867 0
-0.579373211209 0.633870891267 -0.595889121994 0
-0.500208768824 0.498188674364 -0.346116942840 0
-0.564906594747 0.337374934566 -0.480089944148 0
-0.517007410033 0.138030882490 -0.355510022207 0
-0.562138739653 0.343234048913 -0.528333364788 0
-0.513569453261 0.116673191166 -0.399345365631 0
-0.496650930419 1.238654688560 -0.446826161430 0
-0.675241653447 1.174875829987 -0.400663690753 0
-0.342977111444 1.133493652456 -0.389498715712 0
-0.514266040094 1.137561376983 -0.389246294825 0
-0.531402721812 1.003244741041 -0.348323957225 0
-0.588599821511 0.788197644239 -0.357046157904 0
-0.511825011016 0.784485997685 -0.343918276924 0
-0.549344444444 0.864777777778 -0.319861111111 0
-0.711742109420 1.001698223880 -0.309802088852 0
-0.368993799937 0.938973676763 -0.335169668040 0
-0.742622312473 0.859995488781 -0.326655744912 0
-0.364975072208 0.820122524017 -0.385239561372 0
-0.768879035275 0.749917209170 -0.350878373657 0
-0.358363206670 0.722032486457 -0.441573782843 0
-0.571377191513 0.632430811743 -0.603310482066 0
-0.500196440443 0.497799292473 -0.348870741923 0
-0.562670501565 0.325910830157 -0.518117276744 0
-0.517021795047 0.138056952146 -0.355509504212 0
-0.559902222038 0.336243153039 -0.565604091863 0
-0.513455785817 0.117188684782 -0.399569768101 0
-0.497031312843 1.238913230070 -0.456217850825 0
-0.676114297145 1.173909116750 -0.410863302967 0
-0.343638314247 1.134058590402 -0.400445841526 0
-0.514942759430 1.137350490134 -0.399769355174 0
-0.531380935623 1.003051167474 -0.358506955248 0
-0.588382448421 0.787858245972 -0.366069503781 0
-0.511621354935 0.784042512663 -0.352891347160 0
-0.548922222222 0.864637037037 -0.329516296296 0
-0.711410454759 1.001571548253 -0.317951834431 0
-0.368964869758 0.939570152477 -0.345679542184 0
-0.743054419791 0.859868913017 -0.333324551884 0
-0.365591881608 0.818718448063 -0.390759797189 0
-0.771059804124 0.750172219648 -0.356748670882 0
-0.359600597593 0.718382332873 -0.443039396679 0
-0.564285083173 0.625602402685 -0.607520121407 0
-0.500086434450 0.497309954394 -0.352256409504 0
-0.560323337217 0.311988957747 -0.549703689781 0
-0.517183828921 0.138052343508 -0.355504209939 0
-0.557019007035 0.323285582331 -0.596935940975 0
-0.513630239178 0.117548123928 -0.399736063144 0
-0.498454839197 1.239271045090 -0.465953928528 0
-0.677514774612 1.173234376596 -0.422008098994 0
-0.344831192279 1.135407825898 -0.410709724532 0
-0.516153611926 1.137661739072 -0.410473972961 0
-0.531844453135 1.003279949999 -0.369195632991 0
-0.587896350432 0.787516215092 -0.375536677210 0
-0.511145668431 0.783996374896 -0.362216292713 0
-0.548607407407 0.864822222222 -0.339922222222 0
-0.711072143403 1.001539670275 -0.327279919107 0
-0.369274984576 0.941063604923 -0.355037835430 0
-0.742453890323 0.859579206134 -0.340685529077 0
-0.366138001526 0.818085709096 -0.393965169980 0
-0.771114560354 0.749978277002 -0.363045103503 0
-0.360107199616 0.715561200086 -0.441570423471 0
-0.558660783706 0.614455490127 -0.608777560328 0
-0.500152534282 0.497328356383 -0.355172453407 0
-0.558052170288 0.298351945627 -0.568257954323 0
-0.517002168309 0.137622478818 -0.355062738261 0
-0.554667074134 0.309546212456 -0.615508852642 0
-0.513572415292 0.116446886854 -0.398986979379 0
-0.501082055970 1.240028082103 -0.476429230586 0
-0.680330896255 1.171079461684 -0.433799240538 0
-0.347240024024 1.137287816202 -0.421738449139 0
-0.518577273726 1.137468858973 -0.421884274682 0
-0.532701772357 1.002942666808 -0.380496897771 0
-0.587791700108 0.786932332700 -0.385537958717 0
-0.511005746390 0.783327605919 -0.372445504313 0
-0.548185185185 0.864437037037 -0.350715925926 0
-0.711769993684 0.999317960192 -0.338467362337 0
-0.370398503157 0.943197804442 -0.364648286909 0
-0.741215432012 0.856718773307 -0.349225422523 0
-0.367194619950 0.818192782885 -0.396463701695 0
-0.769285393608 0.746800724191 -0.369941559973 0
-0.360551879301 0.713353692106 -0.438409090515 0
-0.555009378842 0.603065528532 -0.609868875406 0
-0.499999730698 0.496884367904 -0.359097975614 0
-0.556843804811 0.288115953148 -0.573282089282 0
-0.516543942713 0.136470922182 -0.354627943196 0
-0.553963122558 0.296909537194 -0.621071130151 0
-0.513389197226 0.113686037632 -0.397760349523 0
-0.505340262498 1.240392758716 -0.486919023130 0
-0.685409129997 1.170075650653 -0.445106168300 0
-0.351610115991 1.143722089650 -0.434125493077 0
-0.522908524237 1.140093556732 -0.433682482431 0
-0.534008103417 1.005376965143 -0.392004768253 0
-0.588334274563 0.789464464048 -0.396014860769 0
-0.511539421431 0.785133607544 -0.383197555276 0
-0.547777777778 0.866766666667 -0.361842222222 0
-0.714518997862 0.997120241088 -0.351203883245 0
-0.373337749397 0.950298761841 -0.374276845221 0
-0.741092853469 0.853755351282 -0.358795745110 0
-0.369263228897 0.823575713650 -0.398222789340 0
-0.766508896914 0.742792584874 -0.377246246815 0
-0.361269467212 0.716466628100 -0.433571885826 0
-0.552782323264 0.598249354628 -0.613681769446 0
-0.501630297016 0.499231056202 -0.360602027011 0
-0.556158709461 0.285204532307 -0.574590140269 0
-0.515048331276 0.136825918770 -0.353771415013 0
-0.554017744409 0.295998253285 -0.622006695752 0
-0.511906127060 0.112976805217 -0.396325547527 0
-0.511992662662 1.243446808750 -0.498056124288 0
-0.692224907958 1.170729204162 -0.457282668166 0
-0.357847040733 1.154007108184 -0.445089203800 0
-0.528970571761 1.145450264346 -0.445246458553 0
-0.536243659155 1.010493771153 -0.403511172847 0
-0.589695933580 0.795002102803 -0.406839492234 0
-0.512967338720 0.789124043821 -0.394243450824 0
-0.547388888889 0.871651851852 -0.373325925926 0
-0.718486743885 0.995875786799 -0.366094973528 0
-0.377861716753 0.961678889098 -0.381247185257 0
-0.741159303118 0.851727392636 -0.371044045723 0
-0.372115084183 0.833671557391 -0.396407664914 0
-0.762183795792 0.739186583641 -0.386697397478 0
-0.362356407744 0.724495030080 -0.424183328455 0
-0.551378916643 0.596632089225 -0.617522159701 0
-0.503955351769 0.504135379589 -0.361851123660 0
-0.555448040887 0.285157939549 -0.574615463162 0
-0.511918059731 0.137672072888 -0.352429056600 0
-0.553719898950 0.294973613495 -0.622260861137 0
-0.508447138536 0.111470046181 -0.393549785692 0
-0.520498987261 1.249158708670 -0.509661564016 0
-0.699944194361 1.173338701025 -0.470270074501 0
-0.365350857636 1.167647869405 -0.454402478216 0
-0.536084171545 1.153428146557 -0.456510126446 0
-0.539163625125 1.018115606740 -0.415400760747 0
-0.590995993994 0.803093251119 -0.418811262836 0
-0.514387801683 0.795690022188 -0.406286639967 0
-0.547088888889 0.878974074074 -0.385607407407 0
-0.722930446655 0.996067518838 -0.382947927168 0
-0.383655156013 0.976402681561 -0.386898661790 0
-0.742066766496 0.851346190693 -0.385562547689 0
-0.375773747607 0.847759490999 -0.393026779236 0
-0.758121190782 0.737395364552 -0.398433881542 0
-0.364334267169 0.737082570774 -0.413147950691 0
-0.550516161838 0.596087276949 -0.620593205268 0
-0.506654978599 0.512403257493 -0.361144310565 0
-0.554701361564 0.286135804469 -0.574436579742 0
-0.503775125531 0.137945101958 -0.350472140871 0
-0.552803913654 0.295012763630 -0.622259348014 0
-0.499105645089 0.106140498341 -0.387298367935 0
-0.530158749630 1.257726860357 -0.520890631340 0
-0.707729830287 1.177497392451 -0.482900001572 0
-0.373333336648 1.182949831273 -0.463249986048 0
-0.543455056846 1.163006561871 -0.467418139043 0
-0.542320338476 1.027364536789 -0.427282127393 0
-0.591096887602 0.812331254277 -0.431140621236 0
-0.514499983575 0.804511944578 -0.418801180602 0
-0.546703703704 0.887962962963 -0.398014814815 0
-0.726954259628 0.997369432128 -0.400662926782 0
-0.389638047529 0.992733225690 -0.392409786951 0
-0.742338221040 0.852191734495 -0.402679765578 0
-0.379432245702 0.864139992978 -0.389517900047 0
-0.753317425749 0.737145307953 -0.413310651379 0
-0.366370780489 0.752331735420 -0.401320685151 0
-0.550404410847 0.594868188084 -0.621561154852 0
-0.506880909284 0.522872809763 -0.364300125970 0
-0.554192149149 0.286471597677 -0.574039389053 0
-0.494842697583 0.140893625069 -0.348612738672 0
-0.551373253244 0.293275419573 -0.622155703451 0
-0.488641740894 0.105080587930 -0.381300387190 0
-0.541103097424 1.268170738944 -0.530573018473 0
-0.715153562296 1.184192362920 -0.495518375985 0
-0.381358152694 1.198674569318 -0.470865640167 0
-0.550785612125 1.174098065319 -0.477709514714 0
-0.546060245090 1.038231918716 -0.438593263014 0
-0.591146772490 0.823173890059 -0.443274738285 0
-0.514552803449 0.815035967376 -0.431124543770 0
-0.546374074074 0.898592592593 -0.410174074074 0
-0.730311256785 1.001221776703 -0.418898495271 0
-0.395244727853 1.010064277107 -0.395368255134 0
-0.741310721698 0.855673161758 -0.422349619250 0
-0.382719600061 0.881988850794 -0.385958300373 0
-0.747536368398 0.739931650569 -0.431806074812 0
-0.368124274101 0.769561158028 -0.390495719691 0
-0.551897421574 0.594516557081 -0.620422571952 0
-0.501446220258 0.532988676891 -0.379874559231 0
-0.554246895231 0.285795395677 -0.573630992592 0
-0.487112295790 0.146307384251 -0.347698351806 0
-0.551112771455 0.291313654151 -0.621892198227 0
-0.480382372047 0.110929628739 -0.380753312098 0
-0.551034506748 1.280373291902 -0.539304227496 0
-0.721524870732 1.191441898008 -0.507003168157 0
-0.388641290645 1.213659896599 -0.476478591106 0
-0.557284385124 1.185098704537 -0.486492190342 0
-0.549517684580 1.048972672834 -0.448786868407 0
-0.591076615334 0.833891970105 -0.454837025588 0
-0.514453553282 0.825633276311 -0.442954709130 0
-0.546129629630 0.909137037037 -0.421577777778 0
-0.732558990705 1.005532365497 -0.437042528068 0
-0.400006718149 1.026995913940 -0.395893734712 0
-0.738986947428 0.859824818718 -0.443772311227 0
-0.385462689088 0.899511370289 -0.382295821321 0
-0.741139619449 0.744020472075 -0.454931369327 0
-0.369569480331 0.786950443684 -0.381741369291 0
-0.554247952447 0.594984545086 -0.618461395123 0
-0.495678667966 0.542602210803 -0.399481301770 0
-0.554376304318 0.285200295464 -0.573562206075 0
-0.480036968635 0.152938287974 -0.348549868468 0
-0.551084382396 0.290267658519 -0.621862340231 0
-0.472476394145 0.117709131122 -0.381583973260 0
-0.560036848955 1.292306432928 -0.547059343336 0
-0.727078460561 1.199165122169 -0.516716856267 0
-0.395271600519 1.229090243471 -0.481424337213 0
-0.563002555241 1.196529650447 -0.494177446131 0
-0.552261375567 1.059995064356 -0.458696648250 0
-0.590168209200 0.844356118183 -0.465897986099 0
-0.513430441563 0.836920088602 -0.454214254333 0
-0.545966666667 0.920040740741 -0.432637037037 0
-0.734465516694 1.010701208648 -0.453428769354 0
-0.404505838950 1.044895644527 -0.395090027668 0
-0.736308934017 0.865190570125 -0.465284303364 0
-0.388089392309 0.917908609370 -0.379167274084 0
-0.734791902460 0.749819916901 -0.480411490530 0
-0.370641216152 0.805552114907 -0.376065729830 0
-0.556266954603 0.596256843138 -0.615909642658 0
-0.488134238448 0.552258345536 -0.428198650336 0
-0.554466003998 0.285151663940 -0.573545821805 0
-0.476342964072 0.166041418732 -0.352453306320 0
-0.551023363583 0.290276770938 -0.621829352983 0
-0.469721020602 0.134024573700 -0.388793082839 0
-0.568327107665 1.305000620995 -0.553061848644 0
-0.732110278580 1.205766061411 -0.526398292872 0
-0.401700956339 1.243074186639 -0.485475796308 0
-0.568372955546 1.206694383396 -0.501396279132 0
-0.554836504202 1.069860093173 -0.468040176177 0
-0.588931470659 0.853578822822 -0.476339103374 0
-0.512076854065 0.847260513578 -0.464766031948 0
-0.545807407407 0.929862962963 -0.443033333333 0
-0.736381726929 1.014772491598 -0.470884256245 0
-0.409253525100 1.061520302739 -0.393564532634 0
-0.733693137550 0.870009563259 -0.489692867658 0
-0.391215414994 0.934831710427 -0.377030686685 0
-0.728557981820 0.755745726576 -0.510847120883 0
-0.372052850794 0.822756867106 -0.373117869548 0
-0.558205595472 0.597656799033 -0.613327718882 0
-0.479551485670 0.562147912183 -0.463379509276 0
-0.554533296320 0.284982778289 -0.573694222264 0
-0.474539588841 0.185181221555 -0.358853887745 0
-0.551011478303 0.290128761648 -0.621969822011 0
-0.468279171818 0.153708556988 -0.395729169741 0
-0.576034881046 1.317213000466 -0.556570418849 0
-0.736704828382 1.211301482199 -0.535644352338 0
-0.407992689404 1.255700881745 -0.488592358059 0
-0.573472189695 1.215679778082 -0.507862890539 0
-0.557245764891 1.078730000366 -0.476206238673 0
-0.587593582478 0.862081404478 -0.486317508755 0
-0.510657101864 0.856722011517 -0.474804734827 0
-0.545492592593 0.938711111111 -0.452500000000 0
-0.739564744310 1.018051647144 -0.488475301302 0
-0.414020368744 1.076460767828 -0.392139348312 0
-0.732257275825 0.874867456396 -0.516083021626 0
-0.394638867589 0.949854075700 -0.376523848916 0
-0.723489941624 0.762679707542 -0.545125689374 0
-0.373627522282 0.838079924851 -0.373054201769 0
-0.560303024743 0.599366526058 -0.610583998850 0
-0.470585094189 0.573865506318 -0.501923901034 0
-0.554597832991 0.284892685808 -0.574072120009 0
-0.477222400515 0.212853869568 -0.366392584775 0
-0.550992355776 0.289675787395 -0.622378851953 0
-0.470471285149 0.182868283070 -0.404403042576 0
-0.582852774814 1.328149220347 -0.559880330578 0
-0.740281016402 1.216822274396 -0.545035100785 0
-0.413660816725 1.267311463074 -0.490199399396 0
-0.577824369075 1.224180366468 -0.513577674830 0
-0.559431983963 1.087218507200 -0.483237176794 0
-0.586012803339 0.870298361835 -0.496407951957 0
-0.509005852000 0.865967676938 -0.484933470725 0
-0.545100000000 0.947111111111 -0.461562962963 0
-0.742371651156 1.021584604259 -0.506871261235 0
-0.418215444278 1.088836462451 -0.392258274404 0
-0.730688028154 0.881085312095 -0.544828337682 0
-0.397676028763 0.962280625988 -0.377749877955 0
-0.718312874290 0.772091281280 -0.582843198357 0
-0.374691374811 0.850952007893 -0.375563154209 0
-0.562284157482 0.601326120228 -0.607299462253 0
-0.460571193614 0.588876487168 -0.541709996924 0
-0.554561211447 0.284840569163 -0.574446521004 0
-0.479591997375 0.247043012712 -0.371869509408 0
-0.550867712267 0.288978401365 -0.622806155889 0
-0.471593614656 0.213458430028 -0.406476005018 0
-0.588254691214 1.338407799047 -0.563237444453 0
-0.743033061205 1.222595610046 -0.553789697690 0
-0.418658497402 1.278437828266 -0.491342470539 0
-0.581453123188 1.232572630984 -0.518743212693 0
-0.561150799808 1.095606484559 -0.489721331134 0
-0.584302545685 0.878527899059 -0.506067970375 0
-0.507222926519 0.875246381262 -0.494734257125 0
-0.544570370370 0.955444444444 -0.470103703704 0
-0.744558579210 1.025895152624 -0.524037385380 0
-0.422320098291 1.100187353041 -0.392956012093 0
-0.728531112023 0.889462191600 -0.573499140700 0
-0.400623657040 0.973733408333 -0.379266410029 0
-0.712588012493 0.785028552454 -0.621283132365 0
-0.375816885776 0.862932514483 -0.378579240579 0
-0.564163023475 0.603890633708 -0.602891596472 0
-0.449646271064 0.607747172852 -0.581210379579 0
-0.554635521231 0.284985328160 -0.574743917971 0
-0.482194368275 0.285626927416 -0.382668855784 0
-0.550950920234 0.288795796182 -0.623131126267 0
-0.474425487999 0.245258919628 -0.409118360601 0
-0.591891199140 1.348216330863 -0.566251604653 0
-0.745199224349 1.227833755620 -0.561920762407 0
-0.423095067329 1.288343261664 -0.492463013624 0
-0.584526471927 1.240094020485 -0.523582453083 0
-0.562467825996 1.103149151611 -0.495797361487 0
-0.582834212194 0.886116947805 -0.514672922201 0
-0.505694922586 0.883579825778 -0.503556172842 0
-0.543903703704 0.963018518519 -0.477811111111 0
-0.746406223842 1.030059556096 -0.540414800492 0
-0.427159054884 1.109407187372 -0.395345045325 0
-0.725624355031 0.899536944113 -0.602457201216 0
-0.404300639307 0.983123294367 -0.381980461345 0
-0.706169179490 0.801878621471 -0.661297528242 0
-0.377594833399 0.872945583838 -0.382379982650 0
-0.565878701104 0.606742393066 -0.597548800796 0
-0.438478741716 0.629494019766 -0.618757760159 0
-0.554809031634 0.284948727193 -0.575081103339 0
-0.487677197388 0.323852001599 -0.404641118680 0
-0.551146949943 0.288382319314 -0.623498223045 0
-0.481701072784 0.283075747885 -0.430929726981 0
-0.594835421285 1.356862339944 -0.569109794963 0
-0.746474618882 1.232374160358 -0.569863452212 0
-0.426603196464 1.296319990598 -0.493508550128 0
-0.586754946333 1.246314779739 -0.528256256208 0
-0.563418381448 1.109395195980 -0.501436351986 0
-0.581288558696 0.892367441771 -0.522302934510 0
-0.504108498670 0.890594703405 -0.511321821685 0
-0.543174074074 0.969337037037 -0.484737037037 0
-0.747286221660 1.033878779140 -0.556539707271 0
-0.431992411059 1.115943005748 -0.399160078244 0
-0.721704277625 0.910943992632 -0.631037359605 0
-0.408221281998 0.989855223998 -0.385538565238 0
-0.699070980430 0.821553225551 -0.700358779201 0
-0.379862566716 0.880238314232 -0.386172459649 0
-0.567148119313 0.609369131975 -0.592431723689 0
-0.427243547741 0.653709904565 -0.653892467001 0
-0.555037191763 0.284916859685 -0.575400043172 0
-0.495602527067 0.361071889588 -0.434444198896 0
-0.551416609905 0.287968205917 -0.623845874272 0
-0.492821025707 0.321975455938 -0.463654470799 0
-0.597747005374 1.363936303999 -0.571677105483 0
-0.746810963286 1.236811695797 -0.577346525075 0
-0.428802870600 1.302312893927 -0.494779502680 0
-0.587944889245 1.251493275886 -0.532828044057 0
-0.563954140248 1.114495577150 -0.506986691025 0
-0.579400833472 0.897344444996 -0.529251260684 0
-0.502182733483 0.896600771566 -0.518420697927 0
-0.542337037037 0.974540740741 -0.491103703704 0
-0.747389407276 1.037936556742 -0.572155984469 0
-0.434472981743 1.120510007982 -0.403225720964 0
-0.717122668374 0.924003771516 -0.658298556780 0
-0.409932928964 0.994613790324 -0.389201845291 0
-0.691753717899 0.844385472935 -0.737242816229 0
-0.380788621471 0.885256029287 -0.389757996133 0
-0.567751597477 0.611627717461 -0.587871132334 0
-0.416521091450 0.679658656615 -0.685594916493 0
-0.555235862115 0.284870682176 -0.575590570501 0
-0.502287525437 0.394601797739 -0.468694348058 0
-0.551631191701 0.287384633023 -0.624068444631 0
-0.502483339088 0.357735846799 -0.500793743331 0
-0.600197093501 1.369754517731 -0.574161206259 0
-0.746850580075 1.240384532387 -0.583623250129 0
-0.430048880385 1.307224401939 -0.497565234411 0
-0.588504798098 1.255710816319 -0.537497424628 0
-0.563917825994 1.118685262197 -0.512328061805 0
-0.577486665360 0.901443726489 -0.535462205971 0
-0.500235041133 0.901655694364 -0.524849443385 0
-0.541355555556 0.978833333333 -0.496814814815 0
-0.747655424808 1.041467270638 -0.586765295065 0
-0.435549994719 1.124400288220 -0.408057605527 0
-0.712918605782 0.937924276927 -0.683664725687 0
-0.410621761868 0.998582413391 -0.394015295159 0
-0.684984042489 0.869287056874 -0.770949483085 0
-0.381598147148 0.889091256272 -0.394195487024 0
-0.567832873345 0.613715232184 -0.583682122084 0
-0.407150575268 0.706524195840 -0.713550259511 0
-0.555415718680 0.284974499860 -0.575620434833 0
-0.504831148964 0.423525506182 -0.507752135143 0
-0.551806508611 0.287105965335 -0.624116293784 0
-0.506623515223 0.389622985102 -0.542921928236 0
-0.602176541278 1.374483974599 -0.576800197247 0
-0.746811904948 1.241815713366 -0.588861799148 0
-0.430848693980 1.311065107297 -0.501634292524 0
-0.588733929038 1.258333391554 -0.542231409201 0
-0.563249232701 1.121391952606 -0.517431255253 0
-0.575530366552 0.904026160726 -0.540974218372 0
-0.498237409033 0.905169145555 -0.530728174774 0
-0.540218518519 0.981611111111 -0.501962962963 0
-0.748462335716 1.043213758478 -0.600400292811 0
-0.436629594136 1.127427936092 -0.413824811317 0
-0.709283699256 0.950670027042 -0.706315305980 0
-0.411466955041 1.001631370917 -0.400011532060 0
-0.679052217631 0.893623322605 -0.800190850549 0
-0.383021818473 0.891829970006 -0.399780533155 0
-0.567626252911 0.614975494039 -0.580890123977 0
-0.400959000631 0.731681640688 -0.737580814163 0
-0.555584777298 0.284856106097 -0.575595203653 0
-0.503279934359 0.445712611676 -0.548510441269 0
-0.551953385682 0.286283024916 -0.624115248742 0
-0.505826649595 0.415594679464 -0.586928305074 0
-0.603786527511 1.377440590968 -0.579877937527 0
-0.746618560980 1.243771998194 -0.593798815839 0
-0.431069759999 1.314740335582 -0.506452857463 0
-0.588628720471 1.261138805193 -0.547178243795 0
-0.562417728795 1.124263591948 -0.522699393247 0
-0.573524964262 0.906791409090 -0.546314159859 0
-0.496184840734 0.908819617194 -0.536573483785 0
-0.538900000000 0.984577777778 -0.507088888889 0
-0.749222580045 1.045818205095 -0.613448551862 0
-0.437015834996 1.130322940759 -0.420305291490 0
-0.706332307343 0.964368892954 -0.726778741382 0
-0.411700197707 1.004526002702 -0.406777919821 0
-0.674129321504 0.918100783929 -0.825358204296 0
-0.384110802330 0.894359982565 -0.406267504267 0
-0.567270064484 0.616632450139 -0.577534301019 0
-0.398208352446 0.755079838761 -0.758189606344 0
-0.555760486965 0.285145165068 -0.575547274260 0
-0.498281500097 0.461603087098 -0.590902931838 0
-0.552134854072 0.285934955931 -0.624082301759 0
-0.500242587409 0.436760419540 -0.632956515083 0
-0.604738245284 1.380475725430 -0.583542856226 0
-0.746146309433 1.245664720770 -0.598712753093 0
-0.430562770530 1.316914754548 -0.511722352378 0
-0.588104950496 1.263165172788 -0.552317317201 0
-0.561598495716 1.126297923847 -0.528065552543 0
-0.571374743998 0.908783221330 -0.551771804617 0
-0.494001759258 0.911627404882 -0.542507844447 0
-0.537374074074 0.986740740741 -0.512340740741 0
-0.749661089594 1.048532996011 -0.625270739786 0
-0.436357566646 1.131760639628 -0.427159307786 0
-0.703746398751 0.978261462610 -0.744732242187 0
-0.410902518448 1.005941146287 -0.414111836135 0
-0.670078506319 0.942124145714 -0.846740329243 0
-0.384252621275 0.895418743692 -0.413555515310 0
-0.566627318655 0.617813539549 -0.574578572947 0
-0.398786174963 0.773929429310 -0.775579244535 0
-0.555863215743 0.285211803051 -0.575594154631 0
-0.491322725352 0.469807569574 -0.632458894876 0
-0.552238385330 0.285224574234 -0.624135665929 0
-0.493513820518 0.448566606160 -0.676430799927 0
-0.604664179089 1.382647484204 -0.587983135858 0
-0.744810868883 1.248799281370 -0.604453314314 0
-0.429111886052 1.317741584421 -0.516033982453 0
-0.586830349491 1.265131156647 -0.557428865676 0
-0.560896321834 1.128075311607 -0.533615343175 0
-0.569319115856 0.910426638315 -0.557249554536 0
-0.491915985152 0.914004051371 -0.548506181119 0
-0.535803703704 0.988655555556 -0.517940740741 0
-0.749147584385 1.052569865352 -0.636915699184 0
-0.434474966503 1.132044327025 -0.432641534303 0
-0.700461533530 0.991635258478 -0.760341547104 0
-0.408966513171 1.006155358341 -0.420392972260 0
-0.665716583431 0.963212239085 -0.864370321434 0
-0.383002658733 0.895407246589 -0.420333978946 0
-0.565881755675 0.618921793699 -0.572053356942 0
-0.401758452735 0.788978292524 -0.790558234368 0
-0.555890184855 0.285387370589 -0.575668872469 0
-0.482083562894 0.474990852463 -0.673035074436 0
-0.552277806735 0.284724362703 -0.624206785719 0
-0.484983626759 0.457131928295 -0.718446045751 0
-0.603646188092 1.384673067592 -0.592811489847 0
-0.742968083393 1.251641158742 -0.609921759757 0
-0.426872098517 1.317779130799 -0.520781622027 0
-0.584936388873 1.266560594209 -0.562600861630 0
-0.559805111996 1.129286870748 -0.539208798639 0
-0.567262031700 0.911395609858 -0.562776547495 0
-0.489819060625 0.915671395794 -0.554727138107 0
-0.534100000000 0.989940740741 -0.523800000000 0
-0.748030182206 1.056433713391 -0.647961550481 0
-0.431555932790 1.131811306227 -0.437953098168 0
-0.697802119612 1.002345198604 -0.773933261964 0
-0.406314635269 1.005757514573 -0.426905048152 0
-0.662050756074 0.980875855360 -0.878854402649 0
-0.380794629374 0.894921507594 -0.428039979521 0
-0.565093173907 0.619572615201 -0.569154500938 0
-0.406669871923 0.797872402293 -0.802837248858 0
-0.555941057408 0.284997813570 -0.575785485067 0
-0.475013136080 0.473890067319 -0.708283036953 0
-0.552343475711 0.283719332547 -0.624312186686 0
-0.480933821853 0.453795298623 -0.752449241337 0
-0.601712478071 1.386170791833 -0.597823075556 0
-0.740870169481 1.254963744914 -0.614459361011 0
-0.423865358139 1.318511276568 -0.526672528491 0
-0.582507169989 1.268581869934 -0.567859141163 0
-0.558146152381 1.131095122126 -0.544926880340 0
-0.565269631296 0.912891595237 -0.568534803012 0
-0.487779950615 0.917813283804 -0.561350411922 0
-0.532329629630 0.991718518519 -0.529940740741 0
-0.747040059337 1.060712958978 -0.656970087492 0
-0.428112750043 1.132428374022 -0.444079263109 0
-0.695720097935 1.011655442701 -0.784551118433 0
-0.403345986891 1.006172379884 -0.434344157181 0
-0.659365394478 0.995149102693 -0.889861473813 0
-0.378176372293 0.895319191753 -0.436907381995 0
-0.564370063569 0.621044916049 -0.562989618654 0
-0.412806430646 0.800999285818 -0.812512667618 0
-0.556175145564 0.284546563131 -0.575987298871 0
-0.469055192280 0.470574716935 -0.739878016585 0
-0.552671147320 0.282604075316 -0.624498809002 0
-0.476441287877 0.454737229409 -0.785530261209 0
-0.598959862884 1.388286473235 -0.602967811765 0
-0.738484305974 1.257452565892 -0.617962767660 0
-0.420037767936 1.318585512337 -0.533752124464 0
-0.579505653960 1.269863678971 -0.573156229040 0
-0.555874676063 1.132186069330 -0.550637940023 0
-0.563481314980 0.913636746298 -0.574239927566 0
-0.485926053218 0.918916058579 -0.568091810727 0
-0.530385185185 0.992685185185 -0.536237037037 0
-0.745551812209 1.063539227480 -0.661852000788 0
-0.424076196117 1.132194028444 -0.451847055791 0
-0.694544294178 1.016749909012 -0.790406621783 0
-0.399646363469 1.005766059406 -0.443607345726 0
-0.658237638273 1.000729545766 -0.896299098501 0
-0.374623172656 0.894964796556 -0.447718645771 0
-0.563689407731 0.622265263769 -0.556671253414 0
-0.419218757210 0.798331819900 -0.819803144500 0
-0.556413826963 0.283943863328 -0.576141341197 0
-0.463906579071 0.464701747614 -0.764567679400 0
-0.552981613952 0.281033298266 -0.624609541109 0
-0.472269599919 0.453733704286 -0.811464052036 0
-0.595172151150 1.389703267385 -0.608235010877 0
-0.735684494389 1.258322771923 -0.620563131732 0
-0.415349510864 1.316874880545 -0.541861060201 0
-0.575867518084 1.269449146655 -0.578484499421 0
-0.553045142179 1.131578550342 -0.556361384054 0
-0.561685355188 0.912591656506 -0.579945272511 0
-0.484073389047 0.918036794386 -0.574727773974 0
-0.528292592593 0.991870370370 -0.542688888889 0
-0.743925123000 1.064401639883 -0.664212688795 0
-0.419088375289 1.130059672952 -0.460912721435 0
-0.693917210518 1.017157914779 -0.792993653712 0
-0.394790216251 1.003504318019 -0.454425618435 0
-0.658143852503 1.000723233157 -0.899041535508 0
-0.369908496363 0.892771322774 -0.460248332867 0
-0.562855132049 0.621619852791 -0.556705575650 0
-0.425675247131 0.789286851492 -0.824451875201 0
-0.556149777283 0.283198664223 -0.576390029700 0
-0.459680553718 0.453520082361 -0.778982718632 0
-0.552748274678 0.280252707487 -0.624858256372 0
-0.469264033285 0.443915135785 -0.825944509262 0
-0.589789398621 1.389480203232 -0.613789344034 0
-0.731790958021 1.260547133496 -0.624125189646 0
-0.409683870925 1.314288387222 -0.549320315155 0
-0.571330654164 1.269277632180 -0.583973692711 0
-0.550175510247 1.131097746578 -0.562222970654 0
-0.560135565521 0.911658069015 -0.585753167458 0
-0.482471993659 0.917074136928 -0.581334466326 0
-0.526318518519 0.991155555556 -0.549355555556 0
-0.741227702771 1.066151768089 -0.665356088258 0
-0.412709254003 1.127073574556 -0.469270359377 0
-0.692680332801 1.016268961150 -0.793699986587 0
-0.388613921393 1.000392996698 -0.464777360385 0
-0.658088493048 0.995840547665 -0.900020512207 0
-0.363936334583 0.889736366748 -0.472426701151 0
-0.562093369812 0.621120427581 -0.557644657058 0
-0.432392430816 0.776408275452 -0.826393990338 0
-0.555656258284 0.282807773036 -0.576552056450 0
-0.460234516667 0.437229799796 -0.785288008054 0
-0.552178363142 0.279513287096 -0.624992416539 0
-0.472387421151 0.427279482677 -0.831578460205 0
-0.583073574797 1.389421229708 -0.619882720238 0
-0.727408093994 1.262879050497 -0.627634030798 0
-0.403419401327 1.311465417152 -0.557580057633 0
-0.566267807006 1.269051739216 -0.589797814673 0
-0.546970772330 1.130582685412 -0.568304181499 0
-0.558757012943 0.910609061253 -0.591738657169 0
-0.481041903386 0.915818863538 -0.588036115806 0
-0.524381481481 0.990344444444 -0.556400000000 0
-0.738652328586 1.067527973062 -0.663552284890 0
-0.406167350290 1.123569910057 -0.479130955441 0
-0.691554805255 1.012769822431 -0.790440684806 0
-0.382276997032 0.996807488699 -0.476084571937 0
-0.658288064807 0.987000673196 -0.896387871172 0
-0.357612386202 0.886294207185 -0.485192292338 0
-0.561380019548 0.620559762760 -0.559019141206 0
-0.439001613482 0.761755003321 -0.826460020875 0
-0.555049034883 0.282531217326 -0.576546412751 0
-0.463166202283 0.418025373688 -0.785712416509 0
-0.551456927074 0.279611890093 -0.625002497692 0
-0.478068424776 0.402708243925 -0.829676232986 0
-0.575651613526 1.389282094183 -0.626277875827 0
-0.722163382181 1.265337851082 -0.630964715634 0
-0.396226416236 1.308596565116 -0.566694621126 0
-0.560299702318 1.268865795535 -0.595985061887 0
-0.542984737433 1.130081033661 -0.574943912379 0
-0.557254676513 0.909441900071 -0.597950567633 0
-0.479495067109 0.914425702817 -0.594934948074 0
-0.522325925926 0.989477777778 -0.563855555556 0
-0.735883750200 1.069060938990 -0.660387878692 0
-0.399981210402 1.119639062196 -0.490882365815 0
-0.690419920983 1.008026781841 -0.784987917583 0
-0.376366467985 0.992804179116 -0.488883047277 0
-0.657755596440 0.975004731633 -0.889701964066 0
-0.351686150045 0.882400098930 -0.498964190703 0
-0.560597279983 0.619755016174 -0.562224124413 0
-0.445076038116 0.747636806979 -0.825902071659 0
-0.554461799890 0.282438175181 -0.576726671549 0
-0.466074128749 0.404661781824 -0.784131297185 0
-0.550852656415 0.280801298749 -0.625241747522 0
-0.482450919010 0.392165653200 -0.828461370146 0
-0.567705153539 1.389069026212 -0.633026691613 0
-0.715722672209 1.269388850696 -0.634822207400 0
-0.388086270553 1.307452069187 -0.576149838563 0
-0.553251269871 1.270341359124 -0.602604051383 0
-0.538166635891 1.131244379161 -0.581999223041 0
-0.555428462900 0.909720793806 -0.604646337087 0
-0.477656451938 0.914774906744 -0.602104810185 0
-0.520359259259 0.990188888889 -0.571733333333 0
-0.733563592321 1.072465008531 -0.656760739709 0
-0.393560837119 1.117251358148 -0.503622236330 0
-0.690242289664 1.003577984097 -0.777984253923 0
-0.370320843427 0.990337105810 -0.502432216709 0
-0.657665107886 0.961614457200 -0.880173560867 0
-0.345746855051 0.880016939750 -0.513340419116 0
-0.559117217987 0.622249696890 -0.554121056594 0
-0.450096602518 0.739818104868 -0.827891412281 0
-0.555432761465 0.282669818993 -0.577004997389 0
-0.466471631107 0.403702110469 -0.786239795571 0
-0.552051768089 0.281733346273 -0.625555072368 0
-0.482204569937 0.400676138331 -0.832422324594 0
-0.559377781735 1.390327975485 -0.640295507059 0
-0.708179621480 1.275106390913 -0.639385305461 0
-0.379052807684 1.306878203525 -0.585506185932 0
-0.545270472033 1.272945439478 -0.609522071502 0
-0.532960116613 1.133549272360 -0.589168673741 0
-0.553178266491 0.911071777692 -0.611090441344 0
-0.475418053495 0.916583239897 -0.609229751974 0
-0.518300000000 0.992100000000 -0.579370370370 0
-0.731963225614 1.078054657491 -0.652933433497 0
-0.386145792891 1.115382418612 -0.516617954965 0
-0.690580703582 1.000328286978 -0.769395427274 0
-0.363308030283 0.988389635296 -0.516720349262 0
-0.657691220487 0.948883500294 -0.867598487622 0
-0.338954323855 0.878066309969 -0.528444426959 0
-0.557478931244 0.625446770149 -0.551041279869 0
-0.454194629929 0.738127159924 -0.832952820345 0
-0.556398097547 0.284484524307 -0.577575568139 0
-0.467185709375 0.405608221565 -0.786849395918 0
-0.553326495977 0.283525208254 -0.626145752968 0
-0.482758225097 0.402095083826 -0.833051803603 0
-0.550342065253 1.392446754826 -0.648239218400 0
-0.700195647914 1.281000362756 -0.644383581040 0
-0.369843172078 1.306126815163 -0.594656624010 0
-0.537002336743 1.275555899365 -0.616559590772 0
-0.527572603508 1.135920739482 -0.596361278862 0
-0.551026378133 0.912685988241 -0.617046370638 0
-0.473264615696 0.918394014735 -0.616038480740 0
-0.516022222222 0.994177777778 -0.586681481481 0
-0.731343501680 1.084560684677 -0.648840185735 0
-0.378272861993 1.113402838384 -0.529442027892 0
-0.692504211016 0.997441983311 -0.759380400908 0
-0.355933604021 0.986333848428 -0.531222546084 0
-0.659061058120 0.936489292129 -0.852148898682 0
-0.332024062917 0.875980676282 -0.544032679007 0
-0.555940833392 0.627570965900 -0.554665968186 0
-0.457617972661 0.737035789564 -0.837879401747 0
-0.556484687331 0.286125306935 -0.578354697990 0
-0.468500618755 0.406739919730 -0.786373190104 0
-0.553853773877 0.284846585739 -0.626943390545 0
-0.484497493956 0.401107274464 -0.832219467484 0
-0.540619726781 1.394288216471 -0.656780636512 0
-0.691469283252 1.287772836302 -0.649368426198 0
-0.360006716530 1.305266640983 -0.603943754300 0
-0.528098418579 1.278563874998 -0.623657941283 0
-0.521923744266 1.138740735976 -0.603522890216 0
-0.548607879458 0.914832007462 -0.622829270988 0
-0.470866672897 0.920897420699 -0.622760929575 0
-0.513637037037 0.996785185185 -0.593692592593 0
-0.730651679916 1.092762022369 -0.645610835993 0
-0.369185217714 1.111573012470 -0.541774084573 0
-0.695221955306 0.997347126420 -0.750291445671 0
-0.347664983107 0.984419042377 -0.545955985104 0
-0.662173217153 0.926682734103 -0.836453961682 0
-0.324149378315 0.874161114216 -0.560478560958 0
-0.553983519312 0.630196632604 -0.558332384859 0
-0.460350210218 0.734755677019 -0.840911503218 0
-0.556676304008 0.287406105314 -0.579061067622 0
-0.469567780194 0.406645809664 -0.785888572978 0
-0.554832281930 0.285143375797 -0.627650135482 0
-0.486077722143 0.400275784348 -0.831455583554 0
-0.529415027929 1.396164849328 -0.666150644931 0
-0.682129636384 1.295037348013 -0.654162723701 0
-0.349716960403 1.303983525230 -0.613436246839 0
-0.518706489502 1.281626625684 -0.630734087017 0
-0.516138618854 1.141718538552 -0.610416354107 0
-0.546118655730 0.917254908692 -0.628149799215 0
-0.468417528501 0.923733512852 -0.629175285068 0
-0.511207407407 0.999644444444 -0.600196296296 0
-0.730140700675 1.102247839895 -0.643879703281 0
-0.359920840419 1.109363744424 -0.554397647634 0
-0.699186982572 1.000774820538 -0.744191175584 0
-0.339259427611 0.982181131291 -0.561211591965 0
-0.667502279805 0.922767049760 -0.824352268209 0
-0.316245556021 0.872117703246 -0.577878203280 0
-0.551395025605 0.633019010557 -0.561906636718 0
-0.462126526902 0.732595259726 -0.843127637238 0
-0.556587903146 0.288713025670 -0.579968564302 0
-0.469933264202 0.406652252560 -0.785654514217 0
-0.556027233097 0.286660898907 -0.628598722667 0
-0.486780095302 0.400115434926 -0.831074357410 0
-0.517578958538 1.397587689603 -0.676156347651 0
-0.672516516176 1.302925197536 -0.658490575632 0
-0.339364079625 1.303067870905 -0.623187589610 0
-0.509148358303 1.285197754062 -0.637694995129 0
-0.510193339991 1.145307920591 -0.617111610579 0
-0.543431608704 0.920412314152 -0.633146958012 0
-0.465795942999 0.927341402989 -0.635422973012 0
-0.508588888889 1.003211111111 -0.606340740741 0
-0.730999817302 1.113401644123 -0.643026959166 0
-0.350428715517 1.107395153359 -0.567903813643 0
-0.705990626963 1.007784647431 -0.740683951778 0
-0.330762552827 0.980221132030 -0.577324601504 0
-0.677756890575 0.925264008217 -0.817383008223 0
-0.308766079721 0.870373095537 -0.596467992577 0
-0.548241476261 0.636519677212 -0.565413079411 0
-0.463035332093 0.730984015707 -0.844672042294 0
-0.556189371554 0.290737458712 -0.580983788009 0
-0.469899305040 0.406981937516 -0.785272290855 0
-0.557223666472 0.290853243113 -0.629649327210 0
-0.486937794173 0.401010491570 -0.830698490123 0
-0.505551542616 1.399500610246 -0.685759219631 0
-0.662606073726 1.310948815608 -0.662163454407 0
-0.328972342445 1.301848253667 -0.633136220976 0
-0.499431522287 1.288699303375 -0.644418077676 0
-0.504184235214 1.148925100671 -0.623588531625 0
-0.540421141315 0.923583167313 -0.637949824926 0
-0.462892234005 0.931151081816 -0.641483138845 0
-0.505881481481 1.006885185185 -0.612337037037 0
-0.733465833328 1.126022403542 -0.643197331111 0
-0.340281368265 1.105222362713 -0.581397460010 0
-0.716360564513 1.018226153572 -0.740175040243 0
-0.321957448211 0.978158568504 -0.594349952243 0
-0.693371590678 0.934640327480 -0.817246212372 0
-0.301531164395 0.868665253978 -0.616857490821 0
-0.544650473011 0.639990242772 -0.568933824255 0
-0.462699528218 0.729737333772 -0.845888330735 0
-0.556010969384 0.292342398929 -0.581836038011 0
-0.469624468568 0.407340803875 -0.785015385731 0
-0.559080875201 0.292573243895 -0.630415254417 0
-0.486708769090 0.402378090060 -0.830545661437 0
-0.493359373610 1.401211556103 -0.694928663593 0
-0.652779403770 1.318613288982 -0.665446497677 0
-0.319022895654 1.300080737619 -0.643085706390 0
-0.489978708322 1.291763540301 -0.650924170573 0
-0.498446176215 1.152224115268 -0.629743435100 0
-0.537692635107 0.926561725621 -0.642491532970 0
-0.460284987623 0.934678765830 -0.647251666904 0
-0.503403703704 1.010318518519 -0.618051851852 0
-0.736414478850 1.139295651484 -0.644735236444 0
-0.329653961595 1.102414717360 -0.595318988729 0
-0.728988749843 1.033123020907 -0.744682867045 0
-0.313142760548 0.975540459836 -0.612023596413 0
-0.713651548558 0.951894067229 -0.825948569226 0
-0.294800937654 0.866494183674 -0.638107317022 0
-0.541083405560 0.643230864280 -0.572361880662 0
-0.461632653615 0.728666762378 -0.847017168776 0
-0.556160924301 0.293377839975 -0.582270497267 0
-0.469267250665 0.407681414830 -0.784809589248 0
-0.561653553244 0.292491266967 -0.630628153262 0
-0.486285454782 0.404094066196 -0.830493497980 0
-0.481303066913 1.402673173158 -0.703330178295 0
-0.642863991176 1.326723041231 -0.669065202336 0
-0.309545328170 1.297337295693 -0.652572355150 0
-0.480793680866 1.294594624608 -0.657366792672 0
-0.493340036791 1.155428563287 -0.635753625016 0
-0.535418707486 0.929663674001 -0.646993539965 0
-0.458130618673 0.938116102239 -0.652959852920 0
-0.501170370370 1.013725925926 -0.623566666667 0
-0.739430939840 1.154133569862 -0.647471313352 0
-0.318432350762 1.098414169637 -0.609944369107 0
-0.743649610499 1.052488318366 -0.752198308266 0
-0.303882369422 0.971827373743 -0.630262391851 0
-0.737581831302 0.975671639899 -0.838670803385 0
-0.287923879734 0.863287920347 -0.659753079657 0
-0.537489247646 0.646562148123 -0.575893038178 0
-0.459888087148 0.727813192989 -0.848199744269 0
-0.556114540091 0.294647856329 -0.582628606173 0
-0.469058506130 0.408087595407 -0.784728442207 0
-0.564273585750 0.293363077513 -0.630599401404 0
-0.485986016506 0.405956899125 -0.830537037301 0
-0.468870462162 1.404022582910 -0.711223081408 0
-0.633432326472 1.334114526783 -0.671859050173 0
-0.300860783930 1.294707857489 -0.662906359875 0
-0.472178825280 1.297126306983 -0.663793482834 0
-0.488378164115 1.158420255795 -0.641671626173 0
-0.533176216764 0.932654186753 -0.651578402858 0
-0.456005062817 0.941400635454 -0.658549897635 0
-0.498996296296 1.016974074074 -0.628992592593 0
-0.742992437266 1.169484241104 -0.650132375248 0
-0.307539205067 1.094482981087 -0.626410716228 0
-0.759958767014 1.074130440953 -0.759389385317 0
-0.294969039578 0.968271998215 -0.650107121906 0
-0.763507654523 1.003797180232 -0.851002721006 0
-0.281426858175 0.860476568816 -0.683084107314 0
-0.533948471809 0.649356675119 -0.581236623170 0
-0.457392605120 0.727123816316 -0.849422989020 0
-0.555570774294 0.296200838304 -0.583200491491 0
-0.468910838172 0.408371745260 -0.784649957972 0
-0.566469909660 0.295312351574 -0.630632941537 0
-0.485833912766 0.407080591294 -0.830491536547 0
-0.458468225345 1.405473037291 -0.718587086723 0
-0.624698186390 1.340660439589 -0.674407900433 0
-0.293179276594 1.292379111635 -0.673411418532 0
-0.464343316691 1.299376642211 -0.670184481787 0
-0.483694849867 1.161154724422 -0.647583734734 0
-0.531013600841 0.935479226958 -0.656294878544 0
-0.453943380543 0.944422748478 -0.664084851059 0
-0.496859259259 1.019996296296 -0.634418518519 0
-0.747173886906 1.185401343730 -0.652661333364 0
-0.297678125574 1.090921324108 -0.644067685860 0
-0.776467195202 1.099008705779 -0.766659192970 0
-0.286885701265 0.965346168332 -0.671692760150 0
-0.789623867455 1.036620181406 -0.862833925622 0
-0.275594745412 0.858356238641 -0.708037182560 0
-0.532989061830 0.649621756368 -0.597238579075 0
-0.454959354322 0.726523654693 -0.850814522599 0
-0.555201202408 0.298467518197 -0.583804891604 0
-0.468906983601 0.408507292923 -0.784515496981 0
-0.568649079620 0.297586486298 -0.630578775974 0
-0.485989241579 0.407231394412 -0.830298423973 0
-0.449224412427 1.406868603801 -0.725669281298 0
-0.616626194980 1.346568871289 -0.677657734326 0
-0.286471868908 1.289950760594 -0.683077851912 0
-0.457309875127 1.301260009220 -0.676521656085 0
-0.479553454427 1.163550098609 -0.653460664299 0
-0.528921439144 0.937999700703 -0.661071969162 0
-0.451939294044 0.947028333585 -0.669599702141 0
-0.494703703704 1.022662962963 -0.639870370370 0
-0.751798030574 1.202354641585 -0.655087221349 0
-0.289402567168 1.087448461043 -0.661846645433 0
-0.791675777611 1.126944436145 -0.773579263294 0
-0.279804716732 0.962846246903 -0.693954438857 0
-0.814313443600 1.073277897458 -0.873362026400 0
-0.270420436930 0.856867898993 -0.733833089269 0
-0.530790706450 0.651764808254 -0.603869393790 0
-0.453393878365 0.725875069984 -0.852460675811 0
-0.555193933912 0.299797665966 -0.583935815485 0
-0.469091028827 0.408478651341 -0.784344083795 0
-0.570671544679 0.301081090830 -0.630068388178 0
-0.486512366111 0.406488102699 -0.829973488590 0
-0.441038155752 1.408126524981 -0.732558354305 0
-0.609503812117 1.351482826795 -0.681054390904 0
-0.280757012530 1.288039423438 -0.692773754743 0
-0.451165191311 1.302890034880 -0.682923926255 0
-0.475683393646 1.165675353529 -0.659241439952 0
-0.527071514808 0.940355779561 -0.665723601746 0
-0.450154362568 0.949213519475 -0.674985418018 0
-0.492518518519 1.025048148148 -0.645192592593 0
-0.755758764367 1.218793356624 -0.656938199424 0
-0.282954728451 1.084776539406 -0.680694662721 0
-0.803827991528 1.154811882427 -0.779057068389 0
-0.273670931624 0.961394324213 -0.717292217155 0
-0.834300833803 1.112344564039 -0.881993026163 0
-0.265443310274 0.856657420685 -0.760704271922 0
-0.529309814159 0.653999166639 -0.609146904273 0
-0.452693868084 0.725059438649 -0.854143215698 0
-0.554929960880 0.300422641724 -0.583836405198 0
-0.469372814963 0.408139652598 -0.783972870307 0
-0.571202362036 0.305838508067 -0.629391813550 0
-0.487228330280 0.404714276119 -0.829348582173 0
-0.433634451316 1.409131333285 -0.739608791288 0
-0.603376181771 1.355649253168 -0.684673739963 0
-0.276011244101 1.286692527038 -0.702394763157 0
-0.445932189947 1.304413522543 -0.689381475397 0
-0.472147203181 1.167649693442 -0.664951949774 0
-0.525648317828 0.942696313292 -0.670222416518 0
-0.448756963264 0.950961430756 -0.680217241797 0
-0.490318518519 1.027248148148 -0.650448148148 0
-0.757864792582 1.233102176587 -0.658328334398 0
-0.277802341340 1.083118845993 -0.697803162036 0
-0.813736174095 1.180747655400 -0.782645230420 0
-0.268837552544 0.961351905330 -0.739530678420 0
-0.849685041345 1.149188129796 -0.887361970305 0
-0.260992798524 0.858495064872 -0.787290726950 0
-0.528654624435 0.656831140104 -0.611246935816 0
-0.452634062478 0.724059053760 -0.855856921037 0
-0.556422088414 0.301413041388 -0.584045981475 0
-0.469650632946 0.407475898670 -0.783499930277 0
-0.573355732178 0.306776206094 -0.629366021755 0
-0.487986599170 0.401993662722 -0.828480429276 0
-0.427204006089 1.410102966286 -0.746385542681 0
-0.598004700347 1.359501676635 -0.688196072943 0
-0.271956126591 1.286265996301 -0.711981148827 0
-0.441355606429 1.306216202087 -0.695785078416 0
-0.468805909571 1.169827006625 -0.670640367376 0
-0.524210603458 0.945248780868 -0.674611770202 0
-0.447368039543 0.952958263684 -0.685394782368 0
-0.488129629630 1.029648148148 -0.655555555556 0
-0.757389209015 1.244283345975 -0.658197540982 0
-0.273787212636 1.082647341819 -0.713601369577 0
-0.821104073385 1.204432361355 -0.783375865306 0
-0.265495806795 0.962929527265 -0.761010634153 0
-0.862061121815 1.183987998749 -0.888638570702 0
-0.257606384570 0.862265661745 -0.813304693846 0
-0.528782025747 0.659954849158 -0.613028354635 0
-0.452854344422 0.723249778058 -0.857304437706 0
-0.559433056459 0.302456023525 -0.584362116952 0
-0.469856856934 0.406939437744 -0.783194983324 0
-0.577065089251 0.305678853122 -0.629618527180 0
-0.488485985612 0.399762813975 -0.827815152469 0
-0.422123345340 1.411308008813 -0.753394942539 0
-0.593191951104 1.363783919686 -0.692114010085 0
-0.268430979514 1.287001590024 -0.721637769014 0
-0.437283851722 1.308806008732 -0.702408051146 0
-0.465663609115 1.172774247538 -0.676366932119 0
-0.522842850107 0.948642882322 -0.678928764336 0
-0.446063821548 0.955754937100 -0.690542917604 0
-0.485940740741 1.032822222222 -0.660481481481 0
-0.754406388844 1.252521716474 -0.657340105448 0
-0.270595772342 1.083469092052 -0.727668555523 0
-0.823714632268 1.224904985857 -0.782843019282 0
-0.263187933628 0.966137297431 -0.780839175198 0
-0.869301043221 1.215078476999 -0.887647974303 0
-0.255185391459 0.868153297343 -0.837951515018 0
-0.529370867613 0.663853369530 -0.615223498963 0
-0.453272759893 0.722835736622 -0.858011406477 0
-0.562322189028 0.303362112214 -0.584697504031 0
-0.470025020520 0.406462367943 -0.782841382539 0
-0.580096724041 0.305476316234 -0.629963539026 0
-0.488899829400 0.397744882413 -0.827082256111 0
-0.418291944663 1.413254323055 -0.761004838994 0
-0.589166342060 1.368363336788 -0.696494951087 0
-0.265521381494 1.289135735177 -0.731334494720 0
-0.433853829502 1.312229568631 -0.709258059747 0
-0.462730313531 1.176523023788 -0.682085567794 0
-0.521549806213 0.952875200693 -0.683040367993 0
-0.444846271966 0.959346129085 -0.695497656045 0
-0.483781481481 1.036800000000 -0.665196296296 0
-0.750542686215 1.259372240856 -0.655786060194 0
-0.268174034940 1.085687095334 -0.739589724605 0
-0.823989600731 1.242281582380 -0.780809089826 0
-0.261653035741 0.971103858360 -0.798554962449 0
-0.873671105664 1.241786789748 -0.884196689440 0
-0.253770106109 0.876219216959 -0.860619067860 0
-0.531343847571 0.667776114303 -0.621164442640 0
-0.453636017562 0.722916049033 -0.857894007996 0
-0.565229322031 0.304211812219 -0.584934541584 0
-0.470148525010 0.406208575508 -0.782577287203 0
-0.582985647609 0.304361313905 -0.630256814575 0
-0.489202040033 0.396377016678 -0.826506911317 0
-0.415318985712 1.415916695349 -0.769267139746 0
-0.586019611784 1.373364685274 -0.701639146356 0
-0.263232058911 1.292615360188 -0.740685392858 0
-0.431129650667 1.316529285120 -0.716292154987 0
-0.460140227048 1.181134238501 -0.687755709738 0
-0.520474751317 0.957994269665 -0.686912260876 0
-0.443843877493 0.963702667794 -0.700164146539 0
-0.481748148148 1.041625925926 -0.669759259259 0
-0.745671351328 1.264685105843 -0.653903747347 0
-0.266898654073 1.089226002224 -0.749951437925 0
-0.822344244535 1.253489769675 -0.777650382423 0
-0.261006163425 0.977485694262 -0.814201908978 0
-0.875384562900 1.261293622255 -0.878344780265 0
-0.253046053065 0.886222849253 -0.881229632528 0
-0.535168284323 0.671429248013 -0.633333991976 0
-0.453777951015 0.723587022804 -0.856991467892 0
-0.567241964897 0.306159341451 -0.586332004153 0
-0.470155910235 0.406131050551 -0.782510249496 0
-0.584863275851 0.303039166460 -0.631599782827 0
-0.489289725076 0.395674935311 -0.826260388265 0
-0.413386875494 1.419356242753 -0.778020361995 0
-0.583693600441 1.379150908392 -0.707216953502 0
-0.261538753701 1.297635553325 -0.749741872875 0
-0.429077582598 1.321982516435 -0.723389010102 0
-0.457915402939 1.186875416650 -0.693355740473 0
-0.519548129219 0.964260147756 -0.690536170010 0
-0.443034868588 0.969202966172 -0.704741049430 0
-0.479825925926 1.047570370370 -0.674111111111 0
-0.739705134797 1.268662670057 -0.652159278460 0
-0.266010820629 1.094242760192 -0.758568353666 0
-0.818814293696 1.261209462592 -0.774648006408 0
-0.260779600317 0.984949209494 -0.826951794717 0
-0.874800748700 1.273707917142 -0.872894496216 0
-0.252806500936 0.896645226062 -0.897671666427 0
-0.539852556177 0.675992310785 -0.649360608579 0
-0.453939637782 0.724910491253 -0.854911919491 0
-0.568228710004 0.311461890104 -0.589893688633 0
-0.470142007470 0.406143838270 -0.782383829953 0
-0.585376696205 0.307357591858 -0.635264595422 0
-0.489335518535 0.395094252201 -0.825961618324 0
-0.412194088984 1.423859153655 -0.786834608305 0
-0.582405334579 1.384907928866 -0.711932513215 0
-0.260811253175 1.304180441119 -0.759861488634 0
-0.427909666171 1.328156314429 -0.730539397128 0
-0.455863865722 1.193270291639 -0.698750494216 0
-0.518796944189 0.971251608070 -0.693849266715 0
-0.442454910095 0.975479985618 -0.709162782294 0
-0.478074074074 1.054200000000 -0.678055555556 0
-0.733542649718 1.271662928175 -0.649389096020 0
-0.265157768077 1.100681461286 -0.765845422088 0
-0.815811084526 1.263706407206 -0.769746464743 0
-0.260973687724 0.993723049509 -0.837894936464 0
-0.874528114840 1.278502108285 -0.865143254056 0
-0.253631247579 0.907996631641 -0.911711814857 0
-0.544210671162 0.681845974509 -0.665484425978 0
-0.454312974737 0.726736802270 -0.851764439189 0
-0.568580523347 0.320399656225 -0.594021182355 0
-0.470084047957 0.406245340686 -0.782309579628 0
-0.586184900488 0.315157024138 -0.639099099255 0
-0.489255162914 0.395018992569 -0.825852033829 0
-0.412226482269 1.428950771669 -0.795929979559 0
-0.582104575364 1.390790488431 -0.715572643610 0
-0.261214357987 1.311829368180 -0.770631494286 0
-0.427708849794 1.334932834877 -0.737430271389 0
-0.454194910157 1.200254132548 -0.703604115936 0
-0.518096106247 0.978816002016 -0.696371254630 0
-0.441975148580 0.982477971749 -0.712884246100 0
-0.476503703704 1.061444444444 -0.681177777778 0
-0.727270284804 1.274202183911 -0.645482121459 0
-0.264515786022 1.108224957087 -0.771568938005 0
-0.812443886723 1.261162298648 -0.763349490675 0
-0.261593770614 1.002993074362 -0.846177607636 0
-0.873941075512 1.273479003634 -0.856768601243 0
-0.255344290800 0.919688111342 -0.922607221058 0
-0.548458132538 0.688843546216 -0.682223297821 0
-0.454655361623 0.729152908471 -0.847102881247 0
-0.568744918302 0.335569450630 -0.598125007460 0
-0.469850082525 0.406446233269 -0.782007254564 0
-0.588095192410 0.328994175441 -0.642303628148 0
-0.488969937598 0.395080176045 -0.825536000741 0
-0.413960068469 1.434605564358 -0.804985864137 0
-0.582406483153 1.397994204863 -0.719713344787 0
-0.262368659440 1.319475442712 -0.780107570837 0
-0.428255119947 1.342416970649 -0.743887746246 0
-0.453457016941 1.208130338554 -0.707589000528 0
-0.517631526684 0.987297750590 -0.697323870062 0
-0.441777341391 0.990214717506 -0.715159872512 0
-0.475007407407 1.069555555556 -0.683003703704 0
-0.720244524992 1.277466454328 -0.641916604389 0
-0.263603661851 1.115902898238 -0.775287990991 0
-0.808459409451 1.254972137295 -0.756063166574 0
-0.262153118028 1.011471455932 -0.851055468714 0
-0.872646734840 1.260009600058 -0.848257203579 0
-0.257124086494 0.929575210285 -0.928888391357 0
-0.554040630575 0.697728625878 -0.702814007813 0
-0.454981617816 0.732367326802 -0.840417158526 0
-0.565278790021 0.357089380478 -0.604899456133 0
-0.469461263180 0.406722006028 -0.781508145150 0
-0.586284477955 0.352490861140 -0.648569040195 0
-0.488436652963 0.395353914712 -0.825099531237 0
-0.417092549901 1.440982685328 -0.813632389011 0
-0.583988391969 1.404940371401 -0.723467542982 0
-0.264508685526 1.328133648215 -0.788815164219 0
-0.429878647665 1.350246833589 -0.749824270005 0
-0.453284609747 1.216215823169 -0.711393449243 0
-0.517381394402 0.996021624703 -0.697985909280 0
-0.441772903263 0.998008396696 -0.716956884755 0
-0.473622222222 1.077844444444 -0.684629629630 0
-0.713569563291 1.280334994039 -0.638257113958 0
-0.263288768610 1.124836539691 -0.777181939687 0
-0.803439842075 1.244204095923 -0.747505404517 0
-0.263132402290 1.019898173571 -0.852259604580 0
-0.869738660324 1.239402982729 -0.837757671108 0
-0.259525211541 0.938281592419 -0.930211853375 0
-0.560516299477 0.708467694403 -0.723640530271 0
-0.455272377094 0.735834283539 -0.832851302676 0
-0.561677607206 0.382204841594 -0.613318815934 0
-0.468908373794 0.407079977208 -0.781096811021 0
-0.584770802479 0.378065354058 -0.655968398028 0
-0.487686575032 0.395975022213 -0.824841147699 0
-0.421831717849 1.447951540158 -0.821239591432 0
-0.586812583479 1.410446372400 -0.726727874207 0
-0.267524366633 1.336980126271 -0.796689380908 0
-0.432497448831 1.357405910516 -0.755178217772 0
-0.453591534278 1.223418248446 -0.715251811801 0
-0.517112943835 1.003716003735 -0.699501737457 0
-0.441747824699 1.004884436716 -0.719482295204 0
-0.472344444444 1.085114814815 -0.686922222222 0
-0.707550387008 1.281697496190 -0.634941671991 0
-0.263040052991 1.134289873134 -0.777634547951 0
-0.797784136469 1.230675184527 -0.737761378119 0
-0.263771994572 1.027844528862 -0.850556381749 0
-0.865948094352 1.211591951273 -0.825635730133 0
-0.261609383626 0.944568676866 -0.926838179919 0
-0.566565719055 0.719413719090 -0.743463953211 0
-0.455717848114 0.738820221396 -0.826082901583 0
-0.556162311390 0.405154602075 -0.627869743427 0
-0.468406043786 0.407569060716 -0.780887879630 0
-0.580081762682 0.405804120722 -0.670259079977 0
-0.486995253760 0.396466664622 -0.824713510625 0
-0.427812665467 1.454481891281 -0.827747779298 0
-0.590739718846 1.414043135485 -0.728911224187 0
-0.271647262002 1.345804526205 -0.804808281744 0
-0.436108653036 1.363556894409 -0.760156165787 0
-0.454162295904 1.229443677755 -0.719167879262 0
-0.516796353334 1.010116465525 -0.701656260130 0
-0.441661247546 1.010587539493 -0.722512507952 0
-0.471159259259 1.091125925926 -0.689700000000 0
-0.702049382432 1.281289340584 -0.631109455414 0
-0.263630117782 1.144049879830 -0.778401416927 0
-0.791366597009 1.213256946236 -0.724443941521 0
-0.264839818106 1.035288022580 -0.847814210652 0
-0.860282282574 1.177354103080 -0.807318491247 0
-0.263928704632 0.948866331350 -0.920815612877 0
-0.572047973107 0.729944976417 -0.762131359541 0
-0.456098316805 0.741181073590 -0.820291568434 0
-0.552177246011 0.422892962121 -0.650245381157 0
-0.467936910718 0.408181545176 -0.780753942848 0
-0.576381113158 0.426356667947 -0.692335682116 0
-0.486317580663 0.397704400838 -0.824820804292 0
-0.434917074505 1.460325224896 -0.833215140144 0
