-0.160031751527 0.549458884943 -0.010417389780 0
0.173849604550 0.570116828729 -0.028675444989 0
0.005524017808 0.548229292463 -0.005352928372 0
0.018564657150 0.456666105463 0.101804392620 0
-0.028389719038 0.285748416471 0.136879122233 0
0.048225578078 0.271707876367 0.140546353766 0
0.022027296296 0.345266296296 0.188878888889 0
-0.275873740432 0.394386800624 0.035537800510 0
0.254697678377 0.398765186618 0.045948533388 0
-0.244332761373 0.260248944503 -0.012727093489 0
0.222428198010 0.278795606863 0.011095678837 0
-0.220909532444 0.158933638196 -0.062767523223 0
0.193301233773 0.176931377516 -0.030279815569 0
-0.018335945457 0.328108908001 -0.151756552692 0
0.268472204852 0.101591361983 0.070540550886 0
-0.012885965228 0.016268977552 -0.097891348207 0
0.061653236307 0.016964815602 0.353937662567 0
-0.005233296609 0.020104782341 -0.145809415180 0
0.063249474445 -0.029072839177 0.337582411887 0
-0.013957331988 0.648204001364 -0.079279780520 0
-0.167777277846 0.568912029589 -0.005918576695 0
0.165276579512 0.597735812321 -0.027854501690 0
-0.002167525394 0.570782382277 -0.003513353028 0
0.014693105575 0.472622062884 0.097088775571 0
-0.029248056989 0.297961273589 0.127090548962 0
0.047309868658 0.283477778202 0.130189175721 0
0.021897851852 0.357188888889 0.178708518519 0
-0.285532518230 0.414839969777 0.038512279596 0
0.255521508008 0.435820134145 0.056440815416 0
-0.255018482017 0.280236959678 -0.009113564898 0
0.235608704199 0.312052178798 0.025884075181 0
-0.231457822396 0.178063163308 -0.057790247092 0
0.216717303744 0.206169223199 -0.011316011255 0
-0.011941444743 0.321864961979 -0.163314577196 0
0.249919565363 0.091857977281 0.062512147091 0
-0.012714877599 0.016052325227 -0.098308983353 0
0.062597918560 0.017095022940 0.352523381886 0
-0.005182587916 0.020858485113 -0.146158573916 0
0.067793535371 -0.026058395844 0.330156087196 0
-0.026323851016 0.675313632064 -0.069385834637 0
-0.174204099261 0.588045931509 -0.001587409052 0
0.157851838835 0.624850357860 -0.026510397100 0
-0.008640143578 0.592990604682 -0.001572813083 0
0.011734133536 0.488784621749 0.092073386886 0
-0.029877846351 0.310699064414 0.117539628700 0
0.046636636635 0.295899861600 0.120186626103 0
0.021869703704 0.369938148148 0.168541111111 0
-0.292854690983 0.434729025307 0.043073094752 0
0.253331284601 0.470005060356 0.064994486495 0
-0.263336819752 0.299928263130 -0.004621219291 0
0.246718476970 0.343633141741 0.039792306812 0
-0.239502472323 0.197153976766 -0.052347998118 0
0.239157188510 0.234618106705 0.007749896784 0
-0.006548219191 0.315911813854 -0.173380632170 0
0.230698565347 0.085673230678 0.054803237094 0
-0.012458078141 0.015848178167 -0.098632634063 0
0.062824132019 0.017851301775 0.353014758308 0
-0.004992537555 0.021282760789 -0.146425404367 0
0.068583911611 -0.023838550554 0.328149340346 0
-0.036767014930 0.701138461867 -0.059699253415 0
-0.179037651346 0.607930282107 0.002057987525 0
0.151853813696 0.652110463679 -0.026152242463 0
-0.013605631753 0.615795226766 -0.000444604362 0
0.009960833486 0.506607079829 0.086545215222 0
-0.030311091958 0.325483694885 0.108732030507 0
0.046175846417 0.310497230885 0.111107585308 0
0.021896444444 0.385155555556 0.158750740741 0
-0.296479813707 0.454183252176 0.048402205400 0
0.249238459192 0.500792889728 0.069166995258 0
-0.268904722770 0.319289028938 -0.000182367196 0
0.255830466465 0.373384500697 0.049869618632 0
-0.245582815437 0.216168934539 -0.047734411934 0
0.259966634251 0.262567635479 0.023603302410 0
-0.002125221917 0.310672960225 -0.181426962656 0
0.208597689793 0.082829341096 0.046799776593 0
-0.012036998058 0.015657775878 -0.098777630592 0
0.062724400922 0.018599218619 0.354909097719 0
-0.004534797246 0.021212926634 -0.146550794197 0
0.067072684915 -0.022758839897 0.329216466855 0
-0.044976380652 0.726959234867 -0.050957962695 0
-0.182962755938 0.628936526375 0.004121551431 0
0.146847716781 0.679610842724 -0.025778831584 0
-0.017710405413 0.639445602424 -0.000012864326 0
0.008415706816 0.526344325181 0.081041385975 0
-0.030641778035 0.342186592537 0.100605698451 0
0.045857519202 0.327249000420 0.102889329258 0
0.021784555556 0.402714814815 0.149350370370 0
-0.295627532218 0.472799824025 0.054187264333 0
0.242341655452 0.527884989840 0.070796049663 0
-0.272093399138 0.337918489047 0.003487482753 0
0.262377767594 0.401113335384 0.057520405173 0
-0.251656498346 0.234479384890 -0.044970395592 0
0.278651271466 0.289856397544 0.038003591587 0
0.001158920717 0.306549182135 -0.187360849925 0
0.185408480692 0.083778531796 0.042917022618 0
-0.011488278818 0.015444862906 -0.098826923530 0
0.061567060614 0.019639789599 0.360253427922 0
-0.003841877590 0.020577882711 -0.146624439509 0
0.063185297311 -0.021850868376 0.334457799041 0
-0.051741353776 0.752881712050 -0.043363525350 0
-0.186214807271 0.651108198489 0.004634179541 0
0.142783697124 0.707078535904 -0.024762633084 0
-0.021125662870 0.663760660745 0.000012164096 0
0.006796735291 0.547373529088 0.075629791562 0
-0.030996202878 0.360365499516 0.093488856170 0
0.045536957665 0.345615341662 0.095854714658 0
0.021477592593 0.422055555556 0.140701851852 0
-0.290877691976 0.491249799542 0.060037880634 0
0.233402363644 0.551899803778 0.071020208900 0
-0.272351596452 0.357002869537 0.005707011263 0
0.266005592625 0.427251601187 0.064049129303 0
-0.255861694354 0.253521834469 -0.044512606443 0
0.294645244600 0.317384677377 0.051381635910 0
0.003320433510 0.303943872997 -0.190843714903 0
0.163895991528 0.089678741281 0.042594849874 0
-0.010909469162 0.015287022335 -0.098766796323 0
0.061074106597 0.019876879727 0.364307976942 0
-0.003068467594 0.019809860735 -0.146594408693 0
0.060752731767 -0.020845923175 0.337269894530 0
-0.056418797081 0.779150154342 -0.036630546773 0
-0.188698025079 0.674812248856 0.004346278086 0
0.139825655392 0.734391479464 -0.023210459882 0
-0.023713762715 0.688836804332 -0.000055817238 0
0.005253171353 0.569520752684 0.070426748144 0
-0.031460211489 0.379536479271 0.086902885625 0
0.045136430254 0.365141193163 0.089396741548 0
0.020927444444 0.442629629630 0.132323333333 0
-0.283151892999 0.510502340886 0.064838576944 0
0.225031100123 0.574274889251 0.069359752234 0
-0.269599251538 0.377208606165 0.006817856584 0
0.267357896634 0.452386391553 0.068745483462 0
-0.257726855209 0.273890807348 -0.045329072904 0
0.305977090002 0.345137347835 0.061503814873 0
0.004203448069 0.302693096851 -0.192434259077 0
0.144773536281 0.099729408948 0.044921474147 0
-0.010039735574 0.015085977239 -0.098554991964 0
0.061396739695 0.019137699636 0.365119499268 0
-0.001733936713 0.017819644693 -0.146439839728 0
0.061496835636 -0.017660282345 0.332941768436 0
-0.059898694526 0.805838846309 -0.029940728014 0
-0.189937285566 0.700364446042 0.004442350777 0
0.138420760678 0.761887420098 -0.020712853199 0
-0.024991354426 0.714984364377 0.000573085315 0
0.004248575584 0.592901543293 0.066022531485 0
-0.032337567689 0.399659361544 0.080622465784 0
0.044322006603 0.385619017933 0.083204621150 0
0.019985740741 0.464159259259 0.124099629630 0
-0.272822543097 0.531740794060 0.069823504940 0
0.219053076306 0.597637794952 0.068657302670 0
-0.264385216770 0.398897007536 0.009834858481 0
0.267334927507 0.478053123668 0.072793742998 0
-0.258048033916 0.296117161706 -0.044235683443 0
0.311722949804 0.372989947544 0.068737115147 0
0.004241278188 0.302744722376 -0.192279683702 0
0.128032433297 0.113258702649 0.049124705806 0
-0.009458832093 0.015026777312 -0.098324681368 0
0.061737197953 0.018637827560 0.365865601776 0
-0.000736580916 0.016218979681 -0.146198670816 0
0.062412724240 -0.012951088384 0.328566916648 0
-0.060901698019 0.833312858013 -0.023706382399 0
-0.190985446654 0.726781144447 0.003654571835 0
0.137441887214 0.788790953990 -0.019304893438 0
-0.026021670193 0.741312529567 0.000239205189 0
0.003100662097 0.616764368903 0.060919256705 0
-0.033336238498 0.420762778219 0.074470256765 0
0.043402785636 0.407171127776 0.077092911699 0
0.018843074074 0.486640740741 0.116011111111 0
-0.260749386185 0.553589552181 0.072329620819 0
0.214231478579 0.621622530077 0.068014125962 0
-0.258075765045 0.420273716132 0.012856623535 0
0.264746367804 0.503082643068 0.074743320165 0
-0.257544218321 0.318421486522 -0.042693003375 0
0.311849552103 0.399310575834 0.071850210119 0
0.003566804242 0.303966284534 -0.190487828495 0
0.113544860446 0.129821029777 0.054597801346 0
-0.009122406436 0.014989206277 -0.098124415793 0
0.061756454528 0.018602500287 0.367501041053 0
-0.000036902266 0.014944769603 -0.145945640339 0
0.061931760981 -0.009040704288 0.327185654821 0
-0.060443911533 0.860977852180 -0.019097947507 0
-0.191424617770 0.755099557449 0.002615217781 0
0.137203537540 0.816684925788 -0.018542407344 0
-0.026411351601 0.769119679190 -0.000536226618 0
0.002322056004 0.642321669849 0.055483334733 0
-0.034146346619 0.443933629213 0.068086798627 0
0.042673452387 0.430802864183 0.070692675879 0
0.017854888889 0.511007407407 0.107901481481 0
-0.248982004490 0.578446389438 0.073744696263 0
0.210152827549 0.647310572597 0.067813044207 0
-0.250406942510 0.444168965254 0.016431166414 0
0.260636875564 0.528788469840 0.075066522962 0
-0.254807827405 0.342907296851 -0.039189901159 0
0.308251082306 0.425334436733 0.072115949141 0
0.002247438442 0.306470758517 -0.186835726926 0
0.101546284286 0.150103440755 0.061161628733 0
-0.009062922285 0.015036806913 -0.097768564077 0
0.061965745640 0.019145962591 0.369163824814 0
0.000305154103 0.013987615754 -0.145523733645 0
0.061245042064 -0.005613079462 0.327021467482 0
-0.059136070899 0.889809196269 -0.015884644603 0
-0.191376562729 0.783849681440 0.000980745663 0
0.137690412616 0.844047215389 -0.017131399459 0
-0.026269594752 0.796905446143 -0.001279688095 0
0.001603332862 0.668007557611 0.050192753396 0
-0.034924320419 0.467427241506 0.061656828787 0
0.041979053911 0.454787252437 0.064224083913 0
0.016838518519 0.535566666667 0.099943333333 0
-0.238707455154 0.604914159355 0.073922248262 0
0.206748937380 0.673031494459 0.069188226332 0
-0.242002654105 0.469403209665 0.019670778461 0
0.255697471541 0.553815080385 0.075530821925 0
-0.249784930170 0.367773605940 -0.034279449464 0
0.301396003526 0.449491282045 0.071859162769 0
0.000186831377 0.310045998602 -0.181662701556 0
0.092094087294 0.172261601281 0.068317661387 0
-0.009278947979 0.015164472511 -0.097506346875 0
0.062424617265 0.019967910887 0.371882440225 0
0.000261445948 0.013476191901 -0.145209056129 0
0.060462282367 -0.004161166225 0.329415456131 0
-0.057174099056 0.918431503449 -0.013250312449 0
-0.190934983110 0.812488602996 -0.000826510276 0
0.138668816427 0.870637725062 -0.015553427493 0
-0.025722997995 0.824304324718 -0.001949952179 0
0.000961498805 0.693579945049 0.045383488151 0
-0.035935317159 0.490773944739 0.055400288570 0
0.041055234788 0.478665512795 0.057916216341 0
0.015536296296 0.559951851852 0.092187777778 0
-0.229010977365 0.631322176534 0.072026367690 0
0.202966086769 0.697554579804 0.070322181960 0
-0.233666797063 0.494290236618 0.021848000009 0
0.249661807173 0.577374807290 0.075329464106 0
-0.243419239013 0.391465617579 -0.029168433856 0
0.292422619519 0.471863333568 0.070299697162 0
-0.002349265613 0.314529464981 -0.174851536486 0
0.084859775418 0.195510573384 0.073836643966 0
-0.009725434701 0.015278842355 -0.097225700849 0
0.063988156105 0.021032843603 0.372371982674 0
-0.000028111383 0.013111642538 -0.144877385427 0
0.061104458539 -0.003468243320 0.330171403453 0
-0.055045301123 0.946418355945 -0.011257235955 0
-0.190155831913 0.841442895369 -0.002556336478 0
0.140010852359 0.897109861056 -0.013870782330 0
-0.024845238658 0.851848209613 -0.002453280848 0
0.000429505044 0.719545993344 0.041133093933 0
-0.037100488914 0.514528386162 0.049259620086 0
0.039977069635 0.502990100335 0.051790832063 0
0.013985370370 0.584688888889 0.084699259259 0
-0.220041459753 0.658111004552 0.068681745343 0
0.199082756942 0.722054157650 0.071759499921 0
-0.225880291501 0.519188035907 0.024143956621 0
0.242837857991 0.600715038490 0.075083683094 0
-0.236514390088 0.414524271774 -0.022734882626 0
0.283049415723 0.494375295070 0.068100059820 0
-0.005195673893 0.320054136510 -0.166072429191 0
0.079349536704 0.219877223471 0.077205892539 0
-0.010448002014 0.015522430103 -0.096986712207 0
0.067138051930 0.022408484496 0.371250134765 0
-0.000713106057 0.013418183736 -0.144633557073 0
0.064135602460 -0.002304440806 0.329181565990 0
-0.052661190450 0.974383405138 -0.010237519989 0
-0.189010969911 0.870948351917 -0.004088903296 0
0.141701339528 0.923922524003 -0.011833103333 0
-0.023619603121 0.879864265428 -0.002648172732 0
0.000204220580 0.746140683328 0.037280475278 0
-0.037812429922 0.538955551594 0.042928736958 0
0.039350402846 0.528013786323 0.045510232205 0
0.012821703704 0.610033333333 0.077168518519 0
-0.212422466908 0.685955681653 0.065252361477 0
0.195036596175 0.746870582570 0.073457546081 0
-0.218671127293 0.545145637228 0.027163210398 0
0.235521787656 0.624366113372 0.074988949821 0
-0.229423679491 0.438112991466 -0.014348224120 0
0.273308894548 0.517355512782 0.066011181913 0
-0.008041838231 0.326495212520 -0.155011553625 0
0.075408477980 0.245381165837 0.079680900374 0
-0.011221069590 0.015945411131 -0.096517703809 0
0.071730335192 0.025387796813 0.370181718267 0
-0.001352888790 0.013658957186 -0.144128721587 0
0.069235408010 -0.002388068211 0.330034682024 0
-0.049411131331 1.002854542199 -0.010077128503 0
-0.187266502425 0.898902939349 -0.005058989049 0
0.144008864213 0.948656847346 -0.009307195129 0
-0.021807914163 0.906089129839 -0.002286325368 0
0.000489823746 0.771122170846 0.034205163564 0
-0.037654352161 0.562005918501 0.037215534827 0
0.039591992765 0.551703460943 0.039926746661 0
0.012425185185 0.633925925926 0.070498888889 0
-0.205595048469 0.712358054764 0.061601851620 0
0.190802502303 0.769262051318 0.074921048572 0
-0.211967362509 0.569932851956 0.030109741236 0
0.228013248391 0.645714549936 0.074580199850 0
-0.222516121980 0.460555932997 -0.005488877234 0
0.263120833647 0.538000289091 0.063748086288 0
-0.011117210462 0.333227800798 -0.142123237934 0
0.073205548076 0.269386622181 0.078867072274 0
-0.011973675118 0.016155669127 -0.096090885610 0
0.076416685887 0.031164256231 0.365927710938 0
-0.001807190049 0.012754046287 -0.143572349584 0
0.074954568609 0.001941109292 0.326769343318 0
-0.045580287652 1.029415237536 -0.010697662499 0
-0.184753408018 0.925118372527 -0.005871800009 0
0.147174979055 0.970509615108 -0.006091138827 0
-0.019246235487 0.930021283903 -0.001488795544 0
0.001134444315 0.793929682148 0.031816234750 0
-0.037055476195 0.583193678149 0.032361940562 0
0.040269041170 0.573557207443 0.035285389254 0
0.012380666667 0.655859259259 0.064981111111 0
-0.199025419753 0.736885726577 0.056924520929 0
0.187025046980 0.788725122132 0.076570246622 0
-0.205581066285 0.593218098280 0.031746477408 0
0.221517021029 0.664411058351 0.074321208501 0
-0.215434412465 0.482009228335 0.001507315082 0
0.254116682113 0.556131736058 0.061641533226 0
-0.014425104738 0.339963600546 -0.127428666427 0
0.072602844587 0.291072914988 0.074094759015 0
-0.012929646160 0.016295908127 -0.095535443937 0
0.078867903829 0.039331849576 0.355475287703 0
-0.002544869724 0.011794116404 -0.142877900226 0
0.077968056167 0.009750505804 0.316569732401 0
-0.040653313654 1.053681590305 -0.011353278388 0
-0.181275573479 0.948909992536 -0.006439835565 0
0.151247915331 0.989499316306 -0.002256135960 0
-0.015771357447 0.951328334121 -0.000244714368 0
0.002433308306 0.814207372166 0.029948861813 0
-0.036076966986 0.601939006652 0.027425880146 0
0.041322304568 0.593031804669 0.030666809245 0
0.012581518519 0.675262962963 0.059739629630 0
-0.192800575136 0.759315777355 0.052719315462 0
0.184271074012 0.805173946414 0.077744885593 0
-0.199433207342 0.614820495200 0.032859319934 0
0.216088124413 0.680203619387 0.073405119872 0
-0.207723897900 0.502107670342 0.007328753839 0
0.246304063271 0.571482036838 0.058824392346 0
-0.017757438163 0.346070886979 -0.111864976136 0
0.072848694452 0.310148969719 0.067168945348 0
-0.014117551804 0.016333647504 -0.094994346861 0
0.080344260149 0.046622914974 0.336931988875 0
-0.003616113690 0.011074534637 -0.142232884170 0
0.080399395279 0.016325331838 0.298571054647 0
-0.034712723433 1.075263662193 -0.011716215444 0
-0.177220060573 0.969553023954 -0.006934221602 0
0.155766776187 1.005281996249 0.002014199487 0
-0.011785023412 0.969472359857 0.001258177309 0
0.004161418323 0.831443458082 0.028422537555 0
-0.034796728191 0.617903081499 0.022152098689 0
0.042667710816 0.609760162734 0.025818523243 0
0.012955037037 0.691692592593 0.054757407407 0
-0.187739351652 0.779172432618 0.049838766703 0
0.181617836961 0.818240975532 0.078263223550 0
-0.194104867631 0.634217408137 0.033565510068 0
0.210810613085 0.692731557406 0.071636860764 0
-0.200496101722 0.520220598915 0.012318777377 0
0.238872795160 0.583688734691 0.055184251482 0
-0.020912947498 0.351362032768 -0.096039070270 0
0.073731644243 0.326382736711 0.058701405854 0
-0.015420304329 0.016406250484 -0.094442795679 0
0.079015676970 0.050085657132 0.309593813201 0
-0.004881811239 0.010351580137 -0.141577697908 0
0.079087033205 0.024440897532 0.267978322432 0
-0.027960405889 1.093658779123 -0.011619195943 0
-0.172952347351 0.986474612559 -0.008441860047 0
0.160240672287 1.017249205609 0.008056723044 0
-0.007739147850 0.983859137144 0.003118045922 0
0.005737600574 0.845044490308 0.027454285508 0
-0.033177272916 0.630378630670 0.017126792173 0
0.044340507087 0.623333796932 0.021801533545 0
0.013052925926 0.704659259259 0.050792592593 0
-0.184197819244 0.795510484537 0.046191814678 0
0.178445111281 0.827245524990 0.079005536962 0
-0.190093084104 0.650374145666 0.031427439012 0
0.205548815992 0.701407952728 0.070115345834 0
-0.194919662681 0.535473923632 0.013513595471 0
0.231996744948 0.592232226876 0.051864686319 0
-0.023525578806 0.355586389206 -0.080863571012 0
0.075454700605 0.339463415879 0.050059828443 0
-0.016787031329 0.016526298085 -0.093933113073 0
0.077062665393 0.048467824165 0.276171754269 0
-0.006309025518 0.009597188012 -0.140960942128 0
0.076584452191 0.027125490767 0.232196943572 0
-0.020758373492 1.108196184317 -0.011491948125 0
-0.168269229250 0.999575299945 -0.009981172750 0
0.164857022441 1.025564962717 0.014273827161 0
-0.003397307655 0.994532976847 0.005108488432 0
0.007667720466 0.855118239226 0.027094525679 0
-0.030814108108 0.639410084563 0.012674911097 0
0.046700298656 0.633645975079 0.018902341691 0
0.013441666667 0.714229629630 0.047770370370 0
-0.181711349355 0.807938543628 0.041722408157 0
0.175658156951 0.833001266439 0.079612122313 0
-0.186788432119 0.662833503305 0.026358544676 0
0.201225454892 0.707050935438 0.068141799879 0
-0.190217938773 0.547713233877 0.008991307792 0
0.226889766964 0.598033034458 0.047887932892 0
-0.025398931235 0.358712421601 -0.067234664751 0
0.078548818500 0.349283956347 0.040649332163 0
-0.018131499217 0.016625338621 -0.093474100963 0
0.074253609531 0.045072821591 0.236112589371 0
-0.007773251619 0.009039829554 -0.140427105517 0
0.072557340639 0.027700419347 0.190452648825 0
-0.013148964489 1.118883846367 -0.011164091586 0
-0.162782235415 1.009939121512 -0.010836770832 0
0.170132208471 1.029549534420 0.021104924724 0
0.001608024484 1.001685544926 0.007699527369 0
0.009873704990 0.861686491600 0.027033885865 0
-0.028000706465 0.645074107730 0.008542453503 0
0.049478084848 0.640613778593 0.016133992629 0
0.014290111111 0.720366666667 0.045021851852 0
-0.179312596682 0.817766365292 0.037896956366 0
0.174401127187 0.834952902624 0.080941883800 0
-0.183257472069 0.672915752951 0.020007410246 0
0.198684248054 0.709035171211 0.066666175181 0
-0.185355956718 0.558087369218 0.000643821811 0
0.224196730739 0.600499679659 0.044017351370 0
-0.026701369414 0.360706216865 -0.057330582053 0
0.082378816738 0.355958904510 0.031566491141 0
-0.019284018686 0.016620494632 -0.093210513267 0
0.075015597993 0.041160755136 0.192650768948 0
-0.008998873507 0.008167906747 -0.140031314461 0
0.073169481878 0.031677980543 0.144732330954 0
-0.004945261199 1.125785339256 -0.010727936674 0
-0.156715934294 1.016742397675 -0.010676593470 0
0.175774423662 1.029346552622 0.028415148642 0
0.007074577414 1.004978460053 0.011006383106 0
0.012477073542 0.864463161878 0.027357714988 0
-0.025338318050 0.647175841860 0.004795356540 0
0.052148111920 0.643795706446 0.012852462778 0
0.015589703704 0.722740740741 0.042252962963 0
-0.177276288720 0.824326390220 0.035496441347 0
0.174714476868 0.833392961596 0.083801077550 0
-0.179797818903 0.680051103589 0.013234784833 0
0.197784204845 0.707675491530 0.066147571631 0
-0.180558218081 0.565782584933 -0.009355535127 0
0.223133658322 0.599727938295 0.040807632932 0
-0.027982866092 0.361377837378 -0.054522005542 0
0.085978316564 0.359053149011 0.024086818459 0
-0.019962240486 0.016115584000 -0.093417126415 0
0.082334346271 0.036493872655 0.148900070757 0
-0.009626711221 0.006193329249 -0.139937482962 0
0.081339721698 0.036452487465 0.100027615654 0
0.003997402265 1.128741392551 -0.009302352646 0
-0.150198586005 1.020154874744 -0.009031985914 0
0.181890139233 1.026155440578 0.034762293811 0
0.013041968856 1.005103876124 0.014671644955 0
0.015826867356 0.864259121339 0.028643919907 0
-0.022649992567 0.646689301584 0.002747391470 0
0.054892307241 0.644035948586 0.010534596623 0
0.017598629630 0.722259259259 0.040924074074 0
-0.176062167288 0.827805751482 0.034688572028 0
0.176004829420 0.829402014421 0.086915787158 0
-0.176630710147 0.684640733306 0.006039800199 0
0.197764866638 0.704029008694 0.065541711381 0
-0.175968891611 0.571463838447 -0.021533297197 0
0.222779419022 0.596762334037 0.037268387050 0
-0.030498641987 0.361246851718 -0.057808772228 0
0.089465521081 0.359263657469 0.018180026984 0
-0.020417702580 0.014651395680 -0.094470126386 0
0.091269787695 0.032468575969 0.108656094962 0
-0.010002941671 0.002081750348 -0.140328109870 0
0.090012355576 0.039998938778 0.060373382124 0
0.013476770242 1.128536485003 -0.007032572061 0
-0.143358291907 1.021896776348 -0.006563172290 0
0.188431823943 1.021556560218 0.039827240886 0
0.019393671078 1.003716061183 0.018279000879 0
0.019650007462 0.862735756576 0.031081655052 0
-0.020358970810 0.645387099064 0.002893294990 0
0.057257632929 0.642895297115 0.009960320733 0
0.019979111111 0.720588888889 0.041697407407 0
-0.174308046720 0.829550917754 0.033732988843 0
0.177924631358 0.824146089557 0.088666153873 0
-0.173790726418 0.688042565093 -0.002217203151 0
0.198361711727 0.699203231536 0.063759350072 0
-0.172248897330 0.576797851300 -0.036475869448 0
0.222916942556 0.592720167684 0.032495360162 0
-0.035548265736 0.361215545083 -0.062082513374 0
0.092138342728 0.358066365067 0.012158743073 0
-0.021187665782 0.012018566638 -0.095979669459 0
0.098916966274 0.027720023286 0.073659741357 0
-0.010825463166 -0.004756114821 -0.140484193911 0
0.096310614254 0.038755424164 0.026110454136 0
0.022959390641 1.126663941218 -0.004979379272 0
-0.136626908916 1.022921693335 -0.003788617925 0
0.194938766024 1.016509511223 0.043750358501 0
0.025686336036 1.001758693594 0.021557217676 0
0.023633086916 0.860741345904 0.033713081463 0
-0.019018746365 0.644270586176 0.003505031387 0
0.058658490714 0.640909289387 0.009457982704 0
0.022603407407 0.718492592593 0.042835925926 0
-0.171479576881 0.830326538043 0.031862398012 0
0.180203534213 0.818623740755 0.089473757696 0
-0.171623528496 0.690910611994 -0.011502064848 0
0.199043248274 0.694025665604 0.061740641340 0
-0.170304270835 0.582511775725 -0.053357899834 0
0.222688414688 0.588142229076 0.028014017211 0
-0.041553746632 0.361352605978 -0.064727165474 0
0.094057406904 0.356163061925 0.005518415839 0
-0.022605836989 0.008376204127 -0.097032832784 0
0.103907860359 0.022337816476 0.045836396432 0
-0.012541486932 -0.013657919035 -0.139253966735 0
0.099423408619 0.034776741251 -0.001223891514 0
0.032071564088 1.124395600653 -0.002345965142 0
-0.129387913348 1.022999952308 -0.000434327110 0
0.202061177210 1.010617399719 0.046736001666 0
0.032545369351 0.998917669063 0.024735675182 0
0.028187355061 0.857945936956 0.036724558769 0
-0.018344874280 0.642907147099 0.004801706166 0
0.059344765362 0.637954264415 0.009304810775 0
0.025403666667 0.715644444444 0.044595925926 0
-0.167437921902 0.830090503812 0.029843367208 0
0.183584743278 0.812277829932 0.089003848670 0
-0.169271771557 0.693349350672 -0.021301445148 0
0.200315578214 0.687760706795 0.059604765213 0
-0.169291209343 0.588704944330 -0.071139552320 0
0.222494692593 0.582130715148 0.024302263754 0
-0.047787159967 0.361279099167 -0.066084377633 0
0.094714796718 0.353272165585 0.001950832503 0
-0.023993880530 0.004447972139 -0.096781501974 0
0.106108849590 0.016221835695 0.031761519872 0
-0.014242912200 -0.021820609402 -0.136584744534 0
0.099823929817 0.026841591258 -0.015537829318 0
0.040692012780 1.121325149645 0.000425809443 0
-0.121382744867 1.022739529905 0.004354086898 0
0.210146333552 1.004501087973 0.048993716775 0
0.040280846871 0.995805089227 0.028339341511 0
0.033484910463 0.854952665022 0.040475129632 0
-0.017786076981 0.641473652064 0.007005950196 0
0.059861665280 0.634914089561 0.009885076349 0
0.028181074074 0.712659259259 0.047104074074 0
-0.162571755347 0.829737544663 0.029499590508 0
0.188517591244 0.805952849847 0.088709319346 0
-0.166901544220 0.696343252950 -0.029699342458 0
0.202315856201 0.681288797729 0.058423631410 0
-0.169626758390 0.596060169866 -0.087168147602 0
0.222331867616 0.575592801728 0.022212275645 0
-0.052263674093 0.361099920938 -0.066532533857 0
0.094017498364 0.350115066441 0.001404922760 0
-0.024887367562 0.001590616720 -0.096077433473 0
0.107411166019 0.010244822906 0.028192914024 0
-0.015343611114 -0.027078694628 -0.134240310428 0
0.100830724123 0.016072700135 -0.019892858196 0
0.048945852468 1.117991086547 0.002893994588 0
-0.112538412067 1.023264827673 0.010817350114 0
0.219311584838 0.999354946849 0.050069920860 0
0.048998490239 0.993579728548 0.032276555845 0
0.039607332689 0.852936238675 0.044927095499 0
-0.016765758433 0.640605041497 0.010672108163 0
0.060826164627 0.632971388335 0.011979747666 0
0.030934962963 0.710766666667 0.050549629630 0
-0.156566964575 0.830363761349 0.031535999158 0
0.194054802517 0.800985103967 0.088515139370 0
-0.164341555287 0.700974580148 -0.035659933196 0
0.204241941440 0.675964840403 0.058267878354 0
-0.171011341329 0.605337040542 -0.099910716127 0
0.221426581726 0.569836674154 0.021986640443 0
-0.052796588802 0.361274673829 -0.066024485023 0
0.093235155607 0.348040464538 0.001347557107 0
-0.025949658992 0.000219537989 -0.096518466501 0
0.107790410698 0.007815049730 0.027881800504 0
-0.016855907459 -0.029981024713 -0.133594706511 0
0.101477084321 0.013999472103 -0.020195248995 0
0.057926161357 1.115687770640 0.005785306908 0
-0.102915524209 1.023614250518 0.020198332922 0
0.229696850335 0.994660348988 0.047902972303 0
0.058791675113 0.991491574186 0.036160437409 0
0.046914519553 0.851159287249 0.050038234017 0
-0.015590585064 0.640066802676 0.016842987922 0
0.061914678652 0.631515898631 0.016290500705 0
0.033849592593 0.709348148148 0.056136666667 0
-0.149800954634 0.831187679269 0.038969809549 0
0.201189215163 0.796703578589 0.086203967517 0
-0.161274410168 0.706342878426 -0.035859551788 0
0.207222323905 0.671165633636 0.057005219669 0
-0.172370531399 0.615509462791 -0.105965393325 0
0.220821915960 0.564238711733 0.021561877437 0
-0.049862215389 0.361604599836 -0.063719406464 0
0.093561810139 0.346701124513 0.001190135771 0
-0.026085268353 0.001548035845 -0.097491262955 0
0.107733846588 0.007759008438 0.028355091611 0
-0.017226578346 -0.027627361589 -0.135435138268 0
0.101795096132 0.018430742411 -0.018977277817 0
0.067777642258 1.113520885300 0.008894865364 0
-0.092377241257 1.025697334898 0.028699820616 0
0.240233727998 0.989217525580 0.045314085586 0
0.068999393501 0.989939527359 0.039415901110 0
0.054000671193 0.850082709493 0.054971208743 0
-0.014385119128 0.640321803251 0.024318472788 0
0.062972921968 0.630907300192 0.021563528919 0
0.036907629630 0.708781481481 0.062666296296 0
-0.142184446767 0.834096559466 0.048371688257 0
0.209911117352 0.791170914987 0.081709329243 0
-0.157241123308 0.713861430821 -0.033078346297 0
0.211743003674 0.664973995184 0.054881684460 0
-0.172785727392 0.627979429810 -0.108100451650 0
0.221089547495 0.557043107879 0.021085286038 0
-0.045644130277 0.362319532845 -0.059010119642 0
0.094162769356 0.346383096709 0.001016301343 0
-0.025348804221 0.004776470347 -0.097666620881 0
0.107757275238 0.008497944667 0.028832291801 0
-0.016462701662 -0.021000341737 -0.137990447806 0
0.101889271743 0.021555109866 -0.017907250672 0
0.078040072205 1.112028497359 0.012111360571 0
-0.081083150243 1.028707089351 0.035920543838 0
0.250786544910 0.983356587578 0.042455418359 0
0.079532612931 0.988679398524 0.041940013454 0
0.061005456013 0.849494709736 0.059566327608 0
-0.013167610466 0.641104655546 0.032025115664 0
0.063976379589 0.630906271485 0.026996510817 0
0.039921111111 0.708855555556 0.069168518519 0
-0.133161180447 0.838008514177 0.058293059119 0
0.219994996346 0.785102354897 0.077293245585 0
-0.151722618247 0.721491432236 -0.027710082919 0
0.218113927396 0.658406002383 0.052936793888 0
-0.171248286717 0.640488285871 -0.106512934942 0
0.223090515658 0.549631249605 0.020809172338 0
-0.041519077769 0.363460470392 -0.053508171407 0
0.094395459198 0.346651494123 0.002038172504 0
-0.024279367521 0.008597458363 -0.097434442704 0
0.107877149283 0.008429970503 0.029179378339 0
-0.015330501513 -0.013191236163 -0.140032429345 0
0.101705169003 0.020956161543 -0.017666209031 0
0.088069342404 1.110962384169 0.014914848294 0
-0.071030252859 1.032421745501 0.040374427888 0
0.259468579184 0.977592411636 0.041439004213 0
0.088459740788 0.987866663578 0.044070375435 0
0.066483718882 0.849545056316 0.064287345721 0
-0.011756265540 0.642262973890 0.039278575456 0
0.065131943774 0.631403946429 0.032152994999 0
0.042907037037 0.709411111111 0.075212962963 0
-0.124738247626 0.842756186379 0.067226322128 0
0.229287402274 0.778789009447 0.073576805676 0
-0.146002571791 0.728404091560 -0.021027429780 0
0.224485260037 0.651772293548 0.051385946927 0
-0.168027619544 0.650662615813 -0.101910988681 0
0.225354638837 0.542322514718 0.020915363494 0
-0.038150496080 0.364986269438 -0.048054214533 0
0.094271058641 0.347269194625 0.004451509291 0
-0.023787477910 0.013347080304 -0.096029502731 0
0.107988522194 0.008330892050 0.029873042786 0
-0.015035689949 -0.003408960210 -0.140885485515 0
0.101378347383 0.019600265927 -0.017231252771 0
0.097612257414 1.110234409346 0.017268491409 0
-0.062537726617 1.035912806757 0.044847854977 0
0.266582155654 0.973379446617 0.042288730007 0
0.095905648680 0.987672355798 0.046952407887 0
0.071214158298 0.850020218675 0.068565829648 0
-0.010063431212 0.643655911601 0.045491065714 0
0.066562171806 0.632188012165 0.036688034960 0
0.045908518519 0.710270370370 0.080389259259 0
-0.118307883745 0.847674603324 0.077014073057 0
0.237802535392 0.773841908371 0.070977381643 0
-0.140814829941 0.734047642516 -0.011865896273 0
0.231419204755 0.646696367610 0.049953455877 0
-0.163434595003 0.657459535197 -0.093500959743 0
0.228684007365 0.536732342989 0.020879665703 0
-0.035535449609 0.366671059651 -0.043033566530 0
0.094310004450 0.348058169390 0.007545150130 0
-0.024927293271 0.018739792966 -0.092122594078 0
0.108156382820 0.008155380713 0.030503841039 0
-0.017081914839 0.007776350403 -0.138895137757 0
0.101186415551 0.017675250879 -0.016933480627 0
0.106212987896 1.109975549732 0.020095430529 0
-0.055957525930 1.038400767105 0.049337307373 0
0.272298151183 0.971601970887 0.044541640132 0
0.101862416233 0.988126859156 0.050465785366 0
0.075545606825 0.850895536886 0.072734214563 0
-0.008139993271 0.645192891706 0.049963752047 0
0.068291497474 0.633289913698 0.040113095078 0
0.048687777778 0.711414814815 0.084220000000 0
-0.114358651416 0.851879611252 0.086455553624 0
0.245193036322 0.771218304309 0.068588123486 0
-0.137179026676 0.737740067051 -0.001684634259 0
0.238334477152 0.644042534099 0.047899369597 0
-0.159071235041 0.660683600244 -0.083096726272 0
0.233544458195 0.533861210965 0.019548760380 0
-0.032979897159 0.368153222642 -0.038568972890 0
0.094974083240 0.349065408132 0.010898585648 0
-0.028502438103 0.023702140996 -0.084436162297 0
0.108415632985 0.008059609911 0.030944360731 0
-0.022501174957 0.018467731953 -0.132457029432 0
0.101281230078 0.016400352495 -0.016690082342 0
0.112740415978 1.110512362403 0.024085385538 0
-0.051097896480 1.040383403900 0.053725794732 0
0.276726193951 0.971564998731 0.048046006003 0
0.106414286703 0.989146376079 0.054469135861 0
0.079241480505 0.852097580952 0.076680284406 0
-0.006014864094 0.646768554610 0.052980391014 0
0.070288312930 0.634586655454 0.042496326210 0
0.051341481481 0.712725925926 0.086864074074 0
-0.112222470527 0.855624766390 0.095037167939 0
0.250206448466 0.770610633016 0.067554477079 0
-0.134962857275 0.739604739297 0.009366134786 0
0.244209224757 0.643517367882 0.046105090950 0
-0.155293166143 0.659947871338 -0.070281848528 0
0.240365068641 0.533363119604 0.017376720949 0
-0.030652964802 0.369031764462 -0.033398320696 0
0.096075285272 0.350178467683 0.014282281929 0
-0.034380788732 0.026441588071 -0.070333557604 0
0.108704798089 0.008031904794 0.031036205781 0
-0.030718242885 0.021724051598 -0.118642443798 0
0.101646705235 0.016544129459 -0.016579266653 0
0.116971207862 1.111948273470 0.029691322409 0
-0.047832854739 1.042220982625 0.058179297062 0
0.279817636103 0.972581524973 0.052489925779 0
0.109549290942 0.990585546360 0.058897189407 0
0.082041302556 0.853525850749 0.080431099616 0
-0.003711666775 0.648252207214 0.054888983300 0
0.072529046040 0.635950612283 0.044094837783 0
0.053889259259 0.714077777778 0.088613703704 0
-0.111111612786 0.859080435457 0.103278476726 0
0.253587572459 0.771226086531 0.067803501967 0
-0.133836604575 0.740424302482 0.021293144788 0
0.249361149695 0.644420687121 0.044324385055 0
-0.152237172417 0.657005378397 -0.055398345778 0
0.248189225209 0.534658298441 0.013955324736 0
-0.028892491857 0.369218830071 -0.027039906193 0
0.097483424229 0.351302823297 0.017600824445 0
-0.041024683620 0.027920656213 -0.049650264353 0
0.109101247407 0.007890008788 0.031254629528 0
-0.039640208598 0.022279710278 -0.097979146356 0
0.102073154351 0.015982440456 -0.016438413112 0
0.120262824646 1.113701091193 0.035661366449 0
-0.046227020345 1.043658356961 0.062940166811 0
0.281452854931 0.974116172544 0.057777698145 0
0.111162548134 0.992047601892 0.063792881416 0
0.083777854557 0.854774742237 0.083910417334 0
-0.001307690865 0.649236545123 0.055946862902 0
0.074940483016 0.637008833207 0.045121515473 0
0.056246296296 0.715085185185 0.089706666667 0
-0.110336396940 0.861639146753 0.111288819234 0
0.255611057549 0.772444852197 0.069065501375 0
-0.133109916675 0.739941649408 0.033904171296 0
0.253429667049 0.646160882124 0.042677221054 0
-0.150158449577 0.652132402289 -0.038636453735 0
0.255304423330 0.537224986648 0.009703077112 0
-0.028082555890 0.368799278881 -0.020499776991 0
0.099578934937 0.352195904969 0.020150330010 0
-0.047491359821 0.028460271914 -0.024829263334 0
0.109592377254 0.007477731357 0.031316316402 0
-0.048022137150 0.022347062361 -0.073117614126 0
0.102658373351 0.015146680255 -0.016460400430 0
0.121864611957 1.115445751611 0.042005741606 0
-0.045700290266 1.044866637112 0.067707119093 0
0.282211703149 0.976352900829 0.063650066902 0
0.111834857085 0.993707647768 0.068851053434 0
0.084917009710 0.856053841985 0.086809364147 0
0.001274127228 0.650030071922 0.056344446051 0
0.077601385056 0.638141962146 0.045699650887 0
0.058459629630 0.716077777778 0.090340740741 0
-0.108583581267 0.863117475649 0.118614203705 0
0.257323062348 0.774389431420 0.071255790252 0
-0.131308353816 0.738128126259 0.046652095277 0
0.257464175830 0.648884239690 0.041303030181 0
-0.147783203821 0.645435116141 -0.020425681350 0
0.262660521084 0.541219410498 0.005028021174 0
-0.028045338219 0.368557823389 -0.015208224735 0
0.102533726945 0.353203505044 0.022516219289 0
-0.053538339970 0.029515050013 0.000285920820 0
0.110196353811 0.006816115718 0.031451746321 0
-0.055872298244 0.021786592823 -0.047716594385 0
0.103354675069 0.013394835567 -0.016500518857 0
0.122125317472 1.117465186035 0.048894471520 0
-0.045838716886 1.045377484219 0.072404016934 0
0.282444585546 0.978590042012 0.069878533832 0
0.111945150514 0.995003365873 0.074008016958 0
0.085726405770 0.856927284746 0.089507489908 0
0.004093608180 0.650186901059 0.056191935861 0
0.080574079513 0.638971261452 0.045923730634 0
0.060532962963 0.716674074074 0.090576296296 0
-0.106895617247 0.863468403327 0.124937229767 0
0.259915223274 0.776250293284 0.074072382282 0
-0.129506792717 0.735268313118 0.058825434966 0
0.262645234432 0.651772198263 0.040212497476 0
-0.145737517501 0.638080560086 -0.002274473394 0
0.271102661166 0.545729838376 0.000308219324 0
-0.028402674777 0.367686203331 -0.009712463251 0
0.106202798059 0.353978146888 0.024218640328 0
-0.058323997365 0.031426378101 0.025483785704 0
0.110825067426 0.005734425495 0.031593960710 0
-0.061804100726 0.022088039275 -0.022161803665 0
0.103932929680 0.010384790657 -0.016576366253 0
0.121394334775 1.119213842121 0.056452144216 0
-0.046556965959 1.045284777684 0.075849585758 0
0.282187514262 0.980758323351 0.075329419956 0
0.111549990502 0.995963268665 0.078184643294 0
0.086328983356 0.857486353398 0.091445479194 0
0.007485929715 0.649844737065 0.055101455516 0
0.084159845428 0.639550509449 0.045322466156 0
0.062907407407 0.716929629630 0.089977037037 0
-0.105610803980 0.862835650568 0.128798216268 0
0.262651755138 0.778075364355 0.077452317227 0
-0.128291421069 0.731668803579 0.068813671118 0
0.267978456363 0.654904643098 0.039382111304 0
-0.144422159890 0.630595045250 0.013853882948 0
0.279238683928 0.550735340697 -0.004338505796 0
-0.028778317604 0.366409633360 -0.004526464111 0
0.110565190794 0.354532025264 0.024920532001 0
-0.062357578876 0.034307755854 0.046789993644 0
0.111551034865 0.004175725508 0.031991024204 0
-0.066258324097 0.027687345712 -0.001276337962 0
0.104413287888 0.005276182207 -0.016355117542 0
0.119791587208 1.120712747108 0.063970885701 0
-0.048438850385 1.043339953356 0.078247280441 0
0.281046357899 0.982749654109 0.080523311246 0
0.110218715882 0.995894870264 0.081798925663 0
0.086611948827 0.857020477492 0.093309867746 0
0.010997753753 0.648465659428 0.053418803783 0
0.087883763205 0.639198469072 0.044300150414 0
0.065222222222 0.716203703704 0.088908148148 0
-0.104775836300 0.859969276922 0.130972381535 0
0.264763901896 0.779770904854 0.081544791434 0
-0.127914573516 0.725948490083 0.077865646248 0
0.272398913997 0.658056233014 0.039402340758 0
-0.144098375133 0.621659500153 0.029060768597 0
0.286170172627 0.555814651179 -0.007837219022 0
-0.028742797059 0.364112896333 0.000785761062 0
0.116034418399 0.354393405462 0.023261284888 0
-0.065076792335 0.035894232854 0.061619348389 0
0.112216102073 0.001834948615 0.032334220285 0
-0.068727589112 0.033215921186 0.013153729572 0
0.104820693188 -0.001159445975 -0.015892840449 0
0.117164307779 1.121063865057 0.070588566560 0
-0.051415468859 1.040556414824 0.079128259638 0
0.278817597108 0.984597491817 0.086310754681 0
0.107822124189 0.995335228841 0.084985453993 0
0.086064231936 0.856104484516 0.095093764465 0
0.014276977057 0.646594903114 0.051511855780 0
0.091417717214 0.638443800845 0.043552280067 0
0.066976296296 0.715077777778 0.087858888889 0
-0.103686940859 0.855729085487 0.130946680960 0
0.266131435240 0.781360052380 0.086683518555 0
-0.127869233799 0.719088393640 0.085539238425 0
0.275686046377 0.661082103753 0.040959724093 0
-0.144938307976 0.612239309200 0.042911207425 0
0.291892068855 0.560819138762 -0.009394146209 0
-0.028013684280 0.361177872389 0.007300307728 0
0.122484412513 0.354092400338 0.020570570359 0
-0.064204553896 0.035810135190 0.070814280443 0
0.112969689596 -0.001439006162 0.032894034184 0
-0.066738672436 0.032226647273 0.022335885922 0
0.105295398374 -0.009710708468 -0.014668472623 0
0.113595715560 1.120777613076 0.075877939622 0
-0.054986811446 1.037169880847 0.079120099942 0
0.275816611252 0.985853101186 0.092255959787 0
0.104739195485 0.994186053681 0.087830251450 0
0.084799539720 0.854665143114 0.096809576634 0
0.016857571832 0.644423602072 0.049467712314 0
0.094233208249 0.637339931907 0.042885796805 0
0.067955555556 0.713518518519 0.086925925926 0
-0.102279648851 0.850411232855 0.128750656796 0
0.266710015305 0.782424110986 0.092756260589 0
-0.128064863223 0.711683444307 0.091240375516 0
0.278183199240 0.663239335186 0.044671999464 0
-0.146598678222 0.602872274414 0.054642068828 0
0.296680271349 0.564840156870 -0.008134969222 0
-0.026619059221 0.357819180075 0.015207964954 0
0.129046589314 0.353639138560 0.017372940010 0
-0.061081247513 0.034776940377 0.074927542222 0
0.113710218627 -0.005136099979 0.033675222667 0
-0.061732346340 0.031499310686 0.026365714706 0
0.105846207175 -0.018883528232 -0.012570570643 0
0.109334347607 1.119827663401 0.080215874678 0
-0.058925298348 1.033170922190 0.078899367533 0
0.272282760746 0.986439517156 0.097721283808 0
0.101207653827 0.992402364181 0.090355184087 0
0.083046964406 0.852647633264 0.098362802588 0
0.018995814239 0.641689013412 0.047426692575 0
0.096563715345 0.635895049949 0.041936718884 0
0.068411111111 0.711470370370 0.085857407407 0
-0.100688991951 0.844213071756 0.125043943587 0
0.267266966664 0.782869864291 0.098600309582 0
-0.128247491966 0.704040403254 0.094886856866 0
0.280821916861 0.664181479325 0.049834835121 0
-0.148322876574 0.593889017227 0.063636825203 0
0.301513968460 0.567137341369 -0.004232666322 0
-0.024673174268 0.354082010358 0.023317074533 0
0.134335092936 0.352818193279 0.013832737654 0
-0.058614622264 0.030488435769 0.070736539862 0
0.113787807959 -0.007593633030 0.034224013035 0
-0.057978538341 0.030001458433 0.022066465606 0
0.105773543401 -0.024911785843 -0.010779997956 0
0.104741610222 1.118180669661 0.083647233398 0
-0.063566097154 1.028772168935 0.079209874855 0
0.268060042081 0.986964377307 0.101861132926 0
0.097011363897 0.990386866720 0.092526068131 0
0.080714942153 0.850425961941 0.099882981733 0
0.019993859579 0.638951284450 0.045974333474 0
0.097703754226 0.634284379902 0.041515479178 0
0.067882962963 0.709274074074 0.085338888889 0
-0.100688119375 0.838198787257 0.122595804661 0
0.266269861498 0.783340915216 0.102764118897 0
-0.129395964318 0.697056133095 0.098681193806 0
0.281960001186 0.664601535239 0.054769118540 0
-0.150746350964 0.585986480578 0.071979524606 0
0.304648461498 0.567720420301 0.001298777612 0
-0.022460841038 0.350522234951 0.031402983314 0
0.137564561296 0.351818035417 0.010324169464 0
-0.056878312800 0.024421499217 0.060179542777 0
0.113030279452 -0.008193431786 0.034190294432 0
-0.056132542597 0.023105527519 0.011526383341 0
0.104851433789 -0.026553095573 -0.010369071450 0
0.099547952954 1.116270799905 0.086683087491 0
-0.068466077238 1.025153706521 0.079864603211 0
0.263539579396 0.987576129004 0.104298939459 0
0.092513156652 0.988819530969 0.094055705009 0
0.077926501960 0.848679410066 0.101281343274 0
0.019787573013 0.636923377663 0.045973158233 0
0.097576332635 0.632857807879 0.042385802026 0
0.066691481481 0.707455555556 0.086141111111 0
-0.101103595946 0.832997081416 0.119729638573 0
0.264038330919 0.783947659948 0.105615101100 0
-0.130838937730 0.691249918181 0.101267543318 0
0.281896843949 0.664894863363 0.059179704714 0
-0.153287291052 0.579474693372 0.078761234849 0
0.306404000233 0.567227147456 0.007699906992 0
-0.020802188323 0.347973787753 0.037809322682 0
0.138127120160 0.350899501225 0.007684729300 0
-0.055879166186 0.019752356396 0.049660273130 0
0.111775065681 -0.006987402871 0.033392237164 0
-0.055932438005 0.018314259677 0.001004883730 0
0.103538334445 -0.023963211188 -0.011701953694 0
0.093817383966 1.114817806095 0.089766073805 0
