-0.072572978087 0.927210966002 -0.199108243675 0
-0.006585307265 0.915188596530 0.063782725224 0
-0.028995474949 0.888555763616 -0.070669751070 0
-0.038877050106 0.766100334336 -0.067147164417 0
0.001220143335 0.579997685434 -0.112612240560 0
0.016523367338 0.590642157624 -0.013734033323 0
-0.028931518519 0.643822222222 -0.065995185185 0
-0.084980243612 0.748741305098 -0.202635338280 0
-0.039480777535 0.748947390432 0.084974136105 0
-0.079212291826 0.637813951682 -0.208938833333 0
-0.006889199106 0.646131915342 0.089669743341 0
-0.066576178079 0.537639863118 -0.223258019189 0
0.033364252874 0.557198070348 0.111084726448 0
0.103497454679 0.331004818031 -0.150711788821 0
0.061095843043 0.321266221637 -0.050705434668 0
-0.011407128277 0.053218787164 -0.125589933889 0
0.052498708853 0.024612162844 -0.066171233585 0
0.029951329045 0.043140840451 -0.127398967614 0
0.096390855650 0.010525488749 -0.068306627453 0
-0.007963469787 1.014205702167 -0.083618032421 0
-0.054841806784 0.926155142858 -0.200137716594 0
0.013078252504 0.914826168074 0.062291495715 0
-0.010366949935 0.887822581616 -0.071910294836 0
-0.020318675560 0.765390545801 -0.068062394788 0
0.020220970696 0.579380459490 -0.113556382217 0
0.034637773555 0.589766068455 -0.014517560328 0
-0.010292074074 0.643118518519 -0.067056296296 0
-0.070808753096 0.747948896980 -0.202459580719 0
-0.017736705012 0.748358781054 0.084794249247 0
-0.068337300054 0.636848257876 -0.207790712312 0
0.018925026548 0.646896091083 0.088858927902 0
-0.059290238728 0.536313057280 -0.222034319427 0
0.062750930889 0.559464213930 0.109567712473 0
0.131208825580 0.333707733446 -0.148717152367 0
0.068280462843 0.318726835823 -0.050889099042 0
0.060424773821 0.042306354681 -0.133378015169 0
0.052826576210 0.024500342980 -0.065991745221 0
0.102790307235 0.037802030659 -0.133859937086 0
0.096596024662 0.010017640538 -0.067992134326 0
0.011831718003 1.013273449803 -0.085517669911 0
-0.037138339196 0.925161373275 -0.201448454031 0
0.032790177249 0.914827937690 0.060493895149 0
0.008243377749 0.887289750261 -0.073401939938 0
-0.001851338871 0.764895592235 -0.069136425100 0
0.038946865161 0.578873885011 -0.114760375679 0
0.052576384811 0.589076481982 -0.015591143916 0
0.008223037037 0.642625925926 -0.068418518519 0
-0.056481290300 0.747279608643 -0.202763197900 0
0.004086537818 0.748161996838 0.084282373612 0
-0.056459201018 0.636121848095 -0.207435759895 0
0.044045500622 0.647930226313 0.087768789925 0
-0.050093616468 0.535401425996 -0.221623660753 0
0.091209441449 0.561967062203 0.107448368921 0
0.154576780601 0.334861380414 -0.146340310241 0
0.073871575741 0.316619633400 -0.050673411520 0
0.132606817040 0.036365680305 -0.139538486614 0
0.053315889900 0.024428615181 -0.065946257279 0
0.175208836000 0.036972073304 -0.139293796713 0
0.097163844928 0.010166878404 -0.067810271348 0
0.031604945279 1.012554861783 -0.087622318061 0
-0.019211748618 0.925511874722 -0.203045756653 0
0.052384701749 0.915701632607 0.058465770897 0
0.026866537476 0.887855730381 -0.075184596882 0
0.016470463633 0.765509720568 -0.070600159107 0
0.057079196068 0.579403264133 -0.116316290131 0
0.070209110633 0.589350737076 -0.017053777343 0
0.026431592593 0.643229629630 -0.070026296296 0
-0.041591087216 0.747982307063 -0.203512991244 0
0.026057824846 0.748836943658 0.083573490797 0
-0.043111028879 0.636820102796 -0.207818240756 0
0.068743879912 0.649718504140 0.086525994833 0
-0.037853902315 0.536092583923 -0.221975682349 0
0.118794423728 0.565228636277 0.105364964829 0
0.175359190365 0.336214655542 -0.144223558213 0
0.076873834265 0.315933101316 -0.050450826774 0
0.199575680826 0.037627466284 -0.144900585244 0
0.053924293179 0.024613819978 -0.065971985295 0
0.241826514867 0.043124181530 -0.144787671657 0
0.097879137970 0.010670536011 -0.067724496651 0
0.051536367664 1.012917842141 -0.089797667549 0
-0.000953544239 0.925750677306 -0.204930757772 0
0.071473301968 0.915964951192 0.056352925434 0
0.045429962643 0.888072730721 -0.077186433184 0
0.034678820042 0.765762933955 -0.072507292541 0
0.074643789497 0.579260867567 -0.117832086340 0
0.087351271076 0.589473659594 -0.018541542428 0
0.044173703704 0.643440740741 -0.071915185185 0
-0.025590828663 0.748519741906 -0.204946592340 0
0.047694462967 0.748986505711 0.083187455885 0
-0.027868700329 0.637369181836 -0.209218049987 0
0.092778773464 0.650924171435 0.085730126352 0
-0.023401482396 0.536603025955 -0.223387369426 0
0.144925906959 0.567561850391 0.104050002832 0
0.195229492744 0.336858275150 -0.142525068603 0
0.080267829663 0.315826823529 -0.049913806698 0
0.260645133922 0.044743874811 -0.148850419606 0
0.055211268410 0.025279549031 -0.066106860550 0
0.301347711787 0.057325508891 -0.149452286792 0
0.099261366785 0.011625940698 -0.067744742448 0
0.071724738346 1.012880755831 -0.091896014343 0
0.017417792114 0.924469921083 -0.207339835729 0
0.090425155823 0.914873377298 0.053789256462 0
0.063961557247 0.886843520911 -0.079638615017 0
0.052770516344 0.764582629332 -0.074786283210 0
0.091680832471 0.577501756300 -0.119580054135 0
0.104122308409 0.588107620663 -0.020297031231 0
0.061659259259 0.642207407407 -0.074107777778 0
-0.007322535825 0.747253467523 -0.207552575214 0
0.069394618633 0.747759972669 0.082040857526 0
-0.010285294432 0.636119049659 -0.211823907689 0
0.116320887401 0.650565627666 0.084583735596 0
-0.006373951339 0.535265906121 -0.225729072400 0
0.170201188355 0.568236068498 0.102667600923 0
0.214399063511 0.335900092337 -0.141455697032 0
0.086078875119 0.314751547285 -0.049756777645 0
0.311223778129 0.053576413952 -0.151066550342 0
0.056622080205 0.025745737018 -0.066230369010 0
0.348964699965 0.073292392666 -0.152570746931 0
0.100868770877 0.012719965485 -0.067670676269 0
0.092062453838 1.011373507745 -0.094167276098 0
0.035941881849 0.921846480233 -0.210272640816 0
0.110107315939 0.912933277745 0.050554149994 0
0.082794142181 0.884470678944 -0.082610645635 0
0.070754946032 0.762322270472 -0.077261005436 0
0.108656389359 0.574740661805 -0.121528253541 0
0.120737676062 0.585715409566 -0.022240838716 0
0.078954074074 0.639900000000 -0.076496296296 0
0.011220104243 0.744629356220 -0.211124207635 0
0.091703197232 0.745793712887 0.080436933292 0
0.008640208602 0.633508395958 -0.215957155245 0
0.140144557217 0.649350148060 0.083148957647 0
0.012035894671 0.532475624929 -0.229719685465 0
0.195547301609 0.568000181660 0.101116348137 0
0.234341286263 0.334432172168 -0.140628214520 0
0.093339086413 0.312936799063 -0.049775034437 0
0.347010635530 0.060612299234 -0.150877206554 0
0.058367153087 0.025781008260 -0.066337933797 0
0.381772626972 0.085171366026 -0.152830612384 0
0.102884183188 0.013676003705 -0.067441446447 0
0.112913995624 1.008665699840 -0.096643866853 0
0.055316799544 0.918403225659 -0.213720345988 0
0.130809720521 0.909919467480 0.046739663085 0
0.102337779936 0.881087990003 -0.086102673133 0
0.088684523197 0.759154894030 -0.080063706842 0
0.125999045558 0.571623122099 -0.124019854149 0
0.137620270959 0.582549650678 -0.024672225024 0
0.095984814815 0.636700000000 -0.079075555556 0
0.031018542801 0.741131761068 -0.215211338343 0
0.115151032256 0.742811095266 0.078313764530 0
0.029090221660 0.630023776955 -0.220613050815 0
0.164603238121 0.646891226796 0.081336974332 0
0.032624403899 0.528965622028 -0.234609095417 0
0.221287185913 0.566483095757 0.099327241412 0
0.253042866117 0.331827770443 -0.140382280402 0
0.103799200253 0.310321731687 -0.050461375729 0
0.368662513747 0.059860339436 -0.146732475978 0
0.060297373468 0.025936029271 -0.066524026620 0
0.401298115654 0.087203930777 -0.148346509975 0
0.105214507983 0.015377564306 -0.067220222717 0
0.134717922630 1.004863855896 -0.099523561283 0
0.075900194199 0.914959732492 -0.217692467555 0
0.151671909872 0.906201929188 0.042677499189 0
0.122425518093 0.877325745281 -0.089986762604 0
0.106584293229 0.755697431300 -0.083328898167 0
0.143332369449 0.568714986843 -0.127272465740 0
0.154502323189 0.578945067132 -0.027798997367 0
0.112678888889 0.633218518519 -0.081934814815 0
0.051609515785 0.737697940949 -0.220146178680 0
0.138299234205 0.739234389949 0.075999246595 0
0.051083836190 0.626632166867 -0.226626806903 0
0.188634841769 0.643791446856 0.079499654383 0
0.056303509602 0.525723123066 -0.241244048116 0
0.246482826624 0.564294404323 0.097622228620 0
0.271330340986 0.329238245879 -0.140579675477 0
0.118218078480 0.306845564673 -0.051511849240 0
0.381565570161 0.051427056511 -0.141874627773 0
0.061887985346 0.026672863502 -0.066604301118 0
0.416542677481 0.075731725086 -0.142990268449 0
0.107098662414 0.017439472783 -0.067108304443 0
0.157864741824 1.000397077159 -0.102782094047 0
0.097628623290 0.912235662642 -0.222100042217 0
0.171442489628 0.902230652290 0.038786876774 0
0.142537328582 0.873812710521 -0.094051009526 0
0.124280897384 0.752529087255 -0.087175889350 0
0.159807461226 0.566133508807 -0.131039348624 0
0.170572057341 0.575392249087 -0.031426134047 0
0.128685925926 0.630022222222 -0.085153333333 0
0.072749333235 0.735072787221 -0.225583861453 0
0.160195108367 0.735344936055 0.073282972141 0
0.074068939999 0.624102785375 -0.233445056130 0
0.211337559101 0.640368587959 0.077667566204 0
0.080884681077 0.523431663472 -0.249161631455 0
0.270013771444 0.561538484114 0.096214645678 0
0.288738698281 0.327009127560 -0.141331987536 0
0.139760264496 0.302369833070 -0.052075075191 0
0.386907864920 0.040676801448 -0.139208115096 0
0.064833240046 0.028052582986 -0.066444579840 0
0.426474782705 0.056467810100 -0.139888311992 0
0.110661285464 0.022642078001 -0.066622156418 0
0.181308720106 0.996025620741 -0.105675722046 0
0.120417629422 0.911079862901 -0.226340474607 0
0.190580710692 0.898853397223 0.035457591009 0
0.162766364702 0.871377003051 -0.097810566127 0
0.141461273567 0.750554820591 -0.091166386046 0
0.174808135957 0.564757815971 -0.134970591326 0
0.185267472080 0.573190236496 -0.035251536520 0
0.143161111111 0.628029629630 -0.088591851852 0
0.094732585565 0.734068353527 -0.231340931435 0
0.181446054921 0.732041591727 0.070921742984 0
0.098084314483 0.623237269261 -0.240457823846 0
0.232922123705 0.637287541591 0.076133839965 0
0.107440771571 0.522857007857 -0.256759438028 0
0.291867235601 0.558771464383 0.095274248277 0
0.303931184200 0.325643728559 -0.142804085109 0
0.172250820039 0.298443834512 -0.051436911492 0
0.389936864080 0.032805339285 -0.139264337951 0
0.069639890594 0.031161392426 -0.066518691322 0
0.431111510982 0.043695160854 -0.140455909927 0
0.115657713059 0.027716627787 -0.066426731650 0
0.205096290381 0.992530986570 -0.108191516499 0
0.144029643821 0.910677903394 -0.230204689273 0
0.209147145165 0.895342544856 0.032730872023 0
0.182965463571 0.869242936991 -0.101143404089 0
0.157744612376 0.749100093471 -0.095153057285 0
0.187530765503 0.564112220243 -0.139248212195 0
0.197473295427 0.571440345674 -0.039389121493 0
0.155264444444 0.626633333333 -0.092281851852 0
0.117020043807 0.733963330476 -0.237966243423 0
0.201544240652 0.728708271051 0.069371574812 0
0.123533454412 0.623245017797 -0.246736179191 0
0.252839051321 0.633872672377 0.074879137991 0
0.136503306486 0.523271239807 -0.262680370879 0
0.311896986324 0.555658179010 0.094397042875 0
0.316372808502 0.324802471053 -0.145592020942 0
0.216030243469 0.296706988811 -0.049095166146 0
0.392700364138 0.028754305385 -0.139719065162 0
0.079336383168 0.037601335929 -0.066875381631 0
0.434100115688 0.038695064481 -0.141331977218 0
0.124531686618 0.028281425229 -0.066678772885 0
0.229435757039 0.988975900267 -0.110086343596 0
0.167786840385 0.909994316007 -0.233402855845 0
0.228148057195 0.890670865937 0.030403321830 0
0.203140506721 0.866369204174 -0.104032698050 0
0.172977557396 0.747292171490 -0.098939072893 0
0.197848815278 0.563577759603 -0.144419032294 0
0.207370066306 0.568880451765 -0.044390933471 0
0.165295925926 0.625081481481 -0.096320740741 0
0.138932932396 0.733857125377 -0.246089170033 0
0.221954626413 0.724200191125 0.068039505309 0
0.149833945247 0.623438624978 -0.254262525655 0
0.272860286087 0.629155978935 0.073561567617 0
0.166938931018 0.523936383518 -0.269321416674 0
0.332008019695 0.551255579139 0.093279854508 0
0.326371589993 0.324063499323 -0.149367518274 0
0.261982241664 0.298818583772 -0.045431488582 0
0.394763868917 0.026067054919 -0.139879762859 0
0.092585372919 0.047558548550 -0.065201130800 0
0.436470619429 0.034574424123 -0.141758921177 0
0.132377863157 0.024202982912 -0.064432938909 0
0.254474604220 0.984201734784 -0.111229939227 0
0.191806560854 0.910374345954 -0.235370822975 0
0.247010527528 0.886327651022 0.029175676006 0
0.223130664482 0.864214474186 -0.105841920392 0
0.187168022220 0.746673690099 -0.102057524773 0
0.206286178825 0.564696864794 -0.149716840509 0
0.216192946240 0.568216673894 -0.049647563392 0
0.173463333333 0.625040740741 -0.100349629630 0
0.160957716448 0.735147618493 -0.254390372898 0
0.242016416148 0.719815727825 0.066807640467 0
0.176727658448 0.625261281842 -0.261751283195 0
0.292131196900 0.624345857235 0.072220051149 0
0.198713408058 0.526570341364 -0.275686816157 0
0.351060721997 0.546467085387 0.091948697451 0
0.331910779521 0.323623929661 -0.153176848815 0
0.303735591017 0.307026531400 -0.043904758678 0
0.395815301818 0.024258750697 -0.140222184765 0
0.118487716075 0.060367622693 -0.062140562478 0
0.438058691746 0.029425255006 -0.142262490049 0
0.153042207794 0.029851340589 -0.060076955663 0
0.280264593597 0.979425106975 -0.111384908216 0
0.216159034419 0.910920567518 -0.236219956106 0
0.266494670211 0.881605739025 0.028765960872 0
0.243146882200 0.861994290151 -0.106730399427 0
0.200207479533 0.746759200632 -0.104555046809 0
0.212930023100 0.566286590789 -0.154473976262 0
0.223775606265 0.569517919857 -0.054492352162 0
0.180012222222 0.626122222222 -0.104554444444 0
0.183759332217 0.736749058424 -0.261366431288 0
0.262758310138 0.714797535110 0.065213034611 0
0.203961447750 0.627542040058 -0.267968152380 0
0.311645230120 0.618687013021 0.070515696982 0
0.231044287752 0.530090758818 -0.280933645338 0
0.369941516413 0.540465875283 0.090188837782 0
0.335156108232 0.323459890041 -0.156850849950 0
0.338225728035 0.319069914435 -0.044799509278 0
0.395926112022 0.023025465825 -0.140647049839 0
0.161516945644 0.068924458873 -0.059251680933 0
0.438463453540 0.024341471938 -0.142697003408 0
0.198093305337 0.040991454796 -0.055870551039 0
0.306317713851 0.974065237079 -0.110435308483 0
0.240421968419 0.910067850297 -0.235481162807 0
0.286125236821 0.873114730403 0.029389088041 0
0.262840922057 0.857331293868 -0.106617219178 0
0.212217061246 0.745231836361 -0.106691153527 0
0.218327241703 0.566065427390 -0.157885141928 0
0.230026026446 0.570108487120 -0.058029318748 0
0.185412962963 0.626025925926 -0.108113333333 0
0.206569834062 0.736982083413 -0.265699547920 0
0.282641845669 0.706026697210 0.064556994063 0
0.231045700535 0.628624047215 -0.271810931196 0
0.330323322935 0.609299131332 0.069610344920 0
0.262881668644 0.532603716841 -0.283971125706 0
0.387804478037 0.530598464843 0.089275629125 0
0.340309428019 0.323118381317 -0.160483417704 0
0.364764732862 0.329951728692 -0.048691365491 0
0.395799160704 0.021993220648 -0.140912940382 0
0.214362509081 0.069061467069 -0.059351030869 0
0.438306950642 0.019807079760 -0.142828191730 0
0.252519900828 0.043203118536 -0.057143292060 0
0.331981137894 0.965837573479 -0.108144155197 0
0.263966975271 0.907863769090 -0.233637879475 0
0.305311578035 0.861791754041 0.030518447060 0
0.281860586445 0.850770653016 -0.105927799176 0
0.223550099708 0.742499393272 -0.108624827901 0
0.222481309869 0.564832829223 -0.160933005925 0
0.235093177724 0.569785287415 -0.061229408866 0
0.189936296296 0.625188888889 -0.111397037037 0
0.226495348760 0.736552150816 -0.269218873675 0
0.300959287097 0.694593544504 0.065060345612 0
0.256305739472 0.629473514765 -0.274054921725 0
0.347014829874 0.597056278875 0.069604619259 0
0.293363693595 0.535224005506 -0.284808653123 0
0.403431997811 0.517738307026 0.089128486930 0
0.346064815775 0.322706108152 -0.164315316133 0
0.385172569936 0.338823662302 -0.054166211658 0
0.395551035387 0.021407707653 -0.140673478300 0
0.269861052134 0.065189722803 -0.060345540152 0
0.437872405766 0.016793377088 -0.142396605623 0
0.312587984699 0.047766369357 -0.059753228768 0
0.356845325385 0.955210488861 -0.104697301653 0
0.288140397686 0.902758657737 -0.231077772125 0
0.324799897082 0.846849247618 0.031868592294 0
0.301230340510 0.841168210215 -0.104883715194 0
0.234987319602 0.737652775151 -0.110255066114 0
0.225530780200 0.562295038548 -0.163751850171 0
0.239385925969 0.567935443351 -0.064250020596 0
0.193630740741 0.623011111111 -0.114236296296 0
0.245398523952 0.733927636740 -0.272151109902 0
0.319192721018 0.679600113926 0.065980369145 0
0.280635811239 0.628432410449 -0.274791539403 0
0.363600106035 0.581275345470 0.069918096141 0
0.323023869906 0.536404026946 -0.283912028567 0
0.418802805505 0.501100534696 0.089063429598 0
0.352761053935 0.322087766777 -0.168505379854 0
0.398565971556 0.343068780381 -0.060551106164 0
0.396163953375 0.021097024556 -0.140375103991 0
0.324488045377 0.059072118403 -0.059230130918 0
0.438223697605 0.014445067084 -0.141820435154 0
0.370339369566 0.053860653498 -0.059337593057 0
0.382101084947 0.940924834577 -0.101123452973 0
0.312229007349 0.895152835810 -0.228088395982 0
0.343360773571 0.829114287210 0.033216588332 0
0.319898596152 0.829187449156 -0.103672098798 0
0.245587219868 0.731482019806 -0.111640470348 0
0.228128288523 0.559334015692 -0.166470781377 0
0.243141114500 0.565218448463 -0.067151187003 0
0.196660740741 0.620074074074 -0.116708518519 0
0.263274428697 0.729543329918 -0.274936461944 0
0.336422579069 0.661865234073 0.067083122636 0
0.303581713799 0.625846286150 -0.274580182117 0
0.378970276138 0.562701196276 0.070469671287 0
0.350833233143 0.536131674308 -0.281406629736 0
0.432735342242 0.481444871499 0.089097977779 0
0.359444914658 0.321370508852 -0.172714588255 0
0.407444026779 0.344036600351 -0.066793306135 0
0.396999381263 0.021085507649 -0.140062391559 0
0.374022427281 0.055456154308 -0.057985087828 0
0.438782858171 0.012830108459 -0.141223876283 0
0.419938751357 0.060017658928 -0.058616517458 0
0.405729224151 0.924394334527 -0.097583403215 0
0.334314959044 0.884705008477 -0.224956955112 0
0.361411278571 0.809536262016 0.034322856328 0
0.337683749144 0.814984431517 -0.102411607443 0
0.256389566867 0.723192268190 -0.112469470125 0
0.229878394264 0.555314775844 -0.169221539493 0
0.245802227081 0.560785124720 -0.070020228256 0
0.199087407407 0.615992592593 -0.118962592593 0
0.278296696315 0.723320283574 -0.278199093555 0
0.352653344867 0.642340340138 0.068029662300 0
0.322484067964 0.621285441682 -0.274424404099 0
0.392955868691 0.542232130449 0.071084912861 0
0.373813475645 0.533704950001 -0.277578320686 0
0.445078938864 0.459841007232 0.089281578897 0
0.366286576732 0.320270323984 -0.176743867370 0
0.412449653609 0.341381879213 -0.072819529827 0
0.397973376234 0.021038398818 -0.139692544912 0
0.413539425451 0.052826484746 -0.058776319677 0
0.439395225931 0.011092681346 -0.140512713607 0
0.457933070318 0.065316944849 -0.060421781991 0
0.427771384059 0.905902510190 -0.094360678038 0
0.354623678889 0.871976117296 -0.221894029663 0
0.378455659540 0.788352614789 0.035107367461 0
0.354055878171 0.799021281503 -0.101200453320 0
0.266084753887 0.713774759734 -0.112731481756 0
0.230631685535 0.550897876995 -0.171625060128 0
0.247128803128 0.555576125172 -0.072476926385 0
0.200647777778 0.611514814815 -0.120807777778 0
0.291722775031 0.715511939368 -0.281729118169 0
0.367752302222 0.621237654512 0.068653673634 0
0.338601646349 0.614833785790 -0.275083678406 0
0.405825299358 0.520253208841 0.071459070467 0
0.392745996563 0.528923873446 -0.274733896447 0
0.456172702907 0.436656954997 0.089277814243 0
0.372569905663 0.319194626848 -0.180389622264 0
0.417042548887 0.338754318658 -0.078359801408 0
0.398795144155 0.021175356567 -0.139350111745 0
0.443439724082 0.051082526267 -0.062025808972 0
0.439892071642 0.009943311182 -0.139843379170 0
0.484426843269 0.072072585486 -0.065023861538 0
0.448330299033 0.885257173670 -0.091392860818 0
0.375546989986 0.854528303050 -0.218783825454 0
0.395414386052 0.763120686521 0.035893432681 0
0.370536102829 0.778939620247 -0.099826220081 0
0.275901901495 0.701293158424 -0.112323547720 0
0.230510139374 0.545024619250 -0.173322045211 0
0.247188637429 0.548642908189 -0.074159910264 0
0.201319259259 0.605551851852 -0.121939259259 0
0.305919198012 0.703684163891 -0.285235437651 0
0.382971058017 0.596105448787 0.069335926846 0
0.354368479684 0.603954961205 -0.276035747947 0
0.418828138391 0.494305734358 0.071859725408 0
0.410628150838 0.519599950998 -0.272461410777 0
0.467554190485 0.409711143094 0.089305393189 0
0.379339345235 0.317768698681 -0.184012511074 0
0.421523475908 0.335452405289 -0.082771446842 0
0.399628874252 0.021292002939 -0.139034384855 0
0.457310664135 0.047102548001 -0.065847326157 0
0.440480588586 0.009189833187 -0.139220203038 0
0.497001784750 0.070272871338 -0.070002552408 0
0.468853854568 0.860073238861 -0.088385951811 0
0.394068416243 0.834490456264 -0.215811678842 0
0.409272511394 0.736249892973 0.036632768139 0
0.384389000500 0.756912751289 -0.098433322934 0
0.283789651250 0.687279422444 -0.111597899030 0
0.229498731704 0.537820558370 -0.174628427922 0
0.246264225276 0.540116329887 -0.075441528696 0
0.201407037037 0.598325925926 -0.122611111111 0
0.317104801900 0.690430319253 -0.288894368235 0
0.395595088869 0.569308286108 0.069960751500 0
0.366037820482 0.591147132660 -0.277656503405 0
0.429222131027 0.466747934328 0.072385191251 0
0.423575010618 0.507997713746 -0.271377931511 0
0.476545286977 0.381370028242 0.089479578107 0
0.386448065163 0.316169191393 -0.186763099536 0
0.427150607488 0.332557762176 -0.086237022971 0
0.400224372823 0.021470204672 -0.138850757347 0
0.461351462792 0.042073928085 -0.068160017685 0
0.440848045135 0.008622513114 -0.138733818928 0
0.501791207698 0.063784267154 -0.072935272016 0
0.486781990947 0.832309061789 -0.085789370971 0
0.410680107699 0.812336964833 -0.212938183771 0
0.421340271214 0.707769231041 0.037186828093 0
0.396632979558 0.733110751039 -0.097112646550 0
0.290953002979 0.671522554984 -0.110623943408 0
0.227719820379 0.529582995285 -0.175553074098 0
0.244608218165 0.530174898942 -0.076362222758 0
0.201204814815 0.590103703704 -0.122732222222 0
0.326068322924 0.676151764569 -0.292387775358 0
0.406603857324 0.540929911604 0.070575539654 0
0.374135490637 0.576631520791 -0.279614775708 0
0.438094912262 0.437694785395 0.073046127678 0
0.430911152719 0.493103570530 -0.271070381865 0
0.484213290420 0.351724871359 0.089874440900 0
0.393667717029 0.314617684329 -0.188237028299 0
0.433453845933 0.329932882577 -0.088910081208 0
0.400868012807 0.021885272234 -0.138643124443 0
0.461886142542 0.037518611141 -0.069438208312 0
0.441371675900 0.008668515005 -0.138282278968 0
0.502799224323 0.058283289066 -0.074384189945 0
0.502877157738 0.802315255545 -0.083545405486 0
0.425918855712 0.787983929200 -0.210313593886 0
0.431185953073 0.678175772596 0.037728737230 0
0.407282172045 0.707725617016 -0.095854224757 0
0.297332013742 0.654187310925 -0.109617340612 0
0.225773447621 0.520012158611 -0.176247687311 0
0.242470573932 0.518696978856 -0.077031410448 0
0.201102592593 0.580618518519 -0.122637407407 0
0.334086577079 0.659972628284 -0.295153089029 0
0.414910306753 0.511406649840 0.070751297641 0
0.380113007901 0.559512639125 -0.282220985657 0
0.444701130837 0.407682137311 0.073753618543 0
0.435091046598 0.474839074735 -0.272756180698 0
0.489818032881 0.321214143236 0.090579295081 0
0.401265519208 0.312758559703 -0.188823479969 0
0.439972429879 0.327066074703 -0.090728069421 0
0.401365998374 0.022410061831 -0.138318032836 0
0.461729716083 0.033802622337 -0.070047144722 0
0.441879596354 0.009230468798 -0.137764578913 0
0.503094155466 0.053660940790 -0.074960919968 0
0.517040887814 0.770357268955 -0.081475916683 0
0.438994285807 0.762474670441 -0.208075318321 0
0.438695698945 0.648623791736 0.038193761876 0
0.415976546537 0.681731118885 -0.094760127834 0
0.302665606416 0.635780238062 -0.108701636522 0
0.223503242672 0.509408863954 -0.176820427847 0
0.239695222548 0.506127606269 -0.077565974773 0
0.200870000000 0.570162962963 -0.122483333333 0
0.339932456892 0.642870143699 -0.296953390600 0
0.420651695405 0.482113497327 0.071601279838 0
0.382322304680 0.540635063271 -0.285596886386 0
0.448832017012 0.377954441477 0.075071465455 0
0.434645967912 0.454254478774 -0.277744013203 0
0.493090102939 0.291120837240 0.091899167708 0
0.408770731076 0.310810506385 -0.188833842125 0
0.446858792456 0.325048809116 -0.092081811671 0
0.401688526991 0.022997753990 -0.138056482614 0
0.462618890035 0.030989025026 -0.070424849975 0
0.442218413410 0.009878960025 -0.137291527157 0
0.505048884806 0.048462609365 -0.075312000327 0
0.528768923812 0.737469563574 -0.079223625179 0
0.450855957259 0.735366916743 -0.206057754432 0
0.444185710495 0.618063879239 0.038495055400 0
0.423063282819 0.654628147398 -0.093814767097 0
0.306853612595 0.616626757673 -0.107831830657 0
0.221106394586 0.497599839179 -0.177384309631 0
0.236678898442 0.492348319411 -0.078115422344 0
0.200686296296 0.558492592593 -0.122330370370 0
0.345373473018 0.624235278769 -0.298475312595 0
0.425305501056 0.451838555910 0.072846271390 0
0.382602723443 0.519753416992 -0.289791734635 0
0.451925996490 0.347272658236 0.076396468034 0
0.430642005063 0.430754814015 -0.284943350904 0
0.495138591179 0.259904626265 0.093024949496 0
0.416228927221 0.308632928758 -0.188714624503 0
0.453856334778 0.323454402692 -0.093141767143 0
0.402042849475 0.023504991744 -0.137882696922 0
0.463470473094 0.028948207485 -0.070491484590 0
0.442457741699 0.010057194773 -0.136808989186 0
0.507127416390 0.043109955343 -0.075290551592 0
0.538321077098 0.703858021677 -0.077493697135 0
0.460699366400 0.708528046187 -0.204287053219 0
0.448603084525 0.588534193177 0.038747361631 0
0.428976788107 0.627953619575 -0.092971692030 0
0.310742970860 0.596820899398 -0.106994690172 0
0.219170553745 0.485105927091 -0.178042372980 0
0.234360695913 0.477874715058 -0.078838731550 0
0.200954074074 0.545940740741 -0.122157407407 0
0.348859549089 0.606720715395 -0.299916144809 0
0.428557870394 0.422778892291 0.074673620592 0
0.379822012626 0.499972339390 -0.295018071146 0
0.453473122083 0.317783382310 0.077907000681 0
0.422567643764 0.408229001848 -0.293830683193 0
0.495534595290 0.229855057450 0.094153228879 0
0.423590037235 0.306206093626 -0.188868100091 0
0.460972898618 0.321878769578 -0.093976749098 0
0.402494933219 0.024063398165 -0.137710624058 0
0.464054554953 0.027359603614 -0.070425412510 0
0.442887910775 0.010571605377 -0.136392103448 0
0.508696153549 0.038145108712 -0.074932673210 0
0.546345047958 0.670490344172 -0.076185953618 0
0.470132272684 0.681373239340 -0.202989176674 0
0.452016345889 0.559405928886 0.038684901319 0
0.434219033588 0.601448092099 -0.092481801672 0
0.314347049558 0.577311115272 -0.106384671431 0
0.218094974344 0.472476058704 -0.178849770215 0
0.233130371711 0.463185095399 -0.079794189119 0
0.201826666667 0.532944444444 -0.121974814815 0
0.353330988108 0.586670855778 -0.299977418056 0
0.430276455995 0.394270926121 0.076435855129 0
0.376696727727 0.477896962055 -0.299573301861 0
0.453574440406 0.288895026877 0.079335063733 0
0.412762019933 0.383345686439 -0.302437914765 0
0.494509422618 0.200504767073 0.095393307457 0
0.430841975056 0.303550260433 -0.189454503948 0
0.468058438055 0.319999927330 -0.094754011496 0
0.402922470843 0.024605656748 -0.137467919321 0
0.464538681832 0.025998606659 -0.070306641904 0
0.443218332719 0.010861689658 -0.135822778189 0
0.509844443904 0.033728464067 -0.074448147909 0
0.553101948565 0.637451442611 -0.075020918912 0
0.478723431065 0.654470542752 -0.201888778784 0
0.455087396552 0.530764328477 0.038420775789 0
0.439059257449 0.575230690873 -0.092173378591 0
0.318044027075 0.557529334244 -0.105854927953 0
0.217816764924 0.459324007558 -0.179587859921 0
0.232782077787 0.447940621262 -0.080740243628 0
0.203338518519 0.519244444444 -0.121658888889 0
0.357449974184 0.566263242678 -0.299510607118 0
0.431507893708 0.366313834126 0.078010779799 0
0.371978553953 0.456040879079 -0.303733400740 0
0.453229372316 0.260594677090 0.080641147196 0
0.399766071818 0.358838106821 -0.310761805328 0
0.493425437656 0.172117600820 0.096672619991 0
0.438248335617 0.300553929509 -0.190154646072 0
0.475166898529 0.317732537195 -0.095315514253 0
0.403449670673 0.025074037193 -0.137209893608 0
0.465452519266 0.025152392110 -0.070070143051 0
0.443602608298 0.010963419385 -0.135211977132 0
0.510939134548 0.031955851852 -0.073837849269 0
0.559105163719 0.604998875999 -0.074226832109 0
0.486051639093 0.628960377630 -0.200688632325 0
0.457756366473 0.503549878063 0.038230089718 0
0.443292873461 0.550226988492 -0.091773935289 0
0.321583529461 0.537970466473 -0.105258951908 0
0.218361944192 0.445276465830 -0.179754655641 0
0.233356939785 0.432645279103 -0.081063234795 0
0.205275185185 0.504925925926 -0.121218148148 0
0.361374142717 0.545770386205 -0.298426791307 0
0.433078764542 0.339482533362 0.078730075272 0
0.366575138898 0.434965259163 -0.306973984624 0
0.453139034307 0.233437246608 0.081425323695 0
0.385252032790 0.335912948810 -0.318557755174 0
0.492511892278 0.144822520239 0.097535909229 0
0.446002327351 0.297064724619 -0.190836520714 0
0.482247008814 0.315336903324 -0.095536088940 0
0.404142640209 0.025311504573 -0.136885044825 0
0.466467947695 0.024526990981 -0.069841705759 0
0.444056128501 0.010598108662 -0.134479002796 0
0.512047276807 0.030897081371 -0.073227196951 0
0.564101358506 0.574787283811 -0.073513236815 0
0.492502641312 0.604979281250 -0.199588204828 0
0.460071841368 0.477908179680 0.037923373748 0
0.447054246173 0.526649605499 -0.091474491036 0
0.324935573116 0.519122984594 -0.104728674192 0
0.219894397660 0.431077858887 -0.179696207726 0
0.235032125152 0.417620261696 -0.081135893179 0
0.207484074074 0.490425925926 -0.120707777778 0
0.365273209158 0.525963621669 -0.297501419624 0
0.434096654608 0.314031669780 0.078384535865 0
0.360956030825 0.415530712894 -0.310300469757 0
0.452647787778 0.207728393516 0.081663338018 0
0.370200500318 0.315470079872 -0.325434272358 0
0.491467200715 0.119152507268 0.098068263952 0
0.453886482065 0.293201839918 -0.191844452047 0
0.489443065168 0.312773280496 -0.095248622548 0
0.404903411366 0.025509482595 -0.136519993214 0
0.467553260332 0.024170941777 -0.069711861477 0
0.444581787608 0.010244850491 -0.133695622379 0
0.513161945524 0.030519182930 -0.072722262420 0
0.568258005587 0.547624037373 -0.073022877085 0
0.498385980797 0.582942372830 -0.198546388942 0
0.461699955830 0.454563890302 0.037639284614 0
0.450322521918 0.505072593408 -0.091234361623 0
0.328016277238 0.501540180100 -0.104422093007 0
0.221897742285 0.416753225043 -0.179618423690 0
0.237390342619 0.402647930202 -0.081203926222 0
0.209896296296 0.475774074074 -0.120218518519 0
0.368747334089 0.507242415359 -0.295917525404 0
0.433091538442 0.291047099200 0.077778342229 0
0.356125984313 0.397942970687 -0.312416433788 0
0.450359385448 0.184561801026 0.082019139599 0
0.356708786625 0.297709897681 -0.330262325681 0
0.489393537205 0.096667616630 0.099000037886 0
0.461497644656 0.289047745715 -0.193506164504 0
0.496609160799 0.310164638762 -0.094220458106 0
0.405715960696 0.025636384745 -0.136160432720 0
0.468724709483 0.023946232817 -0.069682241522 0
0.445028457182 0.009555536305 -0.132799846669 0
0.514275106747 0.030878798097 -0.072254340312 0
0.571836430858 0.523923962795 -0.072519869794 0
0.503240766062 0.564076996715 -0.197740734846 0
0.463342211806 0.434599072842 0.037321265900 0
0.453284283844 0.486422925408 -0.091139304613 0
0.330934877127 0.485514461236 -0.104351963988 0
0.224259395160 0.402666249151 -0.179338825973 0
0.240299338856 0.388342303270 -0.081043667903 0
0.212416666667 0.461500000000 -0.119721851852 0
0.371302110675 0.491098342464 -0.294094809673 0
0.431759879901 0.271731687025 0.077868737002 0
0.351860092388 0.383285556282 -0.313493059960 0
0.447985046906 0.165099935988 0.082526553666 0
0.344916487477 0.283534493974 -0.333591226626 0
0.487434774293 0.077904320392 0.099548458764 0
0.468651563490 0.284713016457 -0.195745378546 0
0.503525979998 0.307667434940 -0.092011165787 0
0.406469959685 0.025721098733 -0.135799533233 0
0.469885606680 0.024000598550 -0.069618588764 0
0.445375521379 0.008797202011 -0.131888191515 0
0.515357413871 0.031600779913 -0.071635229154 0
0.574953703993 0.503502229426 -0.071863422573 0
0.507241614910 0.548238868084 -0.197040357023 0
0.464884010170 0.417605915678 0.036949892054 0
0.455918604104 0.470491923515 -0.091158200802 0
0.333588951119 0.471099727907 -0.104539646247 0
0.226871306099 0.388952715148 -0.178835972260 0
0.243558794270 0.375002576068 -0.080594867433 0
0.214866296296 0.447833333333 -0.119297777778 0
0.373125387313 0.478045396902 -0.292452696874 0
0.430161726401 0.255579648229 0.078292099671 0
0.348156053825 0.371718023823 -0.313640032074 0
0.445827045265 0.148863257754 0.082927983475 0
0.335880148584 0.272880778469 -0.335700381328 0
0.486632969032 0.063290904812 0.100103582718 0
0.475310566587 0.280331825875 -0.198561799815 0
0.509993392912 0.305268552379 -0.088765276412 0
0.407154536247 0.025803495726 -0.135429664753 0
0.471026008118 0.024121709269 -0.069446923299 0
0.445459940873 0.007727331644 -0.130813619521 0
0.516466114100 0.032046174592 -0.070830564197 0
0.577669905934 0.484902846780 -0.070843506465 0
0.510561405112 0.534720035587 -0.196403615760 0
0.466382683577 0.403080485396 0.036684009363 0
0.458282277939 0.456748736015 -0.091156102066 0
0.335992548161 0.458034590514 -0.104802437442 0
0.229832478012 0.375276589988 -0.177992147915 0
0.247308371934 0.362479877114 -0.079731114994 0
0.217275185185 0.434507407407 -0.118917037037 0
0.374434317268 0.467382134869 -0.291022977306 0
0.427658121573 0.242278197038 0.079232320970 0
0.345505975123 0.362182294319 -0.312795106799 0
0.443506146653 0.135584952279 0.083779105950 0
0.330365510526 0.263982354162 -0.335414163171 0
0.485948027469 0.051731656496 0.101005701195 0
0.481709751169 0.275764988627 -0.201760876795 0
0.516227825133 0.302723083257 -0.085063869966 0
0.407843031708 0.025843434548 -0.135074030671 0
0.472016216899 0.024223226018 -0.069193623891 0
0.445435244123 0.006536735835 -0.129648484100 0
0.517450032079 0.032273229695 -0.069886966068 0
0.579988282644 0.468733877071 -0.069824932701 0
0.513066341957 0.524481897384 -0.196194047462 0
0.468218195759 0.391033517255 0.035734271681 0
0.460467245131 0.445726101091 -0.091692710642 0
0.338187078414 0.446857959000 -0.105342752751 0
0.232823496997 0.362731753652 -0.177610545969 0
0.251054829105 0.350238482104 -0.079447772908 0
0.219732592593 0.421796296296 -0.118484814815 0
0.375903190665 0.458335384076 -0.290155258619 0
0.424669764532 0.231695785437 0.079120304237 0
0.344658750983 0.353741127503 -0.311642639439 0
0.441462586706 0.125163834135 0.084042306368 0
0.327876640534 0.255792133165 -0.333871285139 0
0.486355847783 0.043774916217 0.101430441370 0
0.487465484988 0.271480108123 -0.204818396875 0
0.522002112704 0.300223515081 -0.081196366659 0
0.408572938138 0.026007396826 -0.134824856497 0
0.472959774581 0.024410079603 -0.068927785451 0
0.445628799272 0.005865138017 -0.128782326333 0
0.518427574616 0.032296395926 -0.068932172679 0
0.582085519615 0.456168403299 -0.069408724374 0
0.514798695892 0.517411152147 -0.196433879707 0
0.469917222777 0.381913315027 0.034296614818 0
0.462230432596 0.437653563332 -0.092679484357 0
0.339948204085 0.438040899925 -0.106161212082 0
0.235754149639 0.351670606117 -0.177590947161 0
0.254750302619 0.338878555100 -0.079611852849 0
0.222090740741 0.410170370370 -0.118034814815 0
0.376788576120 0.451931741562 -0.289618932838 0
0.421809742490 0.224172986471 0.078692397860 0
0.344697364462 0.347450222751 -0.310395058919 0
0.439633729723 0.117823890359 0.083932327725 0
0.327224920129 0.249479573365 -0.331918388689 0
0.486570308669 0.038406759169 0.101084927705 0
0.492526062093 0.267469341056 -0.207390342259 0
0.527176111884 0.297685604159 -0.077537187692 0
0.409216750995 0.026234330567 -0.134575159434 0
0.473662194817 0.024508886616 -0.068572322099 0
0.445933877099 0.005614560644 -0.128091538221 0
0.519188777335 0.032019673191 -0.067914132348 0
0.583693777730 0.446805500658 -0.069339027252 0
0.515981179907 0.512362878183 -0.196728452272 0
0.471502449233 0.375562377042 0.033310320551 0
0.463692259620 0.431851977046 -0.093415658063 0
0.341426893630 0.431162098840 -0.106827793690 0
0.238356965890 0.341551680703 -0.176827237486 0
0.258106899481 0.329735603865 -0.078874627665 0
0.224312592593 0.400318518519 -0.117623703704 0
0.377380757595 0.446781080647 -0.288960503448 0
0.419926212378 0.219327521097 0.079113028376 0
0.345412748574 0.342093517867 -0.308871346022 0
0.438332757633 0.113078842436 0.084376012730 0
0.328281664185 0.243907863177 -0.329521677449 0
0.486590319343 0.034938860725 0.100961723108 0
0.496819519078 0.263892239250 -0.209626502167 0
0.531435263293 0.295097727138 -0.075906795420 0
0.409901199714 0.026348016632 -0.134467183767 0
0.473756782774 0.024301488256 -0.068200616081 0
0.446517459112 0.005609896115 -0.127793390977 0
0.519329858927 0.031478302126 -0.067150417511 0
0.584898858276 0.441021402817 -0.068859392764 0
0.516626896995 0.509400898153 -0.196934100455 0
0.472861763659 0.371221075450 0.032416114933 0
0.464815356670 0.428007700194 -0.094073119276 0
0.342584449360 0.426020052807 -0.107473637240 0
0.240652434613 0.333474052352 -0.176008384563 0
0.261090701371 0.322742612989 -0.078072146221 0
0.226178518519 0.392555555556 -0.117222962963 0
0.377864949215 0.442720677538 -0.288129881740 0
0.419204001309 0.215962906932 0.079139472180 0
0.346684630480 0.337595653620 -0.306955346499 0
0.437675543383 0.109743070000 0.084745719161 0
0.330203276473 0.239033365041 -0.326385824169 0
0.486652514700 0.032405228881 0.100942313482 0
0.500309525941 0.260916308902 -0.210983244097 0
0.534962929393 0.292724214015 -0.074928352659 0
0.410425956029 0.026385978765 -0.134358650831 0
0.473699637368 0.024093233380 -0.067824363202 0
0.446986623650 0.005593168942 -0.127551577462 0
0.519273339012 0.031214687476 -0.066468835821 0
0.585743744910 0.437591158226 -0.068432310029 0
0.516453815082 0.508738732789 -0.197545120780 0
0.474259194414 0.368861481587 0.031069271111 0
0.465589109545 0.426188362680 -0.095134730881 0
0.343383156613 0.422655296797 -0.108311094789 0
0.242184142726 0.328721531996 -0.176125305356 0
0.263246327082 0.317593003825 -0.078365735132 0
0.227468148148 0.387307407407 -0.116905555556 0
0.377750209286 0.440640896151 -0.287777015817 0
0.420188001372 0.213751522684 0.077808261217 0
0.347762066279 0.334997894443 -0.305613734202 0
0.438014814794 0.107462973904 0.084151032800 0
0.332378793313 0.236076446182 -0.324110553059 0
0.487031410004 0.030542214252 0.100443147010 0
0.502682805175 0.259115445178 -0.210840021997 0
0.537445172274 0.290947247909 -0.073677240361 0
0.410752226711 0.026369729644 -0.134262738175 0
0.473602743051 0.024042533700 -0.067474494253 0
0.447369743447 0.005679144774 -0.127449752712 0
0.519172388864 0.031126692746 -0.065820131688 0
0.586240298611 0.436619511405 -0.068474120120 0
0.515774911596 0.510824458919 -0.197610098958 0
0.475906188176 0.368233027316 0.029741479270 0
0.466224575835 0.426627395777 -0.095898307027 0
0.344032349136 0.421669199099 -0.108735975937 0
0.243032257124 0.326935761160 -0.176079728738 0
0.264554649119 0.315533310011 -0.078452047879 0
0.228377777778 0.385262962963 -0.116590000000 0
0.377625489457 0.440839277639 -0.287246096533 0
0.422360259199 0.212930035515 0.076444163261 0
0.349058009098 0.334654528479 -0.304174745783 0
0.439199382817 0.106527024418 0.083524048494 0
0.335768325775 0.235422192967 -0.321972143293 0
0.487679583763 0.029611116285 0.100424863393 0
0.503822445906 0.258178509104 -0.210293610955 0
0.538834442013 0.289799024323 -0.073419479261 0
0.410760260989 0.026222623486 -0.134038180944 0
0.473349498718 0.024010087290 -0.067297438173 0
0.447271392096 0.005391354904 -0.127084393515 0
0.518921184736 0.031053333941 -0.065528553079 0
0.586646401567 0.438351480645 -0.068740832810 0
0.515252187257 0.514177456957 -0.197008298185 0
0.476867846290 0.368392549099 0.028566466817 0
0.466472229278 0.428388115826 -0.096259231283 0
0.344271906766 0.422884433780 -0.108752667751 0
0.243542813148 0.327250413755 -0.175790141011 0
0.265465264942 0.315985057633 -0.078235586129 0
0.228911111111 0.385566666667 -0.116284074074 0
0.377597462526 0.442244376914 -0.285859911858 0
0.424643989840 0.212551146523 0.074971773891 0
0.350800306816 0.335476880885 -0.301999778377 0
0.440302443744 0.106022545162 0.082829988910 0
0.339417153926 0.235955403006 -0.319244616260 0
0.487809593903 0.028826108167 0.100853631000 0
0.504172016222 0.257812479256 -0.209855721419 0
0.539642710647 0.289048484574 -0.073977148032 0
0.410704493332 0.026115061619 -0.133951471987 0
0.473111686944 0.023953036300 -0.067220681183 0
0.447331027281 0.005463541195 -0.127068789362 0
0.518665754284 0.031109872008 -0.065453905638 0
0.586725486755 0.441445349050 -0.069351013805 0
0.514983171641 0.518158273066 -0.196622676754 0
0.477411524618 0.369978216875 0.027523734959 0
0.466583085432 0.431273701335 -0.096631813752 0
0.344354689804 0.425706341452 -0.108754668909 0
0.243800254641 0.329953288437 -0.175751140837 0
0.266075655176 0.318331545435 -0.078318420768 0
0.229137037037 0.387944444444 -0.115935925926 0
0.377720111971 0.444553358783 -0.284707689899 0
0.427288587987 0.213314624139 0.073475191943 0
0.352486558942 0.337280364922 -0.299993423227 0
0.441725010804 0.106669266250 0.082056506912 0
0.342900340187 0.237546444506 -0.316730486036 0
0.488110110247 0.029061244685 0.101244065198 0
0.503825545532 0.258050914700 -0.209315538033 0
0.539984896268 0.288692642288 -0.074818697759 0
0.410630918991 0.026014082385 -0.133922619313 0
0.472902206777 0.023899195326 -0.067237558151 0
0.447405037717 0.005592676463 -0.127141028260 0
0.518472030726 0.030972580765 -0.065542504137 0
0.586647190437 0.445619882842 -0.070199816679 0
0.514329466878 0.524380716224 -0.196100693879 0
0.478042932124 0.373929759678 0.026740883631 0
0.466656630171 0.436251186343 -0.096852739556 0
0.344427903472 0.430156206366 -0.108800070387 0
0.243449066824 0.335026226817 -0.175621418254 0
0.265838229213 0.322923285924 -0.078273395425 0
0.229003333333 0.392785185185 -0.115529259259 0
0.377592600679 0.449446619012 -0.283882873131 0
0.429920626903 0.216642819420 0.072701612832 0
0.353940446946 0.341699627749 -0.298341177014 0
0.443111858351 0.109886248251 0.081883527385 0
0.345880784178 0.241772037370 -0.314607374541 0
0.488408447347 0.031937258502 0.102103170577 0
0.502405174986 0.259206663438 -0.208829848895 0
0.539276052119 0.289074563690 -0.076539612145 0
0.410602548061 0.025868527808 -0.133939220612 0
0.472697414458 0.023904142162 -0.067372420554 0
0.447588960992 0.005763395218 -0.127370468284 0
0.518264390324 0.031043623703 -0.065891421486 0
0.586519813498 0.451449043841 -0.070845012980 0
0.513287769097 0.532664947560 -0.195057732367 0
0.478819694624 0.379170913990 0.025990011565 0
0.466599667685 0.442922364711 -0.096791971066 0
0.344345323162 0.436478035527 -0.108514529808 0
0.241994403283 0.342431910608 -0.175098594649 0
0.264321231681 0.330164538525 -0.077756837754 0
0.228388518519 0.400462962963 -0.115072592593 0
0.377060863473 0.456568596232 -0.282632705939 0
0.433190499142 0.221235239201 0.072267712599 0
0.354978744021 0.348425294257 -0.296607228906 0
0.444921774142 0.114324851412 0.081639361303 0
0.348160458910 0.248318182000 -0.312526038828 0
0.488911144573 0.035686445961 0.102391531135 0
0.499432280989 0.261579612464 -0.208239460938 0
0.536971277384 0.290469465494 -0.079556490980 0
0.410407972218 0.025714910757 -0.134018944827 0
0.472294845177 0.023912541197 -0.067674307658 0
0.447608593696 0.005923897150 -0.127711080915 0
0.517898512098 0.030893685839 -0.066633141320 0
0.586239497915 0.459315229378 -0.071113964438 0
0.513084142696 0.541541972079 -0.194387441731 0
0.479020176682 0.385960675037 0.025259269665 0
0.466519293944 0.450954195886 -0.096841352629 0
0.344185476958 0.445198510526 -0.108186989944 0
0.240282401450 0.352803917806 -0.175025902519 0
0.262760628901 0.339632691542 -0.077837212803 0
0.227725925926 0.410666666667 -0.114610000000 0
0.377311058209 0.464483126371 -0.281825444478 0
0.436803858245 0.226837379218 0.070700282523 0
0.356544567112 0.356039294223 -0.295484477029 0
0.446976055636 0.119790222678 0.080329109375 0
0.350663220668 0.255791538723 -0.311160551480 0
0.489393017839 0.040197306203 0.101652208848 0
0.495448620806 0.264697281103 -0.207229832089 0
0.534099146615 0.292019253910 -0.082872523955 0
0.410135087006 0.025513817130 -0.134107846975 0
0.471801405703 0.023936347245 -0.067956301053 0
0.447609398472 0.006144747113 -0.128118296748 0
0.517414085687 0.030913785285 -0.067396276525 0
0.585852127324 0.468535787892 -0.071364250736 0
0.513416870184 0.551835529675 -0.194447676949 0
0.478872172449 0.395774229847 0.024783037484 0
0.466511318923 0.461221831478 -0.097089077977 0
0.344099376621 0.456461800139 -0.108081512636 0
0.238698303640 0.366710694983 -0.175521270303 0
0.261153314007 0.351657737555 -0.078600816829 0
0.227045185185 0.423755555556 -0.114154074074 0
0.378270597133 0.473548435626 -0.281765580515 0
0.440069602662 0.235341068296 0.068633781115 0
0.358390127406 0.364920063083 -0.295275749119 0
0.449033443233 0.128220806997 0.078642817587 0
0.353149354669 0.264590766176 -0.310832937304 0
0.489733499780 0.047305353058 0.100549201042 0
0.490429738935 0.268609334898 -0.205804593188 0
0.530449465229 0.293935513601 -0.086645243183 0
0.409796371821 0.025350311347 -0.134278875351 0
0.471251066631 0.024015040017 -0.068184466157 0
0.447603521492 0.006516288605 -0.128687933915 0
0.516849161324 0.031109271144 -0.068162342267 0
0.585476481755 0.479905208143 -0.071565678099 0
0.512385209778 0.566606738651 -0.193912925636 0
0.480316275353 0.408992987655 0.024582064098 0
0.466824421715 0.474944683716 -0.096897709767 0
0.344385449779 0.469649848015 -0.107565546206 0
0.237220445972 0.382569066732 -0.175420952362 0
0.259612649159 0.366455314235 -0.078656653489 0
0.226543333333 0.439325925926 -0.113610740741 0
0.378546046460 0.485684879410 -0.280841238380 0
0.443930029021 0.247838354307 0.067855054431 0
0.359390157481 0.376926256713 -0.294350307926 0
0.452225032305 0.140605001869 0.077208271804 0
0.354654504833 0.276511703702 -0.309726718934 0
0.490820942388 0.057546677352 0.098979793270 0
0.484375822428 0.273042990542 -0.204194734423 0
0.525739386391 0.296199616626 -0.091213790108 0
0.409330342566 0.025110513925 -0.134509114310 0
0.470506188902 0.024023460636 -0.068496568260 0
0.447452447761 0.006800999443 -0.129329695423 0
0.516084564320 0.031215235241 -0.069132898924 0
0.585436064483 0.494199784184 -0.071267001918 0
0.512021256891 0.582307274708 -0.193142589558 0
0.481558640175 0.424098722263 0.025152290164 0
0.467331807041 0.490154467117 -0.096187017470 0
0.344879337484 0.484636256955 -0.106722079491 0
0.236076807049 0.399327403844 -0.174640237461 0
0.258372527979 0.383109974514 -0.077870980289 0
0.226420000000 0.456411111111 -0.112963333333 0
0.379702217305 0.498404093955 -0.279570180753 0
0.446134504977 0.262634828312 0.068069280503 0
0.361445346713 0.389486920047 -0.293046714351 0
0.453799805574 0.155218019483 0.075695156027 0
0.357213678753 0.288980681792 -0.308314513833 0
0.491052692071 0.071162556826 0.097054695990 0
0.477660586808 0.277740618458 -0.202273604754 0
0.520073785649 0.298799384762 -0.095791950858 0
0.408799129835 0.024826418703 -0.134752269961 0
0.469657890892 0.023973011907 -0.068818213326 0
0.447153619692 0.006907450419 -0.129935290769 0
0.515211744473 0.031224463365 -0.070151525044 0
0.585430794793 0.511398614088 -0.070645605527 0
0.512553163428 0.599552597561 -0.192619755435 0
0.481726043953 0.442085838004 0.026159768141 0
0.467647278218 0.507807235162 -0.095378201634 0
0.345181667016 0.502539809842 -0.105891624874 0
0.235521418079 0.417268681700 -0.173932981024 0
0.257696901653 0.400647081682 -0.077204682886 0
0.226712222222 0.474414814815 -0.112187037037 0
0.381794091222 0.512642434397 -0.278448008776 0
0.445596044206 0.280460623196 0.067863958827 0
0.364622673913 0.403514891774 -0.291646604250 0
0.452482953861 0.172879083655 0.073700435081 0
0.361500856300 0.302970781199 -0.306797260838 0
0.487753995730 0.087411305728 0.094765600007 0
0.470208859789 0.282458282115 -0.199577334761 0
0.513846283040 0.301615174949 -0.099501787193 0
0.407896374336 0.024519617040 -0.135040873352 0
0.468835686347 0.024041654638 -0.069122189748 0
0.446682990836 0.007410407307 -0.130770870084 0
0.514375574001 0.031235649367 -0.071091940180 0
0.585362976380 0.531797545227 -0.070301772859 0
0.511957337157 0.620908297046 -0.191775812463 0
0.482847865644 0.463811330465 0.027504267244 0
0.468055905535 0.528985747513 -0.094243361336 0
0.345657060673 0.522362696046 -0.104786353414 0
0.235567893605 0.435668761535 -0.173059873867 0
0.257624413629 0.418725636725 -0.076360164635 0
0.227535185185 0.492892592593 -0.111280000000 0
0.383130795343 0.530279036958 -0.276674928108 0
0.445040828288 0.301944095321 0.066708253998 0
0.367448202890 0.420874331177 -0.289424347721 0
0.450651681445 0.194220720804 0.071121250645 0
0.365872824358 0.320257509223 -0.304153852331 0
0.483295304319 0.106592159373 0.091082152077 0
0.462165297794 0.287299131297 -0.196506435426 0
0.507029465660 0.304520590594 -0.102269862745 0
0.406971745876 0.024279330415 -0.135371920780 0
0.467881490877 0.024126078255 -0.069340849120 0
0.446212076538 0.008094993461 -0.131680946385 0
0.513380543269 0.031399199538 -0.071881081909 0
0.585463875809 0.555099690446 -0.070324004926 0
0.511081757067 0.643980974440 -0.191300610636 0
0.485218124251 0.488002580254 0.029181553362 0
0.468993620205 0.552047458086 -0.092982315593 0
0.346702095549 0.543311460875 -0.103301381529 0
0.236548263194 0.453887371164 -0.171491290613 0
0.258483730337 0.437376202710 -0.074689379904 0
0.229191481481 0.511625925926 -0.110107407407 0
0.385282641982 0.547982668646 -0.274827303530 0
0.444629201271 0.326553826815 0.067315079405 0
0.371679277064 0.438224489842 -0.286909178478 0
0.448648187724 0.218681604064 0.068962178793 0
0.371749348362 0.337435361457 -0.300844537475 0
0.478510158721 0.128573780796 0.085959311292 0
0.453906407831 0.292019515568 -0.193029774671 0
0.499725417026 0.307537961199 -0.104040097806 0
0.406224302420 0.024067084712 -0.135758485361 0
0.466849720759 0.024261200871 -0.069577088609 0
0.446060283171 0.009250732981 -0.132770180803 0
0.512312645022 0.031562101475 -0.072632282921 0
0.585837912794 0.580712547378 -0.070193974402 0
0.510068118642 0.668548157601 -0.190914923541 0
0.488806894999 0.514528307628 0.031428094745 0
0.470622020749 0.576706902887 -0.091421913095 0
0.348570781254 0.564871537925 -0.101611183863 0
0.238872684910 0.471898557166 -0.169282445987 0
0.260983275677 0.457116147936 -0.072241240962 0
0.231756296296 0.530762962963 -0.108948518519 0
0.388008179688 0.566521344478 -0.272827689359 0
0.444123289189 0.354127110843 0.069403848930 0
0.377085239421 0.456346753972 -0.283788074224 0
0.445990467158 0.246192351965 0.068031587278 0
0.379256410504 0.355399951128 -0.296750317778 0
0.472813371076 0.153663200812 0.081073917978 0
0.445531711663 0.296375188090 -0.189113370841 0
0.492115497572 0.310607121870 -0.104334640280 0
0.405261448431 0.023820314968 -0.136062952913 0
0.465466101206 0.024486271526 -0.069636753167 0
0.445673715776 0.010517404926 -0.133773665356 0
0.510920215344 0.031666003508 -0.073084912246 0
0.586619396210 0.608596483397 -0.069954914429 0
0.508891867117 0.693866082556 -0.190965872018 0
0.492319498188 0.542586949833 0.033646131640 0
0.472240391453 0.602372049501 -0.090093769429 0
0.350613847564 0.586665308490 -0.100173823866 0
0.242246188399 0.488850692572 -0.167274600534 0
0.264622168979 0.475382769526 -0.070102979876 0
0.235110000000 0.548470370370 -0.107689259259 0
0.390830518007 0.585945694494 -0.271168790819 0
0.442868339660 0.383602829255 0.071671896439 0
0.383353041989 0.475340305154 -0.280571782625 0
0.442555298763 0.275724232993 0.067501512315 0
0.388596852997 0.374386713076 -0.292530153695 0
0.466104109891 0.180894411314 0.075987946595 0
0.437300809842 0.300313787169 -0.185084765215 0
0.485049487261 0.313381072058 -0.103030663810 0
0.404421176428 0.023673699791 -0.136374406302 0
0.464445262640 0.024683594180 -0.069622657151 0
0.445412480437 0.012161598269 -0.134779376756 0
0.509925089460 0.031548722231 -0.073360332056 0
0.587030413656 0.639829757334 -0.069855666717 0
0.507315641109 0.720111523144 -0.191206721217 0
0.496641336982 0.572088606782 0.035918458057 0
0.474225005170 0.628995473194 -0.088773596259 0
0.353299976775 0.608448557244 -0.098636595187 0
0.247113526890 0.504937594915 -0.165065313734 0
0.269974509712 0.493108122029 -0.067793363229 0
0.239575185185 0.565337037037 -0.106320740741 0
0.393358843461 0.606431903535 -0.269364208720 0
0.442191591862 0.414767322528 0.074030991966 0
0.389942074545 0.495489501595 -0.276979338100 0
0.439504529760 0.307063740556 0.067102806229 0
0.399074065238 0.394707050250 -0.287622857265 0
0.459170936580 0.210083824676 0.070293311121 0
0.429374506467 0.303851201920 -0.181029958642 0
0.478451833691 0.315969309205 -0.100596280391 0
0.403502907538 0.023622163559 -0.136701907156 0
0.463398798358 0.025103090054 -0.069493668776 0
0.444990004586 0.013965608359 -0.135736855233 0
0.508921389078 0.031544555010 -0.073458023427 0
0.587426234393 0.672480455109 -0.069848003500 0
0.504869395284 0.747608459686 -0.191597238365 0
0.501478996344 0.603423745328 0.038206688793 0
0.476272137389 0.656891895877 -0.087470528413 0
0.356517359555 0.630235009237 -0.097030091825 0
0.253650451355 0.519717276411 -0.162593900109 0
0.277089518527 0.509908925430 -0.065234772645 0
0.245357407407 0.580970370370 -0.104843333333 0
0.395210713048 0.628394860511 -0.267629413655 0
0.441743745092 0.448086979900 0.076540949298 0
0.396380148072 0.517293422910 -0.273372586849 0
0.436436741795 0.340701969883 0.066764601846 0
0.409751830872 0.416835629393 -0.282346925038 0
0.451863824037 0.242210750970 0.065326581903 0
0.422023892557 0.306754490704 -0.176978204506 0
0.472377831688 0.318231169710 -0.097469811053 0
0.402507651174 0.023467097709 -0.136951724810 0
0.462450184440 0.025600429673 -0.069293188839 0
0.444338598097 0.015388805284 -0.136429540875 0
0.507983704662 0.031868612689 -0.073406978134 0
0.587615664496 0.705728555777 -0.070185006189 0
0.502535315345 0.773054991745 -0.192226200587 0
0.507042554903 0.633952486303 0.040670234268 0
0.479036551248 0.683117688069 -0.086166032157 0
0.360999801050 0.649568658203 -0.095434830259 0
0.261739973149 0.532699571144 -0.159943334979 0
0.285467333029 0.524924806336 -0.062470473398 0
0.252427407407 0.594744444444 -0.103202222222 0
0.397466165016 0.648429226940 -0.266027913935 0
0.441976907490 0.480941963477 0.079677514301 0
0.403700711765 0.537416101309 -0.269913453536 0
0.433815282676 0.373973244550 0.067579469783 0
0.421764953043 0.437502775030 -0.276553093572 0
0.445138615994 0.274575278965 0.062153807000 0
0.415824717968 0.309103637289 -0.173074282730 0
0.467171218592 0.320217152858 -0.094021377906 0
0.401791122906 0.023345894259 -0.137132784521 0
0.461730701561 0.026161128886 -0.069140080498 0
0.443898041945 0.016838881164 -0.136972301921 0
0.507224032973 0.032652676225 -0.073350953879 0
0.587695055595 0.738845947213 -0.070779306966 0
0.500646380010 0.795774530809 -0.193539502001 0
0.512678941847 0.662583966527 0.042524181438 0
0.482076633111 0.707170956755 -0.085399588005 0
0.366064937684 0.667015093047 -0.093966793555 0
0.271096055507 0.544031649897 -0.157642131220 0
0.294856089587 0.537537667629 -0.060083521686 0
0.260588518519 0.606385185185 -0.101450740741 0
0.400941375211 0.665458362180 -0.264914628685 0
0.442879525550 0.511755251786 0.081844236860 0
0.412717307892 0.554845475199 -0.266914052811 0
0.431919435204 0.405209990579 0.068306683032 0
0.435742972214 0.455796055142 -0.271126781376 0
0.439452224076 0.305330944263 0.059477948815 0
0.410591640829 0.310988743113 -0.169544117800 0
0.463342714620 0.321654067256 -0.090472882840 0
0.401196359494 0.023381010647 -0.137299968897 0
0.461334263658 0.026675824004 -0.069051295193 0
0.443547769003 0.018724948603 -0.137496955835 0
0.506786648058 0.033425539424 -0.073298286903 0
0.587219186427 0.770495323276 -0.071825762687 0
0.498260014842 0.817759334571 -0.194536859382 0
0.517265427164 0.689943048892 0.044026262275 0
0.484294333529 0.730453975220 -0.084662368220 0
0.370628723460 0.683928714865 -0.092394857928 0
0.281160478397 0.553521097393 -0.155229357066 0
0.304847052134 0.548215889803 -0.057581037488 0
0.269628888889 0.616188888889 -0.099591111111 0
0.405045769786 0.681433995599 -0.263415789181 0
0.443266943480 0.541278663818 0.083906727259 0
0.422520641708 0.571559055739 -0.263502366102 0
0.429950863795 0.435115670262 0.069505947742 0
0.450620013629 0.473763603196 -0.265959902580 0
0.434048091824 0.334983914860 0.058264217432 0
0.406293943868 0.312426058754 -0.166385977241 0
0.460590519614 0.322800895158 -0.086719285938 0
0.400724311441 0.023418173999 -0.137356512881 0
0.461180119062 0.027114345032 -0.068959276151 0
0.443235964571 0.020609787268 -0.137838090719 0
0.506657897687 0.033696813356 -0.073196917775 0
0.585434023052 0.800966019816 -0.073263188424 0
0.494337437564 0.839356431749 -0.195160729259 0
0.520869012042 0.717265817549 0.045672260750 0
0.485533392040 0.753418032490 -0.083685394996 0
0.375037404188 0.699710764549 -0.090656710311 0
0.291893513859 0.560991032009 -0.152302346925 0
0.315681830422 0.557376608914 -0.054601552351 0
0.279663333333 0.624322222222 -0.097571851852 0
0.407989318946 0.697400593138 -0.261571141036 0
0.443587535711 0.570397156799 0.085977302246 0
0.431154079993 0.588591212356 -0.260231905014 0
0.428459519364 0.464574358935 0.070878951232 0
0.464203438059 0.492310363126 -0.261322092999 0
0.429932667357 0.364316769665 0.058596594386 0
0.403386339838 0.313292573635 -0.163460101445 0
0.458480236846 0.323512353337 -0.083465198735 0
0.400325485377 0.023413546659 -0.137288355659 0
0.460821851631 0.027425172976 -0.068777719168 0
0.442918394224 0.022597919067 -0.138022162646 0
0.506395160788 0.033293290580 -0.073038415444 0
0.582070996338 0.830864297355 -0.074382396918 0
0.488091284203 0.860510960173 -0.195693196546 0
0.522192154781 0.744765910168 0.047310477545 0
0.484710647485 0.776229690484 -0.082667054841 0
0.378257227128 0.714854202228 -0.088881501309 0
0.303448886967 0.566811069502 -0.149224283938 0
0.327491318593 0.564965532020 -0.051536266288 0
0.290596296296 0.630822222222 -0.095435555556 0
0.409151462765 0.713174755833 -0.259555141233 0
0.442980625441 0.599091626663 0.088198901444 0
0.437963595944 0.605739733896 -0.257218884267 0
0.426515781104 0.493589014742 0.072280691476 0
0.475832893085 0.511213496642 -0.257340562737 0
0.426358276055 0.393306902488 0.059700648461 0
0.401683890530 0.313585267987 -0.160896881459 0
0.457618910992 0.323820464107 -0.080395422793 0
0.399718202587 0.023315493659 -0.137122257641 0
0.460409793457 0.027706093268 -0.068497921992 0
0.442297775930 0.024499897237 -0.138090104319 0
0.506102641263 0.032566354576 -0.072747200033 0
0.576420357512 0.860036671174 -0.075438857349 0
0.482175906466 0.877813707060 -0.196362025974 0
0.524182606337 0.768856157081 0.048534403288 0
0.484638580718 0.795428282514 -0.081923191255 0
0.382981887435 0.726344175851 -0.087149484353 0
0.315714223667 0.571583946740 -0.146546946862 0
0.340009084990 0.570542110173 -0.048909517516 0
0.302104444444 0.635670370370 -0.093034814815 0
0.410932206107 0.725370761700 -0.257216640148 0
0.443785770581 0.623853186252 0.089495527729 0
0.445207458560 0.619567194342 -0.254268207152 0
0.426902853928 0.518432823873 0.073470673569 0
0.488031508744 0.527214458449 -0.253955888261 0
0.425865154370 0.418051666127 0.061169050293 0
0.400385059668 0.313523997942 -0.158612781606 0
0.458556193121 0.323525484434 -0.078001694446 0
0.399015101515 0.022981202275 -0.136971101388 0
0.460144791126 0.027926496437 -0.068277515518 0
0.441509129656 0.025852841227 -0.138141941770 0
0.505949654937 0.031589184064 -0.072521807569 0
0.571694598487 0.884528710977 -0.076991077333 0
0.475491422930 0.892726006639 -0.197063078673 0
0.525736913110 0.791059857064 0.049411983644 0
0.484249692292 0.812536152844 -0.081380107151 0
0.388236248681 0.735743608665 -0.085493928096 0
0.328720983754 0.575411680418 -0.144188789821 0
0.353036485287 0.574618430585 -0.046554162463 0
0.314221851852 0.639251851852 -0.090615925926 0
0.411564002257 0.735745448748 -0.254405818645 0
0.444545977229 0.646555990618 0.090570105288 0
0.451214312335 0.631845454164 -0.251161579163 0
0.427823828594 0.541121862163 0.074467436822 0
0.498940815133 0.541982210263 -0.250802585760 0
0.427000640349 0.440724183454 0.062482383454 0
0.400111826334 0.313380023802 -0.156535066090 0
0.460907136007 0.322788504347 -0.075924146472 0
0.398626620309 0.022623829095 -0.136842704089 0
0.460087176983 0.028041657832 -0.068042163342 0
0.441037453033 0.026498733605 -0.138133435582 0
0.505973968277 0.030504400885 -0.072267340953 0
0.566402534541 0.906732067874 -0.078577601479 0
0.469418230045 0.904812100125 -0.197426404521 0
0.526550172362 0.810498952425 0.050467812707 0
0.483772750406 0.827098071300 -0.080618239982 0
0.393699769161 0.743391682032 -0.083746424789 0
0.341865802557 0.577836307615 -0.141367704935 0
0.366244374141 0.577757374973 -0.043745615546 0
0.326707777778 0.641762962963 -0.088081111111 0
0.411660888804 0.744456634209 -0.251905892227 0
0.445503580447 0.665995278883 0.091910118818 0
0.456366029938 0.642633372997 -0.248536191065 0
0.429805790522 0.560340507507 0.076227953571 0
0.508620888730 0.555378104867 -0.248411323675 0
0.430267165434 0.459923159747 0.064941607751 0
0.402576894713 0.313164131899 -0.154500667354 0
0.463719785514 0.321822174975 -0.073956583356 0
0.398828158820 0.022789012690 -0.136786410426 0
0.459942360686 0.028028286115 -0.067801440264 0
0.441150796378 0.027503274340 -0.138175544064 0
0.505884252001 0.029075107489 -0.072015895374 0
0.560470408177 0.926431482592 -0.080140076694 0
0.463224915497 0.914666850575 -0.197765063644 0
0.526460971509 0.828008488877 0.051437868050 0
0.482819817375 0.839763531702 -0.079887150207 0
0.399048536103 0.749740523373 -0.082029303484 0
0.354963209275 0.579389152174 -0.138299308490 0
0.379403290527 0.580400029737 -0.040697802998 0
0.339195925926 0.643618518519 -0.085556296296 0
0.410667626843 0.751594752120 -0.249369546126 0
0.446702681697 0.682897912756 0.093257269868 0
0.459667756877 0.651763179606 -0.246125252741 0
0.432907113884 0.576879071659 0.078258294210 0
0.515649665840 0.566906197711 -0.246831723528 0
0.435152954317 0.476394395095 0.067890162201 0
0.408162686244 0.313161904776 -0.152530977535 0
0.466582317057 0.320915045248 -0.072072078352 0
0.399477397855 0.024108538868 -0.136883441588 0
0.459939651471 0.027969288081 -0.067590735555 0
0.441612542570 0.030257526110 -0.138359632891 0
0.505893051993 0.027827986332 -0.071807352527 0
0.554121114687 0.943481069061 -0.081616675833 0
0.457060032218 0.922358038312 -0.197850941904 0
0.524989698574 0.842956201776 0.052531725987 0
0.481060270026 0.850300221485 -0.079017741773 0
0.403630251443 0.754790202451 -0.080326450528 0
0.367765714765 0.579894304454 -0.134786852702 0
0.392090403776 0.582445130559 -0.037184618557 0
0.351297777778 0.644655555556 -0.082915555556 0
0.409142996001 0.756864945558 -0.246160303193 0
0.447912183539 0.696583424739 0.094974549675 0
0.461406131197 0.658682919365 -0.243565021734 0
0.436767555819 0.590144242858 0.080769639845 0
0.519989775916 0.575618674411 -0.245450210303 0
0.441174875414 0.489586116391 0.071385769538 0
0.416287329101 0.312867462418 -0.150661064033 0
0.469351531011 0.320031788832 -0.070153411355 0
0.399813479277 0.025294027476 -0.137115640949 0
0.459901922331 0.027675611274 -0.067448865698 0
0.441846223266 0.032101000217 -0.138623341174 0
0.505798593801 0.025439404594 -0.071692657879 0
0.547682375567 0.957374885480 -0.083170805525 0
0.452161102396 0.927492371124 -0.198214701022 0
0.524643671461 0.854981936179 0.052980612634 0
0.480356675821 0.858282512486 -0.078612548280 0
0.408892421530 0.758241151813 -0.078821849994 0
0.380259283460 0.580465195619 -0.132064778592 0
0.404491874348 0.583569669313 -0.034455675013 0
0.362998888889 0.645170370370 -0.080381481481 0
0.409176063090 0.759621475521 -0.242817944206 0
0.451643795083 0.706763873085 0.096221221852 0
0.464081607247 0.662864933290 -0.241620526185 0
0.443442142953 0.600003457367 0.082428899060 0
0.524310753656 0.580886893678 -0.244799961861 0
0.450006360977 0.499404906291 0.073977188819 0
0.427885672728 0.313381130858 -0.149600496632 0
0.472715937018 0.318811397394 -0.068595383859 0
0.401428410845 0.026855980480 -0.137420652975 0
0.459728995337 0.027214166718 -0.067319124128 0
0.443464538564 0.033621728523 -0.139016969005 0
0.505466343555 0.022818562006 -0.071595627567 0
0.542629448755 0.968106602129 -0.085002983773 0
0.447262856843 0.930744450398 -0.198846599269 0
0.524870957664 0.865204553882 0.052732565704 0
0.479881378162 0.864552765738 -0.078661896487 0
0.414342856285 0.760550261678 -0.077501519569 0
0.392383307055 0.580659486175 -0.129815744241 0
0.416606090163 0.584007956711 -0.032212271746 0
0.374403703704 0.645148148148 -0.078107037037 0
0.407612406151 0.761202825569 -0.240093171336 0
0.455472574240 0.715341621807 0.096233053428 0
0.463876060854 0.665224872536 -0.240810628494 0
0.450342073201 0.608284305441 0.083283512840 0
0.525203641335 0.584126026620 -0.245562810065 0
0.459517069861 0.507771233907 0.076203496278 0
0.445248542270 0.314711084193 -0.149472458116 0
0.476362861185 0.317327926248 -0.067253314334 0
0.405445479250 0.029460731049 -0.137885981589 0
0.459694264891 0.026949042585 -0.067157596338 0
0.447550888444 0.035719215044 -0.139709576882 0
0.505294715266 0.021324495352 -0.071456228500 0
0.538063399695 0.976685159760 -0.087194959195 0
0.444052998712 0.933120641428 -0.199319205432 0
0.526362563704 0.873746779895 0.052296477056 0
0.480546754153 0.869706817495 -0.078751537371 0
0.420144513134 0.762682118399 -0.076271650242 0
0.404467132163 0.581026507020 -0.127631323100 0
0.428708490630 0.585088549364 -0.030059556327 0
0.385666666667 0.645477777778 -0.076168518519 0
0.406520167582 0.762335352892 -0.237285931710 0
0.460952524462 0.722037735482 0.095577177998 0
0.463195905762 0.666641689993 -0.240195336521 0
0.459262218144 0.614734134430 0.083814453164 0
0.524974141020 0.586096179521 -0.247132523772 0
0.471604282352 0.514482658253 0.078482975321 0
0.467303892482 0.317509644877 -0.150436518341 0
0.479024058992 0.316512653335 -0.065447642587 0
0.409336890319 0.033165321443 -0.138550976427 0
0.459796494964 0.027132415540 -0.067073817753 0
0.451697911220 0.037215050387 -0.140673052961 0
0.505285901771 0.020712489120 -0.071434237172 0
0.535079728964 0.983647749228 -0.089450922533 0
0.442349556114 0.934283527240 -0.199728993043 0
0.528916646210 0.880493161396 0.051713459720 0
0.482316577377 0.873455271648 -0.078930688557 0
0.426566633963 0.763989252196 -0.075229493504 0
0.416131458480 0.580862371446 -0.125610372091 0
0.440376771794 0.585587254598 -0.028069439242 0
0.396877777778 0.645429629630 -0.074461481481 0
0.405685163342 0.762579031516 -0.234241149570 0
0.467047575634 0.727063928048 0.094128255774 0
0.461180728546 0.666293374651 -0.239456087577 0
0.468800043164 0.619615063173 0.083786499417 0
0.521878991048 0.585317219461 -0.249394534074 0
0.484196133900 0.519716824546 0.080315100376 0
0.491874538028 0.321105805972 -0.152052471188 0
0.481577483376 0.315491763638 -0.063677192957 0
0.416478537944 0.038692494669 -0.139810705112 0
0.459948237942 0.027049787946 -0.067045956461 0
0.459003970330 0.038922759675 -0.142436382827 0
0.505350615405 0.020061836484 -0.071439986453 0
0.533358633945 0.989032028458 -0.091297373221 0
0.442315613132 0.935071434081 -0.200195778462 0
0.532644479710 0.886300191618 0.050946876951 0
0.485369083279 0.876619523892 -0.079284890874 0
0.433828649262 0.765165846134 -0.074479666796 0
0.427825321328 0.580987112265 -0.124017728873 0
0.452052206814 0.586105541183 -0.026492075712 0
0.408259259259 0.645603703704 -0.073050000000 0
0.405019917138 0.762818773603 -0.231112643048 0
0.473626158428 0.731259583170 0.091524875293 0
0.457525204594 0.665017753213 -0.238598379719 0
0.478389446466 0.623738714452 0.083048112534 0
0.515660117101 0.582824351673 -0.251961005581 0
0.496550125164 0.524260625447 0.081389066958 0
0.517083449498 0.325958814959 -0.154071449769 0
0.483540602228 0.314709474548 -0.062124097346 0
0.432911023789 0.046755570317 -0.142082507905 0
0.459959457921 0.027083740813 -0.066951204832 0
0.475310941941 0.044274029624 -0.145466071347 0
0.505288095457 0.019653757048 -0.071381194086 0
0.533105426222 0.993608899478 -0.093605758596 0
0.444427343361 0.935015930328 -0.200846578405 0
0.538137433693 0.890898970220 0.049917622385 0
0.490184335166 0.878808883410 -0.079864201954 0
0.442163685153 0.765850052858 -0.073984738189 0
0.439654249028 0.580969385010 -0.122850480563 0
0.463745766515 0.586427583968 -0.025309718988 0
0.419740740741 0.645618518519 -0.072058888889 0
0.405882143458 0.762392823581 -0.227926664791 0
0.482227323390 0.734351130504 0.089085975815 0
0.453407443847 0.662275267663 -0.237709398231 0
0.489213794162 0.626849170849 0.082029097874 0
0.506796723793 0.577573698121 -0.254413802982 0
0.509543550492 0.527819966748 0.081986179333 0
0.540867606195 0.330852327502 -0.156121877967 0
0.485092402874 0.314009985031 -0.060664462692 0
0.462435015086 0.050739191248 -0.144523282712 0
0.459875272772 0.027049449148 -0.066834447170 0
0.504823253325 0.049509020430 -0.148656507092 0
0.505046397311 0.018758264292 -0.071344503278 0
0.534963245889 0.996985922909 -0.095992836509 0
0.448340062805 0.934529527963 -0.201737667263 0
0.545065792070 0.894618722818 0.048585788545 0
0.496463323710 0.880378687230 -0.080735567936 0
0.451393727829 0.766265959961 -0.073813625620 0
0.451506002257 0.581082324772 -0.122306731382 0
0.475484598369 0.586470078393 -0.024734233418 0
0.431325925926 0.645585185185 -0.071434444444 0
0.409444811958 0.761410629708 -0.224863562398 0
0.492077473386 0.736767177486 0.086565443408 0
0.449694286193 0.658338754712 -0.236441535549 0
0.501375084536 0.629393746342 0.080258119023 0
0.495540088858 0.569816491460 -0.255937725961 0
0.523707222210 0.530844490789 0.081619673536 0
0.563172092435 0.335819783667 -0.158176527118 0
0.486376495876 0.313326384650 -0.059243277644 0
0.500600649037 0.051370265055 -0.147493687911 0
0.459795265882 0.026776701520 -0.066694559530 0
0.542924230063 0.051627253209 -0.152393489061 0
0.504830260375 0.017778366268 -0.071210539837 0
0.539237239433 0.999199438471 -0.098590870260 0
0.453792375981 0.934048623516 -0.202921352021 0
0.552969988399 0.898075598451 0.047039273397 0
0.503963716622 0.881846376011 -0.081894777387 0
0.461667721996 0.766726900795 -0.074075911584 0
0.463861442709 0.581358248355 -0.122335393923 0
0.487811261491 0.586501600186 -0.024742640956 0
0.443596296296 0.645696296296 -0.071288518519 0
0.415084989032 0.760396332474 -0.222011153198 0
0.502659644791 0.739183661919 0.084315918841 0
0.445994915252 0.654298037519 -0.234880081760 0
0.513863494706 0.631988073608 0.078082041758 0
0.482320994892 0.561769459226 -0.256257694914 0
0.537717845823 0.533842812514 0.080266712363 0
0.584128229675 0.340509691098 -0.160250357077 0
0.487573215467 0.312961456733 -0.057798930073 0
0.544004472525 0.051942252987 -0.152041935347 0
0.459856831140 0.026617723972 -0.066525137028 0
0.586231914550 0.053919034505 -0.157361247321 0
0.504764281872 0.016977127207 -0.070985474146 0
0.544889999623 1.001208761117 -0.101081260837 0
0.460753072399 0.932483879866 -0.204670140926 0
0.561611455661 0.900565676198 0.045168579847 0
0.512557754030 0.882306039893 -0.083475548758 0
0.472932214587 0.766296692947 -0.074797211365 0
0.476928282151 0.580761092411 -0.122909229024 0
0.500902237446 0.585548724892 -0.025304304137 0
0.456770370370 0.644962962963 -0.071648888889 0
0.423307000038 0.758149414933 -0.219606221353 0
0.513583671337 0.740814723894 0.081778573499 0
0.442982336525 0.649499393964 -0.233242024633 0
0.526229785174 0.633794085875 0.075302427063 0
0.468088757117 0.553337846522 -0.255365906149 0
0.551262638255 0.535872689015 0.076894942123 0
0.603590406889 0.343431759603 -0.162166915619 0
0.489969445011 0.312056466436 -0.056918282226 0
0.589699966242 0.051474190409 -0.157873004891 0
0.459975138873 0.026353236316 -0.066462471969 0
0.631709931400 0.055886829084 -0.163445352018 0
0.504799813681 0.016285313860 -0.070809920672 0
0.551921349602 1.002060986835 -0.103756665477 0
0.469025245906 0.929881844467 -0.206910130980 0
0.571128960101 0.902135976369 0.042920951850 0
0.522198437174 0.881800880863 -0.085458484210 0
0.485066284196 0.765033677864 -0.075908860577 0
0.490464172613 0.579171424018 -0.123668426032 0
0.514280382422 0.583811386019 -0.026017761813 0
0.470533333333 0.643459259259 -0.072427037037 0
0.432716595222 0.755017916597 -0.217959525199 0
0.525316109871 0.741622143196 0.079029379923 0
0.440123054081 0.644854587826 -0.231636747684 0
0.539227766767 0.634804369867 0.071838362391 0
0.452991282885 0.546113571316 -0.253572847320 0
0.565505430158 0.537150931152 0.072092680752 0
0.622354271629 0.344845813546 -0.163745627404 0
0.493295019518 0.310739481671 -0.056156351625 0
0.636255017090 0.052566721454 -0.164723814193 0
0.460392086789 0.025976645526 -0.066414013930 0
0.677648784200 0.060829798096 -0.170523574008 0
0.505201529217 0.015762647482 -0.070573696334 0
0.560252879834 1.001840530433 -0.106456388143 0
0.479202892345 0.927502242341 -0.209589389886 0
0.582034057952 0.903808962441 0.040360508021 0
0.533380649220 0.881465356173 -0.087790187895 0
0.498383747663 0.764114776615 -0.077346331608 0
0.505283742291 0.577995563064 -0.124633550361 0
0.528656747654 0.582609328912 -0.026874616732 0
0.485285185185 0.642355555556 -0.073509259259 0
0.443398310008 0.752341158092 -0.216966851897 0
0.538669633495 0.742504947787 0.075967642311 0
0.438739461890 0.641805774338 -0.228718665642 0
0.554183115672 0.635982647039 0.067744933282 0
0.440451026439 0.541970943231 -0.249293189585 0
0.581647717701 0.538567812516 0.066424132281 0
0.642045167081 0.346591139290 -0.165351818474 0
0.495234454252 0.310555029065 -0.054917320508 0
0.684449754178 0.056647117176 -0.173705136725 0
0.461090056756 0.025842560317 -0.066495270341 0
0.724420835728 0.069894873583 -0.180198917984 0
0.505899997971 0.015547980626 -0.070445668010 0
0.570512615482 1.001670173322 -0.109349603857 0
0.491573160760 0.925106734626 -0.212501544457 0
0.594079885471 0.904020867551 0.037814913643 0
0.546123357206 0.880407494793 -0.090370779046 0
0.512858288870 0.762588456558 -0.079495837499 0
0.521225752692 0.576243900858 -0.126019286671 0
0.543819684171 0.580893872596 -0.028079073568 0
0.500962962963 0.640696296296 -0.075115925926 0
0.452274312543 0.750571469189 -0.215794285689 0
0.553531298830 0.741966947844 0.073334847390 0
0.439730898188 0.640261295682 -0.223019895063 0
0.570830793974 0.635826298612 0.063838970496 0
0.432049051039 0.540141595870 -0.240589190900 0
0.599765787034 0.538811280557 0.060853838726 0
0.661399784893 0.346930447125 -0.166961351165 0
0.496477307843 0.310658314190 -0.053543310716 0
0.729617760870 0.062075313157 -0.182538247898 0
0.461900018790 0.025656256617 -0.066640037144 0
0.768274633824 0.078664139682 -0.189307044909 0
0.506710854504 0.015321061508 -0.070472476209 0
0.582318404972 1.000875758605 -0.112545321587 0
0.506069450320 0.922722351837 -0.215792141905 0
0.607688625006 0.903361300209 0.035025051710 0
0.560607408690 0.878922866572 -0.093330368190 0
0.528811876805 0.760714321756 -0.082329794045 0
0.538903933413 0.574070212223 -0.128049605480 0
0.559880306906 0.578702669569 -0.029749425350 0
0.518162962963 0.638696296296 -0.077560740741 0
0.461676893372 0.749385082719 -0.214655251542 0
0.569068418946 0.740807521478 0.070409725910 0
0.442509422784 0.639840323241 -0.217885545019 0
0.588036747469 0.635081706433 0.059568315674 0
0.428354828310 0.539933260577 -0.232174757116 0
0.618673803121 0.538653484418 0.054742004740 0
0.680988961913 0.345826572425 -0.168377729402 0
0.498744287658 0.310983942543 -0.052245099298 0
0.770801075098 0.067933983233 -0.189732233026 0
0.462791703362 0.026106058841 -0.066703297504 0
0.808498883667 0.086686579366 -0.196257183020 0
0.507527089570 0.015438227443 -0.070505591346 0
0.595546621255 0.999603866291 -0.116264076211 0
0.521978784656 0.919687959258 -0.219682507301 0
0.622935538716 0.902214472015 0.031540466668 0
0.576502444543 0.876856131191 -0.096872593814 0
0.545848498467 0.758382279133 -0.085604017306 0
0.557493576350 0.571413217816 -0.130699306684 0
0.576705219014 0.576088113412 -0.032041050786 0
0.536255555556 0.636262962963 -0.080706296296 0
0.471603341065 0.748075473440 -0.214272341706 0
0.586167291024 0.739175334916 0.066663994394 0
0.447083688849 0.639555117246 -0.214271932143 0
0.607094298576 0.634013754701 0.054078922628 0
0.427723879690 0.540117019283 -0.225551726825 0
0.639491851445 0.538252848154 0.047455072961 0
0.701100301334 0.343919478645 -0.169857692610 0
0.500736556978 0.311931605604 -0.051200559316 0
0.807694627645 0.073288871351 -0.195489798111 0
0.463577185851 0.026873628417 -0.066757166017 0
0.843744065286 0.095250121195 -0.201277816430 0
0.508303555105 0.016155734576 -0.070524590787 0
0.609936531122 0.998016615135 -0.119963441579 0
