-0.131889574482 0.913086378501 -0.227100284137 0
-0.098459542931 0.886483391257 0.040827477876 0
-0.103703459103 0.867493469936 -0.096652978981 0
-0.111461538873 0.744892199698 -0.099622099776 0
-0.068850853579 0.561655478152 -0.149154453555 0
-0.052783515836 0.567136905561 -0.049976895958 0
-0.098770740741 0.622866666667 -0.099016296296 0
-0.110417127361 0.737661455569 -0.255079400032 0
-0.143699819485 0.721901206792 0.046602285075 0
-0.040194212353 0.651726059365 -0.262936304054 0
-0.119317441253 0.616864162164 0.051893836569 0
0.031638113516 0.581429640064 -0.277929546207 0
-0.092306630834 0.522312275549 0.073495093875 0
-0.115993944981 0.295837246057 -0.181214840798 0
0.097336403525 0.336467388146 -0.063113430631 0
-0.288143976391 0.047694233446 -0.180056837875 0
0.182692795999 0.036525435848 -0.051274981349 0
-0.247277740154 0.035641450743 -0.180258753705 0
0.225302780970 0.053699333866 -0.055629433335 0
-0.072800472874 0.992500730197 -0.099228813142 0
-0.107373202937 0.914590770674 -0.221663373549 0
-0.069455080282 0.887733092391 0.045640671853 0
-0.076941322348 0.868896908126 -0.091757094243 0
-0.084784888199 0.746285199288 -0.095039745088 0
-0.041227530210 0.562468147405 -0.143703043826 0
-0.025600333868 0.570444444210 -0.044624475290 0
-0.072392592593 0.624244444444 -0.095038148148 0
-0.091893681230 0.737936041620 -0.245565080768 0
-0.111546251514 0.722326508750 0.051667433569 0
-0.026274897281 0.648473866480 -0.253846111243 0
-0.087267976786 0.617261364258 0.056879191307 0
0.041726551942 0.574668303321 -0.269563121800 0
-0.059866095892 0.522828315682 0.078383057713 0
-0.054894202974 0.293856976963 -0.183338043264 0
0.117066042416 0.335156481440 -0.058867531487 0
-0.267821483962 0.063618179555 -0.178698270183 0
0.186958588687 0.030776257744 -0.051568044750 0
-0.231500269698 0.041641687436 -0.182326326629 0
0.230730278591 0.044746431885 -0.055856196077 0
-0.045198744479 0.993709879515 -0.093251459502 0
-0.082789835240 0.918132820802 -0.217119286426 0
-0.041675227041 0.889936010998 0.049573609067 0
-0.051004889593 0.871716397864 -0.087794490869 0
-0.059869242260 0.749170990802 -0.091552635457 0
-0.016461273869 0.565098151430 -0.139763634377 0
-0.000918540221 0.574609811325 -0.040807355767 0
-0.048501111111 0.627055555556 -0.091903703704 0
-0.072816913903 0.740635285743 -0.237440860807 0
-0.080503715552 0.723765423148 0.056430042389 0
-0.013983672652 0.646619604961 -0.246248956209 0
-0.055745368262 0.618808532403 0.061563944826 0
0.047801206791 0.567522577734 -0.262508145229 0
-0.027107112815 0.524809640212 0.083036715046 0
0.005049216199 0.297864164545 -0.184852070608 0
0.131695353641 0.333634034942 -0.056969513669 0
-0.226122137900 0.081371001295 -0.174490345686 0
0.188583389764 0.027275708953 -0.051483799032 0
-0.195997675177 0.051905086925 -0.180786077656 0
0.233572918517 0.036673982916 -0.055622590352 0
-0.017873359117 0.996166711392 -0.087679304419 0
-0.058504876485 0.921865682322 -0.213303300793 0
-0.015049627544 0.891622656572 0.052793622019 0
-0.026100226492 0.874276405587 -0.084559876757 0
-0.036965982603 0.751908937057 -0.088925631286 0
0.005792359333 0.567697021047 -0.137087703904 0
0.020819907709 0.578082546719 -0.038139702581 0
-0.027022962963 0.629707407407 -0.089825555556 0
-0.053074355420 0.743836877654 -0.230451322450 0
-0.050413693293 0.724731995562 0.060807147177 0
-0.002915166265 0.644981200428 -0.239911337088 0
-0.024268482781 0.620112954565 0.065961354980 0
0.050064029836 0.559507483105 -0.256490902383 0
0.006128878454 0.526770935526 0.087562711239 0
0.059842939712 0.305302617877 -0.183319553932 0
0.143488728881 0.332005019498 -0.055893460088 0
-0.165210585938 0.086462783287 -0.166035354778 0
0.189403320928 0.025651111020 -0.051095976585 0
-0.138263483621 0.053996074662 -0.171962083456 0
0.235019242374 0.031454468383 -0.054972005277 0
0.009319228538 0.998065088378 -0.082539630567 0
-0.035141034105 0.925458476904 -0.210102683173 0
0.009986519778 0.893073356906 0.055463277523 0
-0.002343407614 0.876693266797 -0.081899953819 0
-0.014998751986 0.754513049284 -0.087039897045 0
0.026902105512 0.570154164104 -0.135263458411 0
0.040865620322 0.581303610395 -0.036242736232 0
-0.006864370370 0.632211111111 -0.088738148148 0
-0.034651767422 0.747153071361 -0.225094129710 0
-0.022371400601 0.725670163951 0.065284807007 0
0.005585437517 0.643862864997 -0.234579996121 0
0.005698916950 0.621558837484 0.070592405673 0
0.049051525397 0.553003021038 -0.250953827067 0
0.038375173180 0.529074379432 0.092318628929 0
0.106068526384 0.313595484091 -0.177924840569 0
0.152997174737 0.330295972373 -0.054645593484 0
-0.091710164381 0.075662182090 -0.155835969116 0
0.189550972931 0.024887143439 -0.050714035525 0
-0.058820076158 0.048928746321 -0.160186269533 0
0.235404436436 0.028716969994 -0.054222191389 0
0.036257267578 0.999451266592 -0.077717465298 0
-0.011649250826 0.929169947557 -0.207239515659 0
0.034306156998 0.893766637227 0.057798741402 0
0.021055614407 0.878789886067 -0.079638923857 0
0.006457828288 0.756869681244 -0.085857434456 0
0.047490437147 0.572333751371 -0.134075329317 0
0.059950659345 0.584032754697 -0.034917528295 0
0.012823481481 0.634503703704 -0.088370370370 0
-0.016018315043 0.750768588874 -0.220341690866 0
0.004890033191 0.725964182957 0.069813501711 0
0.013966044311 0.644042370674 -0.229740286319 0
0.035260781164 0.622508979551 0.075283436418 0
0.047133244494 0.548695839495 -0.245636403846 0
0.070585428108 0.530966754150 0.096858274872 0
0.146585457910 0.321873563580 -0.170947313297 0
0.161949046155 0.328709615871 -0.052901100368 0
-0.006762183945 0.060021447138 -0.147200720700 0
0.189688788476 0.024785466732 -0.050255500968 0
0.033071239407 0.045126682032 -0.149809161141 0
0.235647142430 0.027585584039 -0.053338338849 0
0.063093722538 1.000308276600 -0.073383998088 0
0.012443117910 0.931456379653 -0.204968591561 0
0.058420109252 0.892833252311 0.059615878690 0
0.044474884355 0.879318408383 -0.077904561545 0
0.027461004503 0.757774179501 -0.085146501540 0
0.067586206015 0.573133192959 -0.133335321039 0
0.078397451190 0.585052270268 -0.034010370028 0
0.032139703704 0.635385185185 -0.088345555556 0
0.004004667631 0.753079217894 -0.216290305960 0
0.032464295446 0.724632889056 0.073837692738 0
0.023317004172 0.643943972552 -0.226006937841 0
0.065503118629 0.622019073826 0.079679158001 0
0.046118491845 0.545384898713 -0.241376097521 0
0.103588695246 0.531558720362 0.101245091203 0
0.182227322666 0.328512258620 -0.163793240661 0
0.172675151132 0.326697027974 -0.050781448382 0
0.078282920276 0.047070792533 -0.140245060165 0
0.190545311411 0.024907742252 -0.049661023768 0
0.120245177278 0.039725767718 -0.141006113961 0
0.236552082929 0.027552422279 -0.052089497873 0
0.089975686526 0.999499802359 -0.069969689953 0
0.035930093479 0.931705461513 -0.203177230331 0
0.082348612089 0.890883904095 0.060999780737 0
0.067631724631 0.878356569955 -0.076533745754 0
0.048572199435 0.757165438372 -0.084615253921 0
0.087503695524 0.571872678601 -0.132175263287 0
0.096342673648 0.585010769471 -0.032808989565 0
0.051319629630 0.634766666667 -0.088690740741 0
0.021199322363 0.753669792084 -0.213380430361 0
0.059841978572 0.722394236814 0.077492504329 0
0.031025156453 0.643290954558 -0.223272157433 0
0.095510344209 0.620685835842 0.083693350577 0
0.045215091852 0.543101235343 -0.238592220680 0
0.136424737737 0.531542893957 0.105422017760 0
0.211845614720 0.331390213783 -0.157013605757 0
0.183845449773 0.324199282239 -0.048223829655 0
0.163081002789 0.037219616756 -0.136008750982 0
0.192155204243 0.025109130023 -0.049259300522 0
0.205667526250 0.038535079033 -0.135877664854 0
0.238231025878 0.026914714291 -0.051068546380 0
0.116850076874 0.996966173401 -0.066772204204 0
0.059862281327 0.933215839919 -0.202094173847 0
0.106024705121 0.889972324764 0.061742140225 0
0.090815111152 0.878537698876 -0.075832964239 0
0.069441186186 0.757783416241 -0.084682320158 0
0.106890971083 0.572425137220 -0.132265716194 0
0.113809787408 0.585510909568 -0.032740413571 0
0.070027777778 0.635403703704 -0.089479629630 0
0.035267818526 0.756266080200 -0.212178589164 0
0.087661597229 0.721220155679 0.080525860889 0
0.038492145568 0.645514683004 -0.222258906017 0
0.125893812095 0.620468697669 0.087062150735 0
0.046238389984 0.544550493515 -0.237436635032 0
0.169641205884 0.532638216145 0.108665413869 0
0.237472070809 0.334698610256 -0.150822299482 0
0.193562210132 0.322110625835 -0.046038029727 0
0.244166348195 0.035872344749 -0.133588460371 0
0.193970955550 0.025369009025 -0.049280651706 0
0.286007297612 0.043899010788 -0.133071556877 0
0.240093433175 0.025797606408 -0.050711807340 0
0.144135610219 0.995172511129 -0.063781463484 0
0.085323807877 0.933688185719 -0.201213914886 0
0.129428326228 0.886804423665 0.062352539568 0
0.114355960921 0.877038793153 -0.075366188465 0
0.089726100916 0.756990048088 -0.085274407112 0
0.125341785484 0.571897326311 -0.132887387671 0
0.130039942253 0.584367048943 -0.033153608740 0
0.087640000000 0.634688888889 -0.090559629630 0
0.050042482547 0.758584216558 -0.211779356863 0
0.115426734979 0.717961625895 0.083879070821 0
0.048211042016 0.647844158598 -0.222322906662 0
0.156345820749 0.618285473482 0.090629973705 0
0.050709706876 0.546571381646 -0.237591186773 0
0.202823172810 0.531849372937 0.112154627170 0
0.257194824235 0.334453613581 -0.144926136290 0
0.204239215815 0.319263339523 -0.044619909408 0
0.310933324638 0.040371749303 -0.131550795386 0
0.196005227349 0.024657703042 -0.049337474171 0
0.350628374909 0.055832662565 -0.130761650177 0
0.242106055451 0.022925814420 -0.050446101476 0
0.171418033298 0.991633296749 -0.060967362786 0
0.113086225553 0.931661166830 -0.200383605222 0
0.151577569552 0.880066725040 0.063182328863 0
0.138270521806 0.872513105557 -0.074857002847 0
0.109662783758 0.753493526830 -0.086409682756 0
0.142878735325 0.568732552222 -0.133601796227 0
0.144976135694 0.580864398686 -0.033737826085 0
0.104077777778 0.631377777778 -0.092057777778 0
0.068096830497 0.758834401226 -0.211548905064 0
0.141749453596 0.711398308914 0.088116241562 0
0.061804878872 0.648270344242 -0.222220442048 0
0.184935750725 0.612694135129 0.095023588918 0
0.059417874359 0.546916870422 -0.237325068753 0
0.233994382228 0.527688195106 0.116370986045 0
0.274802574575 0.331109855078 -0.140022578962 0
0.217191219420 0.315135684309 -0.043236090900 0
0.354630122234 0.042195814276 -0.129210317395 0
0.198024166261 0.023388838062 -0.049655630673 0
0.392896942042 0.060880941288 -0.127840596468 0
0.244035470408 0.019944157560 -0.050435958404 0
0.198466097522 0.985126399212 -0.057877816824 0
0.142155784117 0.929300699691 -0.199709815793 0
0.172029533870 0.873078925737 0.064027255560 0
0.161903755655 0.867712435866 -0.074383947701 0
0.128823762235 0.750059665124 -0.087951060480 0
0.158394068644 0.565687341756 -0.134987844339 0
0.157877231328 0.577441877731 -0.035058083594 0
0.118728148148 0.628322222222 -0.094252962963 0
0.087636994848 0.759372055769 -0.212738940425 0
0.165748767827 0.704755808851 0.092226666265 0
0.076938024020 0.649172525510 -0.223669475982 0
0.210398747738 0.606711442607 0.099224035164 0
0.070457426143 0.547906396877 -0.238405198227 0
0.261767052725 0.523176798118 0.120361066562 0
0.291265047930 0.328512814514 -0.136781862787 0
0.230902451678 0.311833864951 -0.041114958727 0
0.374277869743 0.039311846946 -0.126651585986 0
0.200135333244 0.023950390019 -0.050381209588 0
0.413447912882 0.055946461096 -0.124564258113 0
0.246070461798 0.019558899245 -0.050821229912 0
0.224683888810 0.978415252575 -0.054490379582 0
0.172021673825 0.925460675538 -0.198900014726 0
0.192262328752 0.864850016525 0.064780161812 0
0.185547606581 0.861565805566 -0.073903356497 0
0.147015642931 0.745865483054 -0.089838147003 0
0.172286261718 0.562784231472 -0.138233793881 0
0.168529224097 0.573303868931 -0.038235717822 0
0.131285925926 0.624903703704 -0.098034444444 0
0.108803965603 0.759041353124 -0.216953573702 0
0.188735350460 0.696683715994 0.094360260763 0
0.093706374826 0.649347471111 -0.227779286386 0
0.234421341026 0.599130594679 0.101533852438 0
0.083715735012 0.548241913593 -0.241714570720 0
0.287230824981 0.516654195258 0.122786035777 0
0.306560859356 0.326413171648 -0.135279725843 0
0.250419245532 0.310224304876 -0.037845382029 0
0.380908931650 0.031864577833 -0.125008024420 0
0.205640945899 0.025377805426 -0.050976810491 0
0.422728891245 0.039608103308 -0.122460791061 0
0.251717169777 0.022892237476 -0.050412550322 0
0.250980579794 0.970100864372 -0.050910121915 0
0.203755170571 0.920265009411 -0.196022855947 0
0.212300363460 0.852908246394 0.066656830651 0
0.209576794487 0.853004420825 -0.072201243326 0
0.164120093149 0.740397884499 -0.091780593548 0
0.183622511336 0.559135129792 -0.141735151450 0
0.176873400969 0.569069421890 -0.041834437393 0
0.141227037037 0.620881481481 -0.102417777778 0
0.133809684216 0.757342417433 -0.220140452408 0
0.211167660368 0.684690326858 0.096131819958 0
0.114435593432 0.648411676758 -0.231828882413 0
0.257310182680 0.587376142305 0.103621729790 0
0.101574708673 0.547610459703 -0.245504553851 0
0.310442309336 0.505221388757 0.125254852714 0
0.321579341688 0.324960360195 -0.135429419584 0
0.277569602054 0.312726350003 -0.033741874190 0
0.383906577696 0.025762937527 -0.123550911903 0
0.210555374102 0.028977028440 -0.050000259984 0
0.426363448504 0.028088213903 -0.120836723980 0
0.256620566313 0.027983742415 -0.047445598775 0
0.278032931483 0.958710559164 -0.045376455987 0
0.234312465790 0.911790860769 -0.191930050272 0
0.233508906181 0.837983337064 0.069149200786 0
0.233267413043 0.841460163886 -0.069691877942 0
0.179813124928 0.733096927151 -0.092871423643 0
0.190864253050 0.554655229968 -0.146090538953 0
0.182746557616 0.564132227286 -0.046247247430 0
0.147835185185 0.616155555556 -0.107077037037 0
0.158967168307 0.753050650987 -0.225729938478 0
0.233795537992 0.669583650062 0.097588429398 0
0.137846839503 0.644592321875 -0.238714683794 0
0.279023743212 0.571852066262 0.105219196750 0
0.123447449678 0.543996205995 -0.252533355650 0
0.331315311383 0.489122387497 0.126873321408 0
0.333651972355 0.323465285850 -0.137572970903 0
0.305776662006 0.318105242757 -0.030394762014 0
0.384536905216 0.022815773233 -0.121936987651 0
0.219554369706 0.035207589584 -0.046772758582 0
0.427027094609 0.021887784976 -0.118923310791 0
0.265330418651 0.032700661941 -0.041501752868 0
0.305259415129 0.943337497136 -0.038069094271 0
0.264702581916 0.903457429721 -0.185544231742 0
0.255377052981 0.820989142970 0.072762926090 0
0.257022573879 0.829241651919 -0.065866724934 0
0.195187917636 0.726476247607 -0.093408452984 0
0.195714668441 0.552293863098 -0.151588137306 0
0.187244868359 0.560856891069 -0.051691538975 0
0.152798148148 0.613607407407 -0.112158888889 0
0.185302975889 0.750139895016 -0.232525468551 0
0.255710638855 0.652344473572 0.099710851211 0
0.165224816236 0.641531891258 -0.245906428088 0
0.299324762627 0.553886849843 0.107404105850 0
0.150917392689 0.540956332921 -0.260274704322 0
0.350227678404 0.470338669942 0.129176908071 0
0.340758765742 0.322587559837 -0.141249080715 0
0.328667274109 0.325536007864 -0.028437075400 0
0.385291235538 0.021739371059 -0.121206156300 0
0.240807447782 0.041790656077 -0.041863922324 0
0.427536417368 0.017187609098 -0.118046143600 0
0.286156662590 0.038916100912 -0.033820260639 0
0.332941994590 0.926312099938 -0.029141977800 0
0.294866180281 0.894142562931 -0.177089635206 0
0.276671588366 0.800024752607 0.076724009426 0
0.279763860340 0.815040448039 -0.061312067492 0
0.208731930299 0.720016819123 -0.093995244919 0
0.198648266762 0.550959962610 -0.158524774674 0
0.190963880836 0.558172671407 -0.058458195017 0
0.156895185185 0.612303703704 -0.117911111111 0
0.214504716771 0.745975763093 -0.237143237141 0
0.276167194178 0.631207570164 0.102566435060 0
0.196009376703 0.637250841976 -0.251795710568 0
0.317848104783 0.531903004728 0.110088841882 0
0.183539065341 0.536649429761 -0.267473848700 0
0.367442843806 0.447690982053 0.131865346925 0
0.345060640214 0.322186021693 -0.146881198400 0
0.348631944521 0.334310935165 -0.027738661545 0
0.386313619966 0.021482134936 -0.121211660395 0
0.278453456954 0.048127363180 -0.040607270631 0
0.428046409742 0.013528290408 -0.117975888498 0
0.323857746111 0.047603070779 -0.032379847701 0
0.359631134924 0.906889808747 -0.020415114548 0
0.323311009534 0.881744904250 -0.168942651239 0
0.296093078111 0.777097801985 0.079892112797 0
0.300641591180 0.798708238334 -0.057225690043 0
0.220917518841 0.712661252590 -0.094411898214 0
0.200156792661 0.549242659363 -0.165461407074 0
0.193668422592 0.554986780170 -0.065215212884 0
0.160474074074 0.610992592593 -0.123412962963 0
0.242618188067 0.739468851542 -0.241496037697 0
0.294263382720 0.608115390034 0.104568480646 0
0.226425300031 0.630693147294 -0.258334018461 0
0.333832156124 0.507943817931 0.112001511222 0
0.218204789768 0.530051932553 -0.275622092528 0
0.382068549445 0.423034859758 0.133705956241 0
0.348657982975 0.321922163997 -0.151953599205 0
0.364321645711 0.341731827637 -0.028927643996 0
0.386910648977 0.021422528779 -0.121540971009 0
0.323174623838 0.053418035085 -0.040218914063 0
0.428021835715 0.010759198349 -0.118146370271 0
0.368714548842 0.057246031510 -0.033817623689 0
0.385065693922 0.883614423593 -0.011695989326 0
0.349949194799 0.865633512572 -0.160315610772 0
0.313836555916 0.750929452375 0.082890942355 0
0.320195581267 0.779172283295 -0.052943136890 0
0.233230104034 0.702421849998 -0.094043400316 0
0.201269051161 0.546143691536 -0.170964201630 0
0.195747859733 0.550302992694 -0.070581882577 0
0.163643333333 0.608211111111 -0.127515555556 0
0.269181334016 0.730447045529 -0.245280146258 0
0.308990332406 0.581942986304 0.107127585411 0
0.257142155252 0.621457076241 -0.264098377389 0
0.347416032071 0.481304127588 0.114238657865 0
0.254917586004 0.520925759703 -0.282682017844 0
0.394503814487 0.395701429727 0.135789046220 0
0.353351987846 0.321276412626 -0.156295893761 0
0.374777829452 0.344348226417 -0.032530743476 0
0.387005149973 0.021386094537 -0.121804477194 0
0.362884602409 0.054381083662 -0.033575415552 0
0.427575042378 0.008891654178 -0.118153121906 0
0.406624648081 0.067699280764 -0.027334512178 0
0.409471210560 0.855672230734 -0.002834604612 0
0.372294899344 0.847736280087 -0.153218970081 0
0.329548305719 0.724635044806 0.084750326684 0
0.337156090767 0.758648092101 -0.049690091370 0
0.244513063709 0.690449170957 -0.093397219749 0
0.202618467584 0.542231267487 -0.175444653487 0
0.197899614379 0.543797995129 -0.074947533586 0
0.166861111111 0.604011111111 -0.130051851852 0
0.290945197981 0.721406240886 -0.250382480623 0
0.321349698539 0.555693930752 0.108393703916 0
0.284949907390 0.612138762287 -0.270446270517 0
0.358545008757 0.454571471502 0.115178890917 0
0.290389358406 0.512108666998 -0.289736117170 0
0.404344607964 0.368261856167 0.136677913211 0
0.359497838550 0.320717428533 -0.160273821992 0
0.383287544325 0.343311056169 -0.038160474268 0
0.387708398416 0.021960153534 -0.121624561175 0
0.394595624775 0.054961612197 -0.024366122289 0
0.428088335831 0.008938932407 -0.117717124702 0
0.433633954506 0.078599344961 -0.017526440572 0
0.430258465162 0.826425316691 0.004699176223 0
0.392280736342 0.826815984223 -0.146892446500 0
0.344112078950 0.696261788990 0.086015162111 0
0.352485111820 0.735674272616 -0.046896614046 0
0.254885211136 0.676016705628 -0.092283680717 0
0.204081977991 0.536291957076 -0.179042547689 0
0.199605998606 0.535015527399 -0.078530211853 0
0.170232962963 0.597714814815 -0.131742222222 0
0.311169451623 0.709816101695 -0.255288883143 0
0.333128304455 0.527387908283 0.108999843469 0
0.313089097765 0.600489147627 -0.275826972797 0
0.368787517643 0.425699367716 0.115568166078 0
0.326818292888 0.501396265900 -0.295064695400 0
0.413105191009 0.338560398357 0.136930289923 0
0.367478833138 0.319548552313 -0.163763927627 0
0.390330279019 0.339151170356 -0.044202562679 0
0.388830768047 0.022472081503 -0.121253729478 0
0.417573003123 0.052984162775 -0.020217749957 0
0.429119232771 0.009252900976 -0.117076112757 0
0.453774698201 0.080920353402 -0.014011191231 0
0.448048441858 0.796489276057 0.010522001518 0
0.407574098525 0.805925734408 -0.141660770294 0
0.356089330816 0.667874563014 0.086158817027 0
0.364659120119 0.712565059339 -0.045059741247 0
0.263466033189 0.660093315121 -0.091442228394 0
0.205910345655 0.528479972677 -0.181961821517 0
0.201052824039 0.524154552324 -0.081552217684 0
0.173342962963 0.589166666667 -0.132846296296 0
0.328453684403 0.697333512201 -0.259836443944 0
0.343109047185 0.499096465781 0.108803741302 0
0.339316076954 0.588488513229 -0.280150372180 0
0.377273386858 0.396870365024 0.114960351461 0
0.361385900275 0.490900690557 -0.299092793966 0
0.420347776817 0.309127121656 0.136159613484 0
0.377223433642 0.317914102804 -0.167011492428 0
0.398002008053 0.334283608959 -0.048734101066 0
0.389658355960 0.023176354607 -0.120821400786 0
0.428867687738 0.048190719349 -0.021712435582 0
0.429723012760 0.009416095721 -0.116256517877 0
0.466852284834 0.073860015591 -0.016442477484 0
0.462744378793 0.765695785497 0.014627511943 0
0.420449184333 0.783037460704 -0.136702020796 0
0.366370408301 0.637852260103 0.086024976010 0
0.375061490253 0.687539193139 -0.043376204689 0
0.271162784713 0.641273389609 -0.090374033368 0
0.208123779062 0.516594890945 -0.183970596129 0
0.203338362104 0.509589691438 -0.083708837298 0
0.177002222222 0.576603703704 -0.133115555556 0
0.344316056420 0.682088785006 -0.263315259465 0
0.352378664447 0.469188225639 0.108916045151 0
0.363821926083 0.574306433998 -0.282818257018 0
0.385310137417 0.366538381214 0.114730609398 0
0.394242457563 0.478991610894 -0.301174385075 0
0.427676839877 0.278528374740 0.135778460663 0
0.389896489894 0.314889790667 -0.170427844204 0
0.409619626541 0.329896667810 -0.050914901910 0
0.390728161804 0.023712791926 -0.120424560765 0
0.433432546492 0.042825468695 -0.024426803597 0
0.430495388530 0.009283255586 -0.115353489416 0
0.473185121752 0.065808874982 -0.019843067121 0
0.475198004274 0.732889943610 0.018006706133 0
0.432439489816 0.757969482743 -0.131338766265 0
0.375556141460 0.606222907321 0.086256806126 0
0.384741857480 0.660510470673 -0.041247997206 0
0.278871564575 0.619654129515 -0.088850381240 0
0.211227018441 0.501003315561 -0.185102417534 0
0.206707341764 0.491614329050 -0.085023384892 0
0.181645925926 0.560396296296 -0.132630740741 0
0.359767553590 0.664143209013 -0.265253741306 0
0.360296183333 0.437799004410 0.110086390062 0
0.387374481464 0.557916044302 -0.283461653446 0
0.392541267614 0.334908448279 0.115478015844 0
0.425873018747 0.465540241964 -0.300657972588 0
0.434840442242 0.247045469201 0.136456902252 0
0.404759972262 0.310413176781 -0.173697734458 0
0.423859897291 0.325449657934 -0.051096187879 0
0.391981557436 0.024135043098 -0.119807332239 0
0.435050079577 0.037431904984 -0.025551879689 0
0.431297583909 0.008760857413 -0.114041564120 0
0.475791927255 0.058553421724 -0.020704383133 0
0.486367308317 0.699050415666 0.021444246382 0
0.443832889887 0.731947699114 -0.125698177801 0
0.384300927786 0.573856050053 0.086607139095 0
0.394060271564 0.632581780021 -0.038872084822 0
0.286678954288 0.596508025429 -0.086949666483 0
0.215549390491 0.482939310254 -0.185526412819 0
0.211665421787 0.471307404919 -0.085656462960 0
0.187292962963 0.541544444444 -0.131462962963 0
0.375092478253 0.643629137192 -0.265313319980 0
0.367313671090 0.405616987894 0.110573313965 0
0.409166205903 0.539054426663 -0.282076137628 0
0.399319872735 0.302650367923 0.115936135773 0
0.454335554527 0.449670996844 -0.297458104425 0
0.442094652343 0.215297785844 0.137121829567 0
0.420578710588 0.304625274714 -0.176765440200 0
0.439926786025 0.320936780641 -0.050980679673 0
0.393315502682 0.024369840724 -0.119077442890 0
0.437076471030 0.032769387570 -0.025526889779 0
0.431804387536 0.007375798098 -0.112356738835 0
0.478757609012 0.051843156669 -0.020198765034 0
0.496822808162 0.665903788073 0.024379815947 0
0.454965027979 0.705105092126 -0.119928034459 0
0.392761676584 0.540955880522 0.086944754959 0
0.403246584021 0.603920368407 -0.036402445120 0
0.294683817391 0.572167964509 -0.084868580469 0
0.220973676372 0.463511460405 -0.185620954645 0
0.218254117017 0.449543549721 -0.086012246254 0
0.193560000000 0.520911111111 -0.129857037037 0
0.389490132312 0.620632479675 -0.263438369558 0
0.373725534777 0.372933222112 0.110889233035 0
0.428504350943 0.517582857328 -0.278818458385 0
0.405655797286 0.269946782180 0.116323674678 0
0.478795123633 0.430890061014 -0.292161120005 0
0.449000868562 0.183163605580 0.137767719306 0
0.436424449000 0.297818797626 -0.179572972624 0
0.456636604639 0.315522726096 -0.052408772824 0
0.394601681889 0.024613235743 -0.118163679825 0
0.438575479522 0.028798401954 -0.024942094103 0
0.431984127606 0.005759384339 -0.110261487440 0
0.481133399612 0.045700146409 -0.019226386239 0
0.506732058660 0.634128122200 0.026772203957 0
0.465846720087 0.678564000649 -0.114578068269 0
0.400036249669 0.509751261250 0.087367004949 0
0.411792629516 0.576198351261 -0.034023124584 0
0.302347194867 0.548338388562 -0.082890913030 0
0.226680892225 0.443061671859 -0.185414550500 0
0.225349186518 0.427115361419 -0.086075056527 0
0.200252962963 0.499414814815 -0.128128148148 0
0.403364684195 0.596431394708 -0.260756147096 0
0.379114667886 0.341976811444 0.111478161539 0
0.445773896392 0.494520343501 -0.274665763062 0
0.410604944971 0.238846019656 0.116739707322 0
0.499138254668 0.409444765627 -0.285863192835 0
0.454254135979 0.152627307610 0.138508082377 0
0.451503778116 0.290251318967 -0.181762422399 0
0.472441066965 0.309176899936 -0.055202626814 0
0.395770032604 0.024780352941 -0.117147963512 0
0.439227877006 0.025352029864 -0.024360645541 0
0.431983603481 0.004272692720 -0.108017094895 0
0.482746688311 0.039482955700 -0.018365243799 0
0.515692743574 0.603887256722 0.028804278217 0
0.477225974238 0.652022266275 -0.110265127645 0
0.407367029304 0.480717347135 0.088191225460 0
0.420710594712 0.549358521788 -0.031805983635 0
0.310560270481 0.525028046706 -0.080962344923 0
0.233084956379 0.423895138570 -0.185379045433 0
0.232801807135 0.405603911833 -0.086435909388 0
0.207327407407 0.478896296296 -0.126495555556 0
0.417387965301 0.571559682071 -0.258464269771 0
0.384417315795 0.313157511089 0.111947034400 0
0.461790286645 0.470288265977 -0.270728657048 0
0.415288948685 0.209833444707 0.117081352132 0
0.516237250485 0.385446543275 -0.279469412590 0
0.459076486588 0.124198690266 0.139340403006 0
0.465277111333 0.282502257482 -0.183251049499 0
0.486549523348 0.303036796757 -0.054670072105 0
0.396960760810 0.025106637397 -0.116112173259 0
0.439895295987 0.022923500129 -0.024202784373 0
0.432353513863 0.003657609992 -0.105980447850 0
0.484070867533 0.034571549586 -0.017694584395 0
0.524716667581 0.575714316157 0.031018626806 0
0.488850795292 0.627003578444 -0.106702672983 0
0.414722856461 0.454782766479 0.089398352530 0
0.429853688663 0.524653544853 -0.029673575448 0
0.319150113884 0.503657110299 -0.079110977681 0
0.239617073106 0.407576594899 -0.185211935700 0
0.240211497711 0.387225993695 -0.086673146335 0
0.214392962963 0.461337037037 -0.124967407407 0
0.430955577818 0.546419061983 -0.255605594370 0
0.390011673167 0.287342920915 0.112214618703 0
0.475838438552 0.445230790569 -0.266756540259 0
0.419845035025 0.183709875008 0.117258817942 0
0.529908944588 0.359767820190 -0.273139716101 0
0.463769255221 0.098717999009 0.139873090317 0
0.477057195342 0.275173887109 -0.184035783747 0
0.498313258131 0.297737105628 -0.050725890847 0
0.397859447059 0.025292370111 -0.115163575496 0
0.440906940029 0.022308795392 -0.023738435991 0
0.432394135684 0.002921074547 -0.104107354555 0
0.485064157107 0.033566585222 -0.016464015570 0
0.533379411239 0.550874542532 0.033544120450 0
0.499077719440 0.604903955573 -0.104408882929 0
0.421762067879 0.432657173601 0.090434407232 0
0.438176455325 0.503116864414 -0.028119342778 0
0.326998287544 0.484801196485 -0.077548365007 0
0.245830638936 0.392956587234 -0.184642589246 0
0.246749150012 0.371196556865 -0.086407917489 0
0.220932222222 0.445896296296 -0.123541851852 0
0.441150165358 0.523855521210 -0.253047203233 0
0.395009510326 0.265423791448 0.112448562271 0
0.485439796960 0.422381360394 -0.263969852770 0
0.423480769458 0.161403054556 0.117383674196 0
0.538683393424 0.336301074326 -0.268527648377 0
0.466966865159 0.076685039632 0.140353842625 0
0.487411333132 0.268264044085 -0.184184455951 0
0.507678469839 0.293288471807 -0.044417378869 0
0.398748859701 0.025414500855 -0.114271794916 0
0.442142016600 0.022312371874 -0.023052215848 0
0.432619001264 0.002416915322 -0.102469923232 0
0.486292943230 0.032859982095 -0.014748093932 0
0.540648331820 0.529320695940 0.035619903179 0
0.508352337066 0.584774622841 -0.102984095476 0
0.426257247953 0.413596695191 0.090843366525 0
0.444705068669 0.484207289110 -0.027320983951 0
0.333077162916 0.468940141934 -0.076748583780 0
0.250339332123 0.380517597759 -0.183906826674 0
0.251468278451 0.357655943371 -0.085924871405 0
0.225764814815 0.432840740741 -0.122147407407 0
0.449670233297 0.503651346674 -0.251285225810 0
0.396964539846 0.246697823656 0.112151355550 0
0.492013609794 0.401263885931 -0.261371226163 0
0.423722194757 0.142215863832 0.116929389111 0
0.542827291193 0.313541069116 -0.264342252740 0
0.466941864838 0.058322040396 0.140610636296 0
0.495375215909 0.262759069064 -0.183778033294 0
0.514105712153 0.290145092216 -0.037130933350 0
0.399577829525 0.025546802680 -0.113569458493 0
0.443426242562 0.022607276738 -0.022421713656 0
0.432963932319 0.002134903847 -0.101215886607 0
0.487605355042 0.032113848251 -0.013075807438 0
0.546393397244 0.510093940819 0.036683064092 0
0.516121544762 0.569120700651 -0.101864682618 0
0.429698352961 0.399118203761 0.091113954974 0
0.449953316631 0.469810913321 -0.026704842541 0
0.337946834627 0.457497384337 -0.076085907249 0
0.253416295387 0.371179226273 -0.182464195056 0
0.254464275896 0.348707302905 -0.084391223670 0
0.229537777778 0.424025925926 -0.120877777778 0
0.456888212666 0.487322847075 -0.249574953136 0
0.396985827483 0.232724478372 0.111370936297 0
0.496013369663 0.383579551931 -0.258763634007 0
0.422081391373 0.127835183320 0.116242289930 0
0.543407750347 0.293793859331 -0.261030357621 0
0.466123852964 0.046189845040 0.141064192908 0
0.500963206650 0.258798014218 -0.183277774897 0
0.517812885260 0.288302249646 -0.030393774812 0
0.400325639539 0.025685383313 -0.113169879938 0
0.444403494705 0.022918494368 -0.021932341729 0
0.433561595947 0.002197184434 -0.100558959268 0
0.488483815256 0.032033303812 -0.011765708393 0
0.550885230649 0.495403443240 0.037268261500 0
0.523247877647 0.557644788232 -0.100616056735 0
0.432543171683 0.388413883342 0.091071524352 0
0.454512765761 0.459544242125 -0.026175227337 0
0.342107765895 0.450559454430 -0.075362299457 0
0.255460104124 0.365684876852 -0.180654158896 0
0.256382644595 0.344167907130 -0.082365999627 0
0.232743703704 0.419570370370 -0.119530000000 0
0.463651971558 0.474482673344 -0.247415890257 0
0.395348196767 0.222826826074 0.110170916237 0
0.499057029846 0.369391020169 -0.256366160311 0
0.419622269479 0.117754153217 0.115248754608 0
0.542767121422 0.277663356486 -0.258393200856 0
0.464290706904 0.037496959247 0.140569262953 0
0.504372897111 0.256374054719 -0.182453509605 0
0.519721598568 0.287388188252 -0.024524458838 0
0.400823091279 0.025822056919 -0.112988349212 0
0.445219102374 0.023266447353 -0.021627153143 0
0.434191914360 0.002505356141 -0.100410085576 0
0.489257202639 0.031823238717 -0.010813185736 0
0.554953847664 0.484120820010 0.037387328739 0
0.529540899977 0.549713837884 -0.099842738907 0
0.435509368556 0.381752331997 0.091357614742 0
0.458885555938 0.452769479784 -0.025685583992 0
0.346252737052 0.446317594158 -0.074730780590 0
0.257114971903 0.364068802141 -0.179263443005 0
0.257823132830 0.342643099811 -0.080953570117 0
0.235705555556 0.418492592593 -0.118144444444 0
0.469301835028 0.465392501340 -0.245715861019 0
0.393637714612 0.217188370048 0.109600243059 0
0.500990789097 0.359113228322 -0.254570654652 0
0.417473904801 0.112024481276 0.114860867108 0
0.540484942789 0.265339896554 -0.256299091411 0
0.462954570080 0.033311492933 0.140652822758 0
0.506164013642 0.255064406200 -0.180776217026 0
0.520597879321 0.286956089655 -0.019590922660 0
0.400852632518 0.025899927218 -0.112794371842 0
0.445943511813 0.023594918516 -0.021364440031 0
0.434499279202 0.002906022484 -0.100362834646 0
0.489968508727 0.031551458769 -0.010050379825 0
0.559141838266 0.476398947276 0.036775460099 0
0.534637243034 0.544815716655 -0.098950834321 0
0.438779458761 0.377759758670 0.092135961907 0
0.462859765279 0.448673318162 -0.024827270368 0
0.350035903486 0.444287874240 -0.073653943351 0
0.258481656663 0.365253963681 -0.177766067607 0
0.258873724738 0.344144610132 -0.079386014777 0
0.238391481481 0.420344444444 -0.116796666667 0
0.473480702383 0.459270991289 -0.243725756165 0
0.392518118049 0.214352250093 0.110169291059 0
0.500644370054 0.351738015725 -0.252482204004 0
0.415480094408 0.108990680510 0.115362452581 0
0.535882875693 0.256261973947 -0.253849592598 0
0.461089039517 0.030900844396 0.141097794827 0
0.506808283585 0.254610086851 -0.178987088637 0
0.521153750352 0.286562426242 -0.017657048654 0
0.400905460853 0.025909205552 -0.112703511157 0
0.446282714726 0.023608209374 -0.021108681484 0
0.435136698512 0.003577945578 -0.100666202433 0
0.490364177581 0.031111403586 -0.009705105132 0
0.563564503263 0.473390599601 0.035467566872 0
0.538679668788 0.543886267106 -0.099321616559 0
0.442063517209 0.378697252076 0.093002277339 0
0.466343209716 0.448764211601 -0.024429019600 0
0.353292914139 0.445772379451 -0.072804572203 0
0.259385406958 0.370312004533 -0.176317960769 0
0.259714348319 0.349419889053 -0.077891314845 0
0.240528518519 0.425903703704 -0.115409629630 0
0.475511575295 0.457105543926 -0.242488297551 0
0.393306225360 0.216040606846 0.111246967481 0
0.498335625234 0.348577386897 -0.251352998892 0
0.414768648078 0.110370696213 0.116587007510 0
0.529799153390 0.251815351685 -0.252669393641 0
0.459797066615 0.032014796272 0.142019335682 0
0.505852347265 0.255582326703 -0.177223704708 0
0.521356657725 0.286313036845 -0.018918336883 0
0.400799631168 0.025930591098 -0.112677239554 0
0.446107550787 0.023438927974 -0.021061451241 0
0.435605085002 0.004262762608 -0.101082189014 0
0.490347500322 0.030439315238 -0.009955764061 0
0.567528250470 0.472744564730 0.033700494359 0
0.541356445110 0.547751738378 -0.100544626900 0
0.445382518840 0.384274086608 0.093554920871 0
0.469189660595 0.453389934363 -0.024534923640 0
0.355852351922 0.450959718129 -0.072221071630 0
0.259704041545 0.378003495031 -0.174959149685 0
0.260046274649 0.357234109591 -0.076506578239 0
0.242223333333 0.434037037037 -0.114045185185 0
0.475014628554 0.459604219677 -0.241422513101 0
0.396010728945 0.221789140841 0.111676599210 0
0.494647858360 0.350490276966 -0.250726536266 0
0.415296184951 0.115732411880 0.117619919706 0
0.523264318515 0.252845998322 -0.252556092364 0
0.458987099778 0.036753898523 0.143242197878 0
0.503463817866 0.257626759876 -0.175493090444 0
0.520634991583 0.286622431955 -0.021511154933 0
0.400552497610 0.025884017665 -0.112816363326 0
0.445756853393 0.023350813504 -0.021120486422 0
0.436111692731 0.005141848938 -0.101831570025 0
0.490151104831 0.030037523385 -0.010445600257 0
0.570675349698 0.477782964813 0.031351639233 0
0.543400400480 0.554995178132 -0.102273379910 0
0.448868786651 0.392755972824 0.093565293096 0
0.471794590975 0.461126079675 -0.025131496125 0
0.358081743615 0.458952071865 -0.071869931976 0
0.259672319193 0.388023886831 -0.173622496632 0
0.260196743515 0.367118579999 -0.075199499092 0
0.243645555556 0.444303703704 -0.112535925926 0
0.473424182292 0.466824144627 -0.241366867307 0
0.400815202444 0.229812054904 0.111099805406 0
0.490186745620 0.357300705739 -0.251442275903 0
0.417003076342 0.123281916145 0.117775425555 0
0.516282344552 0.258971708977 -0.254024489736 0
0.458351592156 0.043380765588 0.144143475675 0
0.499946639924 0.260831542780 -0.173796918881 0
0.519116890587 0.287406671430 -0.024966501282 0
0.400335354460 0.025936525278 -0.113142234355 0
0.445250435522 0.023296154557 -0.021438282308 0
0.436662658813 0.006226179512 -0.102789030343 0
0.489803295322 0.029701286199 -0.011263223744 0
0.573649427991 0.486364168785 0.028395446042 0
0.545543021581 0.564996473577 -0.104268078104 0
0.452907145916 0.404618728682 0.093994740092 0
0.474777724502 0.471758818715 -0.025599899792 0
0.360730006473 0.469285123436 -0.071425398377 0
0.260392878680 0.399909366228 -0.172131941653 0
0.260917393683 0.379000281339 -0.073709747141 0
0.245617407407 0.456470370370 -0.110989629630 0
0.471584896106 0.476852747021 -0.241303400712 0
0.407698580199 0.240789251910 0.110829661851 0
0.485750469233 0.367056924018 -0.252353054230 0
0.419904609602 0.133763436526 0.118024751659 0
0.509874954887 0.268297727281 -0.255953439353 0
0.457717604716 0.052188949501 0.145133242895 0
0.495952053599 0.264183686718 -0.171836909570 0
0.517233889988 0.288466348899 -0.028738136146 0
0.400053937793 0.025790887419 -0.113414498178 0
0.444743753612 0.023190674990 -0.021675333518 0
0.437150667673 0.007208496487 -0.103724968544 0
0.489436034883 0.029393499402 -0.011998567086 0
0.577147774483 0.499128266541 0.025534498108 0
0.547695588440 0.577805607347 -0.106664783183 0
0.458242230239 0.419548524413 0.094738702398 0
0.478478380384 0.485093628039 -0.026022754218 0
0.364082454528 0.481526263062 -0.070792148246 0
0.261784417083 0.413575490351 -0.170741096133 0
0.262327562468 0.392279382326 -0.072402018979 0
0.248385925926 0.470177777778 -0.109320370370 0
0.469084038829 0.488675869406 -0.240432920568 0
0.416793684168 0.254592768623 0.110196487644 0
0.481357491560 0.378784258921 -0.252724273496 0
0.425085519248 0.147198613558 0.117478146707 0
0.503785190473 0.279667107056 -0.257651261872 0
0.458962955269 0.063547380459 0.144878706858 0
0.491276650258 0.267829853571 -0.169647348930 0
0.514896374066 0.289641102942 -0.032510114920 0
0.399748513852 0.025538037010 -0.113603667086 0
0.444272586045 0.023090134811 -0.021832121822 0
0.437609398430 0.008224472522 -0.104539809805 0
0.489115951934 0.029024501131 -0.012701367385 0
0.581087666214 0.516154157221 0.022570666667 0
0.550372471556 0.594621549218 -0.108364910892 0
0.464083466761 0.437624663402 0.095391701498 0
0.482639270938 0.502175248235 -0.026172667934 0
0.367867966909 0.497501242786 -0.069854252824 0
0.264135778802 0.428562061371 -0.168954059526 0
0.265060225269 0.407514863552 -0.070564252217 0
0.251967407407 0.485507407407 -0.107594444444 0
0.467887730008 0.503579001157 -0.238462268096 0
0.424751778370 0.272039866000 0.109605062173 0
0.477741766634 0.393598704277 -0.252067903470 0
0.430483709682 0.164414329133 0.115863688801 0
0.498085109114 0.294109500531 -0.258462427876 0
0.460525266162 0.078154765905 0.142539374494 0
0.485906710550 0.271322765928 -0.167184932218 0
0.512317112558 0.290925794130 -0.036096795455 0
0.399306664241 0.024679436809 -0.113579840807 0
0.443744214841 0.023063113935 -0.022021775969 0
0.437663264034 0.008251707790 -0.104962383137 0
0.488754176782 0.028534586542 -0.013438003023 0
0.585386989729 0.535752877486 0.019732141873 0
0.553989860011 0.614635134467 -0.109883394125 0
0.470791956039 0.458739803521 0.095993574380 0
0.487641352799 0.522484109637 -0.026242889299 0
0.372451604158 0.516641485639 -0.068743926451 0
0.268119522118 0.444871266523 -0.167027364502 0
0.269772229867 0.424325258175 -0.068541205994 0
0.256678148148 0.502177777778 -0.105864444444 0
0.467930483108 0.522606214657 -0.236935596242 0
0.430649295828 0.293329997670 0.109975327627 0
0.474786261695 0.412508752962 -0.251407233400 0
0.435698182743 0.185561488353 0.113942539532 0
0.492805667949 0.312689579931 -0.259449473633 0
0.464522388037 0.097759635246 0.138368463621 0
0.480102856943 0.274676231919 -0.164499922360 0
0.509693889715 0.291963244024 -0.039646927291 0
0.398533103641 0.023897883503 -0.113635951401 0
0.443077959890 0.022974245797 -0.022111032137 0
0.437411730829 0.008481254304 -0.105503332069 0
0.488246389025 0.027937439666 -0.014067739242 0
0.590425227495 0.558881704702 0.016725813559 0
0.557469574164 0.638173969814 -0.111364909232 0
0.479060498709 0.483561989873 0.097339964074 0
0.493461890486 0.546113620388 -0.025822064250 0
0.377930530704 0.537859700190 -0.067073967300 0
0.273757660530 0.461255394032 -0.164136598161 0
0.276534345821 0.442316534830 -0.065353993668 0
0.262640000000 0.519485185185 -0.103791481481 0
0.468135337103 0.545385767144 -0.235572574178 0
0.436365876907 0.318846027520 0.111939535279 0
0.471908595879 0.435197872141 -0.250481342293 0
0.441693080682 0.211019257588 0.112478252068 0
0.487309798334 0.335039801206 -0.260054181084 0
0.470650257395 0.121825270516 0.132987802420 0
0.474462715324 0.277896676399 -0.161541668577 0
0.506913436063 0.292901013958 -0.042606204802 0
0.397379291867 0.023341675612 -0.113879608420 0
0.442160430775 0.022940678769 -0.022161717338 0
0.436859210029 0.009198958064 -0.106351048971 0
0.487462102682 0.027410348278 -0.014592343432 0
0.596122621821 0.585900970210 0.014001450140 0
0.561232351962 0.665028788939 -0.113121756874 0
0.489068303258 0.511699603900 0.098758121091 0
0.500236280982 0.573014496035 -0.025357760496 0
0.384312876778 0.561628936271 -0.064893813115 0
0.281718614241 0.477342042545 -0.160354753329 0
0.285657695694 0.460688710787 -0.061200613233 0
0.270260740741 0.536751851852 -0.101235925926 0
0.468882347456 0.570967266529 -0.234124679016 0
0.443175792242 0.347916008874 0.114124900110 0
0.469805276154 0.460707770115 -0.248952784322 0
0.448800316127 0.240153673702 0.110819528867 0
0.482381275439 0.360177162783 -0.259507590038 0
0.476801744605 0.148346991121 0.125686491652 0
0.470123363788 0.281360560736 -0.158214391905 0
0.504265211915 0.293866245871 -0.043937819496 0
0.397010396378 0.023879332358 -0.114474630506 0
0.441369100534 0.023052099110 -0.022192078952 0
0.437403052891 0.012080143206 -0.107798401008 0
0.486741162671 0.027430540718 -0.015000412181 0
0.602618709472 0.617270595511 0.011100417256 0
0.564931576537 0.693231302797 -0.116374869024 0
0.500083972424 0.543012777921 0.100050070901 0
0.507721102506 0.601725280948 -0.025582361291 0
0.391697861388 0.585639391475 -0.063247185305 0
0.291416479777 0.492611807492 -0.156045741724 0
0.296583895975 0.478315716534 -0.056580607568 0
0.279274444444 0.553114814815 -0.098185555556 0
0.470036471178 0.596092214497 -0.232894039122 0
0.450396149508 0.380512519493 0.117141376556 0
0.468510786843 0.485780140774 -0.247274572209 0
0.456368207740 0.273013104147 0.109173199188 0
0.478840348493 0.384986440167 -0.257925752613 0
0.482731503863 0.178350486688 0.116386156556 0
0.467520001210 0.285503059607 -0.154260160768 0
0.501771423306 0.294916691794 -0.043169367938 0
0.397502660320 0.025084471056 -0.115087934891 0
0.440855671386 0.023488875497 -0.022234586244 0
0.438683905833 0.015861187512 -0.109223153246 0
0.486205712637 0.028391247982 -0.015244926242 0
0.608958028685 0.651063878529 0.008473810276 0
0.568208004636 0.722059296222 -0.120275269083 0
0.512017082764 0.575601637627 0.101091634800 0
0.515734959829 0.631034567111 -0.026196854487 0
0.400082110429 0.608910830732 -0.061941979391 0
0.302673566429 0.506437575059 -0.151323188272 0
0.309359673607 0.495060741455 -0.051572213603 0
0.289872222222 0.568259259259 -0.095020000000 0
0.471222437055 0.621120828667 -0.231733897936 0
0.458332640094 0.414404932502 0.118438949751 0
0.467512722124 0.510742617196 -0.245178952834 0
0.464482176726 0.307284405904 0.106495013620 0
0.475940415778 0.409719162616 -0.255250289617 0
0.488405691096 0.210245465887 0.105069486869 0
0.467364968754 0.290139130996 -0.150141195423 0
0.499506163006 0.295926698258 -0.041231497699 0
0.397607175287 0.026554855605 -0.115530068275 0
0.440345932632 0.024058429725 -0.022273677047 0
0.439260327178 0.019189115925 -0.110419254092 0
0.485634246585 0.029598131463 -0.015360272067 0
0.615003272595 0.686119042329 0.006060453291 0
0.570397584845 0.750464791929 -0.125009723639 0
0.524718010114 0.607828258980 0.101217523875 0
0.523868927201 0.659694147713 -0.027616479519 0
0.409153103175 0.630275155472 -0.061073160758 0
0.315552803668 0.518272130271 -0.147189689345 0
0.323617247458 0.508833007669 -0.047338494909 0
0.302022592593 0.580796296296 -0.091840740741 0
0.470861795233 0.645989516865 -0.230817776185 0
0.466682575154 0.448094372689 0.118078731525 0
0.465969693477 0.535499372424 -0.242895705454 0
0.472615582989 0.341419598467 0.102568296572 0
0.473360590312 0.434313509417 -0.252151904789 0
0.493764154852 0.243211757420 0.093475242042 0
0.471831362627 0.295817124877 -0.146515452192 0
0.498491370896 0.296063671552 -0.039261641755 0
0.398050347662 0.029241378702 -0.116114035360 0
0.440016323197 0.024102211435 -0.022309282813 0
0.440149633107 0.024002491724 -0.112168932915 0
0.485344327872 0.029324456765 -0.015408921203 0
0.620295587668 0.721477193654 0.001651938951 0
0.571444687951 0.778042013560 -0.130027859656 0
0.537942334426 0.639533708933 0.100847893627 0
0.532004093512 0.687487279447 -0.029360340198 0
0.418946496933 0.649921514771 -0.060211944195 0
0.329951207307 0.528908460116 -0.142829414434 0
0.339278309512 0.521432893651 -0.042921885239 0
0.315425925926 0.592040740741 -0.088431111111 0
0.469783165822 0.669553064285 -0.229591323341 0
0.475516496820 0.481545827740 0.118459556232 0
0.464653366216 0.558908624143 -0.240049529461 0
0.481314366998 0.375399447265 0.099628405361 0
0.471848331325 0.457636199914 -0.248587605920 0
0.500959126359 0.277281541694 0.084189063158 0
0.481236392776 0.303028203700 -0.143587326015 0
0.497889813323 0.296180640278 -0.038361380251 0
0.401006059392 0.033598346242 -0.117079435799 0
0.439534084872 0.024237640812 -0.022564883028 0
0.443452128255 0.030929827916 -0.114516263335 0
0.484992242133 0.028329510282 -0.015758460538 0
0.624442121913 0.757615767572 -0.004344789975 0
0.571319866745 0.803353772215 -0.135467824923 0
0.552577329772 0.669605536273 0.099841967238 0
0.540645121984 0.713127332071 -0.031506681380 0
0.430141540447 0.666595033321 -0.059236106319 0
0.346008326035 0.537831346185 -0.138533801214 0
0.356640912877 0.532295219179 -0.038630384284 0
0.330315185185 0.601437037037 -0.085018518519 0
0.467949117313 0.690406259968 -0.228069920669 0
0.485335130996 0.513744083855 0.118630815473 0
0.463385722962 0.579605569107 -0.237028904448 0
0.490716262006 0.408116209782 0.096972623545 0
0.471033718527 0.478300184592 -0.244927036396 0
0.509300246755 0.310346555314 0.077651332265 0
0.495022839446 0.310470653614 -0.141919399790 0
0.498068500511 0.295832615150 -0.037818381680 0
0.406993923950 0.037803506919 -0.118232537160 0
0.439294288062 0.024049895220 -0.022767892128 0
0.449483509975 0.034942022108 -0.116888442952 0
0.484871096080 0.026765336538 -0.016067459776 0
0.628484377404 0.791817104207 -0.011763337654 0
0.572176123840 0.826062024450 -0.141397989747 0
0.567074250827 0.697436540017 0.097432551104 0
0.549499875320 0.736796814068 -0.034593590014 0
0.441688497225 0.682606033115 -0.058785556231 0
0.363737019671 0.546096110735 -0.134726114484 0
0.375638653200 0.542132139194 -0.034891093733 0
0.346601851852 0.609822222222 -0.081799629630 0
0.467916085194 0.707764907005 -0.225975982410 0
0.495607312831 0.543600053114 0.117285473690 0
0.464497405794 0.596844634201 -0.233906100067 0
0.500295063125 0.438263225383 0.094102304138 0
0.473082917979 0.495618402530 -0.241987077673 0
0.518463358233 0.340864421697 0.072788853864 0
0.511096277897 0.317766452364 -0.142503526275 0
0.498489372981 0.295519411685 -0.037508014857 0
0.418940451625 0.043150995646 -0.119967616649 0
0.438953724666 0.023962108048 -0.022874068211 0
0.461448982648 0.040257588755 -0.120079830477 0
0.484605172995 0.025410594275 -0.016289085480 0
0.631660696423 0.823942065906 -0.020110473805 0
0.569399250855 0.848930993380 -0.147977392556 0
0.580475455808 0.725590856414 0.093424968439 0
0.556328196163 0.760649492069 -0.038774856462 0
0.452308537863 0.698050593730 -0.058915569702 0
0.382008689191 0.552934846195 -0.131367480296 0
0.395176076526 0.550026584128 -0.031655117762 0
0.363899629630 0.616611111111 -0.078705925926 0
0.464188382441 0.725538168580 -0.223625819193 0
0.505919324484 0.573385514265 0.114454556342 0
0.462273011786 0.614577351422 -0.231494075966 0
0.509222101144 0.468092754721 0.090836595300 0
0.472096012782 0.513562262529 -0.240694350248 0
0.527244479608 0.371048226690 0.068706279828 0
0.527521124321 0.323643094965 -0.144059842228 0
0.499305899743 0.294995863823 -0.037425439610 0
0.439298056083 0.046776616250 -0.122216989670 0
0.438730488312 0.023731914740 -0.022858389386 0
0.481635323605 0.042181692506 -0.123559397833 0
0.484418454558 0.024000354064 -0.016373597556 0
0.632747536140 0.854766998256 -0.029166101864 0
0.567192123134 0.867693598792 -0.155529790156 0
0.594567205203 0.752257067468 0.088469356799 0
0.563985849438 0.781749666380 -0.043757565858 0
0.464561242383 0.710925073534 -0.059305102466 0
0.400497202768 0.558987906803 -0.128256190930 0
0.415123285860 0.556846678572 -0.028727872575 0
0.382125925926 0.622662962963 -0.075684074074 0
0.460706855496 0.740072824601 -0.221799136525 0
0.518861764857 0.600834614705 0.110991647213 0
0.459817538503 0.629161479013 -0.230503364734 0
0.520910151595 0.495602655269 0.086964153486 0
0.470511892154 0.528507941344 -0.241954897017 0
0.538772277446 0.398610444180 0.065308358764 0
0.544662970595 0.329212081700 -0.146393820217 0
0.499941179982 0.294852839702 -0.037790886834 0
0.469546746325 0.046252583677 -0.125755071167 0
0.438625242408 0.023740601658 -0.022859958215 0
0.511440813383 0.038939769858 -0.128356898316 0
0.484322711258 0.022832965547 -0.016501311988 0
0.634816241743 0.881593705846 -0.038650919935 0
0.565902942332 0.883390506712 -0.163177420441 0
0.607917836815 0.777246980797 0.082950335297 0
0.571887583355 0.800656143375 -0.049120947461 0
0.477734064669 0.722205595314 -0.060191620272 0
0.419384317014 0.563945957833 -0.125258306730 0
0.435655428962 0.562634313286 -0.025971228900 0
0.401462962963 0.627888888889 -0.072856296296 0
0.459073347988 0.751425992118 -0.219662862437 0
0.531806954481 0.626306363341 0.107268847929 0
0.457884716766 0.640623688123 -0.229628685973 0
0.533138168957 0.521005754208 0.083492994338 0
0.468589335508 0.540459970402 -0.243878634104 0
0.550476080496 0.423720677314 0.062915627935 0
0.561996263226 0.333838539482 -0.150199854962 0
0.500376110739 0.295097091309 -0.038302214388 0
0.509901686117 0.044229440990 -0.131231159329 0
0.438567530731 0.023904533603 -0.022797389360 0
0.552225681109 0.042529930768 -0.135830150308 0
0.484260862832 0.022063439990 -0.016613165866 0
0.637615323173 0.904340419263 -0.048028800361 0
0.566006498164 0.896200723575 -0.170821820683 0
0.620612547975 0.799883620379 0.076871066887 0
0.580211427639 0.817176597340 -0.054877535419 0
0.491712754594 0.731969881084 -0.061848955861 0
0.438819341298 0.568212604488 -0.123479505497 0
0.457104739438 0.567490756017 -0.024537520127 0
0.421781481481 0.632392592593 -0.071072592593 0
0.460360791800 0.759343850593 -0.216941030802 0
0.544561820599 0.649238659386 0.103133379376 0
0.457851986856 0.648676914692 -0.228095234028 0
0.544992951271 0.543608286789 0.080832703578 0
0.467029330906 0.548917017684 -0.245278737209 0
0.561544691184 0.445868775369 0.061893308344 0
0.579183540842 0.337475792336 -0.154593602230 0
0.500418092671 0.295759562340 -0.038788723960 0
0.555941340575 0.044409779639 -0.139526373170 0
0.438491623617 0.024256057512 -0.022677933661 0
0.598029250910 0.047007485513 -0.145627138116 0
0.484168750031 0.021467123644 -0.016733455986 0
0.640774616796 0.924068025799 -0.057234830830 0
0.566082565911 0.906853563383 -0.178132262816 0
0.633017958795 0.819978283880 0.070026780113 0
0.588396725475 0.831568539407 -0.060983155770 0
0.505969757652 0.740270557217 -0.064055105384 0
0.458469741007 0.571611964669 -0.122548887790 0
0.478857660395 0.571456243018 -0.024016142912 0
0.442548148148 0.636092592593 -0.070160000000 0
0.462277778413 0.765640281790 -0.214204075795 0
0.559011557836 0.668622482318 0.097987474217 0
0.458185555233 0.655079548662 -0.225928369088 0
0.559078421302 0.562673991513 0.077246344662 0
0.464218545787 0.555532857559 -0.245666985140 0
0.574331195821 0.464209149558 0.060189067837 0
0.596164921279 0.339976258343 -0.158529561714 0
0.500341243153 0.297187528100 -0.039251387765 0
0.603089038290 0.046269756619 -0.150084174102 0
0.438541445125 0.025103681758 -0.022593281923 0
0.644655532794 0.052398663297 -0.157156842811 0
0.484173979340 0.021246661388 -0.016909088093 0
0.644532582911 0.941226470469 -0.066591854718 0
0.566759200653 0.915119195755 -0.185177522498 0
0.645522468694 0.837957009356 0.062719464564 0
0.597044241906 0.843871017357 -0.067295449284 0
0.521115149579 0.747060252683 -0.066758370147 0
0.478563532912 0.574230793522 -0.122251431273 0
0.500898537074 0.574735866109 -0.024142890308 0
0.463848148148 0.639133333333 -0.070031111111 0
0.465862819419 0.769806123399 -0.212044449260 0
0.574832968610 0.685542443370 0.093380859141 0
0.459357155165 0.659370742013 -0.223859013333 0
0.574404580561 0.579204263158 0.074745153016 0
0.461523359393 0.559832670349 -0.244724367117 0
0.587991687214 0.479997119242 0.059447630630 0
0.613906024883 0.341880120067 -0.162316957892 0
0.499588997316 0.299642110008 -0.039592662339 0
0.648715341147 0.051115596193 -0.164649433864 0
0.438409960078 0.026356122787 -0.022458369614 0
0.688247451370 0.064636851186 -0.173000932522 0
0.484017029625 0.021835157332 -0.017066623785 0
0.648176474650 0.956437750748 -0.075968504044 0
0.569488001245 0.919750523926 -0.192335996512 0
0.658273562563 0.852218327206 0.054983833070 0
0.606772045715 0.852700355523 -0.073998154809 0
0.537269207351 0.751248542550 -0.070232369109 0
0.499195029350 0.575004639331 -0.122902952285 0
0.523138752190 0.576109704102 -0.025179514524 0
0.485633333333 0.640348148148 -0.070920740741 0
0.473499763066 0.769900313412 -0.211016816551 0
0.592401228343 0.698358464863 0.088973608122 0
0.463118111327 0.659699790186 -0.222239429514 0
0.591599956589 0.591719098753 0.072160363669 0
0.460606079305 0.560065209391 -0.242916904658 0
0.603414552071 0.491835448876 0.058432114847 0
0.632780514886 0.342228341036 -0.166259439889 0
0.499319535767 0.302006761256 -0.039917446829 0
0.692531051734 0.057162821341 -0.179451068711 0
0.438081642306 0.027575174089 -0.022152041813 0
0.728998368478 0.077311494951 -0.188368768323 0
0.483686892782 0.022682610470 -0.017078700248 0
0.653490525482 0.967413906734 -0.085931121790 0
0.573029206202 0.921539302386 -0.200050178420 0
0.670148013296 0.864165853771 0.046702321667 0
0.616476134162 0.859100247942 -0.081292447030 0
0.553659708415 0.753533298356 -0.074527494051 0
0.521009326612 0.574448221926 -0.124932600419 0
0.545885629920 0.575603297863 -0.027442966854 0
0.508137037037 0.639896296296 -0.072906666667 0
0.482342203896 0.767753598934 -0.212034565091 0
0.609568755044 0.708870022584 0.083859888190 0
0.467107256570 0.657942542477 -0.221378510366 0
0.608949963844 0.601941604792 0.068986684243 0
0.459639186553 0.558062350593 -0.240006769445 0
0.619370770562 0.501490386971 0.056773242879 0
0.652548762206 0.340822189766 -0.169942888040 0
0.501286074505 0.304038143445 -0.040868001647 0
0.732035989938 0.062393538455 -0.190801225657 0
0.438441665789 0.028706650552 -0.021711022029 0
0.767445071694 0.084588009100 -0.199105562300 0
0.484154903335 0.024490112814 -0.017016816339 0
0.659189480940 0.975597472905 -0.096374699283 0
0.578009470730 0.920865076494 -0.208596003380 0
0.681410229350 0.874084954841 0.037839535721 0
0.626595646158 0.863395174755 -0.089322101015 0
0.570584212325 0.754280473735 -0.079753995396 0
0.543457020297 0.573164857657 -0.128478362870 0
0.568753631951 0.573474593036 -0.031090587342 0
0.531225925926 0.638325925926 -0.075940000000 0
0.492700053989 0.763664721972 -0.213901891691 0
0.625280778300 0.717917904354 0.078196239390 0
0.472611235419 0.654445952592 -0.220653249856 0
0.625265487392 0.610721468540 0.065381968256 0
0.460100156753 0.554376380407 -0.236073005430 0
0.635523607092 0.509969787245 0.054863952409 0
0.673084498192 0.338534155130 -0.173808511967 0
0.504938259277 0.305677259598 -0.042455947465 0
0.767461078188 0.065298347087 -0.198580422413 0
0.438402249221 0.029452433988 -0.021302081423 0
0.801701856860 0.089786996171 -0.205155735871 0
0.484220641359 0.026045915895 -0.016991000257 0
0.665651735966 0.981448167542 -0.107129248516 0
0.585876452887 0.918167238221 -0.218135378802 0
0.692218158639 0.881699764764 0.028789987644 0
0.637893871500 0.865667608045 -0.098020238931 0
0.588451058966 0.753640907827 -0.086192109005 0
0.566608204118 0.571111946783 -0.133356513085 0
0.592296112175 0.570472265551 -0.036072827366 0
0.554911111111 0.635885185185 -0.080220370370 0
0.505680061843 0.758217931491 -0.216535804670 0
0.640383693540 0.724608586942 0.071250281362 0
0.481733944385 0.649649370453 -0.220698984512 0
0.642117838911 0.617183312312 0.060663273266 0
0.465510179398 0.549428082858 -0.232263095365 0
0.653426905663 0.516289476354 0.052108851057 0
0.695545792941 0.336073273179 -0.178540493765 0
0.508964490839 0.307963534034 -0.043946311950 0
0.793238040013 0.063226319960 -0.203980527882 0
0.437936807056 0.030053082530 -0.021089066847 0
0.827483046358 0.087949123749 -0.209586071412 0
0.483901535923 0.028655214234 -0.017241404062 0
0.673866774431 0.984899116734 -0.117933177625 0
0.595797299341 0.914125365350 -0.228025489674 0
0.703624582960 0.887117009539 0.019470767309 0
0.650502512588 0.866302280894 -0.107153813626 0
0.607440820278 0.751855793660 -0.093621407010 0
0.590577296925 0.568390009710 -0.139590975848 0
0.616600793637 0.567058748386 -0.042403534881 0
0.579059259259 0.632781481481 -0.085954074074 0
0.520629640343 0.751930881295 -0.220242631586 0
0.655878072359 0.728987152614 0.062859078392 0
0.494776480999 0.643744371327 -0.222517332995 0
0.659949321005 0.621398293355 0.054900188554 0
0.476601183251 0.543256629648 -0.229871582343 0
0.672771839060 0.520458438715 0.048334993641 0
0.719762463498 0.333306059688 -0.183822200010 0
0.514366389772 0.311211159601 -0.045072425184 0
0.806635137989 0.054581764115 -0.206815469453 0
0.438282991506 0.030543975585 -0.021147085229 0
0.844258123497 0.073664914183 -0.212790747687 0
0.484295450053 0.031155282459 -0.017683733255 0
0.683409483244 0.986637380445 -0.128589365771 0
0.607115849757 0.909564381524 -0.238749830769 0
0.716396832868 0.892000240861 0.008959150275 0
0.664277783305 0.866505501300 -0.117225693163 0
0.627212173119 0.750225479987 -0.101754304277 0
0.616082744275 0.566508505728 -0.147449078419 0
0.641835535729 0.563834278169 -0.050217213485 0
0.604162962963 0.630051851852 -0.092896296296 0
0.537392045611 0.745234282185 -0.226420593808 0
0.671747862732 0.733099928533 0.052828121907 0
0.511390472587 0.637059872368 -0.226730939905 0
0.677969644772 0.625484110521 0.046877762958 0
0.491589046614 0.536480644074 -0.230205353912 0
0.692927250029 0.524747405000 0.042148244173 0
0.743442837248 0.330032867548 -0.189500847425 0
0.526301546932 0.313703882117 -0.048302167858 0
0.813871415594 0.044407495350 -0.207723208966 0
0.439157012866 0.032473600745 -0.021417221733 0
0.853346262158 0.059306148223 -0.213649948065 0
0.485174265929 0.034500841008 -0.018621231414 0
0.694412004366 0.987853405939 -0.139340894472 0
0.620434143398 0.905559820336 -0.249619077049 0
0.729759144703 0.896126602778 -0.001486793593 0
0.679179425221 0.866689754754 -0.127439783799 0
0.647564010895 0.749019820478 -0.110494399431 0
0.642240531482 0.565109421362 -0.155645153733 0
0.667563817751 0.561746553052 -0.058321900557 0
0.629551851852 0.628048148148 -0.100567407407 0
0.557494864844 0.738787961084 -0.234011557261 0
0.687314376216 0.736524417637 0.042020798741 0
0.532397247707 0.630453236935 -0.230608880183 0
0.696005851980 0.629003010150 0.037674902892 0
0.513333802778 0.529707238853 -0.231494752853 0
0.713341085167 0.528587118578 0.034953542032 0
0.766046805346 0.326482517524 -0.196128228314 0
0.548371140474 0.313371530568 -0.053856602568 0
0.818182064040 0.035853543597 -0.207645087144 0
0.441518246910 0.036284329561 -0.021586301456 0
0.858610306982 0.047964839647 -0.213496008922 0
0.487608993222 0.037401977588 -0.019609229952 0
0.706601384132 0.989089372127 -0.149700045995 0
0.633925670662 0.901746649192 -0.260023135644 0
0.742651025139 0.900742548723 -0.011450488973 0
0.693775258503 0.867262022201 -0.137065796821 0
0.667168045663 0.748587645436 -0.118686617123 0
0.667421427006 0.564221224942 -0.163743987787 0
0.692436083550 0.560984161228 -0.066336689827 0
0.653992592593 0.626992592593 -0.108650740741 0
0.579682537118 0.732154781170 -0.242300797722 0
0.701899597177 0.740315455386 0.030618446200 0
0.556679322553 0.623484516228 -0.236015362917 0
0.713068854470 0.632986846400 0.027286927863 0
0.539402901288 0.522498352848 -0.235868397416 0
0.733262891609 0.533148545606 0.026132632250 0
0.786219591912 0.322690491760 -0.201948345585 0
0.583748888166 0.307845886478 -0.061327457070 0
0.820674536205 0.029221330995 -0.207100787981 0
0.447174881698 0.040823010717 -0.021261635771 0
0.861548057871 0.039752120188 -0.212916053299 0
0.493103817609 0.036643849658 -0.019654681086 0
0.719632705869 0.990346272315 -0.159577373284 0
