-1.109371140674 0.905824375623 -0.205612079866 0
-1.027229352254 0.858148629621 0.048534180061 0
-1.061474409673 0.849000468157 -0.085751258354 0
-1.081968164988 0.728138672225 -0.091851176972 0
-1.021560986197 0.564379012552 -0.154899460823 0
-0.998304500348 0.569384108416 -0.057131990769 0
-1.065840740741 0.607577777778 -0.097201851852 0
-1.117916914914 0.730592569784 -0.240805608564 0
-1.091386495399 0.711464266852 0.107989080337 0
-1.080786086054 0.626237283042 -0.251253418424 0
-1.077223210179 0.608034557924 0.080475841840 0
-1.028111953840 0.543438266729 -0.267360439617 0
-1.033638828883 0.538961792569 0.040035998501 0
-0.865523759292 0.356118123057 -0.233572567648 0
-0.863652152727 0.331558771558 -0.092129696763 0
-0.908493236150 0.044825394357 -0.227549158675 0
-0.838022060282 0.027766979020 -0.106340940131 0
-0.870041034178 0.046113619968 -0.245855666899 0
-0.792876865239 0.018963805223 -0.110073277212 0
-1.053519165551 0.974595687430 -0.078439130521 0
-1.109671614062 0.905010297150 -0.207465488819 0
-1.027330861522 0.858836259659 0.046893569069 0
-1.061689385185 0.848892975921 -0.087306336841 0
-1.082164474060 0.727997688479 -0.092639733936 0
-1.021632040279 0.564275289762 -0.155083661369 0
-0.998355341169 0.569175597531 -0.057315693292 0
-1.065885185185 0.607433333333 -0.097335185185 0
-1.116241037455 0.728963160013 -0.238803144755 0
-1.092069865891 0.712300988299 0.106084801739 0
-1.077501453353 0.625036006506 -0.247536554237 0
-1.077582813004 0.608673082695 0.079501647137 0
-1.024487353343 0.541990716675 -0.262923441531 0
-1.033946436335 0.539105062392 0.039637623635 0
-0.865622568703 0.355888939927 -0.233479107613 0
-0.863504213147 0.331450346395 -0.092227915216 0
-0.908658306839 0.044688407789 -0.227423772598 0
-0.838028701302 0.027739053638 -0.106433042852 0
-0.870226551235 0.045731013833 -0.245788759363 0
-0.792847107994 0.019117955600 -0.110149915087 0
-1.054006936384 0.974511901991 -0.080382369054 0
-1.108719935982 0.904463139086 -0.209335119094 0
-1.026862152272 0.859491254713 0.045394942851 0
-1.061085349370 0.848882949708 -0.088788619598 0
-1.081932084646 0.728026758096 -0.093408158624 0
-1.021655571305 0.564260148071 -0.155213264390 0
-0.998356646511 0.569081536317 -0.057446666627 0
-1.065862962963 0.607418518519 -0.097430000000 0
-1.113341837534 0.727912491227 -0.238080679863 0
-1.092283713318 0.713467227845 0.105096947774 0
-1.073813176899 0.624107680357 -0.244399483737 0
-1.077285845368 0.609797897556 0.078962381695 0
-1.020693993596 0.540718509999 -0.258296869908 0
-1.033653830705 0.539600293740 0.039382005709 0
-0.865709654248 0.355728479371 -0.233348314871 0
-0.863502380708 0.331371269439 -0.092448681022 0
-0.908815163422 0.044666814204 -0.227479878040 0
-0.838077614338 0.027688113678 -0.106461431239 0
-0.870407735974 0.045244367721 -0.245916134543 0
-0.792883351500 0.019135405946 -0.110182270047 0
-1.053535672645 0.974486882592 -0.081931310229 0
-1.106989379564 0.904141670168 -0.210891629050 0
-1.025826407175 0.860005054434 0.044206592546 0
-1.059869443473 0.848909597996 -0.089983400792 0
-1.081345251365 0.728144778613 -0.094022629516 0
-1.021681488497 0.564280403531 -0.155382316204 0
-0.998332262268 0.568972126289 -0.057621410461 0
-1.065788888889 0.607462962963 -0.097540740741 0
-1.110130508810 0.727263450852 -0.237762232618 0
-1.092000277209 0.714672018301 0.104759495014 0
-1.070769769476 0.623296273125 -0.242171224354 0
-1.076335809679 0.611083013117 0.078697567000 0
-1.017707826046 0.539629813736 -0.254425660782 0
-1.032797240176 0.540037957982 0.039205034818 0
-0.865840369490 0.355575917382 -0.233264631907 0
-0.863470725191 0.331274596525 -0.092681860512 0
-0.908991359159 0.044603527624 -0.227778209106 0
-0.838087800092 0.027621694830 -0.106505498261 0
-0.870618973668 0.044541308907 -0.246296194030 0
-0.792880491850 0.019136715892 -0.110222924568 0
-1.051905771716 0.974477776418 -0.083434602931 0
-1.104578737087 0.904109316857 -0.212066346064 0
-1.024483740221 0.860343641836 0.043433025292 0
-1.058223766981 0.848989202312 -0.090811822219 0
-1.080553550144 0.728371374791 -0.094456003202 0
-1.021596236811 0.564351835154 -0.155459719795 0
-0.998266465621 0.568972753180 -0.057690797267 0
-1.065629629630 0.607614814815 -0.097621851852 0
-1.107195376951 0.726992750549 -0.237377917181 0
-1.091697517961 0.715911255172 0.104987230906 0
-1.068939627447 0.622599144990 -0.241421900592 0
-1.075451093531 0.612416577916 0.078906834002 0
-1.016303516078 0.538540883634 -0.252462059662 0
-1.032161376438 0.540384884110 0.039454474605 0
-0.865897300059 0.355462451628 -0.233130425700 0
-0.863524433278 0.331228208269 -0.092891664897 0
-0.909066164317 0.044597768779 -0.227980648754 0
-0.838131550982 0.027586987690 -0.106520764933 0
-0.870721990387 0.044130947314 -0.246551217093 0
-0.792924631894 0.019099938424 -0.110238197620 0
-1.049398148037 0.974491889830 -0.084831872383 0
-1.101136452310 0.904332208262 -0.213054936358 0
-1.022265760066 0.860574431826 0.042826369139 0
-1.055739660403 0.849126711975 -0.091477165783 0
-1.079349773375 0.728746385850 -0.094790662006 0
-1.021587377231 0.564506488215 -0.155576387644 0
-0.998236628405 0.568987726612 -0.057805971100 0
-1.065474074074 0.607877777778 -0.097708148148 0
-1.105107959840 0.727079193325 -0.237208534871 0
-1.090562656040 0.717157749971 0.105552088189 0
-1.068286883131 0.622187118699 -0.241651736907 0
-1.073993827849 0.613807199188 0.079105553165 0
-1.016372641788 0.537780754370 -0.252568766131 0
-1.030956807504 0.540938350372 0.039636736796 0
-0.866020710345 0.355439354554 -0.233033587360 0
-0.863557126019 0.331226137944 -0.093130800712 0
-0.908963267367 0.044670879179 -0.227986518201 0
-0.838093566241 0.027596832380 -0.106532459505 0
-0.870658224529 0.043976504613 -0.246630582732 0
-0.792904786047 0.019011313011 -0.110244311625 0
-1.046206606065 0.974597184293 -0.086020681633 0
-1.096198133703 0.904907756113 -0.213753471741 0
-1.018827464426 0.860603752891 0.042491540759 0
-1.051954275416 0.849344455461 -0.091913944253 0
-1.077245622238 0.729285714856 -0.095091685824 0
-1.021595678522 0.564652005889 -0.155672776327 0
-0.998242843416 0.569025130310 -0.057897962624 0
-1.065300000000 0.608214814815 -0.097810370370 0
-1.102807135377 0.727788357989 -0.238306280182 0
-1.087761565131 0.718124163582 0.106639672881 0
-1.067497534632 0.622366528767 -0.242471742035 0
-1.071663215887 0.614922087517 0.079336627682 0
-1.016449529133 0.537588307488 -0.253276982066 0
-1.029107355472 0.541374652236 0.039735460031 0
-0.866155641296 0.355404612879 -0.232897094756 0
-0.863594007191 0.331258932567 -0.093308569942 0
-0.908830819003 0.044725433342 -0.227862428585 0
-0.838111833209 0.027679065688 -0.106593456905 0
-0.870547491992 0.044130657087 -0.246554478212 0
-0.792945178607 0.018984427130 -0.110320576008 0
-1.042402995498 0.974866517251 -0.086723008133 0
-1.090738272770 0.905534004932 -0.214326187556 0
-1.015061435249 0.860524040660 0.042301345994 0
-1.047788839679 0.849533053490 -0.092224142247 0
-1.074933222711 0.729859873929 -0.095311944561 0
-1.021679734178 0.564821894111 -0.155742443763 0
-0.998298567423 0.569007155290 -0.057966179008 0
-1.065133333333 0.608600000000 -0.097853703704 0
-1.101226402473 0.728910997970 -0.241011633857 0
-1.085297685401 0.719020789440 0.107193760981 0
-1.067148608218 0.623043360055 -0.243949019543 0
-1.069963593794 0.615878259604 0.079233685810 0
-1.016825888818 0.537825097891 -0.253726528862 0
-1.028047525021 0.541661808098 0.039564359162 0
-0.866358731552 0.355404603724 -0.232745408910 0
-0.863604198257 0.331285516790 -0.093502561776 0
-0.908682789877 0.044786023920 -0.227718097569 0
-0.838102617064 0.027720172473 -0.106631403132 0
-0.870424463107 0.044217440626 -0.246462076627 0
-0.792953851380 0.018934225353 -0.110361139702 0
-1.038150725383 0.975071480747 -0.086834608876 0
-1.084573454034 0.906378112983 -0.214687982706 0
-1.010918589768 0.860330580293 0.042343449807 0
-1.043130976307 0.849778596171 -0.092341402981 0
-1.072294152926 0.730567157822 -0.095484557211 0
-1.021652306764 0.565051309636 -0.155811732248 0
-0.998286806643 0.569033724140 -0.058023250829 0
-1.064796296296 0.609148148148 -0.097933333333 0
-1.098990141964 0.730308624122 -0.243139603021 0
-1.083860765373 0.720194269278 0.107217017747 0
-1.066453578201 0.623937690044 -0.245255602902 0
-1.069528915678 0.617031021666 0.078805329021 0
-1.017341246964 0.537870768684 -0.253996928257 0
-1.028405100651 0.542159855833 0.039100495845 0
-0.866604796600 0.355341593665 -0.232569641484 0
-0.863570212273 0.331339008790 -0.093655350014 0
-0.908555811067 0.044771781972 -0.227511723822 0
-0.838063192018 0.027810680466 -0.106658338004 0
-0.870312386156 0.044442043558 -0.246291801796 0
-0.792956550584 0.018820746804 -0.110411581365 0
-1.032159173044 0.975111510636 -0.086493723600 0
-1.077503096643 0.907320270329 -0.214926499483 0
-1.006275599528 0.860077326875 0.042571693802 0
-1.037801246020 0.850049150440 -0.092315522333 0
-1.069112992657 0.731371931487 -0.095604268869 0
-1.021302575186 0.565363839569 -0.155839267570 0
-0.997956861430 0.569133957296 -0.058037646003 0
-1.064092592593 0.609829629630 -0.097980370370 0
-1.095179023584 0.731812862649 -0.244968336205 0
-1.082291549758 0.721243682865 0.106713108394 0
-1.064970417216 0.624748979126 -0.246594989157 0
-1.069213536304 0.617962483348 0.078125680736 0
-1.017839867309 0.537401559016 -0.254450053635 0
-1.028975610700 0.542506669204 0.038475352491 0
-0.866846110030 0.355180847305 -0.232494222698 0
-0.863499647047 0.331323785743 -0.093878471922 0
-0.908456003510 0.044684129638 -0.227274956046 0
-0.838070847385 0.027834989288 -0.106742783812 0
-0.870240176727 0.044497814269 -0.246113094885 0
-0.793010309894 0.018629919943 -0.110528216929 0
-1.024807116102 0.975018094354 -0.085864071464 0
-1.069491056725 0.908622986805 -0.215019468114 0
-1.000774720082 0.860186833205 0.042939008582 0
-1.031584335730 0.850689289579 -0.092151909080 0
-1.065114045329 0.732605378974 -0.095623296642 0
-1.020674900130 0.565888711235 -0.155810416561 0
-0.997232255543 0.569456070037 -0.058024376221 0
-1.062848148148 0.610974074074 -0.097978148148 0
-1.090452672814 0.733678946308 -0.246212317339 0
-1.080071639051 0.722536787372 0.105642995603 0
-1.062568345396 0.625986207202 -0.247830736911 0
-1.068602170749 0.619035241682 0.077162072752 0
-1.017794630795 0.537105433517 -0.255017271749 0
-1.029427906404 0.542930651394 0.037733739775 0
-0.867093079509 0.355083698488 -0.232514673201 0
-0.863365455546 0.331349741046 -0.094108180753 0
-0.908356592937 0.044631821136 -0.227112781525 0
-0.838154020613 0.027936173948 -0.106736290408 0
-0.870168495099 0.044458983972 -0.246007196464 0
-0.793137975035 0.018524460645 -0.110542881754 0
-1.016959416140 0.975299588192 -0.084892604468 0
-1.059171880675 0.910016311282 -0.214745996440 0
-0.993543098473 0.860107591531 0.043735248985 0
-1.023367145046 0.851293301433 -0.091622891968 0
-1.059492087660 0.733943775725 -0.095476094068 0
-1.019843607718 0.566429331789 -0.155731955571 0
-0.996289114402 0.569741603824 -0.057963821611 0
-1.061240740741 0.612274074074 -0.097935925926 0
-1.083266078933 0.735624370462 -0.246757261405 0
-1.076005122875 0.723429244953 0.104450737721 0
-1.057946174513 0.627314303295 -0.249147417072 0
-1.066503304114 0.619653851486 0.076243207154 0
-1.015939428128 0.536713850004 -0.255755802519 0
-1.028595676353 0.542828228013 0.037150016904 0
-0.867365947960 0.354821673845 -0.232428985406 0
-0.863145989749 0.331263886635 -0.094271833923 0
-0.908353183054 0.044496029940 -0.226949920935 0
-0.838185965351 0.028033586296 -0.106701816845 0
-0.870198118719 0.044261331146 -0.245910289791 0
-0.793198744396 0.018485767887 -0.110510223178 0
-1.008321873010 0.975786949326 -0.083651287069 0
-1.046523799059 0.911222981545 -0.214126821927 0
-0.985033603240 0.859959198355 0.045105799376 0
-1.013324885483 0.851777878616 -0.090620620832 0
-1.052385016620 0.735322153008 -0.095076562640 0
-1.018883941432 0.567107198853 -0.155647655471 0
-0.995240100560 0.570164377821 -0.057892779556 0
-1.059414814815 0.613807407407 -0.097922592593 0
-1.073665957363 0.737501264651 -0.247321231388 0
-1.071317227737 0.724443292364 0.103053205111 0
-1.051684970476 0.628518641550 -0.251505144749 0
-1.064418173968 0.620326502425 0.075351603360 0
-1.013068137230 0.536062050174 -0.257419930358 0
-1.028116922082 0.542761518892 0.036683112041 0
-0.867670375569 0.354537882108 -0.232187939564 0
-0.862940222715 0.331240044024 -0.094346723631 0
-0.908366084900 0.044340085961 -0.226753216422 0
-0.838220612765 0.028237059896 -0.106711368711 0
-0.870229924727 0.044198057545 -0.245752498521 0
-0.793231811270 0.018699661923 -0.110527207336 0
-0.997736688975 0.976160118692 -0.082262081355 0
-1.033788429110 0.912507785601 -0.213084048725 0
-0.976793184703 0.859784817551 0.046882107441 0
-1.003427028018 0.852296904040 -0.089219183250 0
-1.045339327595 0.736823626775 -0.094405159739 0
-1.017623179057 0.568101300521 -0.155612193770 0
-0.993876044685 0.570792897800 -0.057871607355 0
-1.057200000000 0.615648148148 -0.097916296296 0
-1.063428896130 0.739774557612 -0.249173869460 0
-1.066644739137 0.725309555417 0.101749479387 0
-1.046464388411 0.630013250148 -0.255696285835 0
-1.063135799024 0.620871235125 0.074627417822 0
-1.012136850826 0.535762196312 -0.260230410940 0
-1.028800781590 0.542611426735 0.036446629529 0
-0.868062605364 0.354202766129 -0.231695856884 0
-0.862700920075 0.331224762872 -0.094164587487 0
-0.908507282447 0.044166156769 -0.226390480001 0
-0.838203903696 0.028562254454 -0.106634381449 0
-0.870361533323 0.044350824722 -0.245370135599 0
-0.793208603885 0.019047944903 -0.110431189722 0
-0.986831831991 0.976485840708 -0.080773695999 0
-1.020156438767 0.913729890977 -0.211934997169 0
-0.967850313439 0.859530626422 0.048712428622 0
-0.992868179884 0.852749070874 -0.087732097281 0
-1.037908152959 0.738465448454 -0.093641444810 0
-1.016088734914 0.569417842223 -0.155738070949 0
-0.992092529220 0.571516624080 -0.058043800153 0
-1.054455555556 0.617825925926 -0.097941111111 0
-1.052837889777 0.742509209546 -0.252347885055 0
-1.061063574865 0.726053046024 0.100310392629 0
-1.041397870585 0.632219759130 -0.261471707808 0
-1.061725915427 0.621354344422 0.073985028099 0
-1.011705545452 0.536519669085 -0.265219970383 0
-1.029878832702 0.542390006273 0.036287825644 0
-0.868540791774 0.353812431500 -0.230928385173 0
-0.862202554027 0.331154654076 -0.093704741205 0
-0.908849367716 0.044054416975 -0.226207723579 0
-0.838124714192 0.028999425180 -0.106535496208 0
-0.870742446335 0.044131622015 -0.245265955066 0
-0.793105529779 0.019588080540 -0.110305704600 0
-0.975092581461 0.976702834132 -0.079352819827 0
-1.006210122661 0.915127840179 -0.210767894153 0
-0.958302877495 0.859483961053 0.050420210808 0
-0.981805625418 0.853414539079 -0.086326908881 0
-1.029813977085 0.740359751346 -0.092958022458 0
-1.014297549597 0.570979162743 -0.155747688180 0
-0.989992706358 0.572455300210 -0.058118343551 0
-1.051166666667 0.620444444444 -0.097871111111 0
-1.040802763967 0.745153920334 -0.254699844225 0
-1.054943710894 0.727139947299 0.098513222853 0
-1.035209716327 0.634735368762 -0.267123303512 0
-1.060399290782 0.622342918828 0.073153784736 0
-1.011176408100 0.537476677860 -0.272209181582 0
-1.031602896212 0.542609312151 0.035882216698 0
-0.869253226378 0.353368736226 -0.230027689420 0
-0.861702307072 0.331137768236 -0.093109874089 0
-0.909358409681 0.044083630910 -0.226232526191 0
-0.838057910842 0.029596392678 -0.106480804483 0
-0.871396203598 0.043170214377 -0.245555988217 0
-0.793010013790 0.020314188619 -0.110228137335 0
-0.962960176285 0.977143253807 -0.077905660941 0
-0.992113757855 0.916652804727 -0.209762100441 0
-0.947265128357 0.859902044411 0.051730773711 0
-0.969699437834 0.854392293733 -0.085219349297 0
-1.020200433240 0.742431368016 -0.092411552495 0
-1.012342393270 0.572691287846 -0.155525421422 0
-0.987757846857 0.573472715646 -0.057958097139 0
-1.047251851852 0.623570370370 -0.097659259259 0
-1.027615835223 0.747379202065 -0.255629849915 0
-1.046604789196 0.728084831823 0.095584858061 0
-1.027799710387 0.637381331054 -0.272312643946 0
-1.057424114257 0.623418841992 0.071434197455 0
-1.010644327402 0.538528530556 -0.280189504395 0
-1.032085390027 0.542951248602 0.034686575478 0
-0.870169649994 0.352882125244 -0.228877416057 0
-0.861317646972 0.331132084906 -0.092611806063 0
-0.909905874359 0.044257328413 -0.225962769952 0
-0.838062478139 0.030322897256 -0.106248326366 0
-0.872102587644 0.042618562909 -0.245548110548 0
-0.792931055324 0.021438626492 -0.109954976074 0
-0.950413993800 0.978036322254 -0.076496002746 0
-0.978491864394 0.918997950242 -0.208404792800 0
-0.935187577910 0.860953353808 0.053064393135 0
-0.957096356023 0.856114095131 -0.083996100090 0
-1.009372317584 0.744993243578 -0.091793356298 0
-1.009439274978 0.574690487397 -0.155091320661 0
-0.984653888376 0.574791086285 -0.057571744112 0
-1.041870370370 0.627377777778 -0.097401481481 0
-1.014994638981 0.750473958784 -0.256206594521 0
-1.036803810529 0.729588352677 0.092872736607 0
-1.020731826043 0.641311606959 -0.276907963613 0
-1.053266341625 0.625398140484 0.069879990294 0
-1.010587944642 0.541440203781 -0.287979975350 0
-1.031723267723 0.544170882879 0.033674354105 0
-0.871048475827 0.352159953935 -0.227464108354 0
-0.860869388187 0.331106774183 -0.092390396366 0
-0.910388547114 0.044241506823 -0.225396879343 0
-0.838240075375 0.031010198055 -0.105998249487 0
-0.872676807650 0.042439584172 -0.245143711657 0
-0.793069324231 0.022319740495 -0.109685258162 0
-0.936763487220 0.979574173497 -0.075194326078 0
-0.966278062941 0.923041683327 -0.206718223918 0
-0.923355870527 0.863386637013 0.054451323396 0
-0.945205936657 0.859389205719 -0.082645674891 0
-0.998346490078 0.748724159365 -0.091094467211 0
-1.004303346200 0.577374629742 -0.154555087601 0
-0.979329622706 0.576788947332 -0.057085279813 0
-1.033955555556 0.631925925926 -0.097102962963 0
-1.002796160266 0.755065885782 -0.256400821516 0
-1.027134779089 0.732569841979 0.090287488631 0
-1.012275241757 0.647017002388 -0.281169084776 0
-1.049017417134 0.629078277024 0.068702128654 0
-1.007658102061 0.546849009321 -0.295706299550 0
-1.031195487792 0.547064728477 0.033368067744 0
-0.871591335312 0.351029021419 -0.225722915796 0
-0.860097043036 0.330990871934 -0.092916593943 0
-0.910795906511 0.043804761895 -0.224723591149 0
-0.838754582165 0.031529270391 -0.105688239631 0
-0.873069427788 0.042319809617 -0.244468649388 0
-0.793489332285 0.023307807091 -0.109290952348 0
-0.923931172567 0.982700886431 -0.073957965295 0
-0.955560216930 0.927567952925 -0.205191567551 0
-0.912092959312 0.866529414906 0.055567834942 0
-0.934266663228 0.863257994796 -0.081496443597 0
-0.987749166428 0.752794173138 -0.090413427077 0
-0.997995698666 0.580312120892 -0.154085825303 0
-0.972759980562 0.579045899394 -0.056689991027 0
-1.024922222222 0.636444444444 -0.096814814815 0
-0.991716433977 0.760239851234 -0.257266848162 0
-1.017665828202 0.736232087734 0.087883502198 0
-1.001927256205 0.652897247724 -0.284674614118 0
-1.044590713930 0.633673178735 0.067585661348 0
-1.000182834773 0.552757230870 -0.302255903900 0
-1.030321027771 0.550694837048 0.033523330131 0
-0.871855593779 0.349746747283 -0.223641230863 0
-0.859265126948 0.330750760302 -0.093911316941 0
-0.911235997899 0.043113099813 -0.223901740851 0
-0.839389773120 0.031924597271 -0.105714925284 0
-0.873325230522 0.043009783676 -0.243347116851 0
-0.794100969411 0.023893370842 -0.109448356035 0
-0.911768208788 0.986286528937 -0.072797937683 0
-0.945046854967 0.932154160645 -0.203780599927 0
-0.900087388626 0.869892701137 0.056436095623 0
-0.922954188145 0.867266434807 -0.080528147853 0
-0.976399417039 0.756811604382 -0.089769206565 0
-0.990341714058 0.583646293263 -0.153688645652 0
-0.964706525599 0.581683923885 -0.056408742596 0
-1.014940740741 0.640848148148 -0.096428888889 0
-0.982025006590 0.765916033497 -0.258692364441 0
-1.006713367863 0.739810666448 0.086048445536 0
-0.989815402903 0.658685313067 -0.287306406012 0
-1.037952865750 0.638413216900 0.066100196824 0
-0.987922006593 0.558692117490 -0.307639126862 0
-1.027518900474 0.553776472372 0.033429021446 0
-0.871290892459 0.348817757280 -0.221453921239 0
-0.858520975201 0.330448820681 -0.095428440205 0
-0.911505928195 0.042674095331 -0.223400691176 0
-0.840263541758 0.032169107476 -0.105876565478 0
-0.873405784051 0.043910098764 -0.242432530729 0
-0.795066259461 0.023758140067 -0.109873582457 0
-0.899642806319 0.990106614843 -0.071820747096 0
-0.935661696021 0.936716923707 -0.202533738265 0
-0.888389836384 0.873228322868 0.056975684390 0
-0.912273804374 0.871253648596 -0.079825808733 0
-0.965201121109 0.760567030769 -0.089257229302 0
-0.980914333831 0.586971718856 -0.153484229650 0
-0.954530965271 0.584374842997 -0.056419470758 0
-1.003862962963 0.644603703704 -0.095971111111 0
-0.974861248224 0.772004752615 -0.260422392581 0
-0.995457065351 0.743063303175 0.084561959857 0
-0.977372581435 0.664600343967 -0.289333761661 0
-1.029474713809 0.642753218331 0.063682110679 0
-0.972374569193 0.564822631913 -0.311408670824 0
-1.023129640113 0.555643905449 0.032392299695 0
-0.868996662643 0.348162456161 -0.219470917227 0
-0.857020100550 0.329925968933 -0.097216367029 0
-0.911772214282 0.042844506728 -0.223295897146 0
-0.841039847548 0.032134886491 -0.106074851087 0
-0.873498768403 0.044953865372 -0.241898411808 0
-0.795930488515 0.023394713188 -0.110349186438 0
-0.888978144469 0.994129022474 -0.071229681315 0
-0.928088914608 0.941043049706 -0.201551286963 0
-0.877610590419 0.876455812865 0.057081656068 0
-0.902861272188 0.875071928654 -0.079481441878 0
-0.954673467045 0.763861428569 -0.088919313792 0
-0.970095353536 0.589859620447 -0.153424842025 0
-0.942553061150 0.586685333452 -0.056699771068 0
-0.991940740741 0.647414814815 -0.095407407407 0
-0.968081209589 0.777450044206 -0.262014047327 0
-0.984051930189 0.745525935685 0.083443274261 0
-0.963186802584 0.670068062527 -0.290702648625 0
-1.019092245088 0.645815669648 0.061413276341 0
-0.951431323321 0.571073124258 -0.314025419006 0
-1.017025041206 0.556039780642 0.031204328673 0
-0.864094829286 0.347927777270 -0.217787440845 0
-0.854687457625 0.329045278098 -0.099340392435 0
-0.910808116968 0.043463858191 -0.223693092954 0
-0.841873983762 0.031755081498 -0.106104070677 0
-0.872391947305 0.047059116204 -0.241766046041 0
-0.797018336713 0.021907771104 -0.110633557430 0
-0.880529596566 0.998240555855 -0.071160638527 0
-0.922356931097 0.944854379165 -0.201006256897 0
-0.867680242798 0.879673362625 0.056622286623 0
-0.894700407657 0.878624046094 -0.079604734969 0
-0.944841918483 0.766632086124 -0.088770101153 0
-0.958249354784 0.592226750169 -0.153499541018 0
-0.929422922428 0.588495952578 -0.057169321116 0
-0.979462962963 0.649351851852 -0.094826296296 0
-0.957843478804 0.780091630553 -0.261104028059 0
-0.972741324993 0.747453544774 0.082066642377 0
-0.946031199341 0.673661950441 -0.291288035394 0
-1.007359772506 0.647620816927 0.059924574448 0
-0.925417328280 0.576875631474 -0.316634135593 0
-1.009191074247 0.555637322413 0.030508830282 0
-0.856203762227 0.348295867080 -0.216698380616 0
-0.851415408710 0.327953131133 -0.101319643801 0
-0.909055251408 0.043966560160 -0.224069302318 0
-0.842626519798 0.031153670497 -0.106001231803 0
-0.870506796755 0.048482408194 -0.241647224990 0
-0.798185822713 0.019633126396 -0.110672029452 0
-0.873511312677 1.002126090252 -0.071673708966 0
-0.918681061411 0.947712633881 -0.200655156684 0
-0.858147603785 0.882927512883 0.055760833851 0
-0.887517570289 0.881716863161 -0.079977632256 0
-0.935112894826 0.768579001781 -0.088558839593 0
-0.945831570604 0.593751274087 -0.153555930109 0
-0.915424047178 0.589540879783 -0.057732924425 0
-0.966433333333 0.650344444444 -0.094153703704 0
-0.948847987053 0.781376078005 -0.259305879390 0
-0.960841166715 0.748762916006 0.080685110003 0
-0.928966106644 0.676658707336 -0.291194187049 0
-0.993643701713 0.648154156284 0.059303978255 0
-0.899127530178 0.583111155830 -0.318438387575 0
-0.998550514875 0.554338889033 0.030713215122 0
-0.845001038941 0.349058966353 -0.215753602342 0
-0.847234005481 0.326456467087 -0.103050636263 0
-0.906687679883 0.045145698856 -0.224629203045 0
-0.843071503686 0.030791263133 -0.105813860778 0
-0.868017556614 0.048276055693 -0.242241188666 0
-0.798907489655 0.018275128369 -0.110546838665 0
-0.867156394557 1.005431792895 -0.072603146248 0
-0.916127904334 0.950197875773 -0.200322093740 0
-0.848586862682 0.886714965766 0.054665551895 0
-0.880767709105 0.884894298006 -0.080427268338 0
-0.925346028529 0.770481745966 -0.088229996203 0
-0.932838637833 0.595196217523 -0.153541964255 0
-0.901304140384 0.590580458368 -0.058102645537 0
-0.953055555556 0.651322222222 -0.093567037037 0
-0.940648263596 0.782402294004 -0.257428969138 0
-0.947720377058 0.749968429855 0.079968866066 0
-0.911515302656 0.680123925566 -0.290113628996 0
-0.977433067815 0.648195138633 0.059606281961 0
-0.872692087483 0.590587266033 -0.318995901070 0
-0.985276756533 0.552700176120 0.031913378682 0
-0.830692253518 0.350857079725 -0.214976270003 0
-0.843241790643 0.325144570211 -0.103814108187 0
-0.903866041390 0.047946182177 -0.223712083441 0
-0.843306184073 0.030644683561 -0.105637593708 0
-0.865397449234 0.048556519334 -0.242019309096 0
-0.799431771401 0.017155691034 -0.110391312010 0
-0.862067356420 1.009004568419 -0.073716270086 0
-0.913219970329 0.951691425192 -0.200296263341 0
-0.839124995295 0.890362550421 0.053395036058 0
-0.873862648641 0.887505684944 -0.081045008370 0
-0.915406944794 0.771902404760 -0.087969355064 0
-0.919727759203 0.596217790215 -0.153411721784 0
-0.887490441308 0.591385314492 -0.058218256500 0
-0.939814814815 0.651992592593 -0.093066666667 0
-0.934310180767 0.782692546064 -0.255181437791 0
-0.934226509392 0.751198615857 0.080898268545 0
-0.895858956583 0.683474392379 -0.287664393195 0
-0.960133067648 0.648272360503 0.061141805604 0
-0.848223519079 0.598926139501 -0.317760790981 0
-0.969663930294 0.551541329645 0.034386397701 0
-0.814624883216 0.352944095625 -0.214082695001 0
-0.839334647443 0.323948913150 -0.103778938575 0
-0.899383855476 0.052285043389 -0.222462478235 0
-0.843260198877 0.030694147429 -0.105501107846 0
-0.861663559252 0.049198717797 -0.242033207711 0
-0.799664154689 0.016334907503 -0.110266819155 0
-0.857490532560 1.012135914283 -0.075089237634 0
-0.910176148199 0.952024341359 -0.200408717691 0
-0.829833187299 0.893665263422 0.052078506249 0
-0.866876973820 0.889377860507 -0.081706275556 0
-0.905187296890 0.772608989627 -0.087694873604 0
-0.906980715312 0.596284989257 -0.152866159571 0
-0.874220765316 0.591538913633 -0.057846931191 0
-0.926751851852 0.652103703704 -0.092457407407 0
-0.929043203645 0.781946735189 -0.252710176518 0
-0.920674411878 0.752140308214 0.081842333868 0
-0.882061800786 0.686099635586 -0.284078350466 0
-0.942802682726 0.648073952645 0.063517080861 0
-0.826361519973 0.607096845264 -0.314464560170 0
-0.950912384277 0.550340250628 0.038591579485 0
-0.797878537162 0.354540686971 -0.212582815927 0
-0.835343713391 0.322595453734 -0.103398826953 0
-0.888947457629 0.057622275192 -0.219631819013 0
-0.843092434889 0.030691161691 -0.105289398505 0
-0.852212912361 0.050999585403 -0.240176228691 0
-0.799738429831 0.015619196312 -0.110062337799 0
-0.852398058791 1.014449513275 -0.076585776818 0
-0.906811487556 0.951526653846 -0.200786380059 0
-0.820842860776 0.896628358489 0.050621941150 0
-0.859849879063 0.890682125696 -0.082539940130 0
-0.894691212059 0.772788677573 -0.087577298318 0
-0.893507310681 0.595654153527 -0.152191921090 0
-0.860339149564 0.591165319446 -0.057301896450 0
-0.912948148148 0.651685185185 -0.091872592593 0
-0.924363308897 0.780370782270 -0.249933116369 0
-0.907043197724 0.752552225098 0.081909257450 0
-0.869766379280 0.688087771002 -0.279613112348 0
-0.925124696331 0.647307240882 0.066039968391 0
-0.807595646992 0.614223369734 -0.309765560007 0
-0.929103461799 0.548527957622 0.044333550171 0
-0.782076017235 0.354637810068 -0.210534538769 0
-0.830670853032 0.321076190284 -0.103003531935 0
-0.870377439515 0.060421631333 -0.215288122846 0
-0.842868079407 0.030778485164 -0.105102128242 0
-0.833700266080 0.052607615950 -0.235513990380 0
-0.799583784018 0.015514274476 -0.109896759530 0
-0.845874074669 1.015966474012 -0.078490640136 0
-0.901590163065 0.949925159225 -0.201630066662 0
-0.810868376254 0.898900453393 0.048922539369 0
-0.851445676438 0.891092579126 -0.083672753139 0
-0.883187821176 0.772284509200 -0.087666487652 0
-0.879938787500 0.594467078338 -0.151460685336 0
-0.846543937544 0.590289574460 -0.056635974542 0
-0.899100000000 0.650788888889 -0.091322962963 0
-0.918482428120 0.777528796021 -0.246484785840 0
-0.892005652518 0.752128245958 0.081202378113 0
-0.858037180863 0.688490761291 -0.274706789831 0
-0.905249162053 0.645796797477 0.068029901163 0
-0.791435039684 0.618196810081 -0.304016134615 0
-0.903944465159 0.546170483205 0.050293786121 0
-0.766407454714 0.353783859508 -0.207065511214 0
-0.825720672896 0.319362249360 -0.102262295449 0
-0.843839618513 0.059296856813 -0.209682104713 0
-0.842566343762 0.030622108974 -0.104925943683 0
-0.806467303668 0.052070068331 -0.228824811325 0
-0.799153534158 0.015736425243 -0.109748725721 0
-0.838012077818 1.016631793560 -0.080783920959 0
-0.894422022015 0.948265797241 -0.202816031012 0
-0.800868241034 0.900816155053 0.047397464062 0
-0.842202316665 0.891283467949 -0.084850839724 0
-0.871386067239 0.771793638573 -0.087886023442 0
-0.866294328593 0.593305037942 -0.150604860109 0
-0.832858266848 0.589456851742 -0.055780735766 0
-0.885203703704 0.649988888889 -0.090728148148 0
-0.911419873582 0.774784696108 -0.243228666276 0
-0.876299714454 0.750971232693 0.079396190985 0
-0.847466615025 0.687719865337 -0.269828986134 0
-0.883869631674 0.643764911453 0.069159850371 0
-0.777870110975 0.619809212514 -0.297589436155 0
-0.876853944597 0.543646418958 0.055954360144 0
-0.750535216213 0.352907407172 -0.202743895698 0
-0.821259826449 0.317912376848 -0.101014123114 0
-0.811446728223 0.055153609050 -0.202354666681 0
-0.842267139051 0.030451897713 -0.104766196578 0
-0.773007850981 0.049615300637 -0.219880061438 0
-0.798728742460 0.015949905889 -0.109625733577 0
-0.829318049680 1.017094348762 -0.083495454597 0
-0.885422702069 0.945826524470 -0.204520649385 0
-0.790820590894 0.901571223074 0.045883984072 0
-0.832177120492 0.890479895617 -0.086235702959 0
-0.859347314445 0.770502024354 -0.088366334630 0
-0.852447377752 0.591339519401 -0.149771759777 0
-0.819191116712 0.587846292726 -0.054870696619 0
-0.871170370370 0.648448148148 -0.090241111111 0
-0.903514912157 0.771421869222 -0.240206622250 0
-0.860291190248 0.748705187217 0.077079133866 0
-0.838410365962 0.684760338237 -0.265287654239 0
-0.861317061677 0.641025653494 0.069375418210 0
-0.767395868802 0.618211139374 -0.291977064448 0
-0.847668583435 0.541021189531 0.061780580981 0
-0.735647176210 0.350531246895 -0.197508127709 0
-0.816013280091 0.315984712699 -0.099571565248 0
-0.774413886421 0.049601157306 -0.195012470032 0
-0.841773525171 0.030097815286 -0.104652841536 0
-0.734954911022 0.046853250811 -0.210849069271 0
-0.798153413226 0.015839511247 -0.109500670353 0
-0.820079205182 1.016560072752 -0.086145041434 0
-0.875247065229 0.942966796626 -0.206473188697 0
-0.780163738235 0.901965230185 0.044302815088 0
-0.821362883452 0.889263201615 -0.087720973260 0
-0.846853198921 0.768910858357 -0.088859938854 0
-0.838108328186 0.589083208885 -0.148900915700 0
-0.805311087912 0.585983910357 -0.053826583210 0
-0.856777777778 0.646662962963 -0.089808888889 0
-0.895457613365 0.767893979003 -0.237438375132 0
-0.843884631900 0.746395845030 0.074388369384 0
-0.831067888263 0.680261390862 -0.260941010104 0
-0.837740912054 0.638749142934 0.068936409738 0
-0.760568956266 0.612857126086 -0.286657769810 0
-0.817219251514 0.539755192230 0.067135770205 0
-0.721413613356 0.347273410821 -0.191562808561 0
-0.810500488677 0.314006981799 -0.097628471853 0
-0.735076849078 0.044369935917 -0.187841126701 0
-0.841038359654 0.029970332026 -0.104551527220 0
-0.694950601079 0.044946850941 -0.202155839262 0
-0.797286210345 0.016104474024 -0.109347594059 0
-0.810410802193 1.015631076430 -0.088760570347 0
-0.863299822028 0.940057528342 -0.208549940340 0
-0.768397117518 0.902105533485 0.042773943045 0
-0.809182353586 0.887883428540 -0.089223360094 0
-0.833341780256 0.767258145287 -0.089415455998 0
-0.822960859551 0.586766598602 -0.147984406623 0
-0.790987083734 0.584142167010 -0.052615735991 0
-0.841766666667 0.644881481481 -0.089462222222 0
-0.885929828065 0.764533529622 -0.234950872088 0
-0.826719221230 0.744304077430 0.072177329751 0
-0.824310088750 0.674467002259 -0.256605188732 0
-0.813326994387 0.637239493550 0.068557278832 0
-0.756567231598 0.603788617064 -0.281462286207 0
-0.786715872427 0.539778519128 0.071151591731 0
-0.706419765422 0.343966567755 -0.185078751355 0
-0.805559772580 0.312277911205 -0.094976663171 0
-0.693060655923 0.041059823990 -0.181121122768 0
-0.840296563692 0.029824079166 -0.104411676419 0
-0.653071650093 0.047835627839 -0.194172080588 0
-0.796394567606 0.016391215171 -0.109068687154 0
-0.797565136733 1.014208580936 -0.091295630710 0
