0.013135418641 0.900534661001 0.234702315792 0
-0.029824684843 0.946443357528 -0.079993670981 0
-0.009818065965 0.921407485503 0.065678289485 0
0.001093564261 0.774024616657 0.045977298281 0
-0.042859539854 0.570179041955 0.101557680121 0
-0.046913671067 0.569138876169 -0.021523148108 0
0.000432725926 0.629014814815 0.038843703704 0
0.057039753605 0.737430814977 0.218454562361 0
-0.010354394526 0.781803267760 -0.106743084223 0
-0.044416614841 0.689194324590 0.158521880615 0
-0.085803761161 0.701239643855 -0.051468826547 0
-0.122478064507 0.647836415295 0.107140758861 0
-0.160529673568 0.653393311541 0.000571361822 0
-0.125541409196 0.336923910535 0.088683993346 0
-0.055760456677 0.330277922486 -0.056610435666 0
-0.148009306743 0.023872598392 0.128659201424 0
-0.029216117415 0.024705462231 -0.127655315134 0
-0.195998529901 0.027068977510 0.107482872651 0
-0.075766449329 0.037128001509 -0.131606282109 0
-0.008762096732 1.034311854967 0.087708075159 0
0.017261413578 0.902233552296 0.223407215537 0
-0.031614079995 0.945877857199 -0.090747370259 0
-0.008817441331 0.921892209680 0.054691213796 0
0.003906015872 0.774558069546 0.035851399821 0
-0.037765340686 0.570369562132 0.092703252740 0
-0.042457804105 0.569812017293 -0.030358025221 0
0.005128074074 0.629507407407 0.029999333333 0
0.063316892202 0.739872391809 0.205738283431 0
-0.013596653484 0.780867984071 -0.116205111414 0
-0.040798094986 0.691738278998 0.150463907170 0
-0.086409873029 0.700961260324 -0.056610660804 0
-0.121225716594 0.650244264624 0.102968774253 0
-0.158637292885 0.653330580125 -0.000740450023 0
-0.122961064838 0.337763313966 0.085920807515 0
-0.048978846043 0.329873364013 -0.057759799473 0
-0.149469073169 0.021643865576 0.130167002368 0
-0.029245168568 0.027352294517 -0.124997345764 0
-0.197917091569 0.023800575599 0.109924537251 0
-0.075253374872 0.041890363625 -0.127955812046 0
-0.007669632657 1.034987309087 0.075746482473 0
0.020171414587 0.904723302246 0.212074384490 0
-0.033381103191 0.945036726163 -0.101762673059 0
-0.008357963221 0.922596464695 0.043556482197 0
0.006873203319 0.775371489215 0.025963993670 0
-0.030866940304 0.570743546427 0.084456878738 0
-0.036833272639 0.570807462584 -0.038550466554 0
0.011199037037 0.630333333333 0.021620407407 0
0.068625105435 0.743178117376 0.193370433129 0
-0.015299326062 0.779897995023 -0.126323440264 0
-0.037698053709 0.694544982420 0.142949365525 0
-0.085197140039 0.700241146955 -0.063019173889 0
-0.120453279863 0.652580453675 0.099972684001 0
-0.154620460712 0.652442248404 -0.003619728750 0
-0.119490425744 0.339322201498 0.084320487505 0
-0.042786570043 0.330069122999 -0.057877873580 0
-0.151429258452 0.019952535053 0.132189226341 0
-0.029358900871 0.032349697379 -0.121597496092 0
-0.200333268327 0.022117056722 0.113075567792 0
-0.074490643643 0.049620117130 -0.122909524841 0
-0.006820836780 1.035867923172 0.063626106569 0
0.022246005422 0.907025910207 0.200119839055 0
-0.034933830200 0.943368872552 -0.113562163115 0
-0.008162904535 0.922771947430 0.031718475539 0
0.009818705638 0.775703239073 0.015722612020 0
-0.022840076832 0.570442456735 0.077063520995 0
-0.031873533342 0.571332688046 -0.045753466243 0
0.017258259259 0.630751851852 0.013630000000 0
0.072388150222 0.746045250554 0.181003426204 0
-0.016309671438 0.778473955024 -0.139326272965 0
-0.035585544717 0.696190481599 0.135525263773 0
-0.082752850166 0.699092464159 -0.072078738492 0
-0.120422637200 0.653607975582 0.097314485808 0
-0.149413714725 0.651395424257 -0.009480205803 0
-0.116629560714 0.341192175384 0.084667524986 0
-0.036913400987 0.330043876401 -0.056627640567 0
-0.152980941006 0.017911888719 0.134391261582 0
-0.029508251518 0.039768939996 -0.116132419290 0
-0.202313386586 0.020548729879 0.116475454013 0
-0.073279154562 0.060243570329 -0.114805549720 0
-0.006115607956 1.036084814509 0.051511891398 0
0.023491286348 0.908782556881 0.188725760614 0
-0.036125437388 0.940561948738 -0.124998098063 0
-0.008151957449 0.922085219578 0.020341073026 0
0.012842280809 0.775257294406 0.006145926285 0
-0.014388616884 0.569043240553 0.069847814197 0
-0.026726205005 0.571459736881 -0.052660767818 0
0.023517185185 0.630500000000 0.006167925926 0
0.074945451249 0.748150467939 0.170171903217 0
-0.016886324210 0.776146609140 -0.153254692012 0
-0.034001281777 0.696736069010 0.128949955299 0
-0.079851341562 0.697076557705 -0.082390868096 0
-0.120579317850 0.653802253962 0.095100290776 0
-0.144397352197 0.649488026911 -0.017572320124 0
-0.114334970675 0.342767754785 0.084683937924 0
-0.031141181427 0.329922834820 -0.054751577194 0
-0.154583396698 0.016070436361 0.136588553381 0
-0.028846792417 0.049085786966 -0.108626453935 0
-0.204314511701 0.018879437873 0.119839076074 0
-0.070823487560 0.072637266719 -0.104137813851 0
-0.005896213262 1.035543223739 0.039271137671 0
0.024191230151 0.910286204812 0.179194542160 0
-0.036493998231 0.937094447166 -0.134788521391 0
-0.007950606154 0.920928805132 0.010715178010 0
0.016303445417 0.774461276413 -0.001594947236 0
-0.005899445898 0.567802152493 0.063809492789 0
-0.019554763652 0.570962724676 -0.058542259479 0
0.030774555556 0.630044444444 0.000171249630 0
0.076378616066 0.749812211480 0.161333441321 0
-0.015838156840 0.773094971484 -0.164427864588 0
-0.033059239034 0.696737747260 0.123669968783 0
-0.076323414172 0.694184332336 -0.091263715861 0
-0.120828934228 0.653158078990 0.093890644614 0
-0.139539745035 0.646537729280 -0.025234395744 0
-0.111481240818 0.344511852867 0.083906913959 0
-0.026836988045 0.329538622585 -0.053511285821 0
-0.155950073423 0.015678991871 0.138215670754 0
-0.027264585267 0.055719145907 -0.102381540136 0
-0.206104802162 0.018695245664 0.122820064978 0
-0.067567797579 0.081517514309 -0.095528928333 0
-0.006067526004 1.034811124636 0.026957229679 0
0.024285129306 0.911402189739 0.170376784423 0
-0.036415149592 0.933359966298 -0.143979820708 0
-0.007788858807 0.919451672101 0.001740715187 0
0.019424082671 0.773364520765 -0.008631495856 0
0.000294487669 0.566385942253 0.058449021561 0
-0.013815069431 0.570163106675 -0.063833690340 0
0.036293740741 0.629262962963 -0.004950074074 0
0.076203413267 0.750727989015 0.153561977849 0
-0.013367824869 0.769844172011 -0.174514854924 0
-0.033480231081 0.696243342743 0.118733806383 0
-0.072577989160 0.691335613976 -0.099889720124 0
-0.121973107578 0.651802966873 0.092693409717 0
-0.135369959937 0.643122888187 -0.033596463439 0
-0.110003195140 0.345780198390 0.082480388661 0
-0.023569965402 0.329044330518 -0.052409315206 0
-0.156051758213 0.016073693401 0.139406489193 0
-0.025101923727 0.061367873177 -0.096751465552 0
-0.206717330929 0.018467195650 0.125662757264 0
-0.063606223213 0.089224278798 -0.087902589327 0
-0.006978139280 1.033699598856 0.015216215072 0
0.023408323547 0.912246423972 0.162418372554 0
-0.036203603819 0.929425796908 -0.152443549978 0
-0.008004067289 0.917743814222 -0.006444587060 0
0.022056538246 0.772086805023 -0.014853244041 0
0.004603593925 0.565006040994 0.053809466504 0
-0.009318165935 0.569239199009 -0.068479834655 0
0.040480740741 0.628274074074 -0.009269037037 0
0.075639210132 0.751547646379 0.146852959785 0
-0.009182997769 0.766691614705 -0.183883258373 0
-0.033909515881 0.695456944280 0.114218778141 0
-0.068144292386 0.688070652229 -0.109179456725 0
-0.122779218927 0.650163962833 0.091380060190 0
-0.131321017128 0.637965731568 -0.044084244629 0
-0.109385176261 0.346609215144 0.080630473070 0
-0.021016810878 0.328556050449 -0.051196829596 0
-0.153851908925 0.017279568308 0.140881705521 0
-0.022961183986 0.065882102914 -0.092565295920 0
-0.205042675844 0.019540974343 0.129219342808 0
-0.060200625381 0.094948517299 -0.082307100035 0
-0.008264078154 1.032201336043 0.004989421701 0
0.021132897661 0.912339134439 0.155470586575 0
-0.036347759687 0.925148998940 -0.159995139617 0
-0.009061773849 0.915505348692 -0.013674072303 0
0.023933742149 0.770395012238 -0.020224488897 0
0.007728456367 0.563777639603 0.049918663624 0
-0.005490147709 0.568212291772 -0.072441503787 0
0.044230740741 0.626962962963 -0.012883481481 0
0.074561497923 0.752006558295 0.140196608402 0
-0.003983051701 0.763248045193 -0.190680467139 0
-0.034489263787 0.694039484278 0.109215489234 0
-0.064054945452 0.683718115867 -0.117847055117 0
-0.123294226145 0.647607628047 0.088939279044 0
-0.128626736239 0.631218693659 -0.055605492331 0
-0.108234163503 0.346684510428 0.078784278478 0
-0.019560017523 0.328077961362 -0.050047739470 0
-0.145872558242 0.018188845023 0.141381922607 0
-0.021484310270 0.069105845694 -0.089737561318 0
-0.197532079128 0.019264848733 0.131803018867 0
-0.057271487542 0.099621700686 -0.078560640434 0
-0.009783435682 1.030088429829 -0.003793420212 0
0.017389202954 0.912260304857 0.149877522645 0
-0.036519882696 0.921220356756 -0.166350671787 0
-0.010819099535 0.913375329540 -0.019635624685 0
0.025080623919 0.768892237306 -0.024468729439 0
0.010064400366 0.562870880910 0.046722447225 0
-0.002046456471 0.567374612524 -0.075749801676 0
0.047417407407 0.625888888889 -0.015746703704 0
0.072334586464 0.752418097475 0.134846944537 0
0.002160817215 0.760120174667 -0.193764486877 0
-0.035784290212 0.692229411875 0.104851766982 0
-0.060635428765 0.679093164853 -0.124992376574 0
-0.124070574590 0.644230667094 0.086641678454 0
-0.127475336209 0.624009746668 -0.067077499285 0
-0.106851447242 0.346453800805 0.076794222704 0
-0.019441370437 0.327787427860 -0.050072253680 0
-0.134360669728 0.018399237363 0.140216188557 0
-0.021220880693 0.069479226070 -0.089374760653 0
-0.186258687155 0.018955529609 0.131975702828 0
-0.056320002797 0.100763525871 -0.078140561219 0
-0.011681985269 1.028047742248 -0.011124065129 0
0.010454873785 0.913280766520 0.146232273303 0
-0.034759091398 0.917992405386 -0.171447189066 0
-0.013018297985 0.912133533227 -0.024000957266 0
0.025692551420 0.768282917420 -0.026784453335 0
0.011160726658 0.562504879991 0.044257485544 0
0.000671229282 0.566967580921 -0.078365770602 0
0.049272592593 0.625548148148 -0.017725925926 0
0.069486791020 0.754812450209 0.132179864924 0
0.010754173176 0.757909498441 -0.193874585804 0
-0.037216911157 0.692083608748 0.102321994350 0
-0.055691929130 0.674891690707 -0.131174449669 0
-0.124603414284 0.642254120865 0.085671664787 0
-0.125151777854 0.616784678348 -0.079000229436 0
-0.104859092681 0.345534651823 0.073809156782 0
-0.021218011917 0.327821646506 -0.052021478417 0
-0.120952505657 0.018405107061 0.137125691177 0
-0.022853069240 0.065860746942 -0.092671975201 0
-0.172964287633 0.018300906081 0.129616832619 0
-0.059071544440 0.096269270693 -0.082651657794 0
-0.014065856045 1.026867786594 -0.016854784419 0
0.002152834836 0.913348645755 0.144058414028 0
-0.032532235830 0.916295468567 -0.174963536796 0
-0.015601244436 0.911272589246 -0.026857183229 0
0.026081598993 0.768214685240 -0.028087414533 0
0.011964600046 0.562768042202 0.042755834013 0
0.004257362961 0.567078188372 -0.080079133886 0
0.051307777778 0.625851851852 -0.018411629630 0
0.067677878391 0.757255904246 0.132397821283 0
0.021962682696 0.758317963855 -0.191528389113 0
-0.036755027624 0.691491926033 0.101077742176 0
-0.047577481674 0.672228679252 -0.136836994909 0
-0.122665005459 0.639456639587 0.085176345235 0
-0.119438942083 0.610474165160 -0.092266935569 0
-0.101719596631 0.344270621116 0.070046126566 0
-0.024547092138 0.328392346673 -0.056344962384 0
-0.106667327355 0.017935464972 0.132129715546 0
-0.025419854344 0.057921782355 -0.099914901684 0
-0.158718039549 0.016567616893 0.125025376678 0
-0.064076650907 0.086008327071 -0.092589527365 0
-0.016917566637 1.026014591421 -0.020564197714 0
-0.007078751119 0.912435051490 0.142835583044 0
-0.030257163901 0.914751292249 -0.177233377039 0
-0.018598067064 0.910037897917 -0.028608920344 0
0.025949807976 0.767831514998 -0.028473199216 0
0.013055396461 0.562761787813 0.042046961241 0
0.007979665628 0.566872597928 -0.080931680804 0
0.053414444444 0.625948148148 -0.018347925926 0
0.066736700068 0.759901124936 0.133940352641 0
0.034937408695 0.760423105942 -0.188785913023 0
-0.034374762454 0.690301464747 0.100110787275 0
-0.037342866983 0.671579036580 -0.142735494227 0
-0.117933486286 0.635210179895 0.084240464599 0
-0.111249968462 0.606480779548 -0.106714209307 0
-0.098060381418 0.342666597380 0.066974269919 0
-0.027583180554 0.328842796382 -0.059930821163 0
-0.092927996801 0.016718822522 0.125853701066 0
-0.026780769025 0.050842230112 -0.106089615172 0
-0.144965323287 0.014786042840 0.118782612468 0
-0.068027542061 0.075613499042 -0.101404428603 0
-0.020890337977 1.024727523603 -0.022932560601 0
-0.017632794357 0.911235027628 0.142304423561 0
-0.029448067490 0.913184509913 -0.178387549894 0
-0.022989410281 0.908661155176 -0.029440563480 0
0.024682317199 0.767467149546 -0.027999652207 0
0.014046490935 0.562809417689 0.042132812572 0
0.011013307928 0.566659243483 -0.080921593463 0
0.054936666667 0.626192592593 -0.017695925926 0
0.064760765457 0.763035422821 0.135775783257 0
0.047177009659 0.763916629149 -0.185364640727 0
-0.032579619701 0.689586476628 0.099139984304 0
-0.027561746637 0.673146501777 -0.147771419686 0
-0.113192427935 0.630986944389 0.082581187288 0
-0.103197805479 0.605945008376 -0.119885251393 0
-0.094093482419 0.340942182774 0.064283566443 0
-0.030504842576 0.329302705256 -0.063541849574 0
-0.082351576415 0.016088052492 0.121077047650 0
-0.027364973747 0.044597567168 -0.111155305912 0
-0.134419909210 0.013613281210 0.114414952933 0
-0.070198394751 0.066889074251 -0.108864065966 0
-0.026287376312 1.023260041639 -0.024353296552 0
-0.028433196466 0.909888733256 0.142501640223 0
-0.029160401635 0.912237325839 -0.178404418125 0
-0.027773912012 0.907550484793 -0.029328964342 0
0.023049520944 0.767470579228 -0.026694810656 0
0.015004258182 0.563222137949 0.043114426009 0
0.014003684621 0.566823558983 -0.079980808755 0
0.056263333333 0.626903703704 -0.016141444444 0
0.062814664913 0.766861525520 0.139111898516 0
0.058927820858 0.769309073677 -0.182004732618 0
-0.029892174680 0.689292008448 0.099105749509 0
-0.017602192212 0.677080264793 -0.152418386183 0
-0.106801056849 0.626731251499 0.080822894994 0
-0.094385052997 0.608517162389 -0.131668806049 0
-0.089935184134 0.339500499797 0.061724147450 0
-0.033068623631 0.330158764233 -0.068237245412 0
-0.075776573042 0.016831564924 0.117661377367 0
-0.027498241563 0.037950634936 -0.116217708555 0
-0.127955704319 0.016115517703 0.111460989115 0
-0.071560254615 0.057832158291 -0.116574161106 0
-0.031884739404 1.022026908353 -0.025042434931 0
-0.039267222643 0.908469652960 0.143322046216 0
-0.029833884970 0.911725559606 -0.177438229085 0
-0.033094519183 0.906639390497 -0.028405082096 0
0.020728849397 0.767708362476 -0.024709503989 0
0.016225917151 0.563745209292 0.044912049806 0
0.017027075581 0.567037231810 -0.078193307248 0
0.057274444444 0.627988888889 -0.013881481481 0
0.059677710546 0.770613424350 0.143250368703 0
0.069560244026 0.776371873723 -0.178519576289 0
-0.027864521325 0.689047440577 0.099713855581 0
-0.007265080742 0.682486093921 -0.155679309007 0
-0.100364449014 0.622275325625 0.078999930993 0
-0.083687555707 0.611684925568 -0.141228602798 0
-0.086317393010 0.338621177578 0.059541456821 0
-0.034937549099 0.331168635435 -0.072750735740 0
-0.073615015262 0.018294170309 0.115330876687 0
-0.027369699677 0.032350864749 -0.120197953357 0
-0.125789481061 0.020242964205 0.109360399318 0
-0.072186329933 0.050276806572 -0.122842435487 0
-0.037737819372 1.020968495944 -0.024910588820 0
-0.049273584584 0.905945108678 0.144779840392 0
-0.031250221211 0.910275839444 -0.175599850199 0
-0.038442086901 0.904709717034 -0.026721795730 0
0.018039627257 0.766874818710 -0.022165110069 0
0.017158783181 0.563652182821 0.047461629396 0
0.019400940457 0.566379092869 -0.075639730851 0
0.058108148148 0.628129629630 -0.011144851852 0
0.054981637766 0.772089280584 0.147592420376 0
0.077875973184 0.782637332500 -0.174668338290 0
-0.027460014166 0.687023793228 0.100909265685 0
0.002584055443 0.686451198504 -0.156844120663 0
-0.095692070821 0.616703383365 0.077915828530 0
-0.071941165952 0.612610228513 -0.147518101370 0
-0.083318029808 0.337421920660 0.059048613362 0
-0.037943312167 0.331699699731 -0.076715688700 0
-0.073458268321 0.018799629910 0.114224682201 0
-0.027205330697 0.027679097657 -0.123069837599 0
-0.125535457627 0.021742928060 0.107827602476 0
-0.072488592436 0.044006618225 -0.127508452459 0
-0.042095031145 1.018982828322 -0.023831169903 0
-0.057582467905 0.902500302892 0.146840962556 0
-0.032469347047 0.907529943222 -0.173050858031 0
-0.042913410503 0.901653499639 -0.024377495580 0
0.015566271144 0.764688138573 -0.019142182220 0
0.018072231255 0.562487433557 0.050693040312 0
0.021119976503 0.564039747020 -0.072411426603 0
0.058711851852 0.626837037037 -0.008268481481 0
0.048640898588 0.770269058930 0.151934020460 0
0.082529951658 0.785178168858 -0.170563473864 0
-0.029336197138 0.682682292253 0.102333507462 0
0.010320742813 0.686082906452 -0.156269870024 0
-0.093521825118 0.609445561503 0.077248194757 0
-0.061324120680 0.608981095367 -0.150075103517 0
-0.081558756348 0.335818134332 0.060924108746 0
-0.042685796648 0.331145393784 -0.079690307121 0
-0.073378950707 0.018058106700 0.113613618609 0
-0.027249211445 0.023890881681 -0.124793950855 0
-0.125422425356 0.020115419849 0.106623376256 0
-0.072816886524 0.039015703661 -0.130423317725 0
-0.045004329510 1.015872328632 -0.021977155375 0
-0.060826988963 0.899250714003 0.148881318410 0
-0.035031907546 0.904408158874 -0.170954197967 0
-0.045774337126 0.898478818477 -0.022304196681 0
0.013727444797 0.761984105164 -0.016910667787 0
0.018567729551 0.560649225418 0.053963550035 0
0.021726535956 0.561157060248 -0.069146856708 0
0.058806296296 0.624774074074 -0.005515629630 0
0.042898250211 0.765123052289 0.155611090276 0
0.081980574443 0.784051376279 -0.166126526215 0
-0.029965173393 0.674942481651 0.102975871794 0
0.012698814847 0.682558738922 -0.154394930686 0
-0.089351079039 0.598636396970 0.075898404496 0
-0.055906892291 0.602344159432 -0.149685285436 0
-0.082032961006 0.334382047975 0.063588784308 0
-0.047857871018 0.330137786472 -0.081477469356 0
-0.073568727702 0.017065745467 0.113270793343 0
-0.027615225675 0.021416179145 -0.125781462379 0
-0.125614374321 0.019037913548 0.106272186334 0
-0.073360202355 0.035729091533 -0.132058457749 0
-0.047982982423 1.012472725991 -0.019730179532 0
-0.059601200408 0.897221003949 0.151041579864 0
-0.037282440881 0.901575531990 -0.169067236100 0
-0.046421382127 0.896015085940 -0.020295797491 0
0.012720763674 0.759375345375 -0.015004523133 0
0.018231823541 0.558569393481 0.057707537431 0
0.020225196605 0.557981722623 -0.065426898489 0
0.057795185185 0.622225925926 -0.002720085185 0
0.034347199672 0.756134364138 0.158960095952 0
0.076667122723 0.778390264219 -0.162596592297 0
-0.034354395345 0.665020751541 0.102475757537 0
0.007093088052 0.677040528134 -0.151370164586 0
-0.089629078854 0.586855014355 0.073353400439 0
-0.060181775623 0.595262646387 -0.146572383396 0
-0.084537336294 0.333265961946 0.067026506695 0
-0.053659960182 0.328540908909 -0.081608220035 0
-0.073908927049 0.016343230568 0.113041477864 0
-0.028124625003 0.019970799637 -0.126215051128 0
-0.125969850726 0.018356018041 0.106169200837 0
-0.074033078748 0.033659535933 -0.132687716483 0
-0.049683254545 1.009724249574 -0.016730635628 0
-0.054913404202 0.896548883539 0.154097285711 0
-0.038693935999 0.899294892155 -0.166396288776 0
-0.045045492513 0.894465879612 -0.017454292949 0
0.012266635931 0.757028099935 -0.012618599755 0
0.016763531283 0.556470177769 0.061621891318 0
0.016435320158 0.554724548221 -0.061517270842 0
0.055565925926 0.619314814815 -0.000134380000 0
0.021123561865 0.744945937975 0.159516824045 0
0.066907023067 0.768864022069 -0.160296448998 0
-0.048600248782 0.656576612614 0.100006046799 0
-0.006008614534 0.670316544688 -0.145803261662 0
-0.104310407338 0.579726570574 0.069746239047 0
-0.075846671401 0.590888117045 -0.138703993482 0
-0.088446409158 0.332296998621 0.070961797433 0
-0.060033303003 0.326250466439 -0.079295971129 0
-0.074296297802 0.015644126324 0.112732446156 0
-0.028793987696 0.019866992688 -0.125949390104 0
-0.126392950013 0.017394551551 0.106062054942 0
-0.074886226150 0.033139101619 -0.131967670783 0
-0.049220115997 1.007915021140 -0.013133758917 0
-0.047280211453 0.896727713258 0.157970790635 0
-0.038924462800 0.897569755284 -0.162834781993 0
-0.041697563470 0.893601098960 -0.013757823905 0
0.012530456275 0.754871732932 -0.009668274243 0
0.013864023801 0.554496640229 0.065551821667 0
0.010764306913 0.551593339062 -0.057526896233 0
0.052350000000 0.616074074074 0.002338211111 0
0.005925315417 0.735598416817 0.158953870996 0
0.051590158110 0.756190956404 -0.158349126905 0
-0.070950746227 0.655754680870 0.096287061435 0
-0.028474466202 0.664612146713 -0.137341377541 0
-0.133530415884 0.585518428957 0.065172081536 0
-0.104621930692 0.592051923628 -0.125252873106 0
-0.093397306185 0.331301419341 0.074979447321 0
-0.067294118630 0.323783319759 -0.076850867480 0
-0.075160863803 0.015042303055 0.112724335032 0
-0.029515526782 0.019722948389 -0.125531416978 0
-0.127314381662 0.016509635996 0.106441279404 0
-0.075832652278 0.032427429038 -0.131025330027 0
-0.045624008556 1.006978140800 -0.009582869211 0
-0.037205676170 0.897586477891 0.161462144992 0
-0.037517810924 0.896296409170 -0.159450586594 0
-0.036367428330 0.893287796131 -0.010329814665 0
0.013572986968 0.752915616329 -0.006857597063 0
0.009582675242 0.552804377805 0.069196771954 0
0.004002485489 0.548915915524 -0.053767245327 0
0.048461481481 0.612770370370 0.004687629630 0
-0.011036191000 0.730021170056 0.155852299719 0
0.028904606231 0.742109692890 -0.155513392826 0
-0.099442997842 0.665947606060 0.090347376658 0
-0.063205030236 0.665035793892 -0.126986616852 0
-0.172127921063 0.607639466239 0.058244412285 0
-0.149048179114 0.605825926801 -0.109119810982 0
-0.098675432883 0.330088495712 0.078566806734 0
-0.074903843577 0.321535597655 -0.074645962660 0
-0.075953249285 0.014443333925 0.112461112111 0
-0.030191125336 0.019674753644 -0.125150174707 0
-0.128150765818 0.015289218634 0.106434253406 0
-0.076739570040 0.031738654298 -0.130106748130 0
-0.039589728787 1.006740986142 -0.006681792916 0
-0.024147013081 0.898843114333 0.163880340762 0
-0.033644237685 0.895744761077 -0.156879609873 0
-0.028350079779 0.893544064658 -0.007834285959 0
0.016252624272 0.751347448678 -0.004737509098 0
0.004446219723 0.551473994789 0.072216730660 0
-0.002631557203 0.546974410355 -0.050649322488 0
0.044500740741 0.609744444444 0.006878370370 0
-0.028715073764 0.729766466916 0.150217807037 0
0.001818822662 0.731687621559 -0.151530890730 0
-0.128333265755 0.686853470487 0.083533696439 0
-0.102419527383 0.676182000310 -0.115588709749 0
-0.211681866148 0.645986595735 0.050503349649 0
-0.198564799881 0.640510718531 -0.092907249132 0
-0.104066161695 0.328886137764 0.081687139703 0
-0.082692377676 0.320215762685 -0.073773320634 0
-0.076833455356 0.014074546615 0.112210019417 0
-0.030738845398 0.019617485860 -0.125264869123 0
-0.129066690825 0.014287124355 0.106442593461 0
-0.077513824632 0.030868031997 -0.129996629129 0
-0.032345316973 1.007007251779 -0.003585415578 0
-0.009273943282 0.899738764043 0.165228666433 0
-0.028088121996 0.895450418191 -0.155106126820 0
-0.018605432335 0.893771462975 -0.006261780406 0
0.019904703861 0.749786382562 -0.003237265307 0
-0.001046500407 0.550180853330 0.074740877638 0
-0.008667457391 0.545652773712 -0.048091633173 0
0.040669629630 0.606977777778 0.009145259259 0
-0.046106247026 0.735255307307 0.145657806235 0
-0.031616748994 0.727746256722 -0.147115789534 0
-0.153216517207 0.722301539277 0.078043680786 0
-0.144955412498 0.703098498326 -0.104864359435 0
-0.244282066470 0.706094424371 0.044248337298 0
-0.245546168722 0.699505934682 -0.079537171761 0
-0.109275283849 0.327462815137 0.084394144507 0
-0.090884389818 0.319987556764 -0.074159322752 0
-0.077589250397 0.013732369386 0.111834350223 0
-0.030816804606 0.019640761208 -0.126032316405 0
-0.129837563983 0.013417273646 0.106209963935 0
-0.077874661406 0.029565504613 -0.130923185978 0
-0.024205692286 1.007073706269 -0.000443613958 0
0.006004160127 0.898921783516 0.166037639703 0
-0.021456819130 0.893989580890 -0.153662705926 0
-0.008112823129 0.892581676777 -0.005111922253 0
0.023682880148 0.746964551527 -0.001886344707 0
-0.006538187324 0.547774907644 0.077229815391 0
-0.014444008591 0.543444560010 -0.045591820659 0
0.036708740741 0.603337037037 0.011568074074 0
-0.061268423361 0.744856956611 0.142953590463 0
-0.064707698791 0.732148014628 -0.141930216378 0
-0.168382871170 0.761045073365 0.076046789680 0
-0.178691650529 0.743124232493 -0.095826752607 0
-0.260661806331 0.770627553739 0.042731773769 0
-0.273480652271 0.772854994858 -0.070225720114 0
-0.115195572517 0.325269657627 0.086974866495 0
-0.099010047795 0.319101337400 -0.075301112816 0
-0.078372581297 0.013356875885 0.111336627834 0
-0.031080426678 0.019217643319 -0.126811957200 0
-0.130628523405 0.012967620926 0.105788270055 0
-0.078342648277 0.028031006602 -0.131858744364 0
-0.015111842647 1.005795781017 0.002337280459 0
0.021335976639 0.896022170152 0.166362633842 0
-0.014986249116 0.891934895365 -0.152464487182 0
0.002265331047 0.890107311620 -0.004321236669 0
0.025815043383 0.742953900922 -0.000961552899 0
-0.012688744992 0.544485090528 0.079529804191 0
-0.021377770589 0.540513244790 -0.043251030951 0
0.031717407407 0.598907407407 0.013687444444 0
-0.075321463133 0.758471197951 0.143308044469 0
-0.097185265261 0.746393626822 -0.136276733528 0
-0.175005684917 0.801178991224 0.076590877522 0
-0.201945752678 0.790548672092 -0.088173508713 0
-0.260554336681 0.837581114309 0.043143336567 0
-0.278650153365 0.850445733974 -0.063351541680 0
-0.122027510731 0.322334898699 0.089742846844 0
-0.107181829226 0.317199709094 -0.076906147273 0
-0.079082559679 0.012988238664 0.110729198278 0
-0.031425575532 0.018170523056 -0.127477145299 0
-0.131350462895 0.012997954720 0.105280760158 0
-0.078853100360 0.025934810123 -0.132693346836 0
-0.005574026580 1.003270229521 0.004899160830 0
0.034771311839 0.890890908040 0.166312931852 0
-0.010455699782 0.888852209699 -0.151393070811 0
0.010713312127 0.886057169532 -0.003773829388 0
0.025925398121 0.737837864880 -0.000422249710 0
-0.019585065346 0.540464984768 0.081441059623 0
-0.029819062855 0.536981117397 -0.041235491378 0
0.025624185185 0.593688888889 0.015167000000 0
-0.087550405870 0.775052971139 0.145980335867 0
-0.125902351916 0.768300801079 -0.132942844161 0
-0.172612771678 0.841580019860 0.078522009799 0
-0.212986451478 0.841020997135 -0.084296357410 0
-0.244203127392 0.900468778480 0.044299419681 0
-0.264676589769 0.921600275706 -0.060836848678 0
-0.129459710129 0.318629159468 0.092684222455 0
-0.115789954061 0.314386460597 -0.078978877388 0
-0.079419691911 0.012558067148 0.110038318391 0
-0.031986025706 0.017265281567 -0.127876203521 0
-0.131690884904 0.012991460715 0.104638889519 0
-0.079526108659 0.024295889197 -0.133108229196 0
0.004024929884 0.999406992655 0.006981140131 0
0.046532151630 0.883892873394 0.165727418783 0
-0.007697510638 0.884460261070 -0.150572383305 0
0.017442672168 0.880451566904 -0.003605443714 0
0.024750464101 0.731662174078 -0.000244569198 0
-0.026097807625 0.535130908040 0.082727582986 0
-0.038309135726 0.532304880371 -0.039784886731 0
0.019231037037 0.587588888889 0.015926629630 0
-0.095982492326 0.793260318961 0.149303014896 0
-0.147463307099 0.793134498645 -0.132513874794 0
-0.160918103506 0.878927107306 0.081063379640 0
-0.214363252975 0.885337955826 -0.084961086130 0
-0.214893454279 0.953982437571 0.046227102727 0
-0.240088160108 0.975713651293 -0.062827617618 0
-0.137729861934 0.314276355197 0.095824552188 0
-0.124896116368 0.310699819983 -0.081711376591 0
-0.080026340449 0.011865763989 0.109258555443 0
-0.032645013867 0.016403249097 -0.128244303155 0
-0.132292568074 0.012373510584 0.103817698684 0
-0.080267454947 0.022807974138 -0.133530665433 0
0.013832651741 0.994166193240 0.007762441845 0
0.057006647290 0.875180326154 0.164834614017 0
-0.006120834236 0.879106481720 -0.149786188502 0
0.022943878550 0.873546255307 -0.003595538644 0
0.022604337257 0.724614572869 -0.000236761261 0
-0.032200635181 0.528720017430 0.083601233358 0
-0.046689304087 0.526660999651 -0.038678148067 0
0.012800370370 0.580696296296 0.016204740741 0
-0.099931314769 0.811720380766 0.153097659378 0
-0.162366560815 0.819583086344 -0.134126661013 0
-0.146062103220 0.908460198418 0.084355837449 0
-0.205091248487 0.926174944758 -0.088837316050 0
-0.181798558124 0.993431291815 0.048932207664 0
-0.203779075750 1.018267431750 -0.068064377511 0
-0.146456830095 0.309361610342 0.099008725907 0
-0.134167966025 0.306254003904 -0.084853666360 0
-0.080558321759 0.011043344610 0.108425506872 0
-0.033053738655 0.015405042482 -0.128435822517 0
-0.132805992240 0.011246380946 0.102789995839 0
-0.080774706493 0.021015009095 -0.133736815507 0
0.023333849263 0.987581115223 0.007655927565 0
0.065563076846 0.865923327080 0.164001501172 0
-0.005648794158 0.873665279851 -0.148817415447 0
0.026970629525 0.866351994393 -0.003456248667 0
0.019488706680 0.717656460028 -0.000097335588 0
-0.037834955867 0.522219124429 0.084316604024 0
-0.054864524447 0.520894953439 -0.037645064411 0
0.006476666667 0.573874074074 0.016219925926 0
-0.099840883736 0.828662231823 0.157103290385 0
-0.170716180182 0.845426794992 -0.136314275176 0
-0.130361144247 0.931278384942 0.088179282506 0
-0.189481452229 0.959494771378 -0.093016361689 0
-0.146657082002 1.021277364802 0.051959203475 0
-0.164060418288 1.044969496231 -0.073018479680 0
-0.154803561117 0.304490686854 0.102279135028 0
-0.142751430187 0.301652625985 -0.088366186346 0
-0.080987754339 0.010122883765 0.107620573478 0
-0.033326702182 0.014199481660 -0.128414204646 0
-0.133205832400 0.009455740367 0.101751457511 0
-0.081153072012 0.018748032997 -0.133781890657 0
0.033320644781 0.980398383253 0.007539036406 0
0.072628959415 0.856845469278 0.163190860967 0
-0.006157299789 0.868536941701 -0.147683354484 0
0.029802204999 0.859415628892 -0.003215034700 0
0.015958281525 0.711224994976 0.000143138454 0
-0.043185570804 0.516054704383 0.084788685894 0
-0.062826950111 0.515491883773 -0.036785602729 0
0.000196786296 0.567577777778 0.015997296296 0
-0.096358989457 0.841774452620 0.159968703169 0
-0.173856783935 0.867964962970 -0.138877769319 0
-0.112465968800 0.947373297743 0.090675635914 0
-0.172675301139 0.983919334335 -0.096551231026 0
-0.113375974719 1.038196669003 0.053970981365 0
-0.130310802259 1.058529055101 -0.076488034331 0
-0.162503170782 0.299880832146 0.105815976749 0
-0.150236131773 0.297440985287 -0.093153849010 0
-0.081449402692 0.009011748792 0.106899235153 0
-0.033557185001 0.012822477775 -0.128387739760 0
-0.133609265895 0.007187288375 0.100764148044 0
-0.081470827457 0.016029667171 -0.133942901887 0
0.042945612576 0.973025979808 0.007260060145 0
0.078730788170 0.848955466576 0.162266745594 0
-0.007345468922 0.864870341732 -0.146479651491 0
0.031850290082 0.853816450644 -0.002991381165 0
0.012528725453 0.706276225148 0.000262935014 0
-0.048009919834 0.511257599455 0.085045671309 0
-0.070252833607 0.511316711228 -0.036080946307 0
-0.005797037037 0.562803703704 0.015547592593 0
-0.090897350770 0.853456545347 0.161574302382 0
-0.173730033677 0.887059026827 -0.141497549764 0
-0.096314949265 0.959757792557 0.091697449900 0
-0.154159522575 1.001475753133 -0.099495694798 0
-0.085545517129 1.049152268012 0.054363678044 0
-0.099965702206 1.065758235719 -0.079288608835 0
-0.168639614194 0.296230243338 0.109979436025 0
-0.155797625441 0.294043066428 -0.098034077166 0
-0.081802353790 0.007709145777 0.106233878193 0
-0.033414094487 0.011485630117 -0.128245605912 0
-0.133864783524 0.004503260157 0.099842869932 0
-0.081380418351 0.013163998082 -0.134014304153 0
0.051958091114 0.966487660531 0.007116192933 0
0.084441081282 0.843926859599 0.160867920502 0
-0.008811817868 0.864781779896 -0.145490875844 0
0.033580479486 0.851465462336 -0.003107770931 0
0.009210575982 0.704715398301 -0.000018085999 0
-0.052308563185 0.509714956295 0.085085446716 0
-0.076950341785 0.510261022518 -0.035574790154 0
-0.011406888889 0.561462962963 0.014956222222 0
-0.083955656445 0.864788625467 0.162198392516 0
-0.171958917809 0.904548067390 -0.143863413903 0
-0.081209925598 0.970427828989 0.091170935248 0
-0.137020590795 1.015551295990 -0.102681566812 0
-0.061121864416 1.057023905703 0.052522159300 0
-0.074581073849 1.070612016739 -0.082572756379 0
-0.171988174087 0.294553915645 0.113236769665 0
-0.158318927018 0.292471511023 -0.101231629690 0
-0.081736978381 0.006561078300 0.105694769179 0
-0.033221746853 0.010493496691 -0.128260759552 0
-0.133626181143 0.001751659805 0.098912482725 0
-0.081191721951 0.010999693603 -0.134217963357 0
0.060471142846 0.962728893009 0.007044612663 0
0.088910156103 0.842376293112 0.159456214087 0
-0.010262516690 0.868175281662 -0.144658790739 0
0.034752463177 0.852597260233 -0.003313976228 0
0.005688370146 0.706744627428 -0.000403345556 0
-0.056097645046 0.511319792705 0.084677297700 0
-0.082892751475 0.512241082408 -0.035520795876 0
-0.016809666667 0.563666666667 0.014071555556 0
-0.077339082223 0.876246552827 0.162361548963 0
-0.169004419502 0.922953164596 -0.145831098426 0
-0.067936335223 0.980554302795 0.089949107423 0
-0.122995890424 1.030020493331 -0.105110706070 0
-0.042243563903 1.065050755300 0.049964392095 0
-0.055634356367 1.076151576898 -0.085328571773 0
-0.172265331980 0.294579243576 0.115313592169 0
-0.157505926910 0.292271208597 -0.101929132890 0
-0.081503889325 0.005194215960 0.105404337573 0
-0.033285180744 0.009669328942 -0.128437571017 0
-0.133177879448 -0.001063220330 0.098175055805 0
-0.081246618488 0.009952077941 -0.134477733768 0
0.067642039232 0.962219377858 0.007003115101 0
0.091996442910 0.847534036660 0.158388453158 0
-0.011264939996 0.877576985789 -0.143971019998 0
0.035532718192 0.860063966393 -0.003434003192 0
0.002001412086 0.715191071651 -0.000673586236 0
-0.059152575856 0.518370918321 0.083441614029 0
-0.087645338183 0.519528131020 -0.036363358974 0
-0.022177925926 0.572218518519 0.012715222222 0
-0.071906842013 0.891268503260 0.162566291196 0
-0.166099684107 0.942558557037 -0.146111086989 0
-0.058569557872 0.994338611978 0.089008493614 0
-0.113578096820 1.046998405849 -0.106460754922 0
-0.029709019788 1.077398446328 0.048398664800 0
-0.045040452334 1.083894893772 -0.087384826646 0
-0.168438287700 0.298346636092 0.115936661026 0
-0.151770214592 0.295073544116 -0.098589376050 0
-0.081092845105 0.004370062668 0.105840864046 0
-0.032815575078 0.010279195166 -0.128200390435 0
-0.132518441622 -0.003338578494 0.098251124043 0
-0.080813074403 0.010727032198 -0.133936462609 0
0.072856744769 0.968246261825 0.006938798712 0
0.095032060470 0.859496441011 0.157285235179 0
-0.011442425866 0.893808185101 -0.143501451654 0
0.036744377811 0.874347972395 -0.003691896094 0
-0.001046813483 0.730512828175 -0.001188163985 0
-0.061154178464 0.531966375576 0.081864251431 0
-0.090867634725 0.532726198573 -0.037647009078 0
-0.027110000000 0.587725925926 0.011148074074 0
-0.067216194592 0.908968376673 0.162026123180 0
-0.163219580181 0.965652314349 -0.145261847417 0
-0.052991428584 1.011635191032 0.088071668914 0
-0.106981718146 1.068572593613 -0.106751238823 0
-0.023064181928 1.094118309898 0.047915406226 0
-0.038472570753 1.100251395510 -0.087981086350 0
-0.160390000008 0.307081241686 0.113311158132 0
-0.140234350948 0.301884457940 -0.089017785490 0
-0.080508815983 0.005300680680 0.107729722222 0
-0.032033539418 0.013222586354 -0.128015962721 0
-0.131699181446 -0.003729384982 0.100008085289 0
-0.080104827317 0.014376112482 -0.132984230088 0
0.077077029295 0.981446803135 0.006791236668 0
0.097093817562 0.875630892873 0.156445247572 0
-0.011655313587 0.914174613115 -0.143012180293 0
0.037497786903 0.892782462853 -0.003822639118 0
-0.004100455939 0.749977954922 -0.001758625307 0
-0.063310488223 0.550207421428 0.080331979030 0
-0.093619661127 0.549912725425 -0.039031647736 0
-0.031927814815 0.607411111111 0.009538074074 0
-0.063875270119 0.929100377345 0.161386072348 0
-0.157856972698 0.996794214790 -0.142769765955 0
-0.051455731031 1.033031801178 0.088887146609 0
-0.103339555219 1.101007099949 -0.105274783058 0
-0.023487724892 1.116977127917 0.050441175537 0
-0.035785584001 1.133135842549 -0.086739126467 0
-0.149714279576 0.319687961083 0.108707019205 0
-0.123607174362 0.313312460529 -0.077567374786 0
-0.078503659728 0.006499907856 0.111098469360 0
-0.031276404101 0.018979887977 -0.128233158399 0
-0.129105982742 -0.005479871052 0.103514995095 0
-0.079398143905 0.020985776113 -0.132372916178 0
0.080288371958 0.998933657891 0.006717610198 0
0.098065799730 0.891873285782 0.156124383301 0
-0.012046194662 0.934439150197 -0.142288483172 0
0.037666627454 0.911207981591 -0.003593393585 0
-0.006772216614 0.769270400753 -0.002153557563 0
-0.064880350406 0.568925600546 0.079261921322 0
-0.094537954206 0.566789521777 -0.040246538239 0
-0.035163851852 0.626740740741 0.008246074074 0
-0.061857209415 0.948372094150 0.161316734097 0
-0.150975745705 1.028672223613 -0.137851119752 0
-0.052326584638 1.055200748154 0.092695411467 0
-0.108656540636 1.139322455559 -0.103153006880 0
-0.028952368763 1.142575000826 0.057167548084 0
-0.057209868011 1.193404211885 -0.119034222316 0
-0.141024624607 0.334329694634 0.103278376068 0
-0.106559144665 0.327027907393 -0.067335240798 0
-0.077057231948 0.010797223717 0.116574135407 0
-0.031421136791 0.027899686950 -0.128610090031 0
-0.127143665353 -0.003663353077 0.109951433049 0
-0.079600554703 0.030251409691 -0.131784379450 0
0.081965104086 1.016764611294 0.006699086027 0
0.097554305481 0.906396630161 0.156496914036 0
-0.012367944385 0.953294040428 -0.141336050718 0
0.037199093889 0.928074810754 -0.002936343621 0
-0.008969409258 0.786763209892 -0.002513950997 0
-0.064878014676 0.585918571741 0.078576908994 0
-0.092847011648 0.581679045973 -0.041282049086 0
-0.036055925926 0.643955555556 0.007373629630 0
-0.062078863619 0.963638943292 0.162414144678 0
-0.141155094975 1.060372007027 -0.129122886328 0
-0.055551511453 1.073857018517 0.098999244127 0
-0.121441683221 1.178966916436 -0.101105448126 0
-0.038439967753 1.165148261445 0.066721941478 0
-0.066979915406 1.233431927797 -0.083937671032 0
-0.133835180203 0.348769097390 0.098948845584 0
-0.092759624125 0.340646266367 -0.057626163539 0
-0.075768233092 0.015054096661 0.122873309797 0
-0.035705684465 0.041831140741 -0.127593690573 0
-0.124936581212 -0.002743170386 0.117643576744 0
-0.083873292192 0.045752946844 -0.128761605891 0
0.082128517908 1.033393842416 0.006971231282 0
0.095685514414 0.915255727008 0.157150975738 0
-0.012333487592 0.967174390129 -0.140545330293 0
0.036312424844 0.939638664415 -0.002260339185 0
-0.010748312190 0.798721492640 -0.003417914974 0
-0.064373116775 0.597538300356 0.078060178673 0
-0.090819917426 0.591545236625 -0.042069160478 0
-0.036176629630 0.655651851852 0.006669111111 0
-0.064068141956 0.972023702363 0.164265113648 0
-0.124711913432 1.090164190498 -0.119436543419 0
-0.060684703022 1.085299190437 0.106219474819 0
-0.132545754791 1.211594867290 -0.098662288981 0
-0.050375543001 1.179715086916 0.077099643552 0
-0.095534587181 1.290479629529 -0.083981569585 0
-0.130119715617 0.359274464213 0.095884566188 0
-0.081916348377 0.350240673534 -0.049603936391 0
-0.075236081493 0.017614944054 0.129334739543 0
-0.044096167319 0.059217163039 -0.120264421021 0
-0.122984370901 -0.004021076659 0.125646549561 0
-0.091758710977 0.066507450812 -0.116800801575 0
0.079656240778 1.045670928015 0.007210813620 0
0.093003506049 0.918796072439 0.157601062396 0
-0.012315077033 0.975001484223 -0.140284302708 0
0.035061848986 0.945481533215 -0.001968073990 0
-0.012069364248 0.804708396356 -0.004635037735 0
-0.063773529433 0.603231357213 0.077698838897 0
-0.088839143124 0.596192359309 -0.042669660809 0
-0.035776481481 0.661437037037 0.006304333333 0
-0.066496961269 0.976113305885 0.165894456357 0
-0.105100366686 1.112145830008 -0.112296789143 0
-0.066833791705 1.091355914876 0.111754751309 0
-0.138048665416 1.230098769899 -0.096809324336 0
-0.063463251810 1.187564468037 0.085086873163 0
-0.133365928466 1.328565624240 -0.084866935422 0
-0.128799593957 0.364646698897 0.093790806219 0
-0.075119068343 0.355005881869 -0.044856257676 0
-0.077637288029 0.019018024372 0.134780738512 0
-0.049228724228 0.074323061853 -0.109803543225 0
-0.124190184467 -0.005201816008 0.131979588002 0
-0.095423326228 0.085554836994 -0.101041751360 0
0.075561553559 1.052657036160 0.007579131336 0
0.090799725526 0.919684794082 0.157683429640 0
-0.012542171484 0.977703199179 -0.140546448125 0
0.033942986292 0.947330187899 -0.002112384234 0
-0.011994960639 0.806231178671 -0.005743591522 0
-0.062948603329 0.604455769333 0.077206083733 0
-0.086587412117 0.597335696304 -0.043445975850 0
-0.034452148148 0.662848148148 0.006162481481 0
-0.069484799691 0.974683625679 0.166540303071 0
-0.090611265189 1.122571053292 -0.107087459415 0
-0.074189993832 1.090920223319 0.114781298429 0
-0.141038261567 1.234542756990 -0.094525469475 0
-0.076804414211 1.187784719414 0.089582124245 0
-0.174018758353 1.334413239619 -0.081973897520 0
-0.128054205725 0.365902804648 0.093445641614 0
-0.071991268784 0.356192187805 -0.044282317303 0
-0.078710834153 0.017940778486 0.138808207435 0
-0.049429601197 0.079173847616 -0.105186196825 0
-0.123953635701 -0.008699279599 0.136568677965 0
-0.094846587269 0.091431286061 -0.094054458310 0
0.071228920752 1.055656145748 0.007844015020 0
0.087455714447 0.921101062350 0.158745469524 0
-0.013167169806 0.977014051244 -0.140813399209 0
0.032130449400 0.947587176589 -0.001782595085 0
-0.011047058987 0.805593735904 -0.005889468897 0
-0.063463603830 0.604367149986 0.077018406641 0
-0.085830977234 0.597606062390 -0.043896424972 0
-0.033031555556 0.662148148148 0.006278333333 0
-0.074732504297 0.970277465593 0.167178011992 0
-0.087712536381 1.122723103107 -0.103225595335 0
-0.082793861334 1.087128409494 0.117248546978 0
-0.150779252842 1.228556153130 -0.095460108753 0
-0.089249617104 1.184224313215 0.093049879558 0
-0.207084789596 1.318010723642 -0.082989450132 0
-0.128841951951 0.365998412026 0.094794683628 0
-0.071109567214 0.356480944692 -0.046324646590 0
-0.078609843949 0.016397770451 0.142038244890 0
-0.049642938984 0.077720673219 -0.106888578557 0
-0.122401303847 -0.012604244647 0.140361808399 0
-0.095337217365 0.089230790703 -0.096099086347 0
0.065514187100 1.057227088625 0.007893836484 0
0.084221316522 0.923212115633 0.160095494723 0
-0.013316760258 0.975950702580 -0.141055145363 0
0.030649038232 0.947958494898 -0.001302418645 0
-0.009188979471 0.804907240999 -0.005786409900 0
-0.063472991451 0.603921003426 0.076624155773 0
-0.084461341564 0.597898724401 -0.044576626061 0
-0.031333962963 0.661485185185 0.006464629630 0
-0.080057350924 0.965203341860 0.166706171698 0
-0.092114168087 1.118776519014 -0.101146034226 0
-0.090782891942 1.082441022422 0.118204944180 0
-0.162053434907 1.220356807184 -0.095827012130 0
-0.100114402588 1.179605526303 0.094586393528 0
-0.225409414876 1.304973277376 -0.084690425256 0
-0.129667485006 0.365907142329 0.096057905066 0
-0.071153608560 0.356729856818 -0.049518296725 0
-0.078317079846 0.015099969016 0.143854155048 0
-0.049771646805 0.073245866248 -0.111260935095 0
-0.121126294353 -0.015359578781 0.142755801618 0
-0.096292990614 0.082734387409 -0.102172725164 0
0.059806040595 1.058850519840 0.007947579189 0
0.081279047147 0.925980881138 0.161606577525 0
-0.012577882523 0.975099707831 -0.141320741508 0
0.029782291111 0.948751124037 -0.000754929253 0
-0.006530831314 0.804689810417 -0.005483681917 0
-0.062099876648 0.603807157459 0.076270829310 0
-0.081743247395 0.598466167811 -0.045187064702 0
-0.028458629630 0.661229629630 0.006701888889 0
-0.084725001513 0.960913246321 0.165709064468 0
-0.098699878081 1.113383684976 -0.100558920909 0
-0.098325204446 1.077968849195 0.117489769987 0
-0.174160933491 1.210964190325 -0.095866152406 0
-0.110699289380 1.174842974841 0.094036825233 0
-0.236422417540 1.296841537520 -0.086713809124 0
-0.129519770721 0.366193579451 0.096378665911 0
-0.071561190574 0.357194518508 -0.052133684012 0
-0.078478662317 0.014842259865 0.144465941904 0
-0.049502665403 0.068288138396 -0.116634569135 0
-0.121054933126 -0.015950641875 0.143642749697 0
-0.096751374351 0.075923084956 -0.109842653556 0
0.054624387074 1.060725110961 0.008149888188 0
0.078816033582 0.927813862541 0.163189525067 0
-0.010941636088 0.973992729421 -0.141437814461 0
0.029600576046 0.948981259527 -0.000093783239 0
-0.003876919145 0.804173675883 -0.005086296918 0
-0.060777439396 0.603528991824 0.076101325091 0
-0.079123070387 0.598480189112 -0.045571825674 0
-0.025866888889 0.660722222222 0.006970296296 0
-0.088567456787 0.955587705427 0.165603134624 0
-0.104541309447 1.107467751124 -0.101132700627 0
-0.105839796130 1.071770587626 0.116457593402 0
-0.183181661177 1.202516815726 -0.096692162130 0
-0.121487571967 1.167959243164 0.093039661005 0
-0.242624926303 1.289649192911 -0.087330167797 0
-0.129228345567 0.366217506504 0.096293205715 0
-0.072297127176 0.357126495470 -0.053679823142 0
-0.078462767350 0.014977461841 0.144062963387 0
-0.048968374110 0.064213999937 -0.120725495727 0
-0.121216179501 -0.015568032264 0.143203999870 0
-0.096640724887 0.070564100649 -0.115838143085 0
0.050273920911 1.061824657602 0.008491345866 0
0.076501218260 0.928671345425 0.164835891760 0
-0.008744139137 0.972683796691 -0.141404007951 0
0.029758885306 0.948661198776 0.000679811154 0
-0.001847701240 0.803396903627 -0.004574030645 0
-0.059853989900 0.603066889909 0.076081725838 0
-0.077028026355 0.597941134403 -0.045759101903 0
-0.023925962963 0.659948148148 0.007215111111 0
-0.091882693836 0.949599074853 0.166661541284 0
-0.108814741598 1.101702863368 -0.102149232070 0
-0.113074197463 1.064626516234 0.116345659617 0
-0.188837126276 1.195598092995 -0.097853677660 0
-0.131643033464 1.160048191761 0.092308215520 0
-0.247459389277 1.282772153128 -0.087917965598 0
-0.128562145982 0.365805080731 0.095981546353 0
-0.073564905878 0.356580031785 -0.055595945798 0
-0.078200439457 0.015194853141 0.142883296600 0
-0.047068810573 0.059238231313 -0.124829991334 0
-0.121395223362 -0.014712629028 0.141711787876 0
-0.095091931397 0.064072105105 -0.122132482496 0
0.046802632896 1.062142864809 0.008733756387 0
0.074394204388 0.929073601414 0.166404521902 0
-0.006376822485 0.971278735959 -0.141299086844 0
0.030094951817 0.948081981659 0.001456298422 0
0.000063073240 0.802458044120 -0.004051774694 0
-0.058816741139 0.602430571458 0.076098766740 0
-0.074921360688 0.597116346485 -0.045879954538 0
-0.022012629630 0.658996296296 0.007435185185 0
-0.094623780786 0.944119341029 0.167400069532 0
-0.112173262021 1.096297267938 -0.104171435211 0
-0.119487091325 1.058080557931 0.116343856631 0
-0.193334112550 1.189178837317 -0.099244124050 0
-0.140670489134 1.152813880230 0.090790531124 0
-0.252613273080 1.275832750053 -0.089114430367 0
-0.127143328998 0.365000945412 0.095298499302 0
-0.074117587728 0.355795450278 -0.057172321929 0
-0.077895992667 0.015598514031 0.141079442345 0
-0.044684618453 0.055549367294 -0.127612985951 0
-0.121718817230 -0.013355441568 0.139391905247 0
-0.092829204727 0.059761191244 -0.126507375266 0
0.043902276839 1.062036491910 0.008873391886 0
0.072657761004 0.928855898826 0.167811801474 0
-0.003830911296 0.969690408825 -0.141168406310 0
0.030688528360 0.947120197648 0.002171656500 0
0.001912398500 0.801228296157 -0.003592945908 0
-0.057614909008 0.601398015902 0.076042986467 0
-0.072769136164 0.595950546024 -0.046051578005 0
-0.020085111111 0.657740740741 0.007589185185 0
-0.096724649832 0.939050999386 0.168133565139 0
-0.115360425936 1.090627951885 -0.107459942755 0
-0.124759559136 1.051973905519 0.116417598792 0
-0.195276053697 1.184463812362 -0.100628272959 0
-0.148200769719 1.146017195824 0.089734117786 0
-0.254072792039 1.271515529766 -0.089459793689 0
-0.125506988780 0.363798844481 0.094678407250 0
-0.073405602484 0.354663163867 -0.058048772698 0
-0.077169401122 0.015919822021 0.138948667982 0
-0.042200866362 0.053263576401 -0.128338939560 0
-0.121758216100 -0.011792046039 0.136601493828 0
-0.090361490004 0.057411328759 -0.127876874380 0
0.041376396736 1.061446680907 0.008877579868 0
0.071080998264 0.928444289577 0.169029532602 0
-0.001238233599 0.967921445480 -0.141128855747 0
0.031376943293 0.945973085902 0.002752691024 0
0.003698167674 0.799853108439 -0.003199134472 0
-0.056401362338 0.600099913244 0.075822182464 0
-0.070776460592 0.594707601978 -0.046369010885 0
-0.018264851852 0.656340740741 0.007620370370 0
-0.098533953091 0.933465542847 0.169028782394 0
-0.118980849628 1.083932081333 -0.111477697051 0
-0.129387106127 1.045317962838 0.116595976496 0
-0.199462255630 1.177047124525 -0.101955092184 0
-0.154636881227 1.138715020818 0.089233961833 0
-0.258512514680 1.263625426088 -0.088808993614 0
-0.123994539840 0.362385433414 0.094069595908 0
-0.071701004437 0.353427359787 -0.058490417775 0
-0.076038007465 0.016183121261 0.136903207235 0
-0.039921072906 0.051906907791 -0.127843246117 0
-0.121296913974 -0.010354970676 0.133906486204 0
-0.088042001389 0.056497778034 -0.127439295872 0
0.039507234957 1.060543642550 0.008748734256 0
0.069392898815 0.928334855933 0.170120617666 0
0.001345488093 0.966511496933 -0.141165162566 0
0.032005337630 0.945159777600 0.003235174902 0
0.005314275798 0.798842244985 -0.002876474845 0
-0.055250617797 0.599025779238 0.075410229542 0
-0.068933479675 0.593883741824 -0.046871195640 0
-0.016588370370 0.655296296296 0.007529666667 0
-0.100293744755 0.927401601991 0.170249997639 0
-0.122560441023 1.077118622312 -0.116378734469 0
-0.133312223110 1.038465102729 0.117460235986 0
-0.204318800799 1.168977830184 -0.105617483613 0
-0.159960485943 1.131363146176 0.089380443007 0
-0.264065196515 1.254688517380 -0.090915597164 0
-0.122409025893 0.361163456788 0.093333494975 0
-0.069787539293 0.352600279555 -0.058933532712 0
-0.074873422842 0.016791680665 0.135009032652 0
-0.038355771740 0.051394029123 -0.127167554134 0
-0.120812009273 -0.008453378403 0.131273721634 0
-0.086426038795 0.056476458762 -0.126637122559 0
0.038766464736 1.059828742809 0.008696964594 0
0.067724112701 0.928386891962 0.171034819355 0
0.003799825723 0.965154869110 -0.141292804127 0
0.032566504328 0.944451814551 0.003590740443 0
0.006680590053 0.797976435276 -0.002551560036 0
-0.054221592900 0.598069733900 0.074996024581 0
-0.067289314013 0.593237662612 -0.047365300822 0
-0.015047888889 0.654377777778 0.007440592593 0
-0.101811747888 0.921201570961 0.171673446363 0
-0.126654395520 1.069147812726 -0.122105664928 0
-0.136080101850 1.031800572774 0.118705335587 0
-0.208188526616 1.160992184826 -0.109649952826 0
-0.163589753684 1.124378741090 0.090091384545 0
-0.267884449974 1.246353998083 -0.092891495945 0
-0.120823566807 0.360037045175 0.092732874163 0
-0.068730610328 0.351952272866 -0.059332836847 0
-0.073798044559 0.017208659641 0.133350433269 0
-0.037437788803 0.050624748489 -0.127382002029 0
-0.120390385909 -0.006698014956 0.128963644432 0
-0.085428766131 0.056417103078 -0.126960401708 0
0.038566464248 1.059175249040 0.008793168776 0
0.065950143646 0.928263331545 0.171889397383 0
0.006231068151 0.963379517031 -0.141459016588 0
0.033064802295 0.943438424787 0.003901512116 0
0.007947892064 0.796811457668 -0.002185231126 0
-0.053171111852 0.596736854886 0.074486901934 0
-0.065654864609 0.592283087976 -0.047949726899 0
-0.013533333333 0.653140740741 0.007283037037 0
-0.103090907299 0.913512376877 0.173295505419 0
-0.131293507166 1.058976063902 -0.129241247446 0
-0.139345862512 1.023588331919 0.120560864160 0
-0.211908570776 1.150990964645 -0.112724058080 0
-0.167826838834 1.115907482929 0.092008567584 0
-0.270636242202 1.236309797994 -0.092662962603 0
-0.119124366141 0.358513133145 0.092082535241 0
-0.068210155987 0.351001504624 -0.059807491410 0
-0.072979733195 0.017056883907 0.131771148645 0
-0.036394692439 0.049421118595 -0.127602307119 0
-0.120152433927 -0.005559041922 0.126783615827 0
-0.084330606647 0.055660160982 -0.127309898932 0
0.038950996016 1.058176958308 0.008881427624 0
0.064487447768 0.928318900957 0.172499447379 0
0.008705060914 0.960838925996 -0.141853087663 0
0.033723810665 0.942099562275 0.003990246642 0
0.009173170748 0.795340538575 -0.001663745331 0
-0.051885079595 0.594870848723 0.073857057078 0
-0.063798643843 0.590938984222 -0.048654230692 0
-0.011934222222 0.651559259259 0.007079333333 0
-0.103386554521 0.903653819164 0.174596541481 0
-0.136219899792 1.045619436652 -0.138690296177 0
-0.141833044264 1.013346214189 0.122620335920 0
-0.215553149252 1.137653667925 -0.116912238684 0
-0.171310757855 1.105500445130 0.094443223689 0
-0.272246258873 1.223182611616 -0.092894092742 0
-0.117198608051 0.356471046903 0.091454135128 0
-0.067649353985 0.349671439064 -0.060447544167 0
-0.072167368360 0.016607438068 0.129949569760 0
-0.035086761671 0.047948220656 -0.127504851590 0
-0.119909358457 -0.004612366488 0.124289043707 0
-0.082975955969 0.054536153254 -0.127209492512 0
0.039956491173 1.056821943002 0.008774477974 0
0.062770513290 0.928192316045 0.173052219911 0
0.011101590924 0.957691958421 -0.142299705024 0
0.034240369746 0.940347345423 0.004025757789 0
0.010701885410 0.793369606458 -0.001132428654 0
-0.050480117459 0.592399922537 0.073137791164 0
-0.061792265199 0.589138003751 -0.049450150339 0
-0.010296666667 0.649525925926 0.006874518519 0
-0.102957448409 0.891847936030 0.175840312474 0
-0.141338862690 1.027903415348 -0.148065283112 0
-0.143546502276 1.001450888460 0.125324952738 0
-0.219750383474 1.119462426086 -0.121477147692 0
-0.174420347552 1.093459442729 0.097706075950 0
-0.273986251628 1.205039568042 -0.093575298872 0
-0.115164127376 0.353825622430 0.090695178566 0
-0.067077644677 0.347910428413 -0.061502545046 0
-0.071356927044 0.015924198220 0.127798977179 0
-0.033805064781 0.046187213192 -0.127337865210 0
-0.119641083332 -0.003816741051 0.121430708397 0
-0.081658284863 0.053032431578 -0.127063390301 0
0.040902208282 1.055048966716 0.008470049366 0
0.060205402345 0.926788891125 0.173923739052 0
0.013722974684 0.953743872751 -0.142461399480 0
0.034501910784 0.937569639250 0.004351439667 0
0.012517282545 0.790303815398 -0.000609599241 0
-0.049007239313 0.588849536558 0.072368564225 0
-0.059700440698 0.586363431177 -0.050293096153 0
-0.008551629630 0.646440740741 0.006676037037 0
-0.101590518193 0.875812166366 0.178154381807 0
-0.146054788946 1.003020529755 -0.158077410374 0
-0.144575405839 0.985088131822 0.128928952889 0
-0.223897511458 1.093463883386 -0.126472690474 0
-0.177348026695 1.076699738626 0.101556691586 0
-0.275823680285 1.178699577087 -0.094775592941 0
-0.112811950712 0.350033835936 0.089861408549 0
-0.067309934860 0.345224578463 -0.062866395990 0
-0.070818421214 0.015197261508 0.124880110830 0
-0.032237153952 0.043342076439 -0.127028874449 0
-0.119834299715 -0.002299718356 0.117605591645 0
-0.080073885226 0.050306748709 -0.126969674014 0
0.041556513197 1.052244467134 0.008040766535 0
0.057302690025 0.923749855404 0.174593585121 0
0.016044764532 0.948517290386 -0.142693510028 0
0.034458469581 0.933345904902 0.004541486770 0
0.014464118073 0.785757472143 -0.000264728738 0
-0.047506881852 0.583863799020 0.071582692618 0
-0.057518041248 0.582339598871 -0.051152231931 0
-0.006587962963 0.641888888889 0.006562370370 0
-0.097778851223 0.855239740730 0.181701641073 0
-0.148234522524 0.971132115633 -0.169186301425 0
-0.143987104018 0.963113017946 0.132302921649 0
-0.225914011650 1.059471579559 -0.131764595604 0
-0.178969071962 1.053767984555 0.104055214410 0
-0.276469456891 1.143548113968 -0.095940307966 0
-0.110523192431 0.344836408788 0.089042102195 0
-0.068480026091 0.341354194342 -0.064183281410 0
-0.069711068575 0.014843730616 0.121048668884 0
-0.029761312146 0.038828947544 -0.127134578690 0
-0.119570047009 0.000495954920 0.112691463544 0
-0.077360065159 0.047205681301 -0.128160281681 0
0.041980720449 1.047956754161 0.007857690037 0
0.054039119221 0.918409670094 0.174945114313 0
0.018231026904 0.941193381280 -0.143151452830 0
0.034180735885 0.926930200676 0.004461379320 0
0.016472913170 0.779021022503 -0.000134686421 0
-0.046105313076 0.576643320899 0.070494033713 0
-0.055465383923 0.576713389078 -0.052301700605 0
-0.004381703704 0.635140740741 0.006415148148 0
-0.090736879439 0.830670520220 0.186615439896 0
-0.144995833126 0.933479077512 -0.181861453537 0
-0.141071675183 0.935700575436 0.135164726750 0
-0.222960396813 1.018762657348 -0.138426608037 0
-0.179236593241 1.024437078406 0.104860455765 0
-0.273264091826 1.100640652014 -0.097870647864 0
-0.110278937510 0.337928424537 0.088013275853 0
-0.068244176515 0.335819802729 -0.065375379276 0
-0.068871013451 0.014480209655 0.117015295686 0
-0.028335904669 0.034074918619 -0.125647446694 0
-0.119518173546 0.003931576920 0.107784326028 0
-0.075539483613 0.044343137033 -0.127449903071 0
0.042379569322 1.041430763073 0.008351238431 0
0.048731295877 0.913336890728 0.175368373599 0
0.018119153440 0.934686915377 -0.143369475082 0
0.031729973607 0.921076699536 0.004538899772 0
0.017029779106 0.772837635140 0.000032693404 0
-0.045419268401 0.570223921698 0.069385119024 0
-0.053930754517 0.571987140858 -0.053459717516 0
-0.002231888889 0.628766666667 0.006325555556 0
-0.081963472346 0.806216023446 0.190809942807 0
-0.137433063713 0.894850721033 -0.192538243945 0
-0.138086764602 0.907262872256 0.137407785020 0
-0.216282491894 0.976015935987 -0.143209514576 0
-0.181393919199 0.992970830193 0.105090688101 0
-0.267431991531 1.054648638324 -0.097635701469 0
-0.110217591983 0.331679845385 0.086931645174 0
-0.067027561707 0.331073234428 -0.065825067825 0
-0.069152842986 0.014319938094 0.113859756139 0
-0.027811108688 0.031847160742 -0.123494509857 0
-0.120384464787 0.007586791223 0.104288709184 0
-0.074586338523 0.043883373625 -0.125512052124 0
0.042931242027 1.035244878596 0.009602681689 0
0.042244416438 0.909198864472 0.176269568694 0
0.016227230210 0.929958676928 -0.142915141477 0
0.027780871030 0.916611077976 0.005192031675 0
0.016531843056 0.768095225780 0.000542689457 0
-0.044947313333 0.565596106271 0.068765679594 0
-0.052096741000 0.568403934213 -0.054146524799 0
0.000070833704 0.623714814815 0.006600629630 0
-0.068121199888 0.781606942733 0.194550076015 0
-0.123822259503 0.856427211715 -0.199308816009 0
-0.132942760727 0.876361037441 0.139487322444 0
-0.205269721015 0.931334238017 -0.144595048015 0
-0.183953455499 0.957119726209 0.105502922929 0
-0.258756731084 1.005674658298 -0.094902324004 0
-0.109195248534 0.326855324114 0.085648257010 0
-0.065577601118 0.327467396749 -0.065626502293 0
-0.069931413933 0.014029169982 0.111752402026 0
-0.027882172793 0.030175649489 -0.122427752797 0
-0.121553183689 0.011021077187 0.102384182135 0
-0.074166974713 0.043944853529 -0.124661394409 0
0.041087894439 1.030467158460 0.011707272714 0
0.036056761814 0.907007245437 0.178109993185 0
0.013338482234 0.928283805468 -0.141292465737 0
0.023444087958 0.914685854585 0.006897791088 0
0.015823301222 0.765974073085 0.001675847810 0
-0.044624443323 0.564172303267 0.069061756980 0
-0.049730821588 0.566476489169 -0.053962727700 0
0.002231911111 0.621333333333 0.007368888889 0
-0.047651961611 0.760573963472 0.196673081923 0
-0.100439708728 0.819706950109 -0.200170069411 0
-0.125461857326 0.845065254937 0.141728365708 0
-0.188051116896 0.883978167515 -0.141588504426 0
-0.187211636013 0.917592086915 0.106309787485 0
-0.246669043050 0.952192772121 -0.089909763972 0
-0.107962922160 0.325009777385 0.083186309210 0
-0.063120609949 0.325535244256 -0.065450487500 0
-0.071016744521 0.014756456128 0.110870456033 0
-0.027991081329 0.028990958317 -0.122099470465 0
-0.122770783962 0.014462829283 0.101757143583 0
-0.073920938857 0.043855804876 -0.124618904464 0
0.038105016846 1.028214882169 0.015955293511 0
0.030986514170 0.906855240372 0.180498722370 0
0.009327770024 0.929983166205 -0.138848644690 0
0.019034208879 0.915516750066 0.009286049430 0
0.015040780340 0.766704147477 0.002974975438 0
-0.044105612906 0.565774105326 0.070066470978 0
-0.047185437224 0.566156960762 -0.053046389058 0
0.003852222222 0.621896296296 0.008266333333 0
-0.023331050770 0.746670109885 0.194091765369 0
-0.067588134265 0.791763143488 -0.195241476325 0
-0.116796504940 0.815500269381 0.141759193627 0
-0.164533123873 0.837538120958 -0.134047780477 0
-0.192407707657 0.874201909273 0.106744145439 0
-0.232900902417 0.895154973645 -0.082955380940 0
-0.104678247903 0.325690301030 0.080101532892 0
-0.060888118647 0.325250538921 -0.064889994741 0
-0.070815169202 0.015956931377 0.110554265294 0
-0.027882195735 0.028720242912 -0.122198761170 0
-0.122566501871 0.017215381470 0.101507987086 0
-0.073627044152 0.044106137548 -0.124945780099 0
0.035274080540 1.028597415159 0.021141621835 0
0.028398671228 0.907865484414 0.182440582190 0
0.004160595884 0.934739667908 -0.136427787148 0
0.015163385285 0.918528060727 0.011435332565 0
0.014649842535 0.769739671681 0.003602042612 0
-0.042052846422 0.568110848719 0.070527611217 0
-0.043281994664 0.567540079883 -0.052616903967 0
0.005603925926 0.624818518519 0.009029777778 0
0.006281097012 0.739688943996 0.187121273557 0
-0.027319266839 0.777396747511 -0.185957637908 0
-0.101767732513 0.787198358354 0.139367885928 0
-0.133835040083 0.798093745112 -0.127098719088 0
-0.191451094432 0.824651614268 0.108931242478 0
-0.215377876699 0.838512181415 -0.079848004821 0
-0.101524646526 0.327626076067 0.076864706594 0
-0.056745716648 0.326617428187 -0.064404297582 0
-0.070127152974 0.018316633448 0.110733401864 0
-0.027735809995 0.029286107563 -0.122462533920 0
-0.121837189341 0.020908411806 0.101734840706 0
-0.073273876351 0.045244944134 -0.125371669741 0
0.032724094340 1.031050333859 0.026580948962 0
0.026263773440 0.909556363151 0.184349735777 0
0.000134672492 0.939590959676 -0.134086970798 0
0.012121699305 0.921908865464 0.013530895619 0
0.014966321406 0.773217277486 0.004234152973 0
-0.037665275778 0.569184740975 0.070424961231 0
-0.037837349220 0.568649653231 -0.052725728066 0
0.007700111111 0.628181481481 0.009348962963 0
0.038024237388 0.740363576652 0.178878246736 0
0.014498087387 0.775537576855 -0.166968004390 0
-0.080045087219 0.763393035101 0.137148656816 0
-0.098933051109 0.768179065649 -0.118826783835 0
-0.177676966393 0.777814683690 0.114271891841 0
-0.193776921979 0.783798911263 -0.080758624149 0
-0.097473734747 0.328722161331 0.073692328666 0
-0.052283161653 0.327729252199 -0.063337863947 0
-0.069519741344 0.019802655830 0.110659015158 0
-0.027596613017 0.030165466486 -0.122432146194 0
-0.121141674979 0.023452813382 0.101522736013 0
-0.072874428452 0.046875196695 -0.125183031355 0
0.030431135330 1.033856720926 0.031647317318 0
0.020725467137 0.909491523470 0.186626626255 0
-0.005164310830 0.941890289680 -0.131597795096 0
0.006831310640 0.923110332867 0.015883722528 0
0.014110619092 0.774658295613 0.005165548666 0
-0.035200729128 0.570085929523 0.070397111751 0
-0.035019585575 0.569393638127 -0.052752781152 0
0.009642111111 0.629533333333 0.009372222222 0
0.063736083741 0.746110693421 0.170776202289 0
0.048576641043 0.783394296429 -0.145451050593 0
-0.058843436120 0.743957192322 0.136400283567 0
-0.064500941934 0.748174621687 -0.110646126755 0
-0.158681867149 0.739266317641 0.120965457279 0
-0.165329341007 0.734997495569 -0.086839953208 0
-0.093647918171 0.329266929048 0.070735883450 0
-0.049513130817 0.328430400017 -0.062270847323 0
-0.068941365992 0.021068798216 0.110370118706 0
-0.027695742920 0.031486128562 -0.122030921385 0
-0.120439961800 0.025624049943 0.100948675582 0
-0.072649110984 0.049110100256 -0.124366161190 0
0.026044295945 1.034476045614 0.036150324629 0
0.013024786813 0.908286147147 0.188727864599 0
-0.011625131296 0.942455313380 -0.129409829828 0
-0.000078273804 0.922856988688 0.018001009341 0
0.012453196512 0.774851338288 0.006051152895 0
-0.033177550641 0.570844498566 0.070447619113 0
-0.033099269136 0.569830817823 -0.052700156043 0
0.012166777778 0.629714814815 0.009234148148 0
0.083464637187 0.755666430840 0.165492237179 0
0.072114065829 0.796968415165 -0.134131247519 0
-0.038759125216 0.732583187084 0.138278347229 0
-0.034032183071 0.739589855031 -0.108073184172 0
-0.137176280862 0.711169590090 0.128281517315 0
-0.131649312271 0.704899950812 -0.096335484076 0
-0.089826827984 0.329605502140 0.068306207682 0
-0.047517843589 0.328824939746 -0.061197802857 0
-0.068342110009 0.021981596432 0.110061370372 0
-0.027740882688 0.032877295329 -0.121609918868 0
-0.119716348108 0.027324022445 0.100378115592 0
-0.072308742263 0.051505659327 -0.123494851522 0
0.020356592912 1.033645467637 0.039827767193 0
0.006045159972 0.906970434730 0.190543009938 0
-0.016675084181 0.943184749267 -0.127512106241 0
-0.005919194726 0.922643760756 0.019830210784 0
0.011207124777 0.775210371218 0.006717525563 0
-0.029734640820 0.571507105708 0.070575630693 0
-0.030014179030 0.570176011094 -0.052568830197 0
0.015490592593 0.630174074074 0.009079481481 0
0.095541811141 0.765199680745 0.164354320549 0
0.086298331753 0.810656668005 -0.133322937547 0
-0.023012199904 0.724676706298 0.141662580829 0
-0.010934781716 0.738655412074 -0.108830310621 0
-0.117534998345 0.688693573060 0.133901203227 0
-0.102586263166 0.691456391835 -0.103205901006 0
-0.085985443471 0.330191384738 0.067033078318 0
-0.045781676783 0.329246679500 -0.060838156063 0
-0.068099930153 0.022285348270 0.109968416148 0
-0.027612996536 0.033252436015 -0.121698717759 0
-0.119409127260 0.028000043700 0.100153742062 0
-0.071996062850 0.052324223716 -0.123507961237 0
0.014863184467 1.033131375047 0.042531372746 0
0.001823304300 0.905683038727 0.192443959534 0
-0.018176212150 0.944689560703 -0.125463658469 0
-0.008596743891 0.922861306310 0.021774722570 0
0.012050245779 0.776004159203 0.007381372350 0
-0.024725926382 0.571949542913 0.070702482029 0
-0.025384472055 0.570480302634 -0.052438964500 0
0.019552851852 0.631118518519 0.008998888889 0
0.103071547548 0.771784601567 0.167655928685 0
0.095449876997 0.821673820091 -0.138002474183 0
-0.011128685064 0.719484542642 0.146797099566 0
0.006160706632 0.740537302114 -0.111874759200 0
-0.102838160374 0.676005884955 0.138421080870 0
-0.080382862603 0.686006542283 -0.107202374480 0
-0.082468608484 0.330991511836 0.066830843315 0
-0.044172132909 0.329790504781 -0.061348710148 0
-0.068085220197 0.022175502112 0.110111722713 0
-0.027409522599 0.032547110294 -0.122233997496 0
-0.119403757191 0.027783791187 0.100284508792 0
-0.071848244901 0.051461166877 -0.124312806577 0
0.010802959516 1.033312183612 0.045699263394 0
-0.000428971167 0.904973446881 0.194457999727 0
-0.017696830699 0.945698339249 -0.123394241366 0
-0.009307865433 0.923081314093 0.023797725765 0
0.014275710792 0.776741208599 0.008522980274 0
-0.019182794368 0.572191682781 0.070993643954 0
-0.020068042114 0.570624830797 -0.052145178169 0
0.024037592593 0.632003703704 0.009159740741 0
0.109245454364 0.776914250393 0.175305786086 0
0.101085805352 0.829139258777 -0.145880873055 0
-0.002644037144 0.720023487204 0.153945477138 0
0.015994370775 0.743894934936 -0.118840144539 0
-0.093275081934 0.674280925344 0.143288598135 0
-0.068934908098 0.687201755066 -0.110469552964 0
-0.079583931087 0.331887458372 0.067048764101 0
-0.043276782530 0.330392966219 -0.062819641513 0
-0.068210938122 0.022000214643 0.110390470435 0
-0.027062231930 0.030643335169 -0.123379959404 0
-0.119556457665 0.027471080408 0.100626939842 0
-0.071769032945 0.048816543883 -0.126190555700 0
0.007114527640 1.033746047641 0.048809243232 0
-0.001970923055 0.904126033315 0.196488809862 0
-0.016684963519 0.946310907971 -0.121301492637 0
-0.009412137324 0.923025365331 0.025845608103 0
0.016803877364 0.777195158258 0.009876444263 0
-0.014062968007 0.572419440254 0.071571677081 0
-0.014835855543 0.570661648896 -0.051565323925 0
0.028525111111 0.632625925926 0.009681888889 0
0.109533088269 0.776752135495 0.184775982670 0
0.102378854477 0.832577845683 -0.154310283276 0
-0.002373730791 0.720635451114 0.161541060108 0
0.018307024491 0.746447863721 -0.126889459180 0
-0.092679950678 0.674771130859 0.147625555991 0
-0.066602836879 0.689863393262 -0.113496309450 0
-0.077301560330 0.332852173015 0.067283953714 0
-0.042777213110 0.331065407669 -0.064864206795 0
-0.068292439922 0.022107628849 0.110705829603 0
-0.026672973305 0.028268855545 -0.124709180759 0
-0.119672303988 0.027441749567 0.101047879314 0
-0.071778444535 0.045247691163 -0.128461330762 0
0.003005476942 1.033993646627 0.051683504139 0
-0.003153126641 0.902902353652 0.198637535231 0
-0.015298599702 0.946512366145 -0.119068928810 0
-0.009156051769 0.922574673544 0.028025040240 0
0.019464195108 0.777253342874 0.011484761064 0
-0.009750334351 0.572691635481 0.072549085551 0
-0.009904742638 0.570540760215 -0.050584005437 0
0.032906185185 0.632870370370 0.010679444444 0
0.105319192325 0.772468482888 0.194738037363 0
0.098945288493 0.831446663133 -0.162763327457 0
-0.007584967767 0.719559360745 0.168943552051 0
0.014526320507 0.746295642266 -0.133419001369 0
-0.098285839893 0.675471713284 0.151728782028 0
-0.070650788194 0.691031185804 -0.115014022866 0
-0.075328842829 0.333770266210 0.067448282208 0
-0.042398325802 0.331708259542 -0.066928491776 0
-0.068372732110 0.022384805679 0.110934250534 0
-0.026344719518 0.025900136214 -0.125948030843 0
-0.119778757829 0.027582066839 0.101341113654 0
-0.071804453697 0.041664210785 -0.130613815317 0
-0.000988528570 1.033785371204 0.054465198276 0
-0.003719237582 0.901554893732 0.200918968909 0
-0.013686347333 0.946453480757 -0.116683796516 0
-0.008498730795 0.921927039384 0.030349948119 0
0.022359616448 0.777113616499 0.013364633428 0
-0.005621744249 0.572963182524 0.073902849641 0
-0.004712076049 0.570311579860 -0.049217212533 0
0.037502222222 0.632937037037 0.012158444444 0
0.096752182452 0.764851577997 0.204403496345 0
0.090812094471 0.826445294941 -0.170340981219 0
-0.017149021956 0.715813776616 0.175526347690 0
0.005658132986 0.743007751295 -0.138320251405 0
-0.108959341320 0.675129276962 0.155988077438 0
-0.079817910717 0.689830353862 -0.115267716208 0
-0.072966801542 0.334569078133 0.067355032225 0
-0.041637787578 0.332349471727 -0.068568323078 0
-0.068420654037 0.022837251582 0.111018753629 0
-0.026102535641 0.023897724287 -0.126964653433 0
-0.119822863747 0.028030040350 0.101402774184 0
-0.071885696669 0.038424587650 -0.132417673749 0
-0.004668238702 1.033236596441 0.057371068654 0
-0.003881657038 0.900240602212 0.203424465498 0
-0.012003141831 0.946275998298 -0.114068096290 0
-0.007621931008 0.921230963656 0.032904455516 0
0.025321160561 0.776916863570 0.015636783992 0
-0.001674691355 0.573347811726 0.075929229366 0
0.000586749925 0.570117033220 -0.047159584732 0
0.042214074074 0.632970370370 0.014383814815 0
0.084318665583 0.755550123574 0.212358288252 0
0.080119736162 0.818543607997 -0.172367275452 0
-0.030974497065 0.711658060643 0.180845536822 0
-0.006564364102 0.736446519663 -0.140993993305 0
-0.124221547644 0.675474874248 0.159394081871 0
-0.092538935200 0.684588074571 -0.115973293969 0
-0.070341027542 0.335396002399 0.067335605223 0
-0.040192255297 0.333043225860 -0.069453556001 0
-0.068464478287 0.023499864864 0.111039619415 0
-0.025939553578 0.022427463543 -0.127826417147 0
-0.119851853021 0.028715544871 0.101356971070 0
-0.071928545054 0.036048100809 -0.133855838923 0
-0.008169092905 1.032484439238 0.060444000357 0
-0.003619031651 0.898931878224 0.206264047454 0
-0.010082365874 0.946142585482 -0.111093979748 0
-0.006425772508 0.920560901201 0.035805940290 0
0.028407708730 0.776729396565 0.018311007155 0
0.002121654044 0.573776373909 0.078472074299 0
0.005853808590 0.570008380303 -0.044565649384 0
0.046910000000 0.633014814815 0.017204444444 0
0.071073960556 0.746902091611 0.216380647946 0
0.069247592357 0.808815477348 -0.166311780966 0
-0.046335532630 0.709479008845 0.184339988926 0
-0.021107483953 0.728961643595 -0.139898272982 0
-0.141190028214 0.678495337407 0.161599060874 0
-0.108637485371 0.678524757470 -0.115833529139 0
-0.067434156846 0.336196388632 0.067170772153 0
-0.038208705094 0.333818675813 -0.069801674014 0
-0.068472747206 0.024423284025 0.110953966588 0
-0.025807744953 0.021256180710 -0.128684009080 0
-0.119806577401 0.029920207023 0.101143717148 0
-0.071934838971 0.034170293502 -0.135193994618 0
-0.010092297347 1.031722518698 0.063626264729 0
-0.002517595716 0.897892092525 0.209995720954 0
-0.007169189407 0.946135353638 -0.107238724579 0
-0.004314098362 0.920082535259 0.039596144791 0
0.032052726378 0.776664978770 0.021773053927 0
0.005819001334 0.574270160090 0.081167282056 0
0.010980087007 0.569970226613 -0.041801339833 0
0.051501111111 0.633114814815 0.020180703704 0
0.058664068447 0.739829887438 0.218216913160 0
0.061526174362 0.800419968418 -0.154661883261 0
-0.060983159192 0.709845526088 0.186632755151 0
-0.033723536378 0.724580569926 -0.134309334907 0
-0.157646432817 0.685222212252 0.163582992997 0
-0.123601912818 0.677515397077 -0.111738366545 0
-0.064044360446 0.336947462555 0.066778829102 0
-0.035860769444 0.334621363523 -0.069743876708 0
-0.068412253832 0.025751752395 0.110705814866 0
-0.025771811826 0.020487531716 -0.129475164225 0
-0.119648047760 0.031660389609 0.100626097316 0
-0.071925151191 0.033140259008 -0.136304569831 0
-0.010908023536 1.031275031331 0.066839930581 0
-0.001528418244 0.897070848312 0.214024347699 0
-0.003730356370 0.946019882578 -0.103128433327 0
-0.001979571238 0.919646083221 0.043666448096 0
0.035660142450 0.776571403980 0.025618145746 0
0.009440979816 0.574648460490 0.084004960859 0
0.015829064426 0.569878689828 -0.038888691805 0
0.055868148148 0.633162962963 0.023263851852 0
0.046513706882 0.734383280508 0.218400899218 0
0.056546318859 0.793941815034 -0.141075320789 0
-0.075047483032 0.712724047656 0.187323016675 0
-0.044642737980 0.725312525943 -0.124071102520 0
-0.173403622221 0.695835863401 0.164439891143 0
-0.137975431833 0.684991552394 -0.102907545539 0
-0.060429001501 0.337563444008 0.066148300093 0
-0.033594491847 0.335380089175 -0.069411747605 0
-0.068154695595 0.027321179166 0.110310528819 0
-0.025820969714 0.020052103958 -0.130280146081 0
-0.119230946998 0.033947331499 0.099873578745 0
-0.071820475582 0.033164056021 -0.137279088609 0
-0.011158107926 1.030881211238 0.070062317975 0
-0.001262479621 0.896372058122 0.217853664146 0
0.000106477006 0.945724175618 -0.099241333380 0
0.000226690358 0.919168253624 0.047531103777 0
0.038945369244 0.776363420770 0.029519667663 0
0.012935639558 0.574785093118 0.087131984023 0
0.020297658823 0.569620639679 -0.035691211243 0
0.059871111111 0.633085185185 0.026575629630 0
0.035185271446 0.730658150967 0.215638460889 0
0.052252779486 0.788427714913 -0.126436352407 0
-0.087651204884 0.717175866763 0.184954456264 0
-0.053942910711 0.727533962060 -0.110537477255 0
-0.187122104409 0.707603650777 0.162792613211 0
-0.150753798063 0.695280976834 -0.092155642508 0
-0.057271574723 0.338064077464 0.066058600954 0
-0.031578709816 0.336013082081 -0.068861830288 0
-0.067843976026 0.028678395528 0.109886729682 0
-0.025900043455 0.019758997131 -0.131049405693 0
-0.118763843879 0.035964912820 0.099130661508 0
-0.071625195117 0.033767821482 -0.138108185279 0
-0.010807900143 1.030418248074 0.073312806839 0
-0.001505823572 0.896323845262 0.221811464929 0
0.004366186499 0.944936591488 -0.095346324510 0
0.002415880740 0.918725780347 0.051475231945 0
0.041976035362 0.776074750751 0.033889844188 0
0.016346619127 0.574728358080 0.090395122749 0
0.024527024502 0.569228501518 -0.032361713102 0
0.063602222222 0.632922222222 0.029985740741 0
0.024589385449 0.728945821944 0.211907824976 0
0.048775577164 0.784111698295 -0.114428835421 0
-0.098784756004 0.723572462595 0.180891244340 0
-0.060068597361 0.728643844542 -0.096691562343 0
-0.198780644815 0.720901183424 0.159473393876 0
-0.158796234433 0.703326661930 -0.080488873273 0
-0.054473339409 0.338475392489 0.066331677745 0
-0.029815013939 0.336536336729 -0.067931895306 0
-0.067318919429 0.029772076132 0.109501754455 0
-0.026116009881 0.019719396667 -0.131811032197 0
-0.118102460671 0.037606265420 0.098489184539 0
-0.071527196280 0.034727103204 -0.138843522352 0
-0.009898393201 1.030049880735 0.076531196588 0
-0.001883896261 0.896306715486 0.225733448297 0
0.008887933222 0.943720762958 -0.091477236881 0
0.004676596586 0.918066465141 0.055395161480 0
0.044888127153 0.775502295260 0.038414442052 0
0.019622633178 0.574342969157 0.093626893085 0
0.028638741235 0.568628928122 -0.029061605695 0
0.067218518519 0.632481481481 0.033431740741 0
0.015766737231 0.728265634383 0.210077941055 0
0.046210646359 0.780478423475 -0.104123823648 0
-0.107169833783 0.729396425330 0.176950899778 0
-0.064132712993 0.729172167322 -0.083378725181 0
-0.206949092871 0.732836481616 0.155248150562 0
-0.163766765091 0.708036986508 -0.068002196991 0
-0.051828005006 0.338670106055 0.066002853490 0
-0.028064586765 0.336855300115 -0.066872404581 0
-0.066699161848 0.031066412173 0.108952016171 0
-0.026206179311 0.019631884044 -0.132506703410 0
-0.117315492894 0.039465089067 0.097591182712 0
-0.071489928259 0.035028687258 -0.139519802262 0
-0.008766666665 1.029493549301 0.079513498645 0
-0.001892258742 0.895972338470 0.229481203862 0
0.013732860125 0.942398271366 -0.087673697431 0
0.007277292749 0.917202167777 0.059196523399 0
0.047965485428 0.774692690078 0.042770850433 0
0.022854081147 0.573708697612 0.096689737387 0
0.032772482482 0.567862363148 -0.025922879789 0
0.070877407407 0.631792592593 0.036782037037 0
0.008434676987 0.727756177625 0.209704390744 0
0.044348322374 0.777511011156 -0.096383884822 0
-0.113566359090 0.731992309482 0.173512092842 0
-0.066172185499 0.728024812111 -0.072411370818 0
-0.212691175596 0.739100534582 0.150522878280 0
-0.165835401590 0.708438763036 -0.055518524545 0
-0.049044141581 0.338698264103 0.064897892941 0
-0.026246509546 0.337024826845 -0.065856937583 0
-0.066091737172 0.032690159221 0.108190368869 0
-0.025996113051 0.019285082774 -0.133195828418 0
-0.116519711939 0.041572636358 0.096369191271 0
-0.071352517754 0.034418454223 -0.140312052454 0
-0.007402417634 1.028697780840 0.082324902460 0
