-0.126241883742 0.356291152677 -0.007959175064 0
0.108769669979 0.319648276235 0.122568373064 0
-0.004704844244 0.306643442535 0.043553180169 0
-0.011238418157 0.183892220282 0.042032660461 0
-0.010936473291 0.064844576988 -0.063501254206 0
0.080805767715 0.067945643088 -0.022292785129 0
0.004287814815 0.065406666667 0.019707814815 0
-0.178364222493 0.185660375216 0.005686340066 0
0.052817749957 0.169773819228 0.182354293202 0
-0.101035822427 0.178843825646 -0.074011428088 0
0.107186671239 0.181437315851 0.089816382728 0
-0.019564893080 0.194478317771 -0.120827259825 0
0.164937191935 0.186077922218 0.005997041600 0
0.000566934977 0.218004980328 -0.287820746133 0
0.134879228014 0.269606501448 -0.202086956595 0
0.038157385423 0.092230841683 -0.577016894512 0
0.169396584361 0.096114111990 -0.476913407260 0
0.039031790770 0.132743363897 -0.590182401119 0
0.182546323780 0.117191616746 -0.515802197301 0
0.004670665723 0.431723348629 0.050274237531 0
-0.121832375358 0.358744168363 -0.010292680205 0
0.108507577142 0.316007095183 0.126556216229 0
-0.003097571163 0.305937152413 0.044508188157 0
-0.012441799988 0.183399169595 0.042722058140 0
-0.011619502317 0.064594489537 -0.063322622686 0
0.079424696054 0.068267073602 -0.020639377861 0
0.002269333333 0.064929629630 0.020120962963 0
-0.179638307017 0.189462979414 -0.005803378450 0
0.053300693363 0.164419491293 0.182598386016 0
-0.097363483557 0.180522008114 -0.080159235721 0
0.107844840320 0.178547411643 0.090508106783 0
-0.012113380133 0.192945914132 -0.120848962121 0
0.164938725161 0.184549176594 0.006315023201 0
-0.001123205107 0.217355009700 -0.287963943986 0
0.133641188562 0.268647191979 -0.201817094746 0
0.037325057816 0.091790375417 -0.577515128217 0
0.168791581525 0.096073331612 -0.477174549605 0
0.037998282803 0.132173086686 -0.591085058350 0
0.181807996780 0.116703832801 -0.516346863796 0
0.009910929685 0.430488565891 0.052475283459 0
-0.117626667157 0.360642320789 -0.012198928406 0
0.108073417803 0.312402901598 0.130429966569 0
-0.001627734961 0.305002725565 0.045577823031 0
-0.013433836829 0.182716982361 0.043389975617 0
-0.012036698965 0.064208941487 -0.063203586654 0
0.078431179026 0.068356576138 -0.019354373456 0
0.000790688889 0.064329629630 0.020410333333 0
-0.180418610352 0.193195909698 -0.018254651299 0
0.056276366093 0.158038722821 0.181967256066 0
-0.093107387890 0.182449464244 -0.086365923464 0
0.109052315341 0.176672260958 0.089648395223 0
-0.004566371550 0.192200320303 -0.120452371829 0
0.164703496733 0.185837473352 0.004896528364 0
-0.002712653888 0.216603360248 -0.288145079770 0
0.132546520891 0.267849807950 -0.201538250988 0
0.036690426225 0.091202543235 -0.578038644775 0
0.169034861324 0.095831128735 -0.477209923649 0
0.037207112388 0.131422423203 -0.592090473692 0
0.182171748582 0.116287282161 -0.516433422022 0
0.014558855116 0.429012641091 0.054848563776 0
-0.113752460311 0.362267754898 -0.013286452962 0
0.107504466913 0.308958692138 0.134409476502 0
-0.000331060115 0.304060404219 0.047022419838 0
-0.014248780292 0.182045106961 0.044192917514 0
-0.012312153708 0.063871170567 -0.062926564318 0
0.077684141891 0.068371878782 -0.018151529717 0
-0.000328696667 0.063757037037 0.020812481481 0
-0.179665563585 0.196733963926 -0.029773640733 0
0.060507495531 0.151461756709 0.180813425427 0
-0.088174564952 0.185129723222 -0.092004017724 0
0.110461997827 0.174264329181 0.087862513549 0
0.002831821326 0.192896817550 -0.119866573907 0
0.163672068201 0.187437106080 0.002074157342 0
-0.004070149644 0.215999327329 -0.288090427538 0
0.132244591045 0.267180746742 -0.200949714624 0
0.036147614586 0.090821640332 -0.578372681995 0
0.169765626091 0.095475219094 -0.476913503876 0
0.036558723466 0.130874254034 -0.592897788887 0
0.183250617205 0.116243857296 -0.515853631333 0
0.018318392929 0.427597276436 0.057743742269 0
-0.110220084143 0.363757209894 -0.013947644042 0
0.106723564781 0.305701840360 0.138287696325 0
0.000758315813 0.303190370257 0.048543335414 0
-0.014953771786 0.181451814207 0.044834375590 0
-0.012571124702 0.063590937811 -0.062742378969 0
0.077054369521 0.068347575718 -0.017255694097 0
-0.001236340741 0.063253703704 0.021086333333 0
-0.176943524626 0.199638374019 -0.039063190987 0
0.066563237973 0.144802816036 0.179104097274 0
-0.082661541018 0.187778242864 -0.096926183561 0
0.112548834654 0.172302274638 0.085379040303 0
0.009774472458 0.194321006555 -0.119846563516 0
0.162682963961 0.189795246821 -0.001421824538 0
-0.005175802695 0.215442152539 -0.288122479707 0
0.132398056098 0.266583796108 -0.200439924527 0
0.035837584182 0.090530969381 -0.578753726846 0
0.171123149814 0.095113896843 -0.476576723375 0
0.036154375922 0.130550285042 -0.593372674211 0
0.185112132033 0.116298991583 -0.515112615499 0
0.021217710583 0.426322668682 0.060975310007 0
-0.107330987129 0.365233153646 -0.013996179029 0
0.105393542578 0.302612905851 0.142328964898 0
0.001300784911 0.302433098557 0.050385192641 0
-0.015877650214 0.180976018898 0.045592631974 0
-0.012802613827 0.063489971078 -0.062484483783 0
0.076573534704 0.068374175168 -0.016523174580 0
-0.001898022222 0.062940000000 0.021400148148 0
-0.172663600130 0.201708527742 -0.045763251585 0
0.072956024615 0.138675024418 0.177535568308 0
-0.076470579188 0.190732499234 -0.100574843185 0
0.114549192284 0.170718720336 0.083203751911 0
0.016693553046 0.197359253919 -0.119878613881 0
0.161474930062 0.192198079626 -0.004375240542 0
-0.005910186162 0.214959974453 -0.288136881354 0
0.132784716186 0.266117492486 -0.199975807510 0
0.035698655770 0.090307357411 -0.579072454398 0
0.172658993050 0.094862659930 -0.476228698477 0
0.035972799061 0.130319026932 -0.593713176808 0
0.187126339851 0.116390867135 -0.514396053842 0
0.023672091167 0.425010451783 0.064531891679 0
-0.104725451614 0.366557324504 -0.013489663260 0
0.103984032222 0.299916733811 0.146541441923 0
0.001730696340 0.301810143183 0.052575160267 0
-0.016615658672 0.180620481792 0.046608248877 0
-0.012863234689 0.063549499065 -0.062228329876 0
0.076335809416 0.068447447558 -0.015925695493 0
-0.002268037037 0.062822222222 0.021694592593 0
-0.166768700990 0.202921568928 -0.050796166730 0
0.077807378114 0.133681711619 0.175662338900 0
-0.068804124809 0.194758522499 -0.102894031757 0
0.115625256126 0.169621042547 0.081145386850 0
0.024858891505 0.203232503617 -0.119493879922 0
0.159540477083 0.194158651956 -0.007067729240 0
-0.005778910379 0.214582958833 -0.288167211856 0
0.133389409365 0.265859351945 -0.199475175839 0
0.035675962697 0.089996993800 -0.579358673303 0
0.173555780518 0.094668851523 -0.475894373996 0
0.035942235264 0.130052627822 -0.593878827814 0
0.188285342415 0.116445964571 -0.513819460655 0
0.025643694594 0.423878859981 0.068407681082 0
-0.102000075136 0.367729183625 -0.012868685949 0
0.102923803730 0.297748100330 0.150592084415 0
0.002507055177 0.301395179930 0.054716293902 0
-0.016711049445 0.180436785327 0.047495805887 0
-0.012686859415 0.063699386505 -0.062114482840 0
0.076378994781 0.068521420826 -0.015548240552 0
-0.002331522222 0.062820740741 0.021836925926 0
-0.159628528098 0.203695876447 -0.055175139859 0
0.082542328882 0.129917216755 0.174772995605 0
-0.059926985037 0.199296071518 -0.104349575102 0
0.117045454600 0.169188367491 0.080313519292 0
0.034162190545 0.210718290792 -0.118941468254 0
0.157626269514 0.196095592896 -0.008732528047 0
-0.005246105414 0.214394546104 -0.288267696534 0
0.134104809900 0.265672041675 -0.199168359177 0
0.035649762049 0.089660556440 -0.579663614598 0
0.173848820946 0.094531593499 -0.475925168918 0
0.035961720146 0.129693814468 -0.594244442384 0
0.188657980238 0.116768040604 -0.513551543520 0
0.027172157160 0.423076406825 0.072656244820 0
-0.099309886844 0.368652122429 -0.012200840596 0
0.101742128906 0.295922142796 0.154829122651 0
0.003346247397 0.301050441038 0.056946831886 0
-0.016276244119 0.180275316462 0.048340512057 0
-0.011689357470 0.063909420779 -0.062026107337 0
0.077280540503 0.068489573662 -0.015252474019 0
-0.001524233333 0.062875555556 0.021946777778 0
-0.149697497469 0.203276745399 -0.058351397092 0
0.086613023159 0.126746232095 0.172660215214 0
-0.049006540900 0.203428996017 -0.105671468295 0
0.119276860663 0.169096274115 0.078879464043 0
0.045015962303 0.218863365954 -0.119425656687 0
0.157016875324 0.198480656142 -0.010672772793 0
-0.004721348236 0.214329875555 -0.288377174583 0
0.134872186597 0.265527801782 -0.199035291377 0
0.035726384021 0.089300725365 -0.579959430241 0
0.173503717548 0.094466388968 -0.476238849775 0
0.036121797614 0.129275675429 -0.594697361595 0
0.188140156372 0.116563253914 -0.514014742386 0
0.028753034913 0.422234576735 0.077280733909 0
-0.096540288276 0.369560222261 -0.011624313336 0
0.100505170147 0.294229765574 0.158989230110 0
0.004262877999 0.300782007969 0.059071858708 0
-0.015614103202 0.180182598662 0.049009307728 0
-0.010586052757 0.064137670504 -0.061955105009 0
0.078294581654 0.068347791411 -0.014977439803 0
-0.000610574074 0.062934074074 0.022038259259 0
-0.138722865487 0.202712269148 -0.060616059774 0
0.090288280789 0.124134822068 0.170419533242 0
-0.037782346546 0.208213413646 -0.107077119799 0
0.122313976315 0.169384602427 0.077779942173 0
0.055444578565 0.228793328789 -0.120558194627 0
0.158557349254 0.201316743205 -0.011549567405 0
-0.003959670538 0.214337105449 -0.288463146394 0
0.135306696213 0.265368676204 -0.198959435513 0
0.035545051788 0.088986108923 -0.580205369370 0
0.171854185178 0.094524029459 -0.476932609777 0
0.035991193866 0.128873239960 -0.595177922257 0
0.185811882281 0.116333635873 -0.515129973614 0
0.030652423010 0.421243850672 0.082092122089 0
-0.093602781405 0.370449829521 -0.011159270571 0
0.099184470985 0.292402978961 0.163059947744 0
0.005246372473 0.300450009783 0.061080191277 0
-0.014895051519 0.180047267163 0.049482068407 0
-0.009545786345 0.064245359692 -0.062001229519 0
0.079187185195 0.067832472074 -0.014693875906 0
0.000113698148 0.062884814815 0.022026666667 0
-0.127107462453 0.203082500663 -0.064856701384 0
0.093813357044 0.121830659682 0.169660061019 0
-0.025941594699 0.214951005113 -0.109605856207 0
0.126310271727 0.169749187643 0.078539005033 0
0.066310395497 0.240857742723 -0.121714742324 0
0.162621991408 0.203997178747 -0.009885752477 0
-0.003131312235 0.214450669331 -0.288511475401 0
0.135465921147 0.265025097808 -0.198717671194 0
0.035265557181 0.088823890354 -0.580307945489 0
0.169873164770 0.094635428218 -0.477692002738 0
0.035728990680 0.128627116567 -0.595501628961 0
0.183066030711 0.116299616838 -0.516242308367 0
0.032785438120 0.420033053047 0.086838569027 0
-0.090273436632 0.371582273451 -0.010781845715 0
0.097713478788 0.290300793024 0.167164247715 0
0.006325328262 0.300111763232 0.063044400457 0
-0.014218245420 0.179966221725 0.049808606137 0
-0.008654469912 0.064353997402 -0.062110553633 0
0.079942053958 0.067272883231 -0.014502472564 0
0.000712281481 0.062858518519 0.021948185185 0
-0.115061486500 0.205086570657 -0.071465731813 0
0.096994028773 0.119553371777 0.170646631020 0
-0.013788491046 0.223826625782 -0.113542706269 0
0.131938818758 0.169928523419 0.081784449076 0
0.077557786578 0.254475746809 -0.123171510497 0
0.169711539585 0.206546859688 -0.005108024753 0
-0.002556803195 0.214645112356 -0.288572628246 0
0.135208162032 0.264711673562 -0.198569216892 0
0.034893531244 0.088812711229 -0.580292737638 0
0.167797140805 0.094639337262 -0.478467215632 0
0.035307277397 0.128550595659 -0.595657924271 0
0.180299737108 0.116583002919 -0.517089430324 0
0.035132926079 0.418706712660 0.091498565665 0
-0.086660114229 0.372889465324 -0.010391388362 0
0.095982482645 0.288155111290 0.171466640469 0
0.007427763558 0.299843148232 0.065116072506 0
-0.013567215375 0.179996576311 0.050166763167 0
-0.007949579851 0.064553840697 -0.062188196371 0
0.080512296603 0.066932058529 -0.014300475464 0
0.001145374074 0.062924074074 0.021897888889 0
-0.103006153250 0.208991937368 -0.080307107879 0
0.099798678690 0.117431572503 0.173963922209 0
-0.002028355523 0.234524487834 -0.119415345970 0
0.139110313722 0.169944613278 0.088218616043 0
0.088467262339 0.269027486740 -0.126042652389 0
0.180044906282 0.208714544302 0.003676276059 0
-0.002501197595 0.215064161764 -0.288521204115 0
0.134450660383 0.264515346126 -0.198605880625 0
0.034218224322 0.089062254669 -0.580043631412 0
0.165895492601 0.094620413572 -0.479201635727 0
0.034419586181 0.128588178599 -0.595950246261 0
0.177797822696 0.116908033849 -0.517816546903 0
0.038508595001 0.417091232076 0.096015407114 0
-0.082563082500 0.374337073758 -0.009323843803 0
0.094272713570 0.285455012523 0.176255389991 0
0.008694537271 0.299369351719 0.067757654106 0
-0.013003346437 0.179928096422 0.050908731920 0
-0.007395339119 0.064767000203 -0.062382419001 0
0.080970882877 0.066670430603 -0.014297274910 0
0.001504525926 0.063043333333 0.021722666667 0
-0.090595303495 0.215620121379 -0.091556519490 0
0.103325964401 0.114980872674 0.181147501635 0
0.010012870221 0.246523940473 -0.127623545990 0
0.147568782005 0.169161419166 0.098914156196 0
0.100099661126 0.282963481369 -0.130924140251 0
0.193344226859 0.209317780420 0.017604219539 0
-0.003098451205 0.215711190892 -0.288451125511 0
0.132690426808 0.264503325146 -0.198970552914 0
0.033911438211 0.089483102287 -0.579565889092 0
0.164114822913 0.094615825493 -0.479931476512 0
0.033882140662 0.128912804916 -0.595710773646 0
0.175478222201 0.117317410859 -0.518467511894 0
0.042189685619 0.415431416381 0.100232280593 0
-0.077156791189 0.376326845059 -0.008546949433 0
0.092736924186 0.282106573462 0.180844807233 0
0.010542607675 0.298833306411 0.070150170848 0
-0.012420045345 0.179968413127 0.051359429668 0
-0.006884926528 0.065015442771 -0.062619712356 0
0.081347634268 0.066532402491 -0.014276074015 0
0.001762381481 0.063210000000 0.021510000000 0
-0.078193895333 0.226651089625 -0.106597411684 0
0.107931902454 0.112444380973 0.193140316148 0
0.022932787337 0.259855440209 -0.138981762967 0
0.157790281054 0.167544644458 0.114824387520 0
0.113601042278 0.295500243425 -0.138776073387 0
0.209018393554 0.208319476996 0.037205943526 0
-0.004223368943 0.216596328896 -0.288287217957 0
0.130604005511 0.264594401302 -0.199376693992 0
0.034070059941 0.090073929198 -0.578883656870 0
0.162505061475 0.094641287003 -0.480460749011 0
0.033915431967 0.129725400920 -0.594475208606 0
0.173388140951 0.117768592770 -0.518882112255 0
0.046303365549 0.413681968981 0.104297233825 0
-0.070730109119 0.378689713456 -0.007808597758 0
0.091148298893 0.278506543290 0.185502770330 0
0.012843449702 0.298373476311 0.072530882890 0
-0.011618169556 0.180214323578 0.051643912102 0
-0.006423736033 0.065341440738 -0.062811790648 0
0.081646154684 0.066537346349 -0.014163486686 0
0.001926733333 0.063482592593 0.021346740741 0
-0.066177909907 0.242230823155 -0.123463468981 0
0.112855184209 0.110733855166 0.208922051140 0
0.036040018504 0.274592934525 -0.153163130809 0
0.169731828437 0.165772663033 0.135498222584 0
0.128051922560 0.307048755958 -0.150654645929 0
0.226939502794 0.206037548160 0.061967675965 0
-0.005728271411 0.217613557238 -0.288028110831 0
0.128302210806 0.264660499287 -0.199871358607 0
0.034195235608 0.090518763957 -0.578055351520 0
0.161069822472 0.094696625699 -0.480941675651 0
0.034085046756 0.130154834696 -0.593686389869 0
0.171531915236 0.118252254795 -0.519219499483 0
0.050750834895 0.412016679102 0.108317491451 0
-0.063546938673 0.381253506794 -0.006667957339 0
0.089354677143 0.274410686569 0.190350517033 0
0.015364363055 0.297790160973 0.075164470205 0
-0.010812575215 0.180502457078 0.051958315557 0
-0.005860277725 0.065696691842 -0.062970156008 0
0.081940292743 0.066622262102 -0.013831612434 0
0.002015614815 0.063792962963 0.021233111111 0
-0.054373645893 0.262727753457 -0.140403879935 0
0.116344527126 0.110621818022 0.230501245570 0
0.049099345724 0.292178148549 -0.168756927186 0
0.179925489828 0.163166687914 0.160846529580 0
0.143369299677 0.319212506355 -0.166279609295 0
0.244314770740 0.200711797539 0.092019470015 0
-0.007482340543 0.218635530254 -0.287729477569 0
0.125800862044 0.264692431929 -0.200275822003 0
0.033859077434 0.090579782970 -0.577121383313 0
0.159548576184 0.094838847192 -0.481361306927 0
0.033901252089 0.129977537628 -0.593344045064 0
0.169575730736 0.118860075582 -0.519465789638 0
0.055714720266 0.410188597650 0.112247981865 0
-0.055342119991 0.384008416263 -0.005707126866 0
0.087022791289 0.270142887098 0.195234269818 0
0.018098534010 0.297214469881 0.077737172193 0
-0.009986251069 0.180957424646 0.052130720596 0
-0.005274024445 0.066144940211 -0.063012506625 0
0.082178064275 0.066821077478 -0.013252398745 0
0.001999537037 0.064192592593 0.021243814815 0
-0.041972204413 0.287274190844 -0.155645565857 0
0.117249563238 0.112929234112 0.254711459030 0
0.062017402866 0.311610210361 -0.186819285331 0
0.187283901274 0.160836553820 0.187962962088 0
0.158434660375 0.330631341012 -0.187668230474 0
0.259677898621 0.192752128215 0.124834463165 0
-0.009985057637 0.219671726548 -0.287327027008 0
0.123267460232 0.264664505861 -0.200566638412 0
0.032167484343 0.090488968563 -0.576195787689 0
0.158237570590 0.095052958636 -0.481675901147 0
0.032113794604 0.129733104613 -0.592786583577 0
0.167885400045 0.119357307081 -0.519698695336 0
0.061698788339 0.407909160789 0.116180659731 0
-0.046274274778 0.386619994789 -0.004889162515 0
0.084743487467 0.265877735909 0.199723213683 0
0.021221987023 0.296545197068 0.080084099705 0
-0.008982919630 0.181447357133 0.052187068081 0
-0.004489946158 0.066566628498 -0.063028254859 0
0.082478256251 0.067005260970 -0.012424572277 0
0.001963188889 0.064583333333 0.021294148148 0
-0.029212006150 0.314623154672 -0.167809801170 0
0.115830665276 0.118165189266 0.279610117517 0
0.073906701778 0.333484507460 -0.205074563343 0
0.192848587101 0.159628599012 0.216330523652 0
0.171211687855 0.342746197803 -0.211638798066 0
0.272637038235 0.183364546111 0.159536933327 0
-0.013184041889 0.220576917569 -0.286891864163 0
0.120799433348 0.264487428082 -0.200704327044 0
0.030293275433 0.090492518156 -0.575182744861 0
0.156911182584 0.095441230659 -0.481955541748 0
0.029984014831 0.130265978978 -0.590458077173 0
0.166168955009 0.120285066952 -0.519725798465 0
0.068758672239 0.405041219401 0.119881278262 0
-0.036612610692 0.388763248836 -0.004473273134 0
0.082712686042 0.262059094460 0.203656740127 0
0.024695660029 0.295800441117 0.082065054537 0
-0.007787186787 0.181906516317 0.052235915324 0
-0.003649758745 0.067011321422 -0.063019230476 0
0.082775500880 0.067067093616 -0.011491910463 0
0.001896829630 0.064940740741 0.021365555556 0
-0.016635132251 0.342586521241 -0.176189348913 0
0.110674308112 0.124184704805 0.300487142547 0
0.083639190922 0.355182735065 -0.222711134811 0
0.194169199621 0.159795991111 0.242042972526 0
0.180112178094 0.353706023283 -0.240414840644 0
0.279927929524 0.175893787935 0.192675774148 0
-0.016731391029 0.221258734113 -0.286505871209 0
0.118505608789 0.264198075344 -0.200647191722 0
0.027474895170 0.090331008627 -0.574235606662 0
0.155454059291 0.095874670671 -0.482160953816 0
0.026502692101 0.130189171298 -0.589260296169 0
0.164268671932 0.121464754315 -0.519536949689 0
0.076136873086 0.401947989701 0.123132457907 0
-0.026616884529 0.390624832164 -0.004155906887 0
0.081462361781 0.258523654039 0.206743895986 0
0.028650718191 0.295046684194 0.083593620486 0
-0.006235048883 0.182428014390 0.052024528050 0
-0.002638231090 0.067353402526 -0.063196409586 0
0.083173583263 0.067026863583 -0.010654814547 0
0.001904014815 0.065338518519 0.021249740741 0
-0.004920158350 0.367094840741 -0.180205309254 0
0.103297403795 0.128320598388 0.315084662568 0
0.088379691094 0.374501595154 -0.240356445042 0
0.192916192731 0.158699391782 0.263114640330 0
0.180420347106 0.365686203382 -0.274871008071 0
0.283559062875 0.169276659523 0.222171140072 0
-0.020413050752 0.221665764542 -0.286313918370 0
0.116598130634 0.263926167431 -0.200471696762 0
0.023606868592 0.089779103409 -0.573546052900 0
0.154139398787 0.096220490783 -0.482265349658 0
0.021575726172 0.129285404751 -0.589372809352 0
0.162586195390 0.122250670539 -0.519421724797 0
0.084153313677 0.398634316456 0.125608183777 0
-0.015286296240 0.392712512373 -0.004607907704 0
0.080605978982 0.255230975016 0.208732360496 0
0.033382038065 0.294538472258 0.084177907139 0
-0.004216306370 0.183397553846 0.050912814114 0
-0.001291633234 0.067587232677 -0.063698423900 0
0.083709214889 0.067041240243 -0.009856516151 0
0.001955937037 0.066027037037 0.020817037037 0
0.006467728199 0.381465534923 -0.181859334824 0
0.096274866816 0.128513084592 0.322153648906 0
0.085737270931 0.390201938095 -0.259434433331 0
0.190821650152 0.157571101116 0.278889124567 0
0.167331688568 0.380580797316 -0.314959883481 0
0.285324366545 0.167635397880 0.247500181798 0
-0.024084618764 0.221775743678 -0.286445039805 0
0.115147331703 0.263727747798 -0.200232584903 0
0.019719987622 0.088791040303 -0.573100020050 0
0.152980643030 0.096473114110 -0.482236200848 0
0.016596335316 0.127675904919 -0.590233896001 0
0.161156686152 0.122840426930 -0.519215005290 0
0.092884543201 0.395018271956 0.127573629790 0
-0.002372558264 0.394548421338 -0.005796940994 0
0.080319772573 0.251775850145 0.209583055599 0
0.039062861718 0.293838644338 0.083815092915 0
-0.001588719021 0.184437032999 0.048880941679 0
0.000568354690 0.067597770941 -0.064722511745 0
0.084627542694 0.066682215698 -0.009426870053 0
0.002356229630 0.066730740741 0.019846370370 0
0.011539180757 0.397593254065 -0.184164519350 0
0.089922570638 0.123383504811 0.321790534820 0
0.074718278559 0.404925442224 -0.275447166503 0
0.187130951802 0.156276663050 0.288266626899 0
0.140690219583 0.396458142264 -0.351140634586 0
0.283994631165 0.171500350270 0.267598040892 0
-0.028122205619 0.221684506676 -0.286857159270 0
0.114118474901 0.263729549750 -0.199741394083 0
0.016273539890 0.087746390728 -0.572912727890 0
0.152385517687 0.096747969291 -0.481763781114 0
0.011954858663 0.126104328978 -0.590950942068 0
0.160522570555 0.122922689120 -0.518887725637 0
0.102090675055 0.391122788188 0.128388413411 0
0.011140307945 0.395803492208 -0.007418767796 0
0.080861926062 0.247922833461 0.209100927227 0
0.045269407042 0.292688707191 0.082537974807 0
0.000987323038 0.185361251013 0.046023610641 0
0.001599402552 0.067291522841 -0.066493127565 0
0.084528223871 0.065550022112 -0.009535502181 0
0.001711629630 0.067350000000 0.018099000000 0
0.034119666180 0.435733533025 -0.180321461334 0
0.084768718469 0.111662028847 0.311984631297 0
0.065025592306 0.424914631550 -0.286649520447 0
0.181330113256 0.155141094368 0.290990595766 0
0.104046739452 0.412210333793 -0.379895065144 0
0.277791610458 0.180975753466 0.283246031097 0
-0.031687852327 0.221664595513 -0.287786112333 0
0.113742718819 0.263594622858 -0.198854900016 0
0.013626173058 0.086593541379 -0.573123741423 0
0.152110764316 0.097001335290 -0.481009414312 0
0.008302577438 0.124404878129 -0.592026697486 0
0.160338280013 0.123048527714 -0.518203050820 0
0.111259073899 0.386972979209 0.128448047750 0
0.022613572775 0.396911759748 -0.007436703950 0
0.082859921492 0.244257503389 0.208613352931 0
0.051060915347 0.291635799010 0.081991427111 0
0.003241575682 0.186466141805 0.043985223978 0
0.002663148822 0.067316219752 -0.068587928912 0
0.084546359279 0.065317848065 -0.010145310256 0
0.001286385185 0.068563703704 0.015983888889 0
0.046786252859 0.438053754200 -0.179891968663 0
0.081239517725 0.094704903603 0.291067707900 0
0.045708056969 0.429776128867 -0.290834293617 0
0.172891253280 0.151757236271 0.290545849108 0
0.056201610693 0.423114543541 -0.391973526663 0
0.264923751558 0.190705028884 0.300388006100 0
-0.034266243549 0.221934174927 -0.289130849741 0
0.114272564038 0.264153405889 -0.198553799162 0
0.012744447534 0.085486953679 -0.573756329560 0
0.152896993017 0.097060065280 -0.480072139216 0
0.006796978425 0.122650091344 -0.593728520605 0
0.161539514746 0.122787575100 -0.517393941170 0
0.119658789993 0.383982592458 0.127677127122 0
0.031717740769 0.397831907897 -0.005473596684 0
0.087622224793 0.240314024093 0.208239707873 0
0.056997564632 0.290455073841 0.082394576437 0
0.005791296645 0.187427272845 0.042951959307 0
0.003760643260 0.067618235007 -0.071311689795 0
0.084727515460 0.065793511479 -0.011600473850 0
0.001111755556 0.070122222222 0.013201962963 0
0.036077499341 0.437869316145 -0.179817506653 0
0.084331751622 0.078893247799 0.263915844875 0
0.013293959666 0.430064047365 -0.288435503103 0
0.163655046845 0.148889160901 0.285448810621 0
0.004492851867 0.424625212102 -0.389703674326 0
0.243858873417 0.201492705212 0.316017065708 0
-0.036001734574 0.222817647735 -0.290951776321 0
0.115745783597 0.265432447018 -0.198948138514 0
0.014103303089 0.084387223486 -0.574785837154 0
0.154958039764 0.096746585252 -0.478968149113 0
0.008470930575 0.120411239160 -0.596829119117 0
0.164478666295 0.122154846224 -0.516294986500 0
0.128088995443 0.381833166952 0.126541519199 0
0.039006936247 0.398998361602 -0.003618864842 0
0.094064510731 0.236005041399 0.206172490218 0
0.062921091004 0.289336396977 0.081774557333 0
0.008598077215 0.188378102300 0.041120955664 0
0.004631714974 0.067929235493 -0.074329889168 0
0.084805432059 0.066335171583 -0.013551378422 0
0.000911607407 0.071621111111 0.010099814815 0
0.015577336446 0.436571327320 -0.176988777450 0
0.094803877657 0.067517918229 0.234080717077 0
-0.023163652939 0.424558378580 -0.280587550887 0
0.155280496985 0.147608404190 0.273872351912 0
-0.045121170084 0.414682050946 -0.379200872778 0
0.216016962280 0.208843477796 0.324858185228 0
-0.036596962284 0.224014014647 -0.293070397303 0
0.117962436746 0.266806103579 -0.199640076256 0
0.016813287234 0.083371323377 -0.576080786474 0
0.157885947234 0.095989559920 -0.477848472746 0
0.011887507565 0.118519982483 -0.599653399032 0
0.168483665529 0.120844229995 -0.515257677320 0
0.136265792043 0.380124627319 0.123330313615 0
0.043503254261 0.400943296602 -0.000814495734 0
0.101869082359 0.230384141960 0.201950334736 0
0.068221125383 0.288211456726 0.080242453132 0
0.011268413109 0.189278000964 0.038344127925 0
0.005280488915 0.068061689772 -0.076989525274 0
0.084825692465 0.066705104444 -0.015385032031 0
0.000730792593 0.072762222222 0.007349370370 0
-0.020829865481 0.433897539240 -0.164500378123 0
0.109216383423 0.059776550430 0.204478840929 0
-0.064931137928 0.414069154144 -0.264699150404 0
0.150823926145 0.145585354248 0.255084603503 0
-0.096059281774 0.394714073093 -0.359994694999 0
0.188448211695 0.207476101053 0.321646735365 0
-0.035563576587 0.225310266206 -0.294967321240 0
0.120727243698 0.267958008123 -0.200115463677 0
0.020778944589 0.082522841056 -0.577455079149 0
0.161232689993 0.094957709961 -0.476692640506 0
0.016947370478 0.117203204214 -0.601908116918 0
0.172933181620 0.119196144580 -0.514177459132 0
0.143305254703 0.378010165104 0.120268437100 0
0.044037607192 0.403144880890 0.003955264449 0
0.112010836646 0.224303708559 0.196324822211 0
0.072621796733 0.287145983860 0.078901043717 0
0.013344736918 0.189947673506 0.036208970642 0
0.005615014579 0.068115759821 -0.079486848565 0
0.084793777677 0.067012845544 -0.017407058183 0
0.000605807407 0.073818518519 0.004764148148 0
-0.070767766853 0.411916090657 -0.133014047686 0
0.126951954644 0.055375383856 0.176142885476 0
-0.113425807397 0.392356261309 -0.233888155893 0
0.154727302284 0.143297246910 0.232299431759 0
-0.148375962938 0.366575518078 -0.326542321366 0
0.170112882885 0.202616583241 0.306286461786 0
-0.032006241439 0.226950762573 -0.296893736698 0
0.124475556435 0.268615960686 -0.200978639306 0
0.026118335946 0.081924586050 -0.578757848153 0
0.164474676293 0.093513399440 -0.476544851015 0
0.023880072013 0.116557913240 -0.603473883988 0
0.177171693158 0.117199108769 -0.514058685539 0
0.149410131653 0.376019103519 0.116816832995 0
0.039030093468 0.404868623135 0.010789601937 0
0.126785443554 0.219461260882 0.188366853155 0
0.076238563184 0.286418942966 0.077684092615 0
0.014763623988 0.190059909119 0.035855217387 0
0.005540214463 0.068121121574 -0.081727615209 0
0.084615868941 0.067309510710 -0.019512058665 0
0.000426607407 0.074750000000 0.002449300000 0
-0.101144366410 0.381669314841 -0.097979480939 0
0.148816110754 0.055690183516 0.145227423564 0
-0.155132635638 0.363314811273 -0.193510941926 0
0.168413060209 0.144168442855 0.203903132561 0
-0.196437020200 0.333269695273 -0.281165178297 0
0.169361295418 0.201236973445 0.279097492640 0
-0.026644234139 0.228714368183 -0.298715270210 0
0.129189930393 0.268913408955 -0.201956587919 0
0.032084737416 0.081346443390 -0.579969595044 0
0.167506966663 0.091728368826 -0.477148234105 0
0.031488877902 0.116575677097 -0.603925922996 0
0.181100391521 0.114924895228 -0.514653631156 0
0.153881125861 0.375848723807 0.112211676850 0
0.028950775081 0.405732387351 0.020415839399 0
0.146093580923 0.216882169891 0.176055583684 0
0.079239343487 0.286292422407 0.076046986211 0
0.015947979103 0.189637417762 0.036963087324 0
0.004894576715 0.068098244601 -0.083347465465 0
0.083993540629 0.067650877730 -0.021157859500 0
-0.000169103333 0.075482222222 0.000769596296 0
-0.123144669564 0.353065891668 -0.057757151129 0
0.169570812892 0.060169522124 0.112358707206 0
-0.187080164734 0.329326237416 -0.145658017604 0
0.189326903237 0.150817619281 0.167566505621 0
-0.232543239305 0.295286701203 -0.229106802386 0
0.188635514895 0.206031868981 0.241389576018 0
-0.020369609417 0.230287447058 -0.300063998098 0
0.134883237794 0.268795279372 -0.202453621741 0
0.037669871980 0.080745454803 -0.580978074260 0
0.170474737753 0.089719599024 -0.477516202055 0
0.038675657367 0.116478253985 -0.604162445364 0
0.184896247097 0.112208280056 -0.515143242041 0
0.156780179729 0.377471314849 0.106751212752 0
0.016201740651 0.406466760540 0.030134056985 0
0.163715636300 0.217666587515 0.157431805798 0
0.080017076301 0.287711871778 0.071541171893 0
0.016190717117 0.189766281844 0.036246291095 0
0.003965501181 0.068176235483 -0.084542459759 0
0.083550214914 0.068044209845 -0.022974211215 0
-0.000444937037 0.075888148148 -0.000418037037 0
-0.135749664083 0.322447792575 -0.013102317964 0
0.193984379125 0.074550222856 0.069290806038 0
-0.204454916650 0.290405179351 -0.094531675453 0
0.219315724025 0.165047266114 0.122431089787 0
-0.250369835181 0.255298181208 -0.176906753193 0
0.221276405409 0.214967665622 0.196004630856 0
-0.013872967743 0.231543430386 -0.301112588509 0
0.139587879662 0.268773180142 -0.203209184540 0
0.042233044954 0.079649096669 -0.582076936626 0
0.173544875989 0.087920540848 -0.477621548228 0
0.045035035137 0.114323792176 -0.606677220113 0
0.188697330402 0.109527387426 -0.515477355585 0
0.157727856696 0.379031359857 0.100631632856 0
0.001074990949 0.405624470458 0.043778297173 0
0.177643911644 0.221734344395 0.136613685782 0
0.077905000858 0.289882063787 0.068078805588 0
0.015376842210 0.189729482731 0.036441219567 0
0.003185331589 0.068187180291 -0.084658268570 0
0.083627473015 0.068338741540 -0.024214640026 0
-0.000075322963 0.075797407407 -0.000472185185 0
-0.138645303264 0.294747209502 0.029556029941 0
0.223122184833 0.102476452631 0.023138541438 0
-0.206740275775 0.252390672132 -0.047559983404 0
0.263961099125 0.188059958799 0.074742108962 0
-0.252751397335 0.217219429960 -0.129617899131 0
0.285474002362 0.228214911710 0.148892580647 0
-0.006831234645 0.232010027426 -0.301387166432 0
0.141654751257 0.268730122615 -0.204195512252 0
0.045862441582 0.078679620743 -0.583041528112 0
0.175902078299 0.086613022450 -0.477751870603 0
0.050255203054 0.112091739884 -0.609112461088 0
0.191328647565 0.106915518349 -0.516214117877 0
0.157018563601 0.380435192464 0.094930700002 0
-0.010183397672 0.401882987975 0.059100802584 0
0.186915675350 0.226094254629 0.121236526922 0
0.075829177812 0.290497832889 0.068312421280 0
0.015387255912 0.188239226083 0.038949005110 0
0.002839592237 0.067680180331 -0.084179332073 0
0.084348326775 0.067896348078 -0.025182105147 0
0.001048329630 0.074808148148 0.000093009259 0
-0.137672489009 0.276340007799 0.057286356173 0
0.248691457882 0.141538303964 -0.013675927521 0
-0.199367695225 0.221543934272 -0.017339195146 0
0.323073268834 0.212465516137 0.019368866359 0
-0.245196980405 0.182208429019 -0.097771618342 0
0.396178550409 0.245289090770 0.068278414011 0
-0.000220464648 0.231633820126 -0.301019162503 0
0.141709502757 0.268994762247 -0.204586977726 0
0.047074104967 0.077961812256 -0.584035598254 0
0.176009950792 0.086456717475 -0.477964436624 0
0.052296906222 0.109497630032 -0.612206046410 0
0.191080073410 0.106241881398 -0.516835422427 0
0.156733221999 0.381194583049 0.088506855936 0
-0.016973326280 0.397036035635 0.073274856919 0
0.192667132560 0.229867890700 0.114702636644 0
0.074788525650 0.289943707269 0.072459032598 0
0.016665832762 0.185958402006 0.044045760051 0
0.003376743776 0.067540559592 -0.083199120319 0
0.086116474998 0.067699343760 -0.025940889605 0
0.003333259259 0.073884074074 0.001154907407 0
-0.136493747440 0.263897161401 0.075865144686 0
0.277191987592 0.189736604121 -0.028169177173 0
-0.190455242215 0.201401607619 0.001297431211 0
0.371832234842 0.240709614974 -0.038182038647 0
-0.231056131673 0.154056228962 -0.078183024293 0
0.464649015345 0.266460731611 -0.059793309242 0
0.003477940941 0.231079750073 -0.300373232373 0
0.139830554897 0.270266017680 -0.204822205662 0
0.045869137906 0.077866343318 -0.584681976517 0
0.173015032036 0.087615999162 -0.478208840715 0
0.050959861606 0.107903130134 -0.614468476397 0
0.187169766615 0.109278175663 -0.516417588963 0
0.156874619639 0.381648878296 0.081322141755 0
-0.021234477620 0.392972059164 0.082280202668 0
0.197071334490 0.234191912888 0.109520047465 0
0.074658059652 0.289832489974 0.074762197830 0
0.019107380745 0.184117813178 0.047440720435 0
0.005523268341 0.067623182453 -0.082500057194 0
0.089596989563 0.067646598527 -0.027218937713 0
0.007442111111 0.072933703704 0.001903500000 0
-0.136534385248 0.256290329141 0.088748314940 0
0.290708695443 0.216598056375 -0.032218540474 0
-0.185498278644 0.191820937605 0.012432420448 0
0.371669294127 0.246316478653 -0.097160656761 0
-0.215880892771 0.138083377647 -0.067348807994 0
0.446995404812 0.265734345229 -0.162959217445 0
0.005451830415 0.230360161827 -0.300275956806 0
0.136091498600 0.271921549132 -0.206179799862 0
0.043040866540 0.077817286338 -0.585196155916 0
0.168346817968 0.088165388719 -0.478981909722 0
0.047072861573 0.109107552199 -0.613832180142 0
0.181321254816 0.110818252977 -0.517034854074 0
0.156607172525 0.382425320543 0.073334138288 0
-0.024385868153 0.389408158582 0.088889375461 0
0.201065763782 0.239309894144 0.104784162892 0
0.075042036124 0.290198300286 0.076194270032 0
0.022231026912 0.182656528043 0.050484676905 0
0.008066312372 0.067831165462 -0.080768166790 0
0.093474636117 0.067679060463 -0.027572411147 0
0.012025333333 0.071879629630 0.003634322222 0
-0.137451670880 0.251130871836 0.099534408165 0
0.285725534828 0.212706278652 -0.041134640808 0
-0.181971280725 0.185172972446 0.021781974757 0
0.337132805492 0.243544036998 -0.130921091974 0
-0.203674902505 0.128873955489 -0.058190108896 0
0.397079363930 0.272454034633 -0.207296799630 0
0.005418410624 0.228705170075 -0.299907883106 0
0.130725027540 0.272707914148 -0.207829345804 0
0.037943619991 0.077153690940 -0.585635323470 0
0.161797597773 0.088149228476 -0.480851591811 0
0.040321057044 0.109988774092 -0.612682776445 0
0.173004321253 0.111549900388 -0.519013519794 0
0.154988592552 0.384541799135 0.065123245780 0
-0.026454296110 0.386196483691 0.093252565943 0
0.204730351374 0.244301623640 0.098737003511 0
0.075771334548 0.290581912776 0.076005998191 0
0.025293535147 0.181361891101 0.052557611759 0
0.009167732266 0.068076648572 -0.079110553950 0
0.095932089933 0.067693468477 -0.028157705835 0
0.015295481481 0.070753333333 0.005216962963 0
-0.136135179278 0.246138386256 0.112530369435 0
0.265621680238 0.198611009928 -0.054141838557 0
-0.175628231171 0.177471745394 0.034408206519 0
0.303346686556 0.233105642818 -0.149232457599 0
-0.193299575129 0.120321727059 -0.045971003934 0
0.356977180119 0.267607567200 -0.225746737724 0
0.003637025162 0.226922201076 -0.299671597065 0
0.124969220566 0.272510074796 -0.210157672366 0
0.029125343804 0.076405876513 -0.586299195592 0
0.152812404299 0.087547815780 -0.484450450335 0
0.029020601559 0.109777493653 -0.612788510486 0
0.161335824732 0.110753367918 -0.523416698532 0
0.153244379385 0.386364866129 0.057869303364 0
-0.026659091179 0.383789292500 0.097309914662 0
0.207633685889 0.247075136942 0.092142141362 0
0.076751301198 0.290425122403 0.075421736929 0
0.027309803712 0.180194592391 0.054410751838 0
0.007818768795 0.068325996342 -0.076874558396 0
0.095935394019 0.067669240715 -0.028300672916 0
0.016216370370 0.069576666667 0.007290518519 0
-0.132052695750 0.242356351808 0.127421571870 0
0.260207043438 0.196582029989 -0.062304660775 0
-0.168468421726 0.169849030703 0.051300192866 0
0.287495564318 0.224755831129 -0.162887239720 0
-0.185674300961 0.110726972877 -0.028067986004 0
0.334090712423 0.252643006724 -0.245882162163 0
0.001272415283 0.224739982935 -0.299139000143 0
0.119603388478 0.271892232068 -0.211739438823 0
0.023268236435 0.076002029989 -0.586440870881 0
0.144478570014 0.086981321634 -0.487168679809 0
0.021913216625 0.110800803465 -0.610988149568 0
0.150264126061 0.111317195943 -0.525947635536 0
0.151601751945 0.387178743435 0.051471839461 0
-0.025088340552 0.382384874393 0.101374469809 0
0.210190128492 0.248099183369 0.086475919964 0
0.078266497929 0.290047461879 0.075273714136 0
0.028791163375 0.179352464490 0.056682183742 0
0.005195396717 0.068615948319 -0.073390633993 0
0.094455503247 0.067838499912 -0.026953339976 0
0.015602037037 0.068510740741 0.010558962963 0
-0.127351737435 0.241166015716 0.141589294304 0
0.259774484979 0.196075613107 -0.068450727818 0
-0.162249175103 0.164666547662 0.068734086628 0
0.284908415675 0.215549026691 -0.171622203144 0
-0.178959702440 0.102147560134 -0.008194254092 0
0.329471047666 0.236935797140 -0.257650494523 0
-0.001452266801 0.222941540937 -0.297107177958 0
0.114124314650 0.270782894869 -0.212273860723 0
0.020718681167 0.078237905706 -0.586017825147 0
0.138675860741 0.086346563412 -0.488578065291 0
0.019944245263 0.115154676918 -0.607276043731 0
0.142671981594 0.112134845112 -0.526637366250 0
0.150520783569 0.387396419114 0.046380488640 0
-0.022950283094 0.381644569526 0.104729951655 0
0.211963440571 0.247647141826 0.083031947131 0
0.079677000125 0.289329458518 0.075829590887 0
0.029656336542 0.178516645260 0.059410012074 0
0.002448165874 0.068928275650 -0.069523264262 0
0.092637311083 0.068093938828 -0.024918160429 0
0.014560037037 0.067545555556 0.014185962963 0
-0.122429572102 0.241355336382 0.154132407257 0
0.256796908231 0.189137672491 -0.071026251742 0
-0.156652831015 0.161560868525 0.084565946211 0
0.280961814641 0.204912890205 -0.175057407816 0
-0.172099725429 0.095876010502 0.010250397123 0
0.325233531487 0.223007341635 -0.261791971445 0
-0.004500017316 0.221590582133 -0.294369022373 0
0.108262986947 0.269771792256 -0.211998000837 0
0.018953004578 0.081165522870 -0.585380056211 0
0.136261541836 0.086263533003 -0.488752387493 0
0.020120553159 0.117107158175 -0.608231648870 0
0.139516162584 0.111931438783 -0.526963392467 0
0.150008906520 0.386752267281 0.043256025408 0
-0.021610045713 0.381612025295 0.105201902902 0
0.212316841774 0.246022743035 0.082744622488 0
0.080180350473 0.288325012732 0.076463107431 0
0.029602039237 0.177536036339 0.061973323099 0
0.000471477572 0.069169533585 -0.066283397327 0
0.091457102103 0.068254778038 -0.023327924213 0
0.014106185185 0.066530370370 0.017161037037 0
-0.118454301778 0.242049499753 0.161427271100 0
0.253950546465 0.181715643475 -0.069894029380 0
-0.153086175861 0.159026909423 0.095961525507 0
0.276358880884 0.194803030411 -0.174688439925 0
-0.168706308085 0.090047681661 0.024841592229 0
0.318821915548 0.211868585322 -0.262552670904 0
-0.008159763585 0.220235271117 -0.292146888469 0
0.101945100111 0.269035194425 -0.211726998759 0
0.015455117805 0.083534170274 -0.584489697443 0
0.135864559511 0.086619605605 -0.488234272739 0
0.017293060113 0.120109897514 -0.606265779505 0
0.139046867493 0.112542485005 -0.526278879242 0
0.149940565989 0.384922733854 0.041338245377 0
-0.021243030912 0.381372319803 0.104536610493 0
0.212126695490 0.244559094964 0.083769234514 0
0.080140400314 0.287263641442 0.077066147014 0
0.029315414011 0.176445662443 0.064065493179 0
-0.001113837294 0.069334402438 -0.063855859821 0
0.090516072341 0.068197248026 -0.022297950110 0
0.013796740741 0.065491851852 0.019323185185 0
-0.116303348905 0.242997010190 0.166452764521 0
0.251108969542 0.175742920029 -0.067598010427 0
-0.151341840555 0.157175411481 0.104931724611 0
0.273078286181 0.187883022401 -0.172599194566 0
-0.167646343684 0.084893180774 0.037202241903 0
0.314759979425 0.204192290412 -0.261135694647 0
-0.012222795796 0.218915527645 -0.290597452905 0
0.097615430164 0.268622434787 -0.211232670653 0
0.009097326071 0.085541495792 -0.583178900224 0
0.135439478967 0.087513925005 -0.487539205572 0
0.009516656580 0.123901893957 -0.601717066790 0
0.138493016881 0.113791683397 -0.525350184990 0
0.148847821484 0.383792161204 0.040073191764 0
-0.021405456124 0.380567318873 0.104566934711 0
0.211907858718 0.243515415659 0.084761770237 0
0.079913210693 0.286165040343 0.077875973754 0
0.029117829174 0.175243962840 0.065882190632 0
-0.002654105687 0.069385064766 -0.061896599522 0
0.089551572946 0.067901138322 -0.021643598275 0
0.013429629630 0.064414814815 0.021003666667 0
-0.115768007157 0.243070614832 0.169437311908 0
0.248272258830 0.170588574827 -0.065326979358 0
-0.152012068183 0.156016970825 0.110395698117 0
0.269990312317 0.181815328385 -0.170481949697 0
-0.168777191596 0.081691691595 0.045081544867 0
0.311199427109 0.196715743320 -0.259643026308 0
-0.015986387320 0.217700155005 -0.289348916030 0
0.094402654180 0.268274439954 -0.210704413888 0
0.001447607872 0.086382431100 -0.581721558815 0
0.134730172918 0.088400881055 -0.486926163613 0
-0.000172115592 0.124660753374 -0.600363075514 0
0.137610394936 0.114773259076 -0.524684829414 0
0.147473491310 0.382887177897 0.039418138556 0
-0.021897303839 0.379237504680 0.105785192079 0
0.211988565005 0.243215377723 0.085636918454 0
0.079774602005 0.285228211999 0.079050452777 0
0.029321150065 0.174093286053 0.067485601951 0
-0.004084243620 0.069362149988 -0.060144159131 0
0.088637652808 0.067521871032 -0.021110114815 0
0.013080111111 0.063385555556 0.022472481481 0
-0.116132937419 0.241966302190 0.171314291170 0
0.247311358297 0.164612265725 -0.061811979549 0
-0.154743615065 0.155255914594 0.113276326799 0
0.267432777338 0.175284081569 -0.167341702718 0
-0.172365430891 0.080626737334 0.048875560520 0
0.307173091445 0.189834646694 -0.257254205289 0
-0.019674231645 0.217048813389 -0.287861689721 0
0.092270599950 0.267882976275 -0.210211183552 0
-0.005538424238 0.087181477386 -0.579735551294 0
0.133355429376 0.088989591247 -0.486704418310 0
-0.008983721007 0.124376297457 -0.600230304163 0
0.135826765658 0.116003208589 -0.524036332532 0
0.146033546087 0.382361280525 0.039475804336 0
-0.022815131682 0.377752452891 0.106923181678 0
0.212124088804 0.243702509448 0.085834157582 0
0.079527349707 0.284579656439 0.079821219787 0
0.029702154680 0.173094792302 0.068611546033 0
-0.005466179011 0.069300059780 -0.058772967420 0
0.087741448891 0.067157187987 -0.020929348132 0
0.012742666667 0.062474444444 0.023553777778 0
-0.116690788228 0.239895302359 0.171734968050 0
0.247023031475 0.158754949270 -0.058156475045 0
-0.158011969544 0.154783477214 0.113199352834 0
0.265212770382 0.169569081616 -0.164021812006 0
-0.178183177905 0.081873926905 0.047719641719 0
0.302705847414 0.185191256109 -0.254834941954 0
-0.023273181745 0.217165672119 -0.286211625859 0
0.091589836860 0.267741803090 -0.209789050267 0
-0.009694587389 0.088296009774 -0.577480501145 0
0.131691008910 0.089478058645 -0.486753484653 0
-0.013811428668 0.125993924350 -0.596904158359 0
0.133764749153 0.116761718118 -0.523912822263 0
0.144468502979 0.382025364117 0.039205452207 0
-0.024010125814 0.376518901515 0.107343304965 0
0.212242363081 0.244959546195 0.085264602197 0
0.079196488731 0.284431678872 0.079811360354 0
0.030185042461 0.172517640103 0.068887541721 0
-0.006697461759 0.069305243202 -0.058008809282 0
0.086962583985 0.067063651023 -0.021305070846 0
0.012513814815 0.061864444444 0.024036333333 0
-0.116965094390 0.237460525167 0.170903845253 0
0.247363588518 0.152178405154 -0.053751533036 0
-0.160381015757 0.155042433391 0.110074600861 0
0.263113724200 0.163780071577 -0.159924110437 0
-0.183909680683 0.085988863561 0.041538305643 0
0.297458855397 0.180961605580 -0.251940480485 0
-0.026498697694 0.217833668590 -0.284849920896 0
0.091647076913 0.267913551085 -0.209863704081 0
-0.010750744314 0.089500583052 -0.575612991027 0
0.130465599547 0.089709299019 -0.487007379691 0
-0.014144440345 0.128851173779 -0.591593399087 0
0.132114364898 0.117233620553 -0.524010192305 0
0.142247473727 0.382604368291 0.038333936196 0
-0.025482478642 0.375299637847 0.107382675284 0
0.212294413747 0.246775027883 0.083842376301 0
0.078723837334 0.284542750588 0.079206427137 0
0.030662860595 0.172130738862 0.068662781193 0
-0.008046027721 0.069180924303 -0.057587616068 0
0.086017157867 0.066947753911 -0.021929189483 0
0.012082851852 0.061392962963 0.024204925926 0
-0.116776455738 0.233866931631 0.168045677646 0
0.248715895875 0.144506421634 -0.047998187562 0
-0.161870732869 0.155847123589 0.102797713871 0
0.261369571873 0.157586494211 -0.154412837940 0
-0.188231352907 0.092841214216 0.029667591460 0
0.291698709676 0.176428627079 -0.247848059485 0
-0.029286373572 0.219132791772 -0.283359530091 0
0.092434809389 0.268046618885 -0.210171175372 0
-0.011781046781 0.091354166021 -0.573089311994 0
0.130526580540 0.089670779523 -0.487339383921 0
-0.014551699427 0.131979528465 -0.585629767143 0
0.132046966419 0.117286526016 -0.524279522210 0
0.139132791207 0.384474262120 0.038105477801 0
-0.027259692027 0.373892802355 0.107027849166 0
0.212193098742 0.248872645325 0.081672515890 0
0.078045368044 0.284657138239 0.078088077103 0
0.031078930879 0.171685466897 0.068084433694 0
-0.009371301314 0.068873661057 -0.057575178327 0
0.085019961361 0.066517313189 -0.022802624857 0
0.011517370370 0.060895555556 0.024008259259 0
-0.116303718349 0.229275264240 0.163372587546 0
0.250661914226 0.135505608914 -0.040128107075 0
-0.162488960894 0.158176472423 0.091332555433 0
0.259955619476 0.149866970501 -0.146723885443 0
-0.191219023488 0.104052704228 0.012261256072 0
0.285969028377 0.170005499220 -0.241510325576 0
-0.031189874881 0.221497877213 -0.281493624422 0
0.094238552298 0.267975058225 -0.210543881758 0
-0.012303907174 0.093585984723 -0.569358752151 0
0.132600363438 0.089280479779 -0.487677361867 0
-0.014411556054 0.134887713449 -0.579609831386 0
0.134587253392 0.116641411565 -0.524784591952 0
0.135267245947 0.387109469591 0.038638686865 0
-0.029367107900 0.372752186359 0.105698257116 0
0.211829904250 0.251389199223 0.079135157145 0
0.077112230793 0.285043372654 0.076389823794 0
0.031448306645 0.171434472897 0.067243294954 0
-0.010448882565 0.068580936874 -0.057713602664 0
0.084323396582 0.066074387201 -0.024004173218 0
0.011343259259 0.060517407407 0.023624740741 0
-0.116154805588 0.224770982097 0.156563365122 0
0.254754351543 0.126625396072 -0.029302897578 0
-0.163003991465 0.163414294301 0.076448499467 0
0.259571096708 0.141596059603 -0.136110948909 0
-0.192915391819 0.120610577966 -0.008782726728 0
0.280805053834 0.162412465760 -0.232101534935 0
-0.032866853121 0.225292052013 -0.278731097444 0
0.096775941827 0.267904853400 -0.211157538209 0
-0.012651305443 0.095940051553 -0.563871458483 0
0.136282654287 0.088340238547 -0.487956056521 0
-0.014375523673 0.137355556549 -0.573727554187 0
0.139418353590 0.114813398183 -0.525623735679 0
0.130905875792 0.390018378526 0.038943765572 0
-0.030870849037 0.372204631607 0.103152471661 0
0.211875416181 0.253981329873 0.076542825924 0
0.076681080123 0.285697972501 0.074189559202 0
0.032227589030 0.171493666148 0.066375852404 0
-0.011007930793 0.068557154759 -0.057733529549 0
0.084131945216 0.065856428399 -0.025091480141 0
0.011680814815 0.060412222222 0.023351148148 0
-0.117239838192 0.221572951512 0.146376251704 0
0.260144882514 0.118662978102 -0.015795295988 0
-0.163973578929 0.171714720349 0.058581062112 0
0.260752943612 0.132930049199 -0.122806335483 0
-0.193415789379 0.141714625431 -0.031869658045 0
0.276752214606 0.153208929908 -0.220204843730 0
-0.034770381413 0.230939706490 -0.274475138025 0
0.099789979265 0.267864084408 -0.211812442756 0
-0.011595346231 0.097713578547 -0.555974886074 0
0.140576486195 0.087139388423 -0.488094217952 0
-0.012591272103 0.138873189419 -0.566940932289 0
0.145165054609 0.113106671457 -0.525964524211 0
0.126758688832 0.392590753141 0.037958947421 0
-0.032456633237 0.371895386922 0.100019038335 0
0.211923048594 0.256922699844 0.074126492477 0
0.076254507408 0.286557390899 0.071930176336 0
0.033147931185 0.171720896912 0.065955904516 0
-0.011412689764 0.068772196741 -0.057112544350 0
0.084118410997 0.065688207354 -0.025669085312 0
0.012260888889 0.060430000000 0.023669962963 0
-0.121754866941 0.220481571396 0.133447804722 0
0.265450373499 0.112706647532 -0.000061661618 0
-0.167174390304 0.183142476266 0.038998135977 0
0.263165759995 0.124854075853 -0.107311380294 0
-0.194982556730 0.166756076597 -0.055112819858 0
0.274054761651 0.143310764093 -0.206187144609 0
-0.037263916848 0.238699214533 -0.267745387690 0
0.103202016646 0.267609126267 -0.212165046388 0
-0.010061389605 0.097699472791 -0.544792028945 0
0.145763851281 0.085871759748 -0.487951120240 0
-0.010412682865 0.138354568308 -0.557535631522 0
0.152168440160 0.110720910226 -0.526304944121 0
0.121956925411 0.395711590308 0.036822268639 0
-0.033965853431 0.371813613103 0.095154605302 0
0.212091513181 0.260124653031 0.070825196536 0
0.075971176623 0.287597799699 0.068485971489 0
0.034282879032 0.172134660767 0.064881630108 0
-0.011536295649 0.069138355337 -0.056529025778 0
0.084345038164 0.065545441464 -0.026226317723 0
0.013052703704 0.060416296296 0.023939296296 0
-0.129126486268 0.221730533904 0.116066893400 0
0.269880005360 0.109164848726 0.015698486859 0
-0.172710093508 0.198330733641 0.016413496161 0
0.266405698526 0.116711002952 -0.091941033663 0
-0.197959081359 0.195035107672 -0.079746345412 0
0.273826826348 0.131220648180 -0.192092064289 0
-0.040115414168 0.247601022686 -0.259615170944 0
0.107010324665 0.267643429437 -0.212128638959 0
-0.008449494902 0.096000949064 -0.531723223803 0
0.150298066883 0.084994882967 -0.487532307917 0
-0.008177566735 0.135518344421 -0.547649966231 0
0.158356136260 0.109135769541 -0.526026462770 0
0.117017089944 0.398743043171 0.033742768412 0
-0.035433344899 0.371774076470 0.089114652035 0
0.212460361083 0.263760057417 0.066927858235 0
0.075881311974 0.288821200164 0.064264354015 0
0.035731732503 0.172751526902 0.063468913662 0
-0.011205007163 0.069783262486 -0.055825864274 0
0.084894512703 0.065570642790 -0.026304186877 0
0.013976777778 0.060469259259 0.024392407407 0
-0.139734779094 0.226468729673 0.094151269380 0
0.274169552175 0.108386091570 0.032024664458 0
-0.180558274253 0.216602850003 -0.008872939984 0
0.270217976551 0.108988159218 -0.075860942527 0
-0.202223345536 0.224938184957 -0.105679466463 0
0.276323320074 0.116989582071 -0.176932653040 0
-0.043486591952 0.257193065444 -0.250106941710 0
0.111004082887 0.267696833548 -0.211723383162 0
-0.007246179955 0.092649732225 -0.516407136521 0
0.154125314239 0.084509394421 -0.486802675754 0
-0.006395815178 0.129695795273 -0.537436299545 0
0.163509448948 0.108096323380 -0.525339796072 0
0.112088012474 0.401279495726 0.028276351662 0
-0.036739182497 0.371691989899 0.081847427147 0
0.213011742962 0.267440732999 0.062697433313 0
0.076015080914 0.290018886277 0.059360763068 0
0.037427991979 0.173436094649 0.061745019284 0
-0.010541507288 0.070565883538 -0.055058824829 0
0.085717898467 0.065524493332 -0.026195275014 0
0.015098333333 0.060510370370 0.024924481481 0
-0.153170052018 0.236420499435 0.069069438746 0
0.278772028564 0.110278304986 0.050744085551 0
-0.190467783782 0.235296601202 -0.035742283459 0
0.274496201387 0.101973731442 -0.056810705090 0
-0.207820086886 0.250701596914 -0.132560966385 0
0.280504171727 0.101841707140 -0.158161377012 0
-0.047569203679 0.266986659938 -0.239334434472 0
0.115211282081 0.267702291145 -0.211049983883 0
-0.005395390944 0.089258415669 -0.498502030424 0
0.157357868912 0.084430268577 -0.486057826220 0
-0.003997788555 0.124302924107 -0.522694771917 0
0.167777899798 0.107563276868 -0.524603924961 0
0.107470251401 0.402954937198 0.020599952748 0
