-0.215652226432 0.913511557688 -0.083729413702 0
-0.030709406174 0.899827595964 0.114309658260 0
-0.117190474435 0.873351392156 0.008910288003 0
-0.132723889221 0.752156342178 0.023276953291 0
-0.145130348527 0.563304060488 -0.023467128377 0
-0.072579851493 0.573829625590 0.045453341578 0
-0.137577777778 0.629625925926 0.028496444444 0
-0.267661290197 0.743235726359 -0.065868869234 0
-0.067823167878 0.752312790193 0.191958078945 0
-0.187973824739 0.677395141988 -0.107012597213 0
-0.045507871850 0.698072324207 0.101319891393 0
-0.102490153000 0.632174243476 -0.125008122852 0
0.001986294043 0.657549706301 0.026918653101 0
-0.116179831191 0.293011813300 -0.027160455816 0
-0.034623572003 0.301635736953 0.025786292170 0
-0.126769977775 0.030501665769 0.042318893022 0
-0.069473175878 0.035643077799 0.097493145053 0
-0.101814076925 0.027159330884 0.007947518080 0
-0.036006358820 0.035193252681 0.065723904303 0
-0.112081759530 0.997462727173 0.013085521522 0
-0.219027245757 0.915602765741 -0.075367366763 0
-0.036193839001 0.898541283462 0.124361005766 0
-0.121047291170 0.874057442586 0.017172270457 0
-0.135292002520 0.752296691215 0.027586145085 0
-0.146493271947 0.563474567185 -0.022711865379 0
-0.075046625134 0.574022121012 0.047348958816 0
-0.139991851852 0.629633333333 0.029600592593 0
-0.273140128620 0.745836434329 -0.058966478854 0
-0.072746032799 0.749138630638 0.198591127160 0
-0.193332394213 0.681825366957 -0.102683636084 0
-0.047908337254 0.698002024475 0.106811946405 0
-0.107803703668 0.637491502993 -0.121706006634 0
0.001784904631 0.660320509563 0.032468405796 0
-0.113911300592 0.293741259650 -0.032305090059 0
-0.039223741540 0.301026779051 0.036992836234 0
-0.126364766524 0.031002636359 0.040712716568 0
-0.072690016837 0.035279436311 0.100367329962 0
-0.101657700834 0.029218084618 0.006046654127 0
-0.038259832574 0.037238987505 0.069704038958 0
-0.116189809266 0.998225228778 0.023878455738 0
-0.222009868677 0.916680247420 -0.067404451059 0
-0.041162522906 0.896021072867 0.133787019017 0
-0.124521877834 0.873650543646 0.024976315708 0
-0.137947779035 0.751537169277 0.031922697500 0
-0.148859037896 0.562887135784 -0.020671582911 0
-0.078657756227 0.573500100895 0.050627353568 0
-0.143571111111 0.628862962963 0.032007370370 0
-0.278207842575 0.747423664228 -0.052851194610 0
-0.077561888818 0.744448450208 0.203559167370 0
-0.198342155158 0.685232026134 -0.099019941378 0
-0.049642343948 0.696192019392 0.111108653424 0
-0.112749396073 0.641953638257 -0.119092538892 0
0.002683986642 0.661403325251 0.037313501167 0
-0.111805472631 0.294612522832 -0.044450509673 0
-0.043605717269 0.300303683457 0.043412295665 0
-0.125833503238 0.031877433618 0.038632177994 0
-0.073645444099 0.033995726865 0.101069197927 0
-0.101084802723 0.029497869348 0.004031612943 0
-0.038777206152 0.037784696787 0.071079790901 0
-0.119682284885 0.997742950460 0.034574758096 0
-0.223748990060 0.918217335359 -0.060993040091 0
-0.046749363242 0.892906686216 0.143068408359 0
-0.127764315402 0.873173969770 0.032000009548 0
-0.140954026489 0.750879069019 0.035557010584 0
-0.151940675849 0.562568107160 -0.018790347534 0
-0.083039036495 0.573073169813 0.053781004062 0
-0.147874444444 0.628251851852 0.034359962963 0
-0.281676045507 0.749441207734 -0.047693585654 0
-0.083144393443 0.739014859999 0.207566734418 0
-0.201755666813 0.689313843119 -0.096430780357 0
-0.051579148741 0.693252934834 0.115020728768 0
-0.116063372483 0.647276847819 -0.117971616606 0
0.003869264177 0.661437738981 0.042431525936 0
-0.108794463616 0.298201587135 -0.065249140790 0
-0.047679924550 0.299946135508 0.045514122507 0
-0.125955639177 0.034766532573 0.035030915328 0
-0.072876367293 0.032487497842 0.101265619334 0
-0.100296815657 0.028243034458 0.001647860450 0
-0.037854943354 0.038769285919 0.071879332595 0
-0.122731651305 0.997017384689 0.044638971817 0
-0.224231678217 0.920707205656 -0.055210866582 0
-0.051991395389 0.888926597591 0.151993982587 0
-0.130521043211 0.872673126696 0.038601254059 0
-0.144329509402 0.750389398188 0.038861026216 0
-0.154875709503 0.562453684321 -0.017179140200 0
-0.087359412896 0.572764408450 0.056710182302 0
-0.152036666667 0.627822222222 0.036437444444 0
-0.283027765621 0.752174025351 -0.042665439539 0
-0.089343932763 0.732894032041 0.210525622781 0
-0.202898372639 0.694656884620 -0.094133293157 0
-0.052888129383 0.689220599875 0.118771127782 0
-0.116980148044 0.654325910766 -0.117252246428 0
0.006267573790 0.660024955434 0.048064480298 0
-0.106285533616 0.305506033384 -0.091520054213 0
-0.051855215608 0.299743984567 0.045926624718 0
-0.128372367187 0.039834421301 0.028429383807 0
-0.073506231632 0.031350323635 0.100825156621 0
-0.101701745261 0.030653505243 -0.003504114459 0
-0.038858857931 0.038700392906 0.071243898674 0
-0.125392179943 0.996145503176 0.054128123727 0
-0.224472373472 0.923843365817 -0.050479141834 0
-0.058272557002 0.885941655079 0.160593482932 0
-0.133479643305 0.873050151240 0.044547392586 0
-0.147520691475 0.750836302968 0.041307864283 0
-0.157855858358 0.563377726859 -0.016689534855 0
-0.091819442736 0.573278531472 0.058580374135 0
-0.156195555556 0.628362962963 0.037440000000 0
-0.282861055480 0.755088869102 -0.039056263513 0
-0.097190639253 0.728071421623 0.212840001730 0
-0.202327797104 0.700543370451 -0.093066113780 0
-0.054885720370 0.686146882536 0.122796076391 0
-0.116041287258 0.662328026523 -0.117559855465 0
0.008546982087 0.659324515014 0.054887913627 0
-0.106070709974 0.315935990928 -0.116692323504 0
-0.054986271736 0.300476496323 0.046775623875 0
-0.134078366473 0.047943754937 0.009595523773 0
-0.073444561374 0.030579619211 0.100149519988 0
-0.107822266069 0.042024204663 -0.023433792314 0
-0.039002706775 0.038274918149 0.070416442945 0
-0.128144107719 0.996142337205 0.062291534478 0
-0.224255000802 0.927104323975 -0.046970077854 0
-0.065192287044 0.883207362726 0.168396311078 0
-0.136448565199 0.873627515275 0.049569709963 0
-0.150483050366 0.751568738729 0.042671518195 0
-0.160412704748 0.564696079338 -0.018107271677 0
-0.095938519285 0.573920119680 0.058589467551 0
-0.159829259259 0.629229629630 0.036582074074 0
-0.283311528864 0.758468661609 -0.037371100356 0
-0.104984712073 0.723562744806 0.214194622659 0
-0.201679436784 0.706730330618 -0.092482149180 0
-0.056820668765 0.683630497253 0.126212112082 0
-0.114669067313 0.670693827585 -0.117431817623 0
0.011107265716 0.659202477222 0.062136898187 0
-0.107625964613 0.325260987673 -0.135555426010 0
-0.057220173695 0.301361258603 0.047207817441 0
-0.141957941688 0.051665451751 -0.020010619332 0
-0.073237816560 0.030166234229 0.099274354239 0
-0.116519721697 0.049699761690 -0.054133817180 0
-0.038857455711 0.037488450340 0.069376347891 0
-0.131104728959 0.996227287355 0.070091431410 0
-0.223219606328 0.928953264540 -0.044873967439 0
-0.072924941206 0.878479213159 0.175295184283 0
-0.139360523994 0.872521655613 0.053476414654 0
-0.153178772438 0.750735056829 0.042540386050 0
-0.162309614643 0.564611687166 -0.021941715534 0
-0.099508031336 0.572761282748 0.056249962702 0
-0.162642962963 0.628592592593 0.033395222222 0
-0.283416026349 0.760569366057 -0.038466608719 0
-0.113724563268 0.717488525545 0.215103673396 0
-0.199780793767 0.712199583805 -0.093633565219 0
-0.060061324398 0.679650731916 0.129407466963 0
-0.111560800984 0.679143339939 -0.117670205822 0
0.012107566528 0.656922420416 0.069953390369 0
-0.111171405907 0.329448827819 -0.148405090477 0
-0.058110542859 0.300561323171 0.045742110846 0
-0.153027562152 0.048381234149 -0.059197953255 0
-0.073114136108 0.029396325253 0.098500900935 0
-0.128236534005 0.048856216990 -0.093846747171 0
-0.038836891135 0.036811854159 0.068507647485 0
-0.134598334584 0.994691765010 0.076572850044 0
-0.221836662905 0.931144119984 -0.044666407878 0
-0.081767171720 0.873733516725 0.180489386783 0
-0.142602622043 0.871586616738 0.055655775161 0
-0.155937268399 0.750191183363 0.040547014234 0
-0.163709644160 0.565063415679 -0.028180303572 0
-0.102749525003 0.571701734780 0.051595569418 0
-0.164899629630 0.628314814815 0.027977407407 0
-0.283576067984 0.763198346682 -0.045179815876 0
-0.124635780771 0.712179943846 0.215561482704 0
-0.196040923403 0.719491542854 -0.098143905747 0
-0.064840152026 0.676308430060 0.133141831459 0
-0.105738017452 0.690740478144 -0.119009637954 0
0.011564022170 0.654398760601 0.079005106291 0
-0.117191160733 0.330688529413 -0.157849557439 0
-0.059556892318 0.299693671234 0.043658640264 0
-0.165968285595 0.044334911483 -0.106641962612 0
-0.073013665275 0.028710277176 0.097943335639 0
-0.141379817776 0.046619369813 -0.141362966422 0
-0.038855909047 0.036717840655 0.067965986506 0
-0.138491630213 0.993424910972 0.080834020953 0
-0.219905026019 0.934184536274 -0.046581597606 0
-0.092697362003 0.868883316043 0.183992755800 0
-0.146569408847 0.871029104903 0.055999826522 0
-0.159254701993 0.750180261882 0.036548417240 0
-0.164988171317 0.566128069830 -0.036237804187 0
-0.106099746803 0.571098730380 0.045198301511 0
-0.167096296296 0.628607407407 0.020751074074 0
-0.280890353616 0.766317217457 -0.057497347158 0
-0.138771061585 0.707797177565 0.217095575335 0
-0.188189706562 0.729351977328 -0.106670938765 0
-0.071848345033 0.674307583425 0.139281188983 0
-0.095563414572 0.705623798963 -0.122545266351 0
0.009059542439 0.652850085202 0.091867791534 0
-0.125612739636 0.330379964800 -0.165783465502 0
-0.061819816388 0.299180636396 0.041096725849 0
-0.179202145085 0.042866779086 -0.156622730090 0
-0.072913715137 0.028205315738 0.097544521962 0
-0.154532010590 0.046073050159 -0.191212669305 0
-0.038937984914 0.037257563591 0.067657712010 0
-0.142451999584 0.992109862358 0.084338253519 0
-0.217548565688 0.936782107946 -0.050071017067 0
-0.104763655981 0.862778688286 0.185329980420 0
-0.150868758305 0.869639083762 0.054500907582 0
-0.162594520467 0.749484254999 0.030646179369 0
-0.165438743839 0.566397381807 -0.045543465067 0
-0.108476900002 0.569941978468 0.037324969820 0
-0.168458148148 0.628196296296 0.012142074074 0
-0.275119642620 0.769113187303 -0.074371318481 0
-0.154303517272 0.702839941978 0.218985975978 0
-0.176969705836 0.741452607740 -0.118861354456 0
-0.079969511045 0.672262413584 0.146911348644 0
-0.082479979199 0.723355974403 -0.128262808007 0
0.005090735987 0.650624943837 0.107457998964 0
-0.136414787494 0.326943049722 -0.170958395657 0
-0.062999758885 0.298191861874 0.038154887559 0
-0.192221055421 0.043103674554 -0.203142989043 0
-0.072584325754 0.027788897342 0.097120952143 0
-0.166351605746 0.049575034380 -0.236373286673 0
-0.038779402255 0.037838375590 0.067359400124 0
-0.146412744556 0.989579241213 0.086780728789 0
-0.215957360980 0.937853618904 -0.054931186110 0
-0.116689881961 0.855773106523 0.183856017679 0
-0.155392113813 0.867070195728 0.050951898814 0
-0.165602523528 0.747673438929 0.022983777231 0
-0.165425164299 0.565317930655 -0.055891856585 0
-0.109996669876 0.567932628295 0.028044063507 0
-0.169214444444 0.626681481481 0.002211500000 0
-0.268013230715 0.771670109034 -0.096053296593 0
-0.169494867296 0.697086102502 0.218459409748 0
-0.165035217547 0.753781037029 -0.134176661612 0
-0.087773004346 0.669312293324 0.153610090018 0
-0.069331416437 0.741471058262 -0.136512525114 0
0.000706566089 0.646738958338 0.122843514223 0
-0.149374756879 0.322489713145 -0.177079781782 0
-0.063812698119 0.296364782712 0.033954308399 0
-0.202206831482 0.044670206149 -0.245851721263 0
-0.072291093411 0.027276064318 0.096985504853 0
-0.174600099300 0.055296051887 -0.276516348208 0
-0.038681692967 0.038132329028 0.067285933091 0
-0.150608858759 0.985803302801 0.087279631079 0
-0.215725019922 0.936537649314 -0.060996381275 0
-0.127646604922 0.847360608633 0.179628263812 0
-0.160245284267 0.862548767979 0.045480443454 0
-0.169205883366 0.743965275909 0.013882710254 0
-0.166774351534 0.562135716528 -0.067474354133 0
-0.112630749701 0.564279847510 0.017309290530 0
-0.171144074074 0.623388888889 -0.009295333333 0
-0.262233921325 0.774456811829 -0.120867281618 0
-0.182781048524 0.690143999237 0.217184319553 0
-0.155808221387 0.765332382729 -0.151983133525 0
-0.094955884481 0.664337946249 0.159947357547 0
-0.059399908224 0.758476836006 -0.148192948192 0
-0.004181402444 0.640951558026 0.137637564723 0
-0.163317360052 0.317320035915 -0.185639508669 0
-0.064635759595 0.293163118863 0.027758470835 0
-0.210365273261 0.044742982973 -0.280891887535 0
-0.071893431950 0.026444136368 0.097279374234 0
-0.180953685545 0.058168617903 -0.308642030595 0
-0.038809980139 0.039032360582 0.067673012218 0
-0.155329422463 0.980260414974 0.085409479000 0
-0.216857073714 0.934855239661 -0.067856632321 0
-0.137131683451 0.838900670434 0.173073138336 0
-0.165164571906 0.857826082958 0.038369843232 0
-0.173052793863 0.740160806988 0.003257415742 0
-0.168782285990 0.558919425897 -0.080853596358 0
-0.115681111892 0.560755916430 0.004593966108 0
-0.173589259259 0.620151851852 -0.022687222222 0
-0.256391240834 0.779912705718 -0.148153962929 0
-0.194168479289 0.683781376693 0.216109577480 0
-0.147871077528 0.779202116990 -0.172664170466 0
-0.101461184763 0.659445793418 0.166426395635 0
-0.051414091667 0.776936369930 -0.163456583877 0
-0.009038996942 0.636560806384 0.152004469981 0
-0.174356292892 0.313571196353 -0.197827305873 0
-0.066273191320 0.290202457219 0.021227308830 0
-0.217420744104 0.042972109004 -0.304306424557 0
-0.071544545963 0.025754719979 0.097303478023 0
-0.186897377261 0.062396581735 -0.326809169738 0
-0.039084878518 0.039814733993 0.067669024430 0
-0.160012753733 0.974668507480 0.081242494069 0
-0.218686530871 0.933974315331 -0.075337079188 0
-0.145760655915 0.829979854284 0.164407660963 0
-0.170062672911 0.853373508590 0.029681491663 0
-0.177062262346 0.736908169940 -0.009383976741 0
-0.171421888816 0.556447939915 -0.096438879714 0
-0.119029551615 0.558061271672 -0.010550385242 0
-0.176632962963 0.617581481481 -0.038203333333 0
-0.250036283754 0.788421296604 -0.174580780403 0
-0.203304056835 0.676864444236 0.213517279987 0
-0.140873736342 0.795696832481 -0.194791813874 0
-0.106129620461 0.654551227095 0.172110385803 0
-0.045208094778 0.796356984091 -0.181472753326 0
-0.012115600590 0.634264859503 0.165506273814 0
-0.179383896280 0.312016792013 -0.215181005280 0
-0.069244594007 0.288301998141 0.015302609485 0
-0.224940341349 0.041753039224 -0.321049387973 0
-0.071170201256 0.025452218331 0.096888937541 0
-0.195510626504 0.066093035357 -0.339938963868 0
-0.039439599373 0.040819914300 0.067114490961 0
-0.164334004482 0.969290830917 0.075284598198 0
-0.221199768142 0.932741062610 -0.083968709581 0
-0.154119433759 0.820364583129 0.153691398967 0
-0.175203006697 0.848446526263 0.019319232176 0
-0.181406324011 0.733358827496 -0.023742388111 0
-0.174529618706 0.554056626325 -0.114060742851 0
-0.122205322775 0.555408297217 -0.028126265715 0
-0.180091851852 0.614803703704 -0.055454444444 0
-0.246349372446 0.801038231728 -0.202457790251 0
-0.210536910076 0.668741860766 0.208417488665 0
-0.137039877151 0.812905157630 -0.219442823707 0
-0.109165426840 0.649487768500 0.176662426907 0
-0.042015529461 0.813627290464 -0.203666934186 0
-0.013692504525 0.633549528552 0.178105839237 0
-0.179610134146 0.311635638977 -0.237007582041 0
-0.073829721010 0.286735213563 0.009177357031 0
-0.232033064528 0.039386122053 -0.332560218265 0
-0.071443877480 0.025321312784 0.096471833776 0
-0.203874817938 0.063901382736 -0.353090068427 0
-0.040427200572 0.041540652825 0.066398363630 0
-0.168394534186 0.963340484408 0.067521176439 0
-0.224435038952 0.931076087225 -0.093703265456 0
-0.162310943305 0.810041605519 0.141034508613 0
-0.180698688328 0.842980931702 0.007371187505 0
-0.186247436164 0.729409150959 -0.039592917472 0
-0.177885568581 0.551565676223 -0.133141262744 0
-0.125247063418 0.552516439346 -0.047393509752 0
-0.183824444444 0.611622222222 -0.073864074074 0
-0.247778338836 0.817623349919 -0.230090094899 0
-0.216313432537 0.659185744189 0.200140910324 0
-0.138415970989 0.830410500843 -0.246035072910 0
-0.111587982363 0.644735787665 0.178253460223 0
-0.042718796194 0.829149520181 -0.231565409102 0
-0.015227189683 0.635962493680 0.187496619516 0
-0.177111113828 0.311344409152 -0.260431541546 0
-0.079830440566 0.285150844752 0.001288665556 0
-0.234781398617 0.036408664595 -0.337189597078 0
-0.072513401697 0.025419286767 0.095434000618 0
-0.208508451833 0.062773228857 -0.357926077580 0
-0.042196779543 0.041902195839 0.064795283704 0
-0.172115581875 0.956219942310 0.058953135017 0
-0.228721624529 0.928294633221 -0.104141318862 0
-0.170251883374 0.798508719069 0.126829409703 0
-0.186660772581 0.836399656003 -0.005775330180 0
-0.191828973921 0.724552695839 -0.056727774567 0
-0.182105756220 0.548449858756 -0.153875845014 0
-0.129676264340 0.548863268946 -0.067995866016 0
-0.188803333333 0.607688888889 -0.093861481481 0
-0.253974823604 0.834377525577 -0.254340031657 0
-0.219327641178 0.647186367811 0.188961868771 0
-0.145162901589 0.847247107256 -0.273633049786 0
-0.112310339400 0.640478404541 0.176408702688 0
-0.048385879760 0.843039285326 -0.264980406036 0
-0.016358339635 0.642262378195 0.192889557303 0
-0.174827249361 0.310081238932 -0.284402073919 0
-0.086407601547 0.283256974668 -0.008851092309 0
-0.233347450919 0.033547764523 -0.339517691801 0
-0.073368234056 0.025745152397 0.094457886465 0
-0.207338255070 0.058276311049 -0.362482454440 0
-0.043714252092 0.042907558636 0.063544976374 0
-0.175897900061 0.947619472875 0.049338807444 0
-0.233896587202 0.925095636268 -0.114933915924 0
-0.177569541168 0.786643781028 0.111492494334 0
-0.192838243569 0.829488611734 -0.019733185298 0
-0.198008017729 0.719608986801 -0.074798979165 0
-0.187189661302 0.545552087827 -0.176100976113 0
-0.135740119568 0.545329184563 -0.089629661280 0
-0.195117777778 0.603940740741 -0.115407037037 0
-0.261730171182 0.850738969205 -0.275290325723 0
-0.218345630802 0.633405072526 0.174915953677 0
-0.154744703447 0.863001069853 -0.303248001500 0
-0.110568093350 0.638816176138 0.171753042351 0
-0.057982662667 0.854626611560 -0.304537206143 0
-0.017233112491 0.653584727952 0.195553031623 0
-0.172492645719 0.307710456583 -0.306963607109 0
-0.095119454906 0.281829013792 -0.020098325883 0
-0.229461728804 0.030629996673 -0.341697322111 0
-0.075028675918 0.025726274638 0.094908666926 0
-0.202049306053 0.049579778385 -0.368245852335 0
-0.044940618559 0.042400947830 0.064148645425 0
-0.179679404309 0.938737367225 0.038357095860 0
-0.239962366284 0.920951845019 -0.124811668054 0
-0.183489623342 0.773986917382 0.096146950121 0
-0.198875469944 0.821777885646 -0.033345485422 0
-0.204157713031 0.714117437845 -0.092631272127 0
-0.192436681720 0.542207540077 -0.198446474029 0
-0.141155953551 0.541663143574 -0.111876364462 0
-0.200984074074 0.599988888889 -0.137257407407 0
-0.271791966218 0.863631768070 -0.291302165813 0
-0.212182379949 0.617247544398 0.157602797192 0
-0.168862399574 0.875735033756 -0.331760741220 0
-0.106630119725 0.639064087310 0.163770490993 0
-0.073574630448 0.864254712264 -0.347997517399 0
-0.019529174149 0.669616411522 0.194812443064 0
-0.169952587206 0.303852381263 -0.327252358101 0
-0.103447037261 0.280461938207 -0.032699644753 0
-0.227061204049 0.028500105746 -0.342879097769 0
-0.078496442985 0.025694330706 0.096867544557 0
-0.199096363085 0.043261835832 -0.371434633131 0
-0.047115274004 0.042208948436 0.067337822596 0
-0.183300495250 0.929313920096 0.026976088049 0
-0.246092044980 0.916408949773 -0.133880372532 0
-0.188260611191 0.760895497164 0.080786026610 0
-0.204481647177 0.813712438325 -0.046635480617 0
-0.210111582130 0.708546093852 -0.110219995986 0
-0.197733633174 0.538916461027 -0.220722209118 0
-0.146008811744 0.538337557874 -0.134416930956 0
-0.206496296296 0.596259259259 -0.159152222222 0
-0.283668416529 0.871104360707 -0.302857622503 0
-0.201014758380 0.600463406024 0.137936724998 0
-0.187825647424 0.885495083048 -0.357492334678 0
-0.101381947756 0.639240972374 0.152932891999 0
-0.096593543446 0.874735561837 -0.391509129092 0
-0.024739226657 0.685677156226 0.190339577826 0
-0.167913237422 0.299330473787 -0.345698089699 0
-0.107904232421 0.279470785976 -0.048086053292 0
-0.225112089254 0.027264274353 -0.344112946936 0
-0.082075624831 0.026500018404 0.097000792512 0
-0.196986162766 0.039359687595 -0.373743890943 0
-0.047320063925 0.041314819399 0.070503858689 0
-0.186570387133 0.919505959267 0.015767010000 0
-0.253677213532 0.912438387768 -0.141009313262 0
-0.190340718861 0.747682277516 0.065035546354 0
-0.209572554228 0.806165241569 -0.059458916214 0
-0.215708720581 0.703924804316 -0.127593801476 0
-0.203103729648 0.536358537147 -0.242082778013 0
-0.150499465288 0.536021379465 -0.156309407930 0
-0.211804444444 0.593418518519 -0.180241851852 0
-0.297300891756 0.872308869805 -0.309841765663 0
-0.182398919881 0.583738259477 0.112222549252 0
-0.212600772552 0.892431124174 -0.379115611662 0
-0.092957287602 0.638946121202 0.136871444738 0
-0.128871847209 0.886731284021 -0.430536903517 0
-0.032051417293 0.698971298476 0.181330684838 0
-0.167626555551 0.294988821547 -0.362048200199 0
-0.110086841524 0.278181855717 -0.067977166760 0
-0.223700029037 0.026506792833 -0.345089637334 0
-0.086323549346 0.028809418116 0.094787976569 0
-0.195454968003 0.036219446377 -0.375474510106 0
-0.046948101351 0.040609254790 0.073815308783 0
-0.189868495816 0.910721805149 0.004404278635 0
-0.262527124591 0.908047508519 -0.147024245599 0
-0.190009241489 0.735589697592 0.049470109734 0
-0.214313458965 0.799021207226 -0.071669233110 0
-0.221491317862 0.699549634661 -0.143670789308 0
-0.209456119038 0.533852724105 -0.261523848362 0
-0.155246114232 0.533798590583 -0.176755541974 0
-0.217601481481 0.590611111111 -0.199330740741 0
-0.312657128192 0.868591504469 -0.314200819857 0
-0.159333032596 0.570277804801 0.079441342174 0
-0.243742831745 0.894291810696 -0.397676535240 0
-0.083809270373 0.639389686480 0.113719480691 0
-0.170828909592 0.896020246692 -0.464674595881 0
-0.042858125761 0.707223877906 0.165903174359 0
-0.170209594494 0.291213822365 -0.377695039647 0
-0.111849300184 0.276137937270 -0.089321628297 0
-0.222507461478 0.025529343925 -0.345866252833 0
-0.089779544474 0.033943792654 0.090184093094 0
-0.194059997410 0.031021083882 -0.377106326224 0
-0.046136351312 0.040923873762 0.076915144276 0
-0.192856150732 0.902424038920 -0.006494278671 0
-0.272171781617 0.902879661585 -0.151189777522 0
-0.187492828118 0.723901520734 0.034301115862 0
-0.218566317960 0.791795832055 -0.082804787086 0
-0.227062989727 0.695099313422 -0.158325490886 0
-0.216170775286 0.531234917965 -0.279385801353 0
-0.159227188047 0.531567659645 -0.196429725778 0
-0.222908518519 0.587740740741 -0.216795555556 0
-0.329712372079 0.860376530187 -0.315203084201 0
-0.134159602765 0.561904388103 0.043235462890 0
-0.279902616976 0.889632289094 -0.410287099266 0
-0.074136066184 0.640858317584 0.085882077123 0
-0.220622121072 0.899446845184 -0.489974318912 0
-0.053465602164 0.709594439611 0.144653777667 0
-0.174466469091 0.287570613027 -0.392514618881 0
-0.111938561443 0.273480235304 -0.112336609610 0
-0.221630834909 0.024680017527 -0.346510777181 0
-0.092036649199 0.040823631747 0.078423702974 0
-0.193104950105 0.025725520077 -0.378142097508 0
-0.046047621041 0.040061415960 0.074689648802 0
-0.195308979672 0.894192816184 -0.016798377541 0
-0.282640692749 0.896132338905 -0.153776195259 0
-0.182632887069 0.712664919090 0.019280778788 0
-0.222243790758 0.784084229040 -0.093054657568 0
-0.232067704756 0.690030520623 -0.171647974329 0
-0.222673782114 0.528440252565 -0.296331976259 0
-0.161791699084 0.528917164699 -0.216222439746 0
-0.227028518519 0.584459259259 -0.233096296296 0
-0.347279924815 0.845315585800 -0.312701422265 0
-0.111874200941 0.557805254787 0.005900974099 0
-0.318258608294 0.876642605662 -0.415435360511 0
-0.067133329986 0.642924177281 0.054975459622 0
-0.275534557083 0.893966818704 -0.504710207922 0
-0.065444815532 0.707554608575 0.117339580213 0
-0.179320163909 0.283667158519 -0.406405897926 0
-0.112035089114 0.270022886884 -0.136128634275 0
-0.221046993452 0.023879543140 -0.347234527323 0
-0.094006639436 0.047293071466 0.059749554509 0
-0.192571374574 0.020276430271 -0.378722879332 0
-0.048472093036 0.040356188391 0.062577907702 0
-0.197489877583 0.885747231094 -0.026643795839 0
-0.294404996105 0.887662864418 -0.155171505370 0
-0.174690444579 0.703296917095 0.003851119491 0
-0.225204529493 0.776479712541 -0.102833450444 0
-0.236501581989 0.684671461629 -0.183831490943 0
-0.229057467520 0.526141766929 -0.312818718165 0
-0.164697033925 0.526161786974 -0.235474503732 0
-0.231277037037 0.581125925926 -0.248571851852 0
-0.365839679730 0.824536765140 -0.306597995994 0
-0.091005893272 0.559229761026 -0.033683889218 0
-0.357687482011 0.852379729464 -0.414004662750 0
-0.059167088338 0.647422320633 0.019829142467 0
-0.333637417774 0.872553094140 -0.510078559126 0
-0.073475749259 0.702421127737 0.082822991739 0
-0.184728248809 0.279867757816 -0.419090562107 0
-0.114430894862 0.266129822304 -0.159489784150 0
-0.220440522910 0.023304155601 -0.347930889030 0
-0.100464419833 0.050738309043 0.038506205894 0
-0.192120263549 0.015328924307 -0.378748387316 0
-0.055655159557 0.041110307530 0.043886412657 0
-0.199808021651 0.878226927565 -0.036719907161 0
-0.305102044703 0.877876789128 -0.155088070069 0
-0.164517501131 0.695252176555 -0.011927989781 0
-0.226808198783 0.768806316801 -0.111921235677 0
-0.240182347353 0.678952544120 -0.194773225942 0
-0.234930163007 0.524246405468 -0.328595441863 0
-0.167986973306 0.523186401463 -0.253482999061 0
-0.235598148148 0.577629629630 -0.262978148148 0
-0.381946502379 0.800694833693 -0.297058755696 0
-0.072239127735 0.565908811903 -0.074556436098 0
-0.392961611459 0.818936809513 -0.406254812143 0
-0.050178944709 0.655835465319 -0.019042231069 0
-0.386227537890 0.837172256866 -0.505560772127 0
-0.073460748777 0.698449347660 0.042816523328 0
-0.189642801900 0.276218458770 -0.430285483616 0
-0.119258634810 0.261521281735 -0.182251691747 0
-0.219832825369 0.023150527283 -0.348946490222 0
-0.112767327530 0.050767782613 0.017724028224 0
-0.191720236716 0.012245182079 -0.379048241172 0
-0.068420958127 0.040157792871 0.024819271903 0
-0.201976345254 0.871377266602 -0.046781314543 0
-0.314155312214 0.868318182967 -0.154440272717 0
-0.154473241429 0.689154944167 -0.027898810226 0
-0.227810417767 0.762066335507 -0.120605764474 0
-0.243468440335 0.673858985416 -0.204806889004 0
-0.239909329708 0.523673438396 -0.343737086184 0
-0.171065654716 0.520962355479 -0.270405021148 0
-0.239514444444 0.574855555556 -0.276386666667 0
-0.394488800002 0.774336813330 -0.283791861027 0
-0.055999562394 0.579060961634 -0.113628478437 0
-0.417538113693 0.782267652032 -0.392344668405 0
-0.042423790171 0.670150584675 -0.057293226483 0
-0.422592517192 0.796388771124 -0.492289972247 0
-0.066935124814 0.703654886545 0.005819145531 0
-0.194096384185 0.273335408082 -0.439349410766 0
-0.125018083182 0.257064283711 -0.205950278346 0
-0.219386551434 0.023445429422 -0.350128236266 0
-0.125337810919 0.050558847904 -0.007060849844 0
-0.191510387081 0.010922555452 -0.379817572627 0
-0.080526355648 0.041638277347 -0.000590012037 0
-0.203323322667 0.865095976437 -0.056098978528 0
-0.322493122459 0.858426108635 -0.152667884031 0
-0.144238423720 0.685812966278 -0.042938503007 0
-0.228405329676 0.756304816652 -0.128002142471 0
-0.246222995229 0.669221761581 -0.212947450418 0
-0.244444231834 0.524094710537 -0.357301778704 0
-0.174225488172 0.519689040549 -0.285369091906 0
-0.243388518519 0.572922222222 -0.288232222222 0
-0.405158956717 0.747818175199 -0.266466150295 0
-0.040822229835 0.601720033945 -0.149713013252 0
-0.434467317302 0.744683705196 -0.373746512670 0
-0.033499110284 0.693413597327 -0.093198024230 0
-0.447255505266 0.752217627923 -0.473672460149 0
-0.054166499250 0.720420921172 -0.027538280208 0
-0.198622802978 0.271137816167 -0.445748815168 0
-0.130274778538 0.253408106768 -0.229873286445 0
-0.219404878769 0.023901754700 -0.350947055152 0
-0.137137327613 0.050956945149 -0.036074050626 0
-0.191904740198 0.011886200014 -0.381191532817 0
-0.091976552651 0.043244690516 -0.030547715699 0
-0.203851232817 0.860119523120 -0.064600723944 0
-0.329310836712 0.850062190436 -0.151713281797 0
-0.136069499637 0.684842552423 -0.056998824312 0
-0.229118639401 0.752218494831 -0.135045808622 0
-0.248736383978 0.665815068148 -0.220280511848 0
-0.249080765381 0.525631246608 -0.369547564292 0
-0.177426976688 0.519509586290 -0.299172475230 0
-0.247104814815 0.572144444444 -0.298918518519 0
-0.407102246330 0.724646015315 -0.252891738520 0
-0.031636961292 0.637129849768 -0.183429316695 0
-0.444106012204 0.708273304028 -0.356528299105 0
-0.020976116151 0.728021821470 -0.126155609894 0
-0.463334655921 0.704197163464 -0.455389021054 0
0.019901673636 0.752869870876 -0.071869942045 0
-0.203282496585 0.270172526732 -0.450498370500 0
-0.134718540327 0.251210719571 -0.253251972434 0
-0.219504888587 0.024365888770 -0.351758101662 0
-0.145154603970 0.053082689876 -0.063252720397 0
-0.192416567309 0.012518253050 -0.382437345187 0
-0.100125372068 0.044964996575 -0.057253872655 0
-0.204023341100 0.856834402811 -0.072957330978 0
-0.334369849977 0.844135112468 -0.152288411616 0
-0.131654642331 0.684241758775 -0.068914365110 0
-0.230545998261 0.749291724802 -0.141564165030 0
-0.251778806268 0.663388735128 -0.226893891759 0
-0.254408867050 0.527173830152 -0.379875512525 0
-0.181391252859 0.519764521129 -0.311042936828 0
-0.251367777778 0.571922222222 -0.308152592593 0
-0.405722899015 0.708170628304 -0.244158983271 0
-0.026164542619 0.677719635917 -0.203065873638 0
-0.448173424333 0.676546516186 -0.342014741848 0
-0.008319369666 0.771043557516 -0.151806951590 0
-0.471581996008 0.654691471214 -0.437755312396 0
0.043513655430 0.800837875519 -0.111347488858 0
-0.208024290483 0.269940987621 -0.454637854592 0
-0.134516016711 0.250956882519 -0.272804858194 0
-0.219303568640 0.024761508380 -0.352804003662 0
-0.149976533959 0.052540959160 -0.080494915929 0
-0.192482301624 0.012430510033 -0.383527377834 0
-0.105153162237 0.043692852206 -0.074007143180 0
-0.203952259715 0.853677833212 -0.079862488439 0
-0.339258382332 0.840261618948 -0.154809047346 0
-0.130641490525 0.684783788684 -0.077892154886 0
-0.233074903762 0.747741391413 -0.147409979200 0
-0.255344613221 0.662033995303 -0.232679394067 0
-0.261207375222 0.528604108403 -0.388240225844 0
-0.186997067370 0.520597152536 -0.320763472917 0
-0.257179629630 0.572333333333 -0.315939629630 0
-0.404823935119 0.697598365673 -0.240635354209 0
-0.022284219951 0.711905611237 -0.207083621784 0
-0.450959423397 0.650625135800 -0.330317645941 0
-0.000178617373 0.812607308107 -0.175055630714 0
-0.474965681830 0.607653905314 -0.418228008252 0
0.028050734163 0.849829560449 -0.115701625275 0
-0.212676260771 0.270156870618 -0.457228835212 0
-0.130073477768 0.252943599357 -0.288541346766 0
-0.219268102220 0.025143195441 -0.353505584871 0
-0.151903140505 0.048962041849 -0.090150450437 0
-0.192726299391 0.012907373968 -0.384508439265 0
-0.107075772590 0.039917346004 -0.083968589279 0
-0.204297872539 0.850590929618 -0.084655623183 0
-0.343840420364 0.840511026814 -0.159548515387 0
-0.131646755485 0.688879063135 -0.084767717230 0
-0.236038389974 0.749803980837 -0.153174828249 0
-0.258225613620 0.663746992517 -0.238097164180 0
-0.265655682786 0.531714237108 -0.394956100948 0
-0.190424928701 0.523686168417 -0.328621516662 0
-0.260773333333 0.575055555556 -0.322474814815 0
-0.406886291241 0.693429070642 -0.239610471591 0
-0.018207001816 0.741749615679 -0.200972077842 0
-0.453914127793 0.635678639967 -0.322261251380 0
0.006724323314 0.846786705502 -0.200012693374 0
-0.473722635274 0.574593962484 -0.398047693564 0
0.047879776957 0.910199297646 -0.162063533284 0
-0.217180171187 0.271676129105 -0.457725354350 0
-0.125924527061 0.257206702920 -0.301319911342 0
-0.219253085349 0.025513173136 -0.353922459789 0
-0.146987788577 0.050234678335 -0.102487449487 0
-0.192894083990 0.013008568420 -0.384973989757 0
-0.102412440188 0.040097164891 -0.096179995036 0
-0.205010802719 0.851068273188 -0.089747265301 0
-0.347644620905 0.844961430222 -0.165398865437 0
-0.134014735892 0.695765855432 -0.089811007355 0
-0.239123331825 0.755157384432 -0.158468280314 0
-0.260800831998 0.668256272237 -0.242624469462 0
-0.268191631239 0.536048459847 -0.399391324069 0
-0.192142136622 0.528476305228 -0.333942640642 0
-0.262601481481 0.579603703704 -0.327089629630 0
-0.411240783056 0.694100109786 -0.237608218386 0
-0.012885130041 0.763826182786 -0.189122320361 0
-0.454425634385 0.631271255701 -0.318635897384 0
0.008601172058 0.864885769643 -0.220436540074 0
-0.468522399227 0.559178989286 -0.382188190697 0
0.049987479674 0.949131466171 -0.219662747575 0
-0.221233134149 0.274317223142 -0.455971632434 0
-0.121431522347 0.263309559339 -0.309374553618 0
-0.219443111208 0.025799225264 -0.354059286997 0
-0.139114404205 0.054602136803 -0.115044561157 0
-0.193200173016 0.013177939440 -0.385161874418 0
-0.095088158719 0.043221287785 -0.107190846846 0
-0.206247204495 0.855356837550 -0.094694881414 0
-0.350868966630 0.852299455220 -0.172505235553 0
-0.137599100879 0.704414412565 -0.093406878313 0
-0.242373667761 0.762642711293 -0.163554915691 0
-0.263425762617 0.674348736675 -0.246392837972 0
-0.269807783597 0.540444212028 -0.401613611565 0
-0.193579142184 0.533474491694 -0.336306563352 0
-0.264104074074 0.584537037037 -0.329647407407 0
-0.416930872433 0.697672727958 -0.233695106570 0
-0.006707256924 0.773630025520 -0.178517691808 0
-0.452544930181 0.630590294475 -0.314993735479 0
0.007708819461 0.861189712845 -0.240005572947 0
-0.460830692991 0.552283776002 -0.367906139579 0
0.040469071467 0.945887997999 -0.275051019533 0
-0.223618001183 0.277308713047 -0.451971184857 0
-0.118194735624 0.269410257530 -0.313850907506 0
-0.219916385558 0.025789575919 -0.353652638190 0
-0.134258069534 0.057443757472 -0.124019828222 0
-0.193645271362 0.012883479385 -0.384614240801 0
-0.090397223721 0.046231563280 -0.115074005154 0
-0.208412360561 0.862599252732 -0.100013814612 0
-0.353358820287 0.862582613037 -0.181109060205 0
-0.142354684743 0.714967922533 -0.095682310722 0
-0.245728851383 0.772313491786 -0.168581276042 0
-0.266305397020 0.682134163205 -0.249481972722 0
-0.270714092852 0.545518210376 -0.402142689094 0
-0.195239882069 0.539401770252 -0.335880890247 0
-0.265935185185 0.590388888889 -0.330591111111 0
-0.422357017133 0.705477550985 -0.231853998936 0
-0.009730497559 0.784880838440 -0.177476782585 0
-0.453447954304 0.632324691984 -0.309699319280 0
0.001627563716 0.853294817689 -0.260216153608 0
-0.458601889930 0.549870633666 -0.354448423824 0
0.026297071066 0.930458482968 -0.313410539272 0
-0.225003068169 0.281097005660 -0.445750036298 0
-0.115730187625 0.276360152426 -0.315773658276 0
-0.220727041995 0.025951515982 -0.352701775396 0
-0.132015366071 0.058264975506 -0.128359664027 0
-0.194355725429 0.012826470718 -0.383485642184 0
-0.088101518511 0.047481671514 -0.119150473400 0
-0.211310906239 0.872457410747 -0.105469309550 0
-0.355067028714 0.874388477038 -0.190972707999 0
-0.148455780535 0.726394333486 -0.095998515731 0
-0.249245037135 0.782898896616 -0.173055325200 0
-0.269247077862 0.690357651152 -0.251366651780 0
-0.270175963007 0.550302704927 -0.400635183314 0
-0.196183765319 0.545399644259 -0.332624096006 0
-0.267094444444 0.596277777778 -0.329694074074 0
-0.427054533908 0.716303696097 -0.233923861974 0
-0.017312395218 0.779750893508 -0.191506716712 0
-0.455274538980 0.637275902063 -0.306972613761 0
-0.011448311704 0.840887702921 -0.280294016981 0
-0.459695632789 0.551553626405 -0.347613379949 0
0.006497260340 0.914934323491 -0.339852643697 0
-0.226049184111 0.284711745164 -0.438370332546 0
-0.113794375917 0.283154359092 -0.313745962680 0
-0.221737356920 0.025847916827 -0.351473818500 0
-0.130301022844 0.058484629595 -0.130032225333 0
-0.195262635320 0.012720462464 -0.382167770074 0
-0.086334378253 0.047478649707 -0.121353664702 0
-0.214995600481 0.883548679238 -0.110539718318 0
-0.356623872505 0.887197840940 -0.201416079875 0
-0.154831485730 0.740098255039 -0.095340087943 0
-0.252764640095 0.794927703945 -0.177143636736 0
-0.271972662757 0.699683299759 -0.252297410687 0
-0.269165280041 0.555787485963 -0.397635100298 0
-0.196856442149 0.552345684621 -0.327749627662 0
-0.267775555556 0.603296296296 -0.327657777778 0
-0.430034916624 0.728716570068 -0.240304457076 0
-0.025200836906 0.764023372507 -0.203925584690 0
-0.454124646598 0.646160404419 -0.310888063365 0
-0.028608755934 0.823849128052 -0.293728405866 0
-0.457322132085 0.558432391189 -0.349237165868 0
-0.017424256104 0.895623767394 -0.359299059944 0
-0.227142621284 0.289077214893 -0.429406147934 0
-0.111259127825 0.291126898132 -0.308912686238 0
-0.223083356840 0.026215781262 -0.350117054201 0
-0.130771269343 0.056895667938 -0.128113794233 0
-0.196501187237 0.013450635169 -0.380870898017 0
-0.086909557618 0.045494353318 -0.119414649797 0
-0.219668330570 0.896415036985 -0.115323005487 0
-0.358917514464 0.899149090305 -0.211783449384 0
-0.161659035092 0.755196152072 -0.093558175070 0
-0.256672349723 0.807188722256 -0.180496282219 0
-0.274497594538 0.709101595393 -0.252218478669 0
-0.269034160808 0.561117052227 -0.393233092477 0
-0.198033531778 0.559194405552 -0.321961727775 0
-0.268671111111 0.610470370370 -0.324531111111 0
-0.431990763173 0.740331057035 -0.249927035068 0
-0.035924308425 0.746729777506 -0.208824932965 0
-0.451481005302 0.656283256316 -0.320169320834 0
-0.046802286898 0.800862083028 -0.301596936894 0
-0.452799281552 0.567638864328 -0.356217385937 0
-0.042315370688 0.867865448163 -0.373521775865 0
-0.228767059268 0.293536884184 -0.419483544183 0
-0.108680957127 0.299284815541 -0.302465384014 0
-0.224710622773 0.026619509879 -0.348659247601 0
-0.131275735563 0.055260367854 -0.126604194482 0
-0.198028055402 0.014536397203 -0.379601105845 0
-0.087456994115 0.043242402389 -0.118541859311 0
-0.225267288006 0.910003389104 -0.119818019736 0
-0.361951740468 0.910118823039 -0.221655509704 0
-0.168126541823 0.771348220935 -0.092098248393 0
-0.260723362541 0.819554449698 -0.183700541417 0
-0.276801274936 0.718527747464 -0.251641976362 0
-0.269273881554 0.565981457586 -0.387444433806 0
-0.199126374461 0.565759666801 -0.315307956370 0
-0.269419259259 0.617337037037 -0.320225185185 0
-0.433674107161 0.751093193435 -0.261461938108 0
-0.049506290559 0.728528712522 -0.207263573703 0
-0.449176587592 0.666610406366 -0.332174121239 0
-0.064910881828 0.772234669208 -0.304771365944 0
-0.448785248361 0.577687991171 -0.367362338115 0
-0.065484630610 0.830560141491 -0.384584518741 0
-0.230908874662 0.297743575383 -0.409495211760 0
-0.106318888447 0.307096136658 -0.295384761092 0
-0.226465562010 0.027064223292 -0.347154201290 0
-0.131464822462 0.054165799641 -0.125439641104 0
-0.199717768883 0.016126544009 -0.378463662158 0
-0.087688550746 0.041353547368 -0.118439707472 0
-0.231217314094 0.924075413953 -0.124719091231 0
-0.365019062246 0.920045125007 -0.230711353305 0
-0.173319145386 0.787456838972 -0.091851496331 0
-0.264319737814 0.831461944745 -0.187095575568 0
-0.278767189298 0.727544660027 -0.250898755217 0
-0.269482441579 0.570332623367 -0.380783185527 0
-0.199659279193 0.571784042047 -0.308346919073 0
-0.269599259259 0.623633333333 -0.315095555556 0
-0.435008762035 0.761385282725 -0.274828207995 0
-0.062698371100 0.711769567917 -0.197690089297 0
-0.445957946529 0.676575130016 -0.345998668229 0
-0.080635266071 0.740576821008 -0.300177608527 0
-0.443539185744 0.587458830931 -0.382262832920 0
-0.083085887965 0.785316127003 -0.388610085932 0
-0.233613538371 0.301554724374 -0.400316101496 0
-0.104994694482 0.313790780633 -0.288470338306 0
-0.228258683488 0.027597645034 -0.345808329239 0
-0.130909145569 0.054163245842 -0.123557434900 0
-0.201489935074 0.018160426349 -0.377584619409 0
-0.087337711924 0.040116390613 -0.117749606332 0
-0.237160779643 0.938141325792 -0.130393655291 0
-0.367963795449 0.928765001432 -0.238811586265 0
-0.177374698808 0.802969829095 -0.092312635911 0
-0.267332932108 0.842619583787 -0.190416687818 0
-0.280196913021 0.736037804283 -0.250040731475 0
-0.269781315128 0.574223016441 -0.373505071372 0
-0.200019568890 0.577301618048 -0.301060511235 0
-0.269628888889 0.629370370370 -0.309360000000 0
-0.433580572578 0.770019081583 -0.288931163157 0
-0.078833323090 0.697107156274 -0.183142246935 0
-0.440165325204 0.685121541283 -0.360533745075 0
-0.095925162481 0.709747890459 -0.288988184482 0
-0.435214076897 0.596111794818 -0.399099078873 0
-0.096082803508 0.737929998668 -0.384307345380 0
-0.236675259087 0.305016277004 -0.391981881330 0
-0.104658350020 0.319532002762 -0.281617045301 0
-0.230049316772 0.028326688061 -0.344634597426 0
-0.129691431827 0.054596318839 -0.120774250923 0
-0.203335353717 0.021192421451 -0.377051044222 0
-0.086330070574 0.039319507574 -0.116783482535 0
-0.243152861036 0.951664062692 -0.136220448192 0
-0.370961379964 0.936028142221 -0.245622368575 0
-0.180786397320 0.817299752599 -0.092823098057 0
-0.270107309978 0.852568543420 -0.193156934533 0
-0.281462926959 0.743612408524 -0.248671438443 0
-0.270397251088 0.577671670970 -0.365842187679 0
-0.200346866654 0.582268951465 -0.293757501565 0
-0.269677407407 0.634514814815 -0.303198888889 0
-0.431391297417 0.777219328376 -0.301709677470 0
-0.096581158861 0.687959403491 -0.165952287666 0
-0.432417089924 0.692607351837 -0.373942926251 0
-0.109796147889 0.682533385787 -0.272962586360 0
-0.422914931770 0.604315878608 -0.415311977566 0
-0.105413557402 0.691418518257 -0.372189032497 0
-0.239524256644 0.308210211605 -0.384471523208 0
-0.105522519398 0.324238614302 -0.275165211030 0
-0.231736104089 0.029385186898 -0.343669208346 0
-0.129205752650 0.055052594129 -0.117612473219 0
-0.205165188143 0.025364269663 -0.376732454639 0
-0.085941878502 0.039026821031 -0.116649854513 0
-0.249001580263 0.963877678238 -0.141476548756 0
-0.374159832638 0.941715572801 -0.251248163208 0
-0.183655376904 0.830429383579 -0.093343103027 0
-0.272749990141 0.861217672079 -0.195339293983 0
-0.282628542756 0.750140202735 -0.246805559549 0
-0.271387934106 0.580349743383 -0.357703919282 0
-0.200799859565 0.586492916616 -0.286261785533 0
-0.269850000000 0.638922222222 -0.296689629630 0
-0.428037008912 0.782419135996 -0.312401213786 0
-0.115501747088 0.683802154938 -0.148323690765 0
-0.423264264925 0.698942801636 -0.385796060814 0
-0.122762397191 0.660144019222 -0.253408690666 0
-0.408588880388 0.612192577143 -0.430510267209 0
-0.111248678442 0.650364176947 -0.351909807744 0
-0.242317349145 0.310827100491 -0.378249431436 0
-0.107182896797 0.327922925756 -0.269103431732 0
-0.233238558458 0.030335096274 -0.342827737008 0
-0.129959252192 0.054882965220 -0.114460604453 0
-0.206851809822 0.029233118431 -0.376262520486 0
-0.086767857386 0.039059517731 -0.118153404028 0
-0.254562473727 0.974430836931 -0.146318006055 0
-0.377469836090 0.946049961438 -0.255938750763 0
-0.186145855916 0.842651946787 -0.093721129115 0
-0.275281696715 0.868782051466 -0.196973302460 0
-0.283850440840 0.755714970902 -0.244230899127 0
-0.273171371901 0.582281956147 -0.348691094003 0
-0.201773762460 0.590027921555 -0.278215745792 0
-0.270714814815 0.642466666667 -0.289297407407 0
-0.422170327276 0.785362097367 -0.320739035681 0
-0.134740602449 0.683756220075 -0.129455907874 0
-0.412980313019 0.704418608143 -0.396512225160 0
-0.134546115286 0.644000798242 -0.229828963219 0
-0.393739544941 0.620181401916 -0.444919071578 0
-0.112916379154 0.617851447841 -0.322942807982 0
-0.244818129737 0.312958012931 -0.372573708606 0
-0.109843339609 0.330721457536 -0.263184442811 0
-0.234829542720 0.031179329010 -0.341793007497 0
-0.131507393161 0.054904973077 -0.111038044327 0
-0.208552717002 0.032263548569 -0.375314828796 0
-0.089138619722 0.038664618613 -0.119443564452 0
-0.259902676351 0.983496256145 -0.150226541326 0
-0.380842083462 0.948833462538 -0.259601853321 0
-0.188198852253 0.853372306618 -0.094113712427 0
-0.277651023008 0.874908405730 -0.198149751223 0
-0.284969151593 0.760065351586 -0.241233886218 0
-0.275253706935 0.583540593024 -0.339462802668 0
-0.202748828103 0.592589331855 -0.270285088117 0
-0.271726296296 0.644970370370 -0.281412962963 0
-0.417716826042 0.786895775237 -0.326191937331 0
-0.154773965223 0.686948636915 -0.112909072328 0
-0.404226668916 0.708847021422 -0.404321885125 0
-0.146249054338 0.633883208290 -0.206539557796 0
-0.379575417663 0.627950801599 -0.456283368036 0
-0.114009466918 0.592887607319 -0.290149387457 0
-0.247361034828 0.314593875213 -0.367735295174 0
-0.113301922065 0.332313869899 -0.257135186968 0
-0.236143329123 0.031634853904 -0.340985647789 0
-0.133644160891 0.055502646137 -0.106767969132 0
-0.209986077486 0.034583284260 -0.374488849880 0
-0.092621634265 0.038701563422 -0.119589465660 0
-0.264917972880 0.991024476929 -0.153828579794 0
-0.384288790546 0.950498508442 -0.262003930824 0
-0.189721352332 0.862718051358 -0.094526544476 0
-0.279811383763 0.879916238955 -0.198819403131 0
-0.285568075768 0.763606924271 -0.238067684313 0
-0.276999752299 0.584782558767 -0.330646764878 0
-0.202430845306 0.594522743900 -0.263796183557 0
-0.271450740741 0.647092592593 -0.273703703704 0
-0.415502282191 0.787144636123 -0.328026887702 0
-0.172879991916 0.692792190784 -0.097509320296 0
-0.397762753862 0.711808987568 -0.407950164945 0
-0.157582455213 0.627319187520 -0.181975602588 0
-0.366757160589 0.635504211374 -0.463936776378 0
-0.116694801702 0.573557933215 -0.252473094647 0
-0.250319975235 0.316266946134 -0.363771186071 0
-0.116908469472 0.332956492987 -0.250157832787 0
-0.237030198254 0.031790101476 -0.340738429777 0
-0.137083954164 0.056720123779 -0.099447179330 0
-0.211091680710 0.036250222073 -0.374244552157 0
-0.097476579055 0.038994713525 -0.115150061638 0
-0.269524526636 0.997407836279 -0.157242156936 0
-0.387884602840 0.950644402706 -0.262555201209 0
-0.190610721059 0.870313595807 -0.094505956561 0
-0.281775247531 0.883394342199 -0.198462269372 0
-0.286020609446 0.765925908093 -0.234343479570 0
-0.278950682644 0.585329009729 -0.322139554037 0
-0.202256584712 0.595572871545 -0.257816370370 0
-0.271291111111 0.648377777778 -0.266264444444 0
-0.414282469380 0.785078516591 -0.325076321596 0
-0.187035074835 0.700004614968 -0.082283343744 0
-0.391895401999 0.712573847860 -0.406438310755 0
-0.167461698163 0.624279134994 -0.156699848890 0
-0.354091918797 0.642140461199 -0.466165060047 0
-0.121442154329 0.560525439149 -0.212949542275 0
-0.252680459890 0.317423639459 -0.360169279093 0
-0.121286161046 0.332747520006 -0.240975643657 0
-0.237802873892 0.031751758873 -0.340446609120 0
-0.141560907083 0.058056999137 -0.088256461476 0
-0.212072480997 0.037542042608 -0.373909709706 0
-0.103024774489 0.040423030807 -0.106519114352 0
-0.273767904047 1.002220482472 -0.159877960885 0
-0.391940017550 0.949594960203 -0.261473442153 0
-0.190815331075 0.877424360553 -0.094288405044 0
-0.283608358180 0.886108920119 -0.197259392861 0
-0.286086779321 0.767681345261 -0.230078088820 0
-0.280381119056 0.585772083046 -0.314051486849 0
-0.201837585506 0.596362057230 -0.252058268642 0
-0.270824814815 0.649425925926 -0.259163333333 0
-0.414708537586 0.781524099894 -0.318496077198 0
-0.198305548417 0.709071307882 -0.066567063721 0
-0.386134514266 0.712009199901 -0.400527076972 0
-0.176128039903 0.626067992335 -0.131942054001 0
-0.340956696986 0.648340715296 -0.462726445857 0
-0.128930725271 0.554264409015 -0.175751743473 0
-0.254393788935 0.318548324168 -0.356780790324 0
-0.125787652875 0.332444068067 -0.230133676530 0
-0.238366201454 0.031825872075 -0.340392410296 0
-0.146657710989 0.059255611039 -0.072266946801 0
-0.212914812638 0.038931482470 -0.373815407069 0
-0.108802119781 0.040226865281 -0.090552894782 0
-0.277516770018 1.005790376417 -0.160730017594 0
-0.395910470696 0.947981147600 -0.259002107952 0
-0.190917459372 0.883824499966 -0.093254222688 0
-0.285338279915 0.888244878699 -0.195009619036 0
-0.285977775106 0.769029383938 -0.225003058315 0
-0.280907378433 0.586030829467 -0.305497165535 0
-0.201407241360 0.596763911861 -0.244760665248 0
-0.270162962963 0.650185185185 -0.251417407407 0
-0.415895035054 0.777548651461 -0.309708931405 0
-0.207482552237 0.718946453316 -0.051924404209 0
-0.380443849913 0.711081616110 -0.391582173293 0
-0.184252672177 0.629996773023 -0.108524834225 0
-0.327919320848 0.654717651017 -0.454717688085 0
-0.138221058663 0.551819072985 -0.141859700936 0
-0.255130826599 0.319665953643 -0.353403264455 0
-0.130632852251 0.331887117092 -0.217406425443 0
-0.238610177314 0.031967381895 -0.340637639289 0
-0.151566231353 0.060529767552 -0.053955422461 0
-0.213634946894 0.040870295686 -0.373989334846 0
-0.114137286992 0.039842421953 -0.071293897035 0
-0.280362406694 1.008419827501 -0.159895965438 0
-0.399552578487 0.946058722093 -0.255934119696 0
-0.191359936761 0.889965556196 -0.091252753817 0
-0.287036008725 0.890088831337 -0.191925817955 0
-0.285700556029 0.770167093522 -0.218971974741 0
-0.280362489034 0.586275228821 -0.296009299787 0
-0.200391928456 0.597090298489 -0.235908242989 0
-0.268893333333 0.650837037037 -0.242567037037 0
-0.417201762843 0.773414667345 -0.299526976324 0
-0.215107309215 0.729134041657 -0.038940110060 0
-0.375101189872 0.710088548763 -0.380737970128 0
-0.191674065336 0.635652571285 -0.087595833343 0
-0.316311846007 0.660499456798 -0.443552690899 0
-0.147699618390 0.552789592051 -0.112518535409 0
-0.255713921049 0.320930014238 -0.349805556212 0
-0.135548690907 0.331346195481 -0.202856597688 0
-0.238570993864 0.031877776056 -0.341292040442 0
-0.157076465507 0.061484553094 -0.034800481835 0
-0.214135482875 0.042367617206 -0.374582108638 0
-0.119652826016 0.040448651326 -0.051726109992 0
-0.282785630737 1.010677757267 -0.158163954883 0
-0.403040661207 0.943713871908 -0.251990988804 0
-0.192207667844 0.895901610628 -0.088058050754 0
-0.288818071225 0.891608202411 -0.187742494829 0
-0.285385422641 0.771062547936 -0.211669514007 0
-0.279205477146 0.586501782556 -0.285353062653 0
-0.199064441852 0.597292908450 -0.225475192089 0
-0.267294074074 0.651355555556 -0.232362962963 0
-0.419287324771 0.769206789610 -0.288062094250 0
-0.220283145286 0.738731883895 -0.027421667045 0
-0.369994316617 0.709701040793 -0.368106745904 0
-0.196756515157 0.642709350270 -0.070797378460 0
-0.305533653270 0.666026925489 -0.429567566664 0
-0.154598958125 0.557046922677 -0.090407374331 0
-0.255037045746 0.322132050019 -0.343955139860 0
-0.140373905171 0.330926608847 -0.186470059910 0
-0.239091852744 0.031832747622 -0.341250602288 0
-0.162723128337 0.061675298443 -0.015270996117 0
-0.214733960714 0.043128947399 -0.374333053398 0
-0.125134958560 0.040831832409 -0.032069634779 0
-0.284933606353 1.012596792268 -0.155406632782 0
-0.405973237093 0.940623088819 -0.247141600156 0
-0.193261350895 0.901515585708 -0.083328205504 0
-0.290333025936 0.892594634558 -0.182254937591 0
-0.284673381493 0.771542773616 -0.203034922157 0
-0.277716680319 0.586561117027 -0.273998244122 0
-0.197581338401 0.597088152344 -0.214065766929 0
-0.265417407407 0.651596296296 -0.221320000000 0
-0.422133146070 0.764747621955 -0.275855325002 0
-0.223654564499 0.747141722482 -0.016903139576 0
-0.365586971994 0.709047493196 -0.353816256931 0
-0.199685693229 0.650115439010 -0.057728072589 0
-0.295638445631 0.669833034754 -0.412102642658 0
-0.158143698053 0.563431830218 -0.074254226157 0
-0.254183109549 0.323215449837 -0.337282544148 0
-0.145362061616 0.330388415747 -0.168663315150 0
-0.239833339510 0.031662118690 -0.340984603034 0
-0.167798325953 0.061854142527 0.004708306198 0
-0.215302628862 0.043148292207 -0.373873380118 0
-0.130053803289 0.040743939317 -0.011392165029 0
-0.287030801842 1.014207250890 -0.151831548052 0
-0.407597090849 0.937391207899 -0.241444451387 0
-0.194172061722 0.906499428100 -0.076805371943 0
-0.291076566825 0.893215107272 -0.175405754789 0
-0.283407498685 0.771786417046 -0.193205895668 0
-0.275843001065 0.586466441754 -0.262007539713 0
-0.195972897032 0.596754500211 -0.201680798922 0
-0.263426296296 0.651651851852 -0.209542962963 0
-0.424486870265 0.760481585384 -0.262313598719 0
-0.225875774271 0.753349813405 -0.008194901943 0
-0.361738753113 0.707999077761 -0.337720105342 0
-0.198911620089 0.656915767244 -0.048551942965 0
-0.287007345588 0.671727303496 -0.391519240465 0
-0.156128065301 0.570471307625 -0.063648756283 0
-0.252870262859 0.324179534146 -0.329738650792 0
-0.150409478680 0.329983933399 -0.149965959783 0
-0.240637031779 0.031770825686 -0.340680280171 0
-0.172164701364 0.061870445419 0.024227055959 0
-0.215996895985 0.044078280673 -0.373187969490 0
-0.134283822086 0.039915078886 0.009649137385 0
-0.288999660090 1.015701855205 -0.147499707484 0
-0.408194813738 0.934382610107 -0.234894544700 0
-0.195066184329 0.910069746996 -0.068775179150 0
-0.291441795034 0.893204295163 -0.167346422330 0
-0.282344360648 0.771489133291 -0.182267663672 0
-0.273885539982 0.585999925328 -0.249247342335 0
-0.194402553738 0.595957601012 -0.188356514518 0
-0.261421481481 0.651281481481 -0.196913703704 0
-0.426855754419 0.756850007965 -0.247213025396 0
-0.226886081897 0.756728847094 -0.000647438837 0
-0.359273587047 0.706739249700 -0.320010302907 0
-0.194788722984 0.662446190080 -0.042310633229 0
-0.280881255015 0.672462671312 -0.369302238385 0
-0.148676784232 0.577635816985 -0.058348420613 0
-0.251125832129 0.324945247938 -0.321649850044 0
-0.155758088473 0.329350059511 -0.130529106523 0
-0.241568763878 0.032237079791 -0.340363443413 0
-0.175767710117 0.061472736850 0.043234505134 0
-0.216904863548 0.045897651115 -0.372307776505 0
-0.137833002345 0.038017015302 0.031389594102 0
-0.290425732127 1.016520205715 -0.142034769385 0
-0.407923476643 0.931065387828 -0.227103059648 0
-0.195391964965 0.911788472931 -0.059564023322 0
-0.291278053260 0.892078179567 -0.158084854588 0
-0.281420883086 0.770125566463 -0.170218027628 0
-0.271894179852 0.584555417329 -0.235585778197 0
-0.192957595495 0.594220823116 -0.173941728198 0
-0.259582222222 0.649892592593 -0.183285555556 0
-0.429280057798 0.753468035681 -0.231672244387 0
-0.226122874562 0.757403417319 0.006679408529 0
-0.357566198523 0.704575997530 -0.301275204432 0
-0.188908195985 0.666655925759 -0.038434249089 0
-0.276209303751 0.671429115375 -0.345846155674 0
-0.138065442140 0.585260987926 -0.057976312623 0
-0.248872158226 0.325259569313 -0.313977880690 0
-0.161750697288 0.327975946124 -0.110248871642 0
-0.242311605673 0.033109563115 -0.340248240763 0
-0.179712116668 0.059413482567 0.062344282540 0
-0.217902542461 0.049313685334 -0.371183393280 0
-0.141733921291 0.034794634182 0.053339626824 0
-0.291041825125 1.016069163120 -0.135151146811 0
-0.407026331125 0.927350061959 -0.218108648555 0
-0.195328087193 0.912566732503 -0.049064635698 0
-0.290689364123 0.890260578497 -0.147541303704 0
-0.280485629696 0.768099298889 -0.156817748743 0
-0.269915825639 0.582497124703 -0.220766508147 0
-0.191865986325 0.591824510938 -0.157952371453 0
-0.258072592593 0.647811111111 -0.168329259259 0
-0.431463812261 0.750102948440 -0.216091035589 0
-0.223667471687 0.756237907944 0.013589209856 0
-0.356195028863 0.701527630647 -0.282067772404 0
-0.182433538715 0.670195571122 -0.036925745113 0
-0.272418377203 0.669374138213 -0.322194577146 0
-0.126615398459 0.593909080221 -0.062002063050 0
-0.246125365330 0.325332937195 -0.305679797291 0
-0.168147488089 0.325901961502 -0.089837648087 0
-0.243076303666 0.034352874607 -0.339949862716 0
-0.182746305268 0.056572766086 0.079352599386 0
-0.219156464393 0.053952678388 -0.369259393351 0
-0.144024279839 0.032808002057 0.071268319470 0
-0.290735770238 1.014861381250 -0.127267120117 0
-0.405436357114 0.923176942427 -0.207524451349 0
-0.194851060133 0.912458643860 -0.036792139329 0
-0.289598627971 0.887768007073 -0.135292203440 0
-0.279313024784 0.765423335647 -0.141389426272 0
-0.267472320179 0.579811839357 -0.203045937499 0
-0.190488959824 0.588879607253 -0.138891973216 0
-0.256402962963 0.645011111111 -0.150297777778 0
-0.433037345594 0.746506092105 -0.200936843387 0
-0.219599080023 0.753828600121 0.021443341259 0
-0.354462114992 0.698601795197 -0.263458779755 0
-0.175735871387 0.673837741230 -0.036286746666 0
-0.268647177450 0.667556279513 -0.299903991432 0
-0.115687922571 0.604115766219 -0.068187277019 0
-0.243557169590 0.325396964320 -0.295840382072 0
-0.174390489574 0.322608729965 -0.069916295182 0
-0.243453997393 0.035312509719 -0.339698144745 0
-0.184626450386 0.052645308906 0.090808955255 0
-0.219635935787 0.057285474320 -0.367361267725 0
-0.144378647140 0.033222802010 0.079302635071 0
-0.289337561553 1.012925846993 -0.118404508063 0
-0.402888686634 0.918697837750 -0.195395434596 0
-0.193771732521 0.911475743608 -0.022686105214 0
-0.287807775432 0.884667646778 -0.121314399147 0
-0.277961629932 0.762168403611 -0.124109560633 0
-0.265001586707 0.576610289101 -0.183487836326 0
-0.189333023176 0.585532558319 -0.117768319251 0
-0.255135555556 0.641574074074 -0.130212962963 0
-0.433158989178 0.742549633822 -0.186832751953 0
-0.214851333102 0.750759565215 0.031103177234 0
-0.351343344358 0.696153955102 -0.246259364782 0
-0.170044638044 0.677900234620 -0.034769120836 0
-0.263615001421 0.666681983949 -0.279215641348 0
-0.107291590159 0.615580225132 -0.074584908793 0
-0.241158722047 0.325281232983 -0.284358522685 0
-0.180002699598 0.318365655523 -0.051046687757 0
-0.243492805319 0.036558624250 -0.339507823813 0
-0.187411222891 0.045849702567 0.098010284360 0
-0.219602566530 0.060472595296 -0.365445018813 0
-0.146313828820 0.035908216254 0.079525536732 0
-0.287000797364 1.010278751407 -0.108118731953 0
-0.399426147247 0.913966216244 -0.182177486469 0
-0.191907452132 0.909913269397 -0.007448735555 0
-0.285255113136 0.881130568926 -0.106174426865 0
-0.276613361328 0.758487388516 -0.105578173139 0
-0.263460576568 0.573064394898 -0.163300311763 0
-0.189314974860 0.581930443310 -0.095859847260 0
-0.255338518519 0.637522222222 -0.109124074074 0
-0.431739131025 0.738196624692 -0.173304929769 0
-0.209329315075 0.747566918105 0.042625882546 0
-0.346679904012 0.693859173747 -0.229669807106 0
-0.165774349201 0.682264199303 -0.031494300229 0
-0.257066064553 0.666918422468 -0.259383956945 0
-0.102434416800 0.627613327322 -0.080144130883 0
-0.239041977737 0.324694358176 -0.271122985173 0
-0.183274793273 0.313927296259 -0.032182422896 0
-0.243359620967 0.038634713837 -0.338511098853 0
-0.187511514771 0.040065845612 0.103181653280 0
-0.219939740337 0.065470910806 -0.361892444592 0
-0.147527212829 0.038838554197 0.080175910554 0
-0.283791275233 1.007030479286 -0.096413797842 0
-0.395032222691 0.908960073954 -0.168693728793 0
-0.189441138883 0.907999847454 0.008342865787 0
-0.282007355452 0.877256846442 -0.090527530313 0
-0.275115997778 0.754542554525 -0.086358328417 0
-0.261924594542 0.569472434301 -0.142930481811 0
-0.189356458405 0.578571514491 -0.073825737570 0
-0.256090000000 0.633185185185 -0.087590740741 0
-0.428529428322 0.733374577309 -0.160602308637 0
-0.202276890102 0.744201122528 0.054953461875 0
-0.340353590917 0.691629398864 -0.214083546730 0
-0.161849405596 0.687481457319 -0.027531565280 0
-0.249004358484 0.667869642552 -0.240875391407 0
-0.099740705452 0.641387584385 -0.085388959399 0
-0.236503228219 0.323529268116 -0.255958731168 0
-0.184922548363 0.309692758024 -0.013812907614 0
-0.243163606026 0.041934306173 -0.336817226740 0
-0.187581551409 0.034675883226 0.107185529806 0
-0.220006980080 0.070791667370 -0.357945004301 0
-0.148715945763 0.039430769140 0.082764829528 0
-0.279822713268 1.003323141211 -0.083859529846 0
-0.389983199555 0.904576270501 -0.154880992829 0
-0.186461922734 0.905998925985 0.024528141636 0
-0.278286682735 0.873655148620 -0.074522781139 0
-0.273571514742 0.750982600320 -0.066853942452 0
-0.260475959078 0.566206843952 -0.121906097695 0
-0.189292205326 0.575977841131 -0.051466093895 0
-0.256964444444 0.629307407407 -0.065675925926 0
-0.422916211986 0.728878920228 -0.146902377884 0
-0.195717796676 0.740938097568 0.067383458508 0
-0.332225150967 0.689984569991 -0.198285663344 0
-0.158959533315 0.692994187824 -0.022089963372 0
-0.239547932760 0.669823847144 -0.222842789669 0
-0.099198465324 0.656334277708 -0.088558886904 0
-0.234557511518 0.322082576127 -0.238701850810 0
-0.183429301137 0.306164525189 0.004062150188 0
-0.242358911175 0.046756028820 -0.333701255890 0
-0.186652774693 0.030641376819 0.110048422563 0
-0.219499012472 0.077382927595 -0.352536799625 0
-0.148031396425 0.038759886213 0.086132030896 0
-0.275136205327 0.999745559732 -0.070193371187 0
-0.384656100186 0.901777912154 -0.140683238748 0
-0.183258009141 0.904105416625 0.041096747067 0
-0.274451445046 0.870932286706 -0.058262663587 0
-0.272231322054 0.748424539682 -0.047278594497 0
-0.259714540925 0.563591910770 -0.098944803927 0
-0.189459012106 0.574393757423 -0.027727712589 0
-0.257894444444 0.626581481481 -0.042510370370 0
-0.415733666778 0.725773303386 -0.132059837769 0
-0.189351424102 0.737896651548 0.079889055197 0
-0.322885954910 0.690300446990 -0.182048435606 0
-0.156921791039 0.697978292735 -0.015032623880 0
-0.229166656795 0.673986675562 -0.205262763934 0
-0.101034340137 0.670039617782 -0.089104503648 0
-0.234059850989 0.321112993409 -0.219175763047 0
-0.180349214515 0.302984168611 0.018864472218 0
-0.241065598365 0.052614351621 -0.328102478154 0
-0.185439155746 0.029035379434 0.111406205688 0
-0.218935458956 0.085381763773 -0.343974252966 0
-0.146722444202 0.038510555328 0.088152127907 0
-0.270126980854 0.996951924579 -0.055364365832 0
-0.378970756209 0.901254126214 -0.126665593560 0
-0.179577308067 0.902129263484 0.057323695719 0
-0.270433984299 0.869321990987 -0.042464775767 0
-0.271246252368 0.747032785507 -0.029088631937 0
-0.259589296097 0.561898941106 -0.077855482920 0
-0.189742004420 0.574031250258 -0.006451307695 0
-0.258886296296 0.625144444444 -0.021682925926 0
-0.407383859923 0.724849302295 -0.117082580846 0
-0.183738561786 0.735231290942 0.093310876671 0
-0.312702240534 0.692637800520 -0.165823643174 0
-0.155756704987 0.702659137011 -0.005741392905 0
-0.218196377021 0.680291998164 -0.188467423408 0
-0.104417905952 0.682272859810 -0.085829961978 0
-0.234407417036 0.321077847742 -0.201470797380 0
-0.176467026513 0.301166728403 0.029405528070 0
-0.238008988455 0.057363212371 -0.320604474561 0
-0.184758530383 0.028797504860 0.111767594661 0
-0.215718770822 0.090653954616 -0.335103863642 0
-0.146209523851 0.039941787579 0.088979573631 0
-0.264583260495 0.995157666956 -0.040102173525 0
-0.373566660437 0.902200846075 -0.112537220161 0
-0.176339481214 0.899661904801 0.073757076987 0
-0.266864522643 0.868273140329 -0.026786217794 0
-0.270994586589 0.746202525885 -0.012086832768 0
-0.261126116538 0.560667015610 -0.058579292749 0
-0.191106622655 0.574057929316 0.012430194124 0
-0.260906296296 0.624270370370 -0.002808251852 0
-0.399092473163 0.725506404804 -0.100482851419 0
-0.179811460610 0.732340333781 0.107797695291 0
-0.303005664945 0.695159066701 -0.147644757765 0
-0.155865793911 0.706691591210 0.005699562690 0
-0.208069548868 0.686415833401 -0.170544566982 0
-0.108107350864 0.692860380983 -0.077970261744 0
-0.234735129240 0.321521584147 -0.185159901103 0
-0.172930638099 0.300368856243 0.038524443728 0
-0.232986504711 0.060967881750 -0.311583683754 0
-0.184116242812 0.029208836868 0.111690299514 0
-0.208956266848 0.092812719666 -0.326544083865 0
-0.145570661114 0.040741875625 0.089090697902 0
-0.258662556915 0.993774235343 -0.024933336322 0
-0.368243118783 0.905476396308 -0.099014834898 0
-0.173594955919 0.897283090018 0.089811895260 0
-0.263662451960 0.868508701319 -0.011917512966 0
-0.271354328028 0.746638608506 0.002977803212 0
-0.263809965344 0.560744626975 -0.041841957426 0
-0.193326064734 0.575093486887 0.028517997758 0
-0.263635185185 0.624674074074 0.013555148148 0
-0.391000876641 0.728693754898 -0.083273721513 0
-0.178023853661 0.729858203671 0.123227741211 0
-0.293597289403 0.699478323740 -0.128405537662 0
-0.157321852830 0.709977678711 0.019153375881 0
-0.198420037267 0.693735361572 -0.151887042329 0
-0.111819190499 0.701287204176 -0.066178495506 0
-0.233404522547 0.323891364934 -0.171786997039 0
-0.171161904269 0.301015914784 0.046045674653 0
-0.229530743886 0.058612543241 -0.297822611300 0
-0.184133100193 0.029752879119 0.111645780365 0
-0.202538730419 0.085644421092 -0.316692385911 0
-0.145511021269 0.041198528454 0.089132518156 0
-0.252854932928 0.993688618375 -0.010269793129 0
