0.654856846241 0.933636077909 -0.520364703736 0
0.892400013904 0.916117484296 -0.390453526498 0
0.779210772674 0.893138995544 -0.467584431528 0
0.777875270870 0.770251066568 -0.466704970060 0
0.771639522341 0.579316419992 -0.522019963781 0
0.855771167777 0.593039009424 -0.468560164914 0
0.788492592593 0.648218518519 -0.475929629630 0
0.629974845725 0.756770464900 -0.509536893130 0
0.865066591369 0.755547222201 -0.339097889928 0
0.625513887647 0.645612337160 -0.508176178617 0
0.901872244356 0.663937509116 -0.382781822975 0
0.620523319213 0.545139335621 -0.521400803923 0
0.948282963958 0.584342254209 -0.425105527164 0
0.826351950817 0.335443854453 -0.628989089977 0
0.878677033108 0.323670376999 -0.521784653593 0
0.803996848343 0.043694176376 -0.588133172161 0
0.877331999195 0.031349615957 -0.514407643997 0
0.833523541682 0.049788628307 -0.618239511048 0
0.909179964012 0.025538773397 -0.547293143692 0
0.750702114240 1.016924542730 -0.481932054615 0
0.661406125963 0.932364466820 -0.533297566698 0
0.898337055235 0.917116702021 -0.401989486141 0
0.785699368639 0.892949999971 -0.479563411248 0
0.784881989063 0.770061545116 -0.477870673711 0
0.779916555898 0.579003420713 -0.532839331645 0
0.862936757325 0.593083768013 -0.477759541392 0
0.795592592593 0.647988888889 -0.486459259259 0
0.639543589669 0.755167949036 -0.521413792488 0
0.872916963195 0.756261669779 -0.350542387221 0
0.636388737138 0.643985767592 -0.518874011317 0
0.910830987903 0.665515682232 -0.395072984616 0
0.631370705742 0.543607669565 -0.531688384896 0
0.958115869038 0.586996195915 -0.438423267519 0
0.842154524128 0.335893563154 -0.637403687328 0
0.882400645277 0.322238371208 -0.524459788626 0
0.833497635122 0.039759574287 -0.627982514712 0
0.877578609399 0.031224530956 -0.514865027444 0
0.865712195563 0.047079341284 -0.654889813197 0
0.909566731058 0.025943832473 -0.547703863305 0
0.757829747538 1.016766000600 -0.495085796410 0
0.667772759387 0.932265710660 -0.547287240771 0
0.903261627909 0.919220516450 -0.413177631470 0
0.791644118931 0.893896635049 -0.491849256002 0
0.791441985452 0.771020738237 -0.489235908088 0
0.788637274880 0.579942135989 -0.543681337004 0
0.870130706341 0.594265944786 -0.486427145457 0
0.802851851852 0.648948148148 -0.496862962963 0
0.650083889159 0.754715273821 -0.533843032148 0
0.878255186241 0.758199051285 -0.362049438704 0
0.648119524725 0.643560854864 -0.529516662721 0
0.917440356878 0.667792453330 -0.406168041107 0
0.643741843293 0.543031048736 -0.540900859861 0
0.965149101782 0.589204608798 -0.449219919054 0
0.856795291584 0.336949182406 -0.644768335571 0
0.885028020002 0.321917685514 -0.525433307964 0
0.860771774741 0.039419102247 -0.658691575128 0
0.877817400487 0.031352964511 -0.515406755545 0
0.896524748184 0.047660267562 -0.680351854196 0
0.910089357154 0.027127016716 -0.548120315769 0
0.764682584644 1.017791604652 -0.508412693818 0
0.674357640341 0.931004428507 -0.562261901089 0
0.907356416492 0.919692124798 -0.423718861951 0
0.797303597064 0.893443497533 -0.504269332396 0
0.797466142312 0.770587390330 -0.500750144375 0
0.797117471903 0.579505660429 -0.554596305473 0
0.876444000617 0.593990172002 -0.494414131317 0
0.809440740741 0.648503703704 -0.507233333333 0
0.660746037219 0.753115271445 -0.548551592647 0
0.881150534299 0.758702464108 -0.373093696731 0
0.658780462729 0.642020192608 -0.542903493086 0
0.921413694775 0.668069431127 -0.415752961504 0
0.655094648047 0.541375862224 -0.553286085971 0
0.969464387879 0.588647635597 -0.457159635025 0
0.869328805847 0.335750089839 -0.650920845789 0
0.888607290954 0.320711180357 -0.527393398898 0
0.884983198114 0.039101246454 -0.675939170862 0
0.878416904068 0.030951247032 -0.516410320424 0
0.922353321548 0.054014449594 -0.689954514302 0
0.911076586783 0.028398799728 -0.548911781656 0
0.770697851855 1.017250016104 -0.521916540417 0
0.680987705264 0.929208947379 -0.578026064022 0
0.910397980689 0.919358763796 -0.433511459191 0
0.802510798598 0.892332380414 -0.516691518867 0
0.802872990604 0.769498385317 -0.512469227534 0
0.805048366913 0.578479137192 -0.566087875554 0
0.881501388694 0.592886169125 -0.502277482899 0
0.815140740741 0.647400000000 -0.518088888889 0
0.670032248725 0.751117170002 -0.564568824334 0
0.883092815223 0.758274506746 -0.383775993640 0
0.668465778306 0.640038433584 -0.558490869097 0
0.923701339159 0.666665506946 -0.423950868487 0
0.665871180012 0.539174281096 -0.568018691241 0
0.972050432627 0.586114875335 -0.462798056607 0
0.879495393689 0.333309627112 -0.656968145921 0
0.893164373240 0.319056207040 -0.530528352836 0
0.901614274565 0.037528502582 -0.686243562639 0
0.879294276538 0.030448430451 -0.517872624803 0
0.938391919182 0.057540864882 -0.694134685289 0
0.912379060613 0.030221973240 -0.550041874472 0
0.776305054035 1.016007420172 -0.535573879153 0
0.687661079452 0.927293882372 -0.594350525241 0
0.912313727379 0.918791930689 -0.442464132851 0
0.807227745569 0.891050058323 -0.528929829695 0
0.807700619908 0.768243800621 -0.524236131064 0
0.812424533728 0.577380757158 -0.578284096893 0
0.885535583644 0.591467441926 -0.510602984226 0
0.820174074074 0.646155555556 -0.529644444444 0
0.678233897558 0.749027562973 -0.582101112729 0
0.882862496252 0.757592633947 -0.394352406848 0
0.677804321244 0.637903178836 -0.576709659499 0
0.923580804869 0.664462648878 -0.430740685926 0
0.676707600094 0.536647929940 -0.585307414467 0
0.971998413956 0.582494496796 -0.466401190278 0
0.886393664670 0.329816674716 -0.662843335082 0
0.897693439029 0.317265231728 -0.534734280745 0
0.906911167124 0.032416237051 -0.692507653677 0
0.880506923823 0.030183821369 -0.519192283845 0
0.945734834151 0.048651880170 -0.699177464483 0
0.913932959037 0.032551953679 -0.550919353732 0
0.781534043801 1.014652486146 -0.548904234077 0
0.694626090042 0.926133270712 -0.611363902317 0
0.912732741836 0.918813373581 -0.450160679193 0
0.811443008223 0.890465231630 -0.540856679649 0
0.812017363810 0.767680970866 -0.535987208058 0
0.819187818879 0.577040139543 -0.590786047646 0
0.888734756550 0.590572326961 -0.519340287214 0
0.824692592593 0.645618518519 -0.541566666667 0
0.686823501194 0.747684597062 -0.600734180916 0
0.879677066588 0.757616773921 -0.404440825123 0
0.687235957100 0.636522970091 -0.596173082042 0
0.920214420477 0.662655640152 -0.435974737704 0
0.687995469194 0.534973338376 -0.604056169736 0
0.968402249442 0.578890612999 -0.467543383210 0
0.891471892159 0.326862729517 -0.668862601577 0
0.901442540405 0.316075298403 -0.539511517686 0
0.908070351699 0.029412675074 -0.693622225046 0
0.881959251548 0.030487824150 -0.519920745179 0
0.947200732101 0.044759668013 -0.700596659962 0
0.915616522327 0.035213377695 -0.551135679294 0
0.786434504461 1.014223948749 -0.561070686857 0
0.702632276035 0.926362823669 -0.629790028294 0
0.910939349852 0.918644877025 -0.456126077245 0
0.815071657508 0.890484306789 -0.552590369264 0
0.815455326137 0.767712740441 -0.547582291269 0
0.825314856210 0.577498203497 -0.602045295617 0
0.891313048791 0.589832514405 -0.527102005925 0
0.829055555556 0.645707407407 -0.552151851852 0
0.696901675928 0.747727087226 -0.621174090448 0
0.874015078182 0.757465893348 -0.413403017350 0
0.697820904289 0.636534689746 -0.617528982017 0
0.913473437949 0.660473726245 -0.439686833565 0
0.700934079498 0.534974230449 -0.625572636463 0
0.960809096321 0.574511580179 -0.466241832046 0
0.894890280276 0.324803526123 -0.674255630085 0
0.905510327973 0.315300628481 -0.545747806291 0
0.908167148847 0.028777429073 -0.693106744096 0
0.883413073094 0.031247202424 -0.520882695645 0
0.946261974236 0.046489150223 -0.700208773211 0
0.917343162555 0.038189318212 -0.551379759470 0
0.791109606428 1.014490050987 -0.573031346760 0
0.710894979275 0.927331270501 -0.646960973605 0
0.908961013221 0.919228920423 -0.461718511634 0
0.818705826107 0.891254454123 -0.563504670912 0
0.818950455489 0.768497325421 -0.558363859183 0
0.831001159948 0.578866760001 -0.612536394760 0
0.893480542953 0.589482370442 -0.534382515562 0
0.833351851852 0.646544444444 -0.561840740741 0
0.707452446488 0.748473700501 -0.642971096507 0
0.868591305954 0.757929546592 -0.422729728614 0
0.708688412202 0.637230587590 -0.641820760807 0
0.905990199761 0.658899666495 -0.443935558468 0
0.714229870315 0.535829534627 -0.651119228907 0
0.951583399196 0.570373292138 -0.464566859886 0
0.897373768082 0.323830081646 -0.679324429573 0
0.909600710384 0.315072045051 -0.553253088345 0
0.907411869324 0.028038286144 -0.693194428319 0
0.884195572658 0.032309279929 -0.521587264456 0
0.946174445000 0.043968972912 -0.700877887903 0
0.918640137537 0.039539012068 -0.551433834910 0
0.795670530683 1.015348927808 -0.584732455863 0
0.719751779990 0.928701945826 -0.663510253681 0
0.906298305052 0.920177984092 -0.466689757643 0
0.822275411606 0.892398502475 -0.573729215621 0
0.822207549025 0.769656219659 -0.568528566715 0
0.836251917346 0.580455130828 -0.622392078512 0
0.894884400786 0.589583047007 -0.541131347827 0
0.837044444444 0.647729629630 -0.571114814815 0
0.718178907963 0.749776951930 -0.664593365000 0
0.862853066521 0.758988729321 -0.430663907763 0
0.720582987008 0.638563674634 -0.666519088412 0
0.897344266728 0.657981666863 -0.446887719631 0
0.729048066283 0.537563184293 -0.677706657392 0
0.940596889453 0.567061492877 -0.460988302236 0
0.899765573396 0.323398202093 -0.684015311919 0
0.915641649945 0.315538835092 -0.560775469590 0
0.907196162588 0.028136077501 -0.693237640811 0
0.885515472101 0.033790207809 -0.523400828534 0
0.946334817927 0.042871736073 -0.701385378520 0
0.921113926078 0.040439919381 -0.552002336446 0
0.800246238286 1.016523543145 -0.595993218785 0
0.729090651093 0.929854431871 -0.679016732841 0
0.902988699532 0.920751941863 -0.470961007081 0
0.825736316276 0.893246348416 -0.583052502728 0
0.825176910177 0.770508823092 -0.577968035100 0
0.841078425463 0.581394184127 -0.631217952856 0
0.895514642650 0.589675261855 -0.547000880184 0
0.840003703704 0.648562962963 -0.579807407407 0
0.728395609341 0.751044655633 -0.685678664700 0
0.856436177024 0.759930480918 -0.437246814047 0
0.733624449841 0.640062009064 -0.691457284010 0
0.887178410099 0.657044497668 -0.448412439241 0
0.745319792789 0.539842303815 -0.705966010184 0
0.927413082609 0.564107325792 -0.456397569640 0
0.902122038278 0.322567111446 -0.687714818195 0
0.923727804675 0.316420215528 -0.568277208388 0
0.906574682706 0.028323510833 -0.693276960004 0
0.887828312335 0.035229406306 -0.526382798667 0
0.945828755802 0.042591566486 -0.701697170113 0
0.925214481467 0.042374777996 -0.552473656558 0
0.804813884721 1.017366571795 -0.606514054401 0
0.738866460087 0.931074825633 -0.693378256914 0
0.899086120498 0.921622542512 -0.474629802386 0
0.829114105628 0.894277103916 -0.591442198599 0
0.828051788043 0.771541263978 -0.586517978422 0
0.845651899584 0.582319112992 -0.638978114186 0
0.895613619842 0.590071230746 -0.551983145948 0
0.842600000000 0.649548148148 -0.587725925926 0
0.737814569364 0.752585745374 -0.705961668671 0
0.849282109626 0.761365504075 -0.442934872242 0
0.748185546357 0.642292472501 -0.716243587207 0
0.876166697422 0.657020473115 -0.449614324520 0
0.763641884344 0.543149078872 -0.734682940104 0
0.912480490071 0.562164407908 -0.452091693520 0
0.903816763465 0.321789032637 -0.690462071405 0
0.933753174622 0.318107767333 -0.574304300170 0
0.905883406902 0.028386603930 -0.693356758092 0
0.890787327167 0.036590183435 -0.529425185295 0
0.945329488795 0.041996771527 -0.701966610958 0
0.930616434246 0.043916068892 -0.551549571751 0
0.809359583665 1.018376832930 -0.616023650754 0
0.748986097283 0.932520502882 -0.706257829874 0
0.894770292853 0.922656212556 -0.477652852467 0
0.832437640901 0.895512057419 -0.598759529115 0
0.830898158712 0.772770769944 -0.594103898922 0
0.850129389213 0.583294690544 -0.645479217318 0
0.895350427579 0.590791302059 -0.555906610879 0
0.845011111111 0.650714814815 -0.594644444444 0
0.747201495452 0.754550452939 -0.724731514311 0
0.841782160797 0.762939983461 -0.448492768635 0
0.763465851190 0.645465207175 -0.739352080060 0
0.864836843732 0.657502066869 -0.451063560208 0
0.783272127379 0.547788016982 -0.761532734663 0
0.896820534732 0.561060053266 -0.448403490096 0
0.904955052077 0.321254350584 -0.692793897239 0
0.943704520329 0.320356369192 -0.576973499503 0
0.905407288441 0.028454228805 -0.693517845147 0
0.894171116591 0.039057643028 -0.531969457191 0
0.945133065343 0.041134491652 -0.702260452806 0
0.936931809135 0.044410893828 -0.548473418033 0
0.813996391598 1.019747883052 -0.623798119006 0
0.759413400392 0.933367117408 -0.717709615846 0
0.889843058337 0.923120819596 -0.480025604381 0
0.835595057164 0.896169804284 -0.605004758357 0
0.833675087053 0.773423207923 -0.600588411453 0
0.854589754338 0.583665236622 -0.650434827801 0
0.894820620521 0.590976198494 -0.558497781067 0
0.847396296296 0.651314814815 -0.600159259259 0
0.757100738958 0.756114230695 -0.742078986912 0
0.833777582084 0.763872923182 -0.454255537939 0
0.779376160184 0.648514509171 -0.759514198148 0
0.852867367929 0.657622967385 -0.452910696154 0
0.804345522659 0.553048877565 -0.785276379451 0
0.880609137499 0.560036299475 -0.446092847991 0
0.906487927085 0.320544683022 -0.694974988891 0
0.950866986750 0.321843051337 -0.577021790639 0
0.905019560852 0.028323628351 -0.693732660934 0
0.898366702816 0.041748946079 -0.534976525863 0
0.945137889170 0.039662253854 -0.702525550661 0
0.943555001548 0.043255829615 -0.544210257729 0
0.818765715437 1.020463603285 -0.630912752996 0
0.770227113358 0.933894736635 -0.727829542344 0
0.884382515359 0.923302329270 -0.481929325393 0
0.838654893039 0.896530035630 -0.610308531795 0
0.836452678385 0.773780383959 -0.606163209400 0
0.859189448201 0.583743169486 -0.654365035697 0
0.894150742560 0.590917558223 -0.560287252121 0
0.849888888889 0.651640740741 -0.604774074074 0
0.767648342334 0.757445125300 -0.757438410899 0
0.824782519831 0.764777823108 -0.459903251224 0
0.796344548182 0.651538901841 -0.775830818469 0
0.840477008363 0.658071145402 -0.455144092416 0
0.827006079018 0.558698065902 -0.804015270067 0
0.864215739872 0.559630994936 -0.444994412266 0
0.908572585101 0.319722960508 -0.696368690924 0
0.955515645822 0.322727128422 -0.575294817124 0
0.904532473990 0.028315964443 -0.693882210989 0
0.902678291831 0.043254625871 -0.537803280200 0
0.945000944428 0.038383414544 -0.702617710632 0
0.948763732962 0.045145663700 -0.539242354930 0
0.823882521717 1.020962004402 -0.636915027271 0
0.781452385026 0.934072758494 -0.736752516803 0
0.878251513630 0.922832533479 -0.483544780666 0
0.841573003737 0.896405004448 -0.614866006701 0
0.839237068559 0.773648215040 -0.611188999612 0
0.863989723223 0.583428051648 -0.657896672771 0
0.893248287712 0.590299517652 -0.561870047929 0
0.852514814815 0.651496296296 -0.609000000000 0
0.782941372030 0.758074564006 -0.769004942319 0
0.815875772738 0.764882787675 -0.465421005867 0
0.815385532225 0.653538380232 -0.788940935021 0
0.828487141371 0.657907605975 -0.458172177608 0
0.850139069357 0.562780523216 -0.818728851917 0
0.848589876391 0.558995650649 -0.444955949296 0
0.911748777894 0.318682723792 -0.697122379725 0
0.958897448524 0.322884808858 -0.571695840601 0
0.904206118898 0.028761373001 -0.693784010591 0
0.907508992228 0.044210759388 -0.540407743627 0
0.944746733982 0.038645746618 -0.702393150609 0
0.953147491438 0.047315389486 -0.534324692889 0
0.829053269049 1.020938997008 -0.642199696984 0
0.793010243299 0.933863503201 -0.744496095779 0
0.871629898512 0.921898333211 -0.485099958340 0
0.844384203308 0.895860008867 -0.618773701253 0
0.842015454642 0.773097143229 -0.615548254325 0
0.869014460834 0.582720040788 -0.660392879333 0
0.892046452236 0.589321083500 -0.562667002890 0
0.855166666667 0.650948148148 -0.612340740741 0
0.799976098502 0.758124811228 -0.777438310372 0
0.807266834663 0.764323340063 -0.471141304733 0
0.835097998249 0.654719487236 -0.798690890967 0
0.817180099451 0.657196988791 -0.462143878755 0
0.873427582327 0.565699222201 -0.829163435757 0
0.834118826462 0.558159006649 -0.446060442828 0
0.915755942897 0.317301285221 -0.696139068765 0
0.960733151507 0.322517427539 -0.566531133515 0
0.903602682262 0.029366419283 -0.693543790282 0
0.910848518117 0.044409504569 -0.542107672064 0
0.944114869594 0.039598264083 -0.701876354993 0
0.954976156586 0.047634298487 -0.528997863835 0
0.834303322311 1.020446395921 -0.646816537213 0
0.805086339492 0.933773156065 -0.750752878971 0
0.864674211164 0.920887145948 -0.486378508258 0
0.847216163006 0.895326302630 -0.621769983727 0
0.844781199217 0.772565493375 -0.618923595761 0
0.874211404873 0.582113660584 -0.661382016326 0
0.890596223726 0.588418396851 -0.562305372604 0
0.857800000000 0.650444444444 -0.614292592593 0
0.814634779404 0.758297804468 -0.784443067074 0
0.799806552201 0.763167307146 -0.477215226461 0
0.853786237238 0.656115124955 -0.804536459291 0
0.807060605558 0.655955903407 -0.466804883151 0
0.896206690565 0.568606727603 -0.833809984459 0
0.821178859582 0.556838584445 -0.448779364330 0
0.919353572433 0.315810590125 -0.692277507639 0
0.961219470968 0.322096565842 -0.560882602829 0
0.902457239394 0.030019921862 -0.693220403744 0
0.911907204825 0.044749943406 -0.541400458890 0
0.942923550345 0.040811962709 -0.701054249380 0
0.953426215013 0.048421498825 -0.521596259381 0
0.839776094120 1.019944842008 -0.650445503251 0
0.817528704165 0.933802976353 -0.755084270568 0
0.857778370716 0.920030269387 -0.487127467180 0
0.850171115193 0.894913228583 -0.623510221628 0
0.847608840397 0.772156070477 -0.621237430488 0
0.879658904896 0.581597819310 -0.661842317902 0
0.889074197874 0.587761590995 -0.561853551052 0
0.860492592593 0.650044444444 -0.615977777778 0
0.828174435604 0.758451815112 -0.789090728056 0
0.793255665416 0.761967034555 -0.482637393747 0
0.871575783855 0.657361282252 -0.805671083593 0
0.798794909637 0.654739307548 -0.471376267517 0
0.917869371102 0.570905167627 -0.831937876579 0
0.811071434793 0.555569097871 -0.452330319130 0
0.922584352912 0.314364368423 -0.687403238289 0
0.959897345487 0.321561479786 -0.555643273180 0
0.901526117475 0.030528259670 -0.692931208281 0
0.911562865470 0.046011648637 -0.540314118257 0
0.942001710803 0.041703406731 -0.700156306063 0
0.949815547360 0.048136715180 -0.514589980469 0
0.845595266597 1.019429699470 -0.653061940922 0
0.830385077510 0.933761363842 -0.757920023235 0
0.850815767556 0.919072242153 -0.487776749758 0
0.853213473792 0.894399733742 -0.624431461055 0
0.850473917509 0.771648652348 -0.622862090286 0
0.885308221722 0.580969664524 -0.661707055271 0
0.887614039827 0.587160261521 -0.561304101972 0
0.863248148148 0.649537037037 -0.617348148148 0
0.843827420500 0.758216658435 -0.789875622366 0
0.787466163048 0.760473390558 -0.488523975055 0
0.889481664400 0.657688103526 -0.803571633298 0
0.792279263808 0.653266181471 -0.476745604603 0
0.938420034562 0.571807404015 -0.826764697679 0
0.803255648596 0.554125428467 -0.456761722125 0
0.926030019241 0.312954236055 -0.682179898756 0
0.957201445040 0.320758668891 -0.551068405785 0
0.900980792018 0.031255403918 -0.692701645495 0
0.911419818616 0.045431924113 -0.540868911025 0
0.941729335391 0.041844001370 -0.699243619363 0
0.946914071109 0.044884709945 -0.511383771698 0
0.851696556426 1.018835225334 -0.654492812301 0
0.843379257512 0.933927494517 -0.759459024305 0
0.843875212145 0.918458700458 -0.488588128792 0
0.856294102057 0.894166767441 -0.624766926517 0
0.853441559903 0.771417754444 -0.623898219167 0
0.891055943408 0.580586850910 -0.660688578869 0
0.886217195127 0.587015675227 -0.560390772052 0
0.866014814815 0.649296296296 -0.618170370370 0
0.859217844302 0.758120946300 -0.788767679512 0
0.781944466046 0.759413849673 -0.494641606361 0
0.906032549422 0.657773933225 -0.799572373167 0
0.786783054696 0.652244196346 -0.482536438232 0
0.956990462018 0.572159426116 -0.819199769126 0
0.796707447797 0.553171741642 -0.461641899309 0
0.929652449780 0.311946696149 -0.676577221266 0
0.953489126071 0.320161899984 -0.546954442878 0
0.900553901810 0.032886192135 -0.692455790222 0
0.911384015281 0.042805640393 -0.539747878259 0
0.941569273142 0.042884260512 -0.698212312460 0
0.945199496231 0.042285719360 -0.508351098572 0
0.857990609976 1.018617709819 -0.654698576842 0
0.857079723067 0.934349815563 -0.759593292833 0
0.836666456824 0.918035216124 -0.489541993997 0
0.859531670143 0.894154562847 -0.624434129443 0
0.856518107859 0.771401518390 -0.624373403311 0
0.896942288569 0.580425706580 -0.658785276734 0
0.884638967036 0.587263602568 -0.559154634976 0
0.868629629630 0.649240740741 -0.618551851852 0
0.874094681861 0.758099988787 -0.785367121338 0
0.776083921636 0.758727543129 -0.500411594687 0
0.921000544480 0.657510424345 -0.793078193317 0
0.781814930028 0.651650103906 -0.487887251110 0
0.973125376031 0.571659245792 -0.808387597870 0
0.791523333469 0.552831169204 -0.465857666496 0
0.934721392981 0.311475984619 -0.670969624808 0
0.949481920504 0.319933977969 -0.543430507209 0
0.900677897942 0.035202172136 -0.692382739509 0
0.911415544235 0.039538610047 -0.538982278784 0
0.941474854937 0.046522084117 -0.697160552584 0
0.944269296883 0.040615747050 -0.506594232266 0
0.864424390396 1.018604219781 -0.653994309431 0
0.870912154780 0.934433173084 -0.758524416911 0
0.829594425038 0.917631778589 -0.490903173455 0
0.862863233691 0.893992521062 -0.623656190975 0
0.859685254510 0.771222853076 -0.624301788574 0
0.903075277318 0.580258108064 -0.655877691078 0
0.883088690900 0.587564080909 -0.557533639689 0
0.871025925926 0.648996296296 -0.618411111111 0
0.888504304818 0.757693361598 -0.780235146748 0
0.771352578535 0.757909447831 -0.507150968311 0
0.934921204179 0.656680639011 -0.784682885832 0
0.778254645589 0.651020358632 -0.493646683425 0
0.987224693532 0.570081721571 -0.795187242137 0
0.788581396576 0.552665214926 -0.470116665970 0
0.943043153927 0.311533937319 -0.665855712320 0
0.946011322198 0.319853222741 -0.540544705469 0
0.901978986017 0.038257871600 -0.692674630401 0
0.911626313297 0.037152062920 -0.538622621664 0
0.942711080268 0.050139834343 -0.696557292421 0
0.944014148013 0.039776640268 -0.505855952615 0
0.870567444101 1.018455682439 -0.652567429739 0
0.884713352271 0.934267554907 -0.756482376399 0
0.822573322491 0.917157416353 -0.492936495280 0
0.866125669986 0.893667672614 -0.622707126599 0
0.862748648729 0.770880504640 -0.624009951264 0
0.908885673842 0.579962543023 -0.652190279828 0
0.881091960469 0.587822393302 -0.555804982350 0
0.873107407407 0.648577777778 -0.618018518519 0
0.902306643173 0.757084165029 -0.774211532157 0
0.766661358869 0.757175937482 -0.514081357688 0
0.947566443135 0.655459207491 -0.775553011353 0
0.775491756442 0.650543887615 -0.499696933833 0
0.999329568441 0.568008347014 -0.781410927964 0
0.786636779796 0.552675423791 -0.474741721788 0
0.956668447867 0.312471454953 -0.660850321428 0
0.942579839008 0.319825356752 -0.538090180930 0
0.905735106233 0.041584830256 -0.694383968341 0
0.912168756604 0.036376535403 -0.538428259224 0
0.946667416004 0.052941996083 -0.697688572137 0
0.944434260908 0.038467724867 -0.505502904205 0
0.876639832073 1.018152405554 -0.650602982361 0
0.898310826460 0.934656726642 -0.753742007077 0
0.815629523597 0.917247365866 -0.495921744275 0
0.869274160534 0.893911227281 -0.621884712445 0
0.865793124636 0.771105619401 -0.623784069168 0
0.913866406311 0.580144579368 -0.648199935757 0
0.878412946132 0.588543507115 -0.554408126448 0
0.874922222222 0.648718518519 -0.617592592593 0
0.915300424706 0.757076653879 -0.767687321926 0
0.762368480125 0.757015101173 -0.521538322189 0
0.958468359039 0.654552826358 -0.765877545836 0
0.773323051680 0.650720222638 -0.506153986362 0
1.008996907570 0.566229892785 -0.767591116143 0
0.784967747353 0.553372519031 -0.479646020671 0
0.973551914608 0.314983014922 -0.654254425884 0
0.938530373403 0.320269752219 -0.536185273510 0
0.909811544588 0.043932897360 -0.694858411131 0
0.912748185337 0.035886117770 -0.538329762629 0
0.951442701273 0.052807371197 -0.696715858914 0
0.944944941157 0.037903874349 -0.505332604911 0
0.882676740702 1.018448864306 -0.648212933349 0
0.911891609206 0.935465238046 -0.750694313624 0
0.809063183301 0.917717663605 -0.500250886830 0
0.872540719036 0.894558778043 -0.621590329151 0
0.869100410160 0.771740184439 -0.623977463647 0
0.918489873933 0.580648748253 -0.644242724625 0
0.875670763913 0.589575742974 -0.553626909771 0
0.877033333333 0.649296296296 -0.617322222222 0
0.927712973707 0.757545710245 -0.761283296089 0
0.759191008307 0.757096479130 -0.529931313436 0
0.968006674390 0.653950258375 -0.756563011063 0
0.771814101964 0.651174977191 -0.513300782377 0
1.016530803846 0.564571460507 -0.754985539108 0
0.783646945160 0.554516614535 -0.484841816752 0
0.990806744645 0.318582134923 -0.645258795079 0
0.934442902767 0.321070870992 -0.534444771909 0
0.916938490598 0.047146647715 -0.691006187909 0
0.913111141490 0.035287994205 -0.538187453933 0
0.958688120390 0.055218318956 -0.688327355941 0
0.944998122234 0.038490192640 -0.504983821170 0
0.888671969369 1.019234344178 -0.645521098518 0
0.925332471259 0.936082338576 -0.747111603871 0
0.803185859934 0.917993086204 -0.505526099573 0
0.876011043975 0.895011689954 -0.621531874351 0
0.872796332182 0.772187081387 -0.624418939321 0
0.923615053606 0.581016660762 -0.640647127478 0
0.873705649244 0.590356739050 -0.553778216968 0
0.880011111111 0.649714814815 -0.617514814815 0
0.940026566967 0.757896981486 -0.754313170859 0
0.757483811957 0.756846587900 -0.538849595177 0
0.976822735665 0.653119595726 -0.747558731126 0
0.770842287144 0.651245930174 -0.520812581615 0
1.022293876616 0.562198086455 -0.743359821784 0
0.782423734288 0.555376516799 -0.490189514257 0
1.002813357666 0.321052641636 -0.633163184341 0
0.931184439371 0.321736228992 -0.532419489063 0
0.929533843107 0.049577952276 -0.682433107420 0
0.913452714469 0.034912689026 -0.537954113785 0
0.970188679867 0.057230674806 -0.672236064174 0
0.944943931469 0.039477849237 -0.504532901829 0
0.894624713741 1.019787018716 -0.642837273156 0
0.939851411196 0.936466808675 -0.742680509255 0
0.798758180185 0.917787357469 -0.511694903941 0
0.880663315119 0.895099471241 -0.621539341561 0
0.877768045531 0.772276550242 -0.625002743805 0
0.929954480342 0.581128093633 -0.637170476674 0
0.873011143237 0.590591275495 -0.554755078430 0
0.884437037037 0.649785185185 -0.617929629630 0
0.953225685684 0.758076380696 -0.746653478506 0
0.757863712277 0.756007315683 -0.548056793856 0
0.985715766032 0.651955218218 -0.738870509471 0
0.770988306603 0.650594989117 -0.528788476297 0
1.027221927278 0.559219837044 -0.732418940212 0
0.781803071794 0.555450798159 -0.496205130851 0
1.010495106713 0.322125681722 -0.618714308610 0
0.928905399435 0.321907305913 -0.530224656289 0
0.948377553418 0.047348304336 -0.668200569194 0
0.913755651993 0.034422688321 -0.537515838458 0
0.985495992316 0.053498559841 -0.648206683726 0
0.944787669137 0.040191977858 -0.503852148009 0
0.900732609402 1.020087542962 -0.640186390934 0
0.955060504422 0.937090036345 -0.737432656081 0
0.795434722841 0.917879951904 -0.518889401536 0
0.886089701461 0.895435101910 -0.621684806813 0
0.883547757312 0.772625912953 -0.625815845470 0
0.937179022799 0.581561312483 -0.634014328860 0
0.873031538852 0.590828617975 -0.557049332455 0
0.889985185185 0.650114814815 -0.618881481481 0
0.965516403442 0.758494004599 -0.740886945769 0
0.759111695973 0.755532827475 -0.557507731031 0
0.993956721726 0.651327396294 -0.731702860948 0
0.771885285159 0.650330383046 -0.536902810861 0
1.031440502944 0.557015814171 -0.722764499364 0
0.781605363279 0.555677986014 -0.502802812799 0
1.010577278620 0.321539085886 -0.603834704455 0
0.926784915471 0.322094783245 -0.528594358034 0
0.965762581312 0.043838445431 -0.655380435982 0
0.914122354000 0.033832392123 -0.536990309658 0
0.996003756077 0.051153849367 -0.626271746229 0
0.944711056303 0.040390338001 -0.503066284517 0
0.907027139216 1.020647496864 -0.637921178664 0
0.970816820735 0.938322186589 -0.731069206525 0
0.793140233951 0.918344003375 -0.527004328849 0
0.892201432806 0.896241128111 -0.621805877214 0
0.890018698091 0.773457604115 -0.626767503296 0
0.944742327618 0.582522305195 -0.631008692924 0
0.873537671286 0.591306756088 -0.560459960415 0
0.896162962963 0.650914814815 -0.620129629630 0
0.978054007814 0.759610446495 -0.736316831983 0
0.761207306987 0.755404704724 -0.566984318778 0
1.002694618333 0.651660159081 -0.725479082490 0
0.773439487966 0.650473802665 -0.544732101555 0
1.036190885886 0.556047117652 -0.714009204587 0
0.781693379606 0.556142832957 -0.509348148003 0
1.006483873436 0.320688603962 -0.591756095180 0
0.924302453801 0.322450788505 -0.527957798214 0
0.982097844316 0.041113981847 -0.642176199562 0
0.914543129739 0.033042721705 -0.536387870132 0
1.003471776678 0.048643726157 -0.606095490436 0
0.944741962233 0.040158048142 -0.502227696097 0
0.913581545198 1.021659349669 -0.635946653559 0
0.986630412007 0.939559719705 -0.723562358523 0
0.791742790684 0.918622274720 -0.535969687959 0
0.898711319599 0.896944012159 -0.621857862584 0
0.896889957403 0.774195320333 -0.627682024350 0
0.951863145749 0.583301334024 -0.627514163233 0
0.874027423564 0.591677289202 -0.564301529637 0
0.902388888889 0.651618518519 -0.621118518519 0
0.990479647811 0.760855249423 -0.731790127504 0
0.763473988376 0.755162154389 -0.576577450042 0
1.011456318589 0.652334499882 -0.719097324197 0
0.774795907525 0.650605707544 -0.552183901721 0
1.041302139917 0.555774591082 -0.705362346239 0
0.781201825741 0.556674571693 -0.515284601630 0
1.001592057468 0.319713366324 -0.583263845330 0
0.922021589428 0.322831113566 -0.527760061617 0
0.994259901312 0.039127394034 -0.628343409179 0
0.915018525075 0.032246350567 -0.535820586447 0
1.005470075946 0.044669154707 -0.587612825113 0
0.944896782920 0.039816640195 -0.501476805824 0
0.920307190491 1.022581061805 -0.633655302283 0
1.002425351528 0.939979831264 -0.715024343534 0
0.791249436885 0.918120451382 -0.546093966803 0
0.905585059963 0.896845581180 -0.622013246169 0
0.904190010144 0.774135418497 -0.628647088528 0
0.958577924523 0.583160699796 -0.623874836850 0
0.874773743996 0.591287011149 -0.568782045040 0
0.908785185185 0.651522222222 -0.622077777778 0
1.003099013439 0.761432241305 -0.726776143253 0
0.766442213340 0.754158709161 -0.586940939909 0
1.020274295500 0.652409137839 -0.712745688860 0
0.777054074010 0.650218094231 -0.559756043167 0
1.046464272678 0.555071402266 -0.697101576692 0
0.781546671233 0.556836917566 -0.521059546821 0
0.998359302566 0.317914147710 -0.579474605111 0
0.920805228055 0.322897851296 -0.526766020179 0
1.000495827420 0.036467427070 -0.617620811198 0
0.915782660413 0.031861585763 -0.534932339406 0
1.001015581403 0.044989493566 -0.575877981353 0
0.945293641302 0.040392520044 -0.500496311590 0
0.927282000719 1.022679380977 -0.631294545661 0
1.018170664135 0.940316118069 -0.705460841453 0
0.791998316227 0.917528034379 -0.557348236046 0
0.912978522091 0.896653776012 -0.622287029635 0
0.912193499549 0.773992571806 -0.629703268877 0
0.964953808259 0.582489731557 -0.620725049810 0
0.876127162531 0.590945107510 -0.574219921645 0
0.915874074074 0.651344444444 -0.623185185185 0
1.016571230069 0.761995741902 -0.720194671625 0
0.771648056453 0.753254604233 -0.599389091642 0
1.029869185905 0.652420129496 -0.706258008102 0
0.780782800942 0.650071986979 -0.568972228399 0
1.052041803560 0.554322609624 -0.689207903699 0
0.782695047128 0.557417417170 -0.528219841130 0
0.999248951748 0.316154862148 -0.578307453449 0
0.919968532521 0.323311615471 -0.525565700729 0
1.003207475830 0.033716979088 -0.611190940252 0
0.916864193291 0.032276564601 -0.533682675890 0
0.995529864127 0.044276282465 -0.570633388603 0
0.946068075930 0.041909782307 -0.499275566162 0
0.934273387178 1.022735766091 -0.628948220215 0
1.033198629333 0.940387601988 -0.694841486226 0
0.793692019136 0.916688086943 -0.569599766918 0
0.920425076885 0.896207136984 -0.622592733889 0
0.920442033120 0.773599219411 -0.630893810582 0
0.971043758311 0.581409122458 -0.618204489764 0
0.878243713465 0.590763176638 -0.580454699482 0
0.923281481481 0.650900000000 -0.624959259259 0
1.030100748076 0.762411924152 -0.713085984785 0
0.779005714202 0.752003381639 -0.612385123647 0
1.039183406566 0.652298043683 -0.700035325937 0
0.785505257771 0.649450186133 -0.579281050563 0
1.057002130254 0.553450000615 -0.682355844082 0
0.783917509025 0.557638454216 -0.536666855982 0
1.002056705684 0.314258069248 -0.578478127290 0
0.919335980050 0.324014556644 -0.525014782868 0
1.005462454488 0.030213934544 -0.609882723473 0
0.917984311082 0.033190762141 -0.532607387628 0
0.993400488972 0.038058291086 -0.569778675505 0
0.946987563377 0.043672292208 -0.498278628137 0
0.941298619798 1.022479792662 -0.626516197910 0
1.047633575842 0.941052175118 -0.682686445238 0
0.796258248960 0.916290957712 -0.583651609226 0
0.927914923728 0.896277622549 -0.623084820997 0
0.928889481808 0.773730010091 -0.632388495155 0
0.977066909027 0.581048419404 -0.616847506595 0
0.881174107541 0.590941044600 -0.588018703131 0
0.930685185185 0.650959259259 -0.627666666667 0
1.046121975447 0.763604213535 -0.705658961240 0
0.787264809812 0.751379604824 -0.627133676853 0
1.050732923951 0.653056390144 -0.694005680536 0
0.790390273329 0.649355342805 -0.591968878162 0
1.063439843630 0.553343931581 -0.676549284451 0
0.784471500463 0.558569819081 -0.547781231750 0
1.003987878221 0.313010699013 -0.580231746648 0
0.918565563555 0.325196100962 -0.525580822448 0
1.006963717017 0.028904076351 -0.610246904069 0
0.918683666336 0.034482389017 -0.531732876793 0
0.994221694877 0.037338959955 -0.570474385725 0
0.947617357082 0.045326861486 -0.497458195159 0
0.948449874936 1.022648929020 -0.624138267933 0
1.061391362858 0.942230260498 -0.668531607467 0
0.800335438988 0.915754020491 -0.599543311907 0
0.935772096774 0.896544399737 -0.623561929360 0
0.937919017554 0.774066195032 -0.633826245319 0
0.982799563093 0.581055317966 -0.616147203616 0
0.884724824367 0.591167369390 -0.596060258619 0
0.937848148148 0.651237037037 -0.630629629630 0
1.065391090248 0.765721545457 -0.697625871383 0
0.796121923834 0.750960354414 -0.644182088494 0
1.065747778318 0.654927203102 -0.687508187397 0
0.795821034733 0.649462428381 -0.607394018329 0
1.072757678389 0.554465385578 -0.670594154835 0
0.785124315881 0.559607512735 -0.562443713000 0
1.005597895223 0.312271723702 -0.582305106789 0
0.917978070795 0.326606360104 -0.526643553394 0
1.007326505284 0.029076383863 -0.611073775291 0
0.919728056550 0.036097252427 -0.530826080185 0
0.994963214589 0.040008095537 -0.571792656058 0
0.948634380768 0.048195018231 -0.496950080906 0
0.955555025550 1.023041821942 -0.621849659169 0
1.073339059408 0.943331510133 -0.653766135400 0
0.806189624526 0.915655706440 -0.615349980870 0
0.943554834977 0.896989348063 -0.623797336000 0
0.946684709498 0.774584121569 -0.634827778925 0
0.987934371178 0.581419898366 -0.615648232017 0
0.888525179706 0.591517662887 -0.603805887573 0
0.944403703704 0.651748148148 -0.633392592593 0
1.083146699858 0.766884627240 -0.681839400323 0
0.805786528874 0.751703851746 -0.663172081620 0
1.081851049559 0.655712467435 -0.677721970530 0
0.802459186740 0.650879986141 -0.624717451878 0
1.084324613068 0.554519476501 -0.664341094907 0
0.787142519569 0.561607137387 -0.580011521436 0
1.006816941873 0.312074859850 -0.583924884748 0
0.916835820548 0.328265492122 -0.527557692845 0
1.007416719747 0.029286626500 -0.611615419428 0
0.919539188780 0.037869977237 -0.529424545506 0
0.995413387762 0.040621679792 -0.572336975044 0
0.947740385306 0.051254368185 -0.495438291845 0
0.962574436675 1.023574973014 -0.619895794470 0
1.082604908144 0.943829506884 -0.640415586613 0
0.812965681109 0.915860355051 -0.629325708966 0
0.950497834625 0.897285851171 -0.623951107487 0
0.954328802796 0.774945347057 -0.635520118883 0
0.992303852995 0.581731477304 -0.615209011388 0
0.892267527177 0.591735588322 -0.611080500901 0
0.950237037037 0.652151851852 -0.635877777778 0
1.096511382797 0.766919635802 -0.663378773977 0
0.817702280809 0.752317973531 -0.678303056119 0
1.099800673030 0.655719726704 -0.664660116993 0
0.810650534226 0.651201534896 -0.641140974129 0
1.101208746382 0.554091113809 -0.655310649483 0
0.790674180583 0.561659998632 -0.598992632234 0
1.007937127694 0.311864713983 -0.586274554623 0
0.915044791136 0.329903413534 -0.528363552886 0
1.008447629417 0.028769270544 -0.613770264079 0
0.916690106817 0.039550256327 -0.527494622417 0
0.996051271769 0.037779899904 -0.574014780423 0
0.942618429537 0.054364644488 -0.492312655035 0
0.969395552425 1.023802048895 -0.618062756732 0
1.089567006228 0.944169443001 -0.629857638994 0
0.819800083973 0.917269576521 -0.640477264096 0
0.956395476470 0.898084655134 -0.624271421749 0
0.960544425519 0.775806253253 -0.636404267947 0
0.996174799531 0.582588133288 -0.614785655286 0
0.896101298173 0.592420131036 -0.618393904966 0
0.955707407407 0.653051851852 -0.638303703704 0
1.105897477042 0.766726034509 -0.646135016027 0
0.829164901591 0.753941699982 -0.689504107767 0
1.114362793954 0.655918144922 -0.651410531984 0
0.819221623671 0.651890052858 -0.655712479020 0
1.116155257669 0.554278305740 -0.645333792221 0
0.795619212022 0.561455054684 -0.617708697265 0
1.008675457241 0.312278733125 -0.588589591626 0
0.912229709674 0.332394449485 -0.528708319319 0
1.009349938443 0.028628117449 -0.615572147163 0
0.911227103441 0.041599035976 -0.525431896676 0
0.996626512083 0.035838430524 -0.575553583819 0
0.930599940563 0.058741302458 -0.487217361141 0
0.975257022824 1.024494724400 -0.616428839256 0
1.094996069087 0.943848238367 -0.620923218048 0
0.826460249660 0.918722316669 -0.650381210852 0
0.961496978245 0.898554318804 -0.624938617014 0
0.965817886581 0.776346215078 -0.637652793208 0
0.999562829894 0.583128567476 -0.614175461360 0
0.900023954635 0.592745252704 -0.625307621837 0
0.960803703704 0.653611111111 -0.640362962963 0
1.112732571985 0.765957291558 -0.628540829597 0
0.839949364057 0.755522274169 -0.698869522691 0
1.125596775440 0.655710678016 -0.636161690808 0
0.828935532230 0.652122659444 -0.669843727045 0
1.129191952063 0.554171954004 -0.632325564033 0
0.803569339797 0.560114251977 -0.637259831829 0
1.008888385346 0.312545148068 -0.589531614906 0
0.907294672697 0.334101170054 -0.530611475318 0
1.009944752814 0.028766745070 -0.616690108273 0
0.903057713241 0.042517242452 -0.531448285443 0
0.997019243517 0.035019779647 -0.576575393105 0
0.913225592523 0.058253563084 -0.489276051825 0
0.980353322894 1.024802316312 -0.614868235707 0
1.099251649264 0.942859040609 -0.613272249128 0
0.832898932570 0.919706070360 -0.659432208782 0
0.965984485983 0.898466364768 -0.625874763033 0
0.970439845221 0.776315113784 -0.638953953143 0
1.002415883444 0.583071682949 -0.613108293076 0
0.903901262787 0.592515606442 -0.631276263390 0
0.965448148148 0.653577777778 -0.641711111111 0
1.117971747410 0.764908315679 -0.612324662854 0
0.850281122153 0.756419722228 -0.706365719871 0
1.134091174121 0.655119785826 -0.620357336682 0
0.839177567119 0.651469806375 -0.683616920833 0
1.140847057067 0.553643281884 -0.617303555534 0
0.813400988064 0.557317715763 -0.658110676555 0
1.008631454283 0.312341801107 -0.589100590802 0
0.901878758975 0.334441663796 -0.534784115512 0
1.010364772213 0.029076225536 -0.617513675590 0
0.895106722871 0.041893907009 -0.545371089640 0
0.997245449233 0.034771586448 -0.577378829960 0
0.894870004533 0.052390322649 -0.500434644881 0
0.985074647552 1.024505723234 -0.613858864729 0
1.102256948841 0.941859553876 -0.606938761752 0
0.838774413467 0.919788065594 -0.667769465797 0
0.969749053854 0.897962356677 -0.627047557788 0
0.974566029986 0.775835250449 -0.640021874276 0
1.004766715975 0.582517100282 -0.611575452911 0
0.907619602094 0.591873168765 -0.636055966926 0
0.969592592593 0.653085185185 -0.642214814815 0
1.122066161764 0.764224706747 -0.598497395391 0
0.859207959879 0.756210940828 -0.712404887812 0
1.140346082778 0.654674539618 -0.605015556426 0
0.848774716956 0.649868767644 -0.696985054013 0
1.150823447916 0.553481177162 -0.600204809831 0
0.823447113897 0.553753188079 -0.679423541518 0
1.007671187889 0.311700355659 -0.587921132249 0
0.896871601576 0.333224101978 -0.541704889924 0
1.010641440384 0.029403289199 -0.618193444932 0
0.891356458256 0.041487911206 -0.564713572124 0
0.997286577824 0.034668844633 -0.578077597975 0
0.881020140256 0.049216565236 -0.520408456375 0
0.989397691600 1.023760458766 -0.613407449092 0
1.104425273385 0.940611070267 -0.601731578791 0
0.844161020845 0.919763336111 -0.675477510387 0
0.972886404673 0.897309482226 -0.628418060858 0
0.977869666061 0.775173127556 -0.641057682918 0
1.006299916787 0.581759824293 -0.610342829774 0
0.910673242715 0.591099635076 -0.640220923087 0
0.972803703704 0.652414814815 -0.642618518519 0
1.126098267865 0.763582039209 -0.587281527915 0
0.866669309451 0.755897127621 -0.718004785439 0
1.145646084507 0.654094875821 -0.590166830592 0
0.857643272077 0.648608899902 -0.710064478640 0
1.160009313410 0.553808743578 -0.580385520643 0
0.833877067044 0.550937750653 -0.700038757090 0
1.006319628027 0.310961433041 -0.586303218337 0
0.892382885080 0.330819935144 -0.551694511112 0
1.010806127005 0.029818707470 -0.618643939007 0
0.892858784871 0.041672897064 -0.585566942456 0
0.997193940951 0.034595207721 -0.578553378507 0
0.874975555210 0.044616249747 -0.543128261794 0
0.993385598409 1.022777870428 -0.613331743188 0
1.105694637728 0.938999983985 -0.597153664776 0
0.848967128525 0.919004092092 -0.682603778426 0
0.975366217524 0.896120810634 -0.629796416098 0
0.980490964909 0.773971618811 -0.642093344504 0
1.007079205693 0.580469514919 -0.609791395683 0
0.913020311476 0.589793690011 -0.644293243417 0
0.975077777778 0.651222222222 -0.643344444444 0
1.130153542593 0.762879082234 -0.577128919176 0
0.873298813984 0.755165836886 -0.724224947056 0
1.150402698249 0.653521156662 -0.574179874692 0
0.866232635848 0.647443450659 -0.723112174933 0
1.169077296760 0.555114917731 -0.557365790366 0
0.845051192934 0.548548736405 -0.720055308573 0
1.004314063709 0.309821657252 -0.584261743493 0
0.888982074304 0.327328601289 -0.563973723047 0
1.011005046242 0.030219287377 -0.619062154498 0
0.898907900865 0.041300964081 -0.606003481863 0
0.997105696569 0.034654880854 -0.579031001701 0
0.876104761636 0.042506264954 -0.565902622327 0
0.996812616442 1.021285499736 -0.613719394093 0
1.106264840663 0.937248482433 -0.593162841596 0
0.853138394383 0.918063477314 -0.688920396749 0
0.977229333119 0.894779492619 -0.631056014211 0
0.982412571850 0.772611121614 -0.642990785732 0
1.007230360928 0.578978998611 -0.609483790491 0
0.914759328886 0.588368852304 -0.648023798278 0
0.976618518519 0.649874074074 -0.644018518519 0
1.133870223977 0.762101244487 -0.569096509321 0
0.879296790999 0.754520580831 -0.730595158423 0
1.153881135350 0.653134479802 -0.558913745757 0
0.874356107334 0.646774873902 -0.735257122937 0
1.175271747049 0.556956081363 -0.535067852667 0
0.856163818333 0.547095205687 -0.738127358372 0
1.001859307258 0.308526939264 -0.582345120883 0
0.888226702190 0.323372318374 -0.577384986551 0
1.011157967128 0.030668504180 -0.619573325511 0
0.905988708108 0.040912327088 -0.625437515536 0
0.996965231844 0.034995004063 -0.579633279579 0
0.879660061085 0.041922368265 -0.587552201663 0
0.999434850516 1.019766560618 -0.614601583231 0
1.106068466910 0.935950766536 -0.590040970262 0
0.856411843328 0.917414762937 -0.694628533906 0
0.978328992716 0.893816999171 -0.632432504962 0
0.983583471901 0.771624815905 -0.643949283884 0
1.006892838355 0.577821443515 -0.609365227045 0
0.915993004977 0.587353090973 -0.651445641826 0
0.977574074074 0.648892592593 -0.644651851852 0
1.136556331863 0.761607242685 -0.563723176300 0
0.884610299257 0.754416385488 -0.737098552699 0
1.155374571492 0.653386427966 -0.546059366620 0
0.881652058229 0.646802038046 -0.745203036924 0
1.176212266310 0.559144193290 -0.515357834966 0
0.866138183538 0.546741194848 -0.752314418240 0
0.999494708532 0.307536953447 -0.581059147925 0
0.891569724822 0.319897054245 -0.589900887372 0
1.011321773502 0.031096084991 -0.620061232914 0
0.912721841769 0.040683000353 -0.643151817367 0
0.996818246614 0.035009997881 -0.580190333768 0
0.883620005363 0.041830282740 -0.607356821831 0
1.001059326913 1.018724084789 -0.615854607783 0
1.104864596929 0.935043399481 -0.587403923137 0
0.858567775022 0.916910237927 -0.699741074458 0
0.978432389068 0.893124213147 -0.633743414569 0
0.983897251472 0.770909530860 -0.644884523816 0
1.006238231168 0.577044922503 -0.609215551636 0
0.916867112134 0.586569875786 -0.654453496627 0
0.978096296296 0.648162962963 -0.645355555556 0
1.138223279941 0.761345318999 -0.560311939048 0
0.889192950687 0.754572387065 -0.743052126825 0
1.155163082515 0.654312551707 -0.535114501320 0
0.887488897122 0.647054860138 -0.752662498029 0
1.173293031263 0.561870109767 -0.497805522141 0
0.873791000138 0.546884877688 -0.762636523716 0
0.996963127041 0.306840458296 -0.580699030510 0
0.895613957158 0.317060228189 -0.601257272588 0
1.011477379690 0.031569111493 -0.620556738352 0
0.918999365105 0.040615191327 -0.656637160009 0
0.996585127942 0.034884454133 -0.580774971848 0
0.887952472335 0.042072497090 -0.622527314602 0
1.001631787039 1.017960831120 -0.617087179907 0
1.102630567541 0.934715924755 -0.585060502106 0
0.859540863699 0.916631193951 -0.704186108062 0
0.977518321441 0.892825541432 -0.634878084292 0
0.983436262702 0.770602152405 -0.645743593677 0
1.005319127846 0.576661442378 -0.609203012967 0
0.917435180347 0.586218388197 -0.657259957086 0
0.978314814815 0.647822222222 -0.646118518519 0
1.138224393529 0.761411418674 -0.558294325298 0
0.892704002445 0.754854915552 -0.747728827779 0
1.152384019220 0.655977645470 -0.525719710614 0
0.891411492620 0.647426161014 -0.758343616828 0
1.167378279510 0.565083318325 -0.483000076910 0
0.878836442193 0.547134084213 -0.769478207411 0
0.994341591247 0.306452423894 -0.581341713086 0
0.898985228042 0.315296755449 -0.610590339925 0
1.011590643859 0.032093068436 -0.621020483957 0
0.923031240793 0.039367090405 -0.664393325944 0
0.996313609624 0.034972236569 -0.581350820221 0
0.890909045730 0.044702334926 -0.631694478951 0
1.001437236608 1.017540400110 -0.618167044269 0
1.099370033681 0.935631576408 -0.582773061958 0
0.859451428426 0.916544421110 -0.708014089388 0
0.975736167955 0.893223613565 -0.635743825280 0
0.982593528686 0.771029489936 -0.646507669771 0
1.004334330071 0.577020713805 -0.609578804021 0
0.917911287584 0.586618543452 -0.660208170132 0
0.978429629630 0.648214814815 -0.647211111111 0
1.135372123642 0.762245119898 -0.557106221200 0
0.894635547815 0.755213716600 -0.751623812952 0
1.144209802700 0.658007122814 -0.519235170956 0
0.893224360254 0.647818762159 -0.762560628755 0
1.154934175869 0.568118509895 -0.472876797454 0
0.880992790486 0.547310254115 -0.772678089808 0
0.991414437199 0.306699207391 -0.583713159827 0
0.901281966748 0.314872119267 -0.617848618344 0
1.011682373072 0.033063613262 -0.621682632626 0
0.924357573398 0.038919027309 -0.666392070737 0
0.995948375679 0.035926966595 -0.582190834252 0
0.891876397021 0.045190266707 -0.634218174764 0
1.000757633993 1.017764986174 -0.619205145760 0
1.095588532525 0.937050236993 -0.580532064655 0
0.858922212447 0.915916791009 -0.711501534373 0
0.973642049393 0.893581846885 -0.636471533252 0
0.981887539558 0.771471718293 -0.647509762040 0
1.003533203225 0.577433942239 -0.611425018527 0
0.918619463167 0.587070647526 -0.664539837364 0
0.978748148148 0.648648148148 -0.649766666667 0
1.131144662533 0.763287858157 -0.556863566238 0
0.895682016152 0.754928760768 -0.755077874455 0
1.134418280213 0.660042038764 -0.515542079590 0
0.893726770569 0.647428906898 -0.764836975974 0
1.139966711171 0.571151997265 -0.466351005659 0
0.880977048972 0.546827337190 -0.773191535605 0
0.989725059641 0.307119321573 -0.585949284264 0
0.903635640211 0.314900677375 -0.624340616051 0
1.011859225084 0.033852322940 -0.621801518223 0
0.924788282541 0.038446584903 -0.666803080301 0
0.995886929004 0.036777582938 -0.582410044311 0
0.892272729669 0.043621417379 -0.634469277946 0
0.999668732436 1.017895062710 -0.619731874843 0
1.092255810139 0.937475487770 -0.577967375138 0
0.858901957759 0.915381573573 -0.714599765631 0
0.971915542818 0.893486400556 -0.636898267725 0
0.981151498221 0.771464107924 -0.648382241340 0
1.002577162175 0.577401532069 -0.613418497840 0
0.918987677604 0.587159100900 -0.668572656697 0
0.978800000000 0.648666666667 -0.652300000000 0
1.126530171767 0.763084661978 -0.557209039176 0
0.896596272723 0.754655566316 -0.758344658761 0
1.124798327472 0.660768401571 -0.513548248696 0
0.893832022753 0.646963193977 -0.765415266374 0
1.124845343637 0.573226149964 -0.461827670956 0
0.879749157464 0.546478723047 -0.771999515333 0
0.987626149324 0.307128238003 -0.588150222463 0
0.904483712545 0.314761621054 -0.629762439391 0
1.011546740964 0.034690784282 -0.622304927790 0
0.924496437544 0.037550981214 -0.667115277136 0
0.995112436166 0.037535394636 -0.583098022494 0
0.891962646930 0.042528846797 -0.634768899178 0
0.998463180780 1.017685619758 -0.620055884513 0
1.089500409229 0.937106428821 -0.574981240700 0
0.859818436182 0.914782168019 -0.717664071600 0
0.970860104804 0.892957547341 -0.637150560014 0
0.980722036619 0.771019143780 -0.649103479683 0
1.001465090807 0.576989520342 -0.615053447746 0
0.918976663283 0.586827592645 -0.671827253127 0
0.978525925926 0.648274074074 -0.654400000000 0
1.121498492222 0.761915843186 -0.557597861086 0
0.897416920233 0.754127664777 -0.761752744173 0
1.115094606402 0.660395965796 -0.512535839440 0
0.893293664018 0.646323426775 -0.765818043247 0
1.109636605589 0.573950073548 -0.459354682282 0
0.877378847491 0.546067068211 -0.770110820117 0
0.984924330367 0.306732208306 -0.590618625333 0
0.903955226089 0.314351575294 -0.633772537396 0
1.010198941370 0.035286548858 -0.623543764043 0
0.924007479142 0.036569957848 -0.667340158459 0
0.992781187008 0.039358241960 -0.584873326324 0
0.891318496078 0.041648723476 -0.635166390100 0
0.997163612567 1.017207599624 -0.620182123079 0
1.087051452501 0.936780145029 -0.571596968763 0
0.861371780924 0.914406413426 -0.720522029006 0
0.970244051251 0.892567345536 -0.637102153354 0
0.980607985577 0.770695275564 -0.649284485120 0
1.000399367227 0.576662231894 -0.615528539631 0
0.919083785402 0.586618748244 -0.673949745147 0
0.978340740741 0.647988888889 -0.655300000000 0
1.116078581734 0.760756125401 -0.557784989193 0
0.898301784232 0.753553284892 -0.764451203375 0
1.105364115138 0.659826731876 -0.512218128626 0
0.891811107794 0.645793409994 -0.765432075980 0
1.094981722030 0.573778883924 -0.458994337022 0
0.873504389175 0.545888178359 -0.766671954819 0
0.981926665205 0.306367979066 -0.592957580874 0
0.902673526871 0.314138544072 -0.636503426961 0
1.006828251964 0.035837880033 -0.625237382811 0
0.923816826781 0.036172060038 -0.667202705638 0
0.987758622266 0.042884708071 -0.587793410761 0
0.890989843195 0.041471506045 -0.635205520370 0
0.995845674847 1.016975857301 -0.620062762190 0
1.084922129673 0.936518560162 -0.568375642397 0
0.863119199485 0.914319377782 -0.723040531944 0
0.969839642151 0.892376203094 -0.636911349968 0
0.980517063480 0.770532214128 -0.649106396580 0
0.999368077248 0.576495778036 -0.615363797279 0
0.919251179080 0.586576655815 -0.675397553205 0
0.978225925926 0.647851851852 -0.655577777778 0
1.109946460212 0.759660766183 -0.557750008902 0
0.899711827959 0.753241499972 -0.766425129280 0
1.095575368778 0.658872702838 -0.512882213416 0
0.890039736201 0.645743253252 -0.764004546097 0
1.081245537754 0.572725326803 -0.460635171522 0
0.868834200667 0.546421812287 -0.761825636871 0
0.979297879119 0.306150293771 -0.594865546237 0
0.901968303642 0.314133117609 -0.638077241007 0
0.998833163456 0.035565382994 -0.629886833809 0
0.923984382273 0.036085797419 -0.667276327844 0
0.976180555133 0.041861159054 -0.594354001878 0
0.891114383071 0.041089150911 -0.635275633308 0
0.994497657519 1.017002917036 -0.619855659653 0
1.082921167891 0.936352442908 -0.565101173821 0
0.864983641349 0.914354420845 -0.725194562651 0
0.969559778976 0.892298269086 -0.636502119936 0
0.980501058393 0.770471865169 -0.648619637561 0
0.998386949802 0.576426352351 -0.614688140863 0
0.919473755357 0.586630377322 -0.676275306217 0
0.978159259259 0.647807407407 -0.655325925926 0
1.104425370289 0.758892871659 -0.557134345812 0
0.901594501822 0.753125436721 -0.767998604958 0
1.086553070126 0.657882709443 -0.514059886214 0
0.888051819508 0.646210425002 -0.761590980222 0
1.068394064285 0.571315928397 -0.463664735955 0
0.863694422431 0.547712220487 -0.755594211662 0
0.976993117349 0.306051672335 -0.595992998434 0
0.901468548666 0.314254975303 -0.638799475292 0
0.991681318404 0.035184111474 -0.634950640928 0
0.923996379919 0.035684648747 -0.667161300632 0
0.965887091758 0.041667352306 -0.601664231313 0
0.891021393320 0.040824967192 -0.635290589477 0
0.993299071437 1.017146103204 -0.619509369454 0
1.081035614263 0.936194587383 -0.561747746183 0
0.867043300205 0.914369640895 -0.727100498903 0
0.969424813953 0.892224298250 -0.635905097550 0
0.980608564480 0.770399846959 -0.647820253217 0
0.997601907537 0.576344111688 -0.613543893913 0
0.919917534443 0.586675512521 -0.676653272402 0
0.978318518519 0.647740740741 -0.654611111111 0
1.099670032875 0.758315344470 -0.556313237824 0
0.903695757438 0.753081507296 -0.769645320011 0
1.079010987524 0.656754461169 -0.515859908148 0
0.886155806834 0.647105087451 -0.758845773755 0
1.057288788827 0.569548456159 -0.468032161778 0
0.858347650488 0.549837193051 -0.748692929390 0
0.975220852546 0.305949349774 -0.596355725945 0
0.901098423785 0.314375004168 -0.639033341231 0
0.987689324964 0.034706634822 -0.638124653731 0
0.924023907078 0.035252112458 -0.667050992909 0
0.960064036753 0.041054820548 -0.606314221570 0
0.890919890966 0.040045120014 -0.635260018713 0
0.992381783893 1.017260183899 -0.618960018138 0
1.079212297570 0.935997981529 -0.558211269088 0
0.869259916551 0.914377919818 -0.728690423921 0
0.969391813179 0.892131618187 -0.635054441909 0
0.980710109723 0.770298665869 -0.646709797759 0
0.996566927189 0.576231287355 -0.612014126138 0
0.920161541650 0.586685181161 -0.676646366424 0
0.978240740741 0.647644444444 -0.653488888889 0
1.096952355257 0.757967377905 -0.555348573916 0
0.905887354617 0.753034942376 -0.771048432315 0
1.074008105541 0.655708139403 -0.518005695081 0
0.884473183833 0.648261632198 -0.756240718318 0
1.048885732530 0.567623688228 -0.473516841922 0
0.852739865268 0.552765433539 -0.742113819482 0
0.974037551446 0.305786637555 -0.595834180700 0
0.900583085093 0.314481453752 -0.638714851560 0
0.986959262465 0.033708984187 -0.638483767817 0
0.923952544915 0.035038558798 -0.666939105251 0
0.958966927602 0.040156148830 -0.607015961061 0
0.890728349288 0.039468354871 -0.635220899500 0
0.991893542868 1.017273425615 -0.618009535094 0
1.077308565051 0.935744139598 -0.554294145614 0
0.871624875661 0.914377493519 -0.729930867146 0
0.969385079947 0.892006288660 -0.633850362166 0
0.980813354406 0.770161431164 -0.645209367008 0
0.995435403159 0.576064688774 -0.610005636476 0
0.920367598695 0.586683639427 -0.676160424204 0
0.978122222222 0.647507407407 -0.651862962963 0
1.095496347196 0.757736535819 -0.553748183173 0
0.908829741265 0.753079117022 -0.771954172337 0
1.071198166052 0.654554371056 -0.519970671104 0
0.883559927782 0.649679126511 -0.753921975616 0
1.043951987353 0.565323131335 -0.479126418094 0
0.847710445590 0.556288394563 -0.736617297891 0
0.973130327839 0.305547029250 -0.594762555701 0
0.899918203995 0.314605920066 -0.637786971399 0
0.987010944167 0.032575579268 -0.638202751744 0
0.923825454260 0.034973377134 -0.666673110499 0
0.958872809164 0.037861866240 -0.606648669066 0
0.890494139043 0.039099093244 -0.635026361267 0
0.991794592545 1.017140576046 -0.616497648097 0
1.075342942823 0.935195420206 -0.549910383834 0
0.874191908315 0.914043708248 -0.730745773054 0
0.969466416614 0.891559987622 -0.632225510360 0
0.981043593320 0.769713657399 -0.643320572629 0
0.994310257224 0.575596801065 -0.607600754499 0
0.920645702334 0.586383202992 -0.675288125595 0
0.978055555556 0.647062962963 -0.649840740741 0
1.095137799689 0.757366278752 -0.551571885730 0
0.912122651434 0.752967199920 -0.772970690527 0
1.070087140412 0.653123463990 -0.521843429765 0
0.883442988553 0.650938300314 -0.752407076743 0
1.042170382455 0.562558147257 -0.484537362948 0
0.844125907168 0.559501479794 -0.732749579769 0
0.972072572779 0.305015523221 -0.593425794815 0
0.899210269750 0.314477022029 -0.636242818827 0
0.986983952241 0.031787849239 -0.638080285441 0
0.923769738157 0.034684530086 -0.666281099415 0
0.958575835714 0.034999738992 -0.606488794740 0
0.890337992297 0.038714510726 -0.634728088952 0
0.992039373923 1.016633975466 -0.614634536687 0
1.073833459773 0.934169131357 -0.545207188408 0
0.876957495790 0.913868189300 -0.730782774502 0
0.969841080503 0.890949693320 -0.630103213424 0
0.981358697021 0.769100073584 -0.641124468626 0
0.993145426928 0.575003647743 -0.604865738031 0
0.920995910326 0.585878433852 -0.674151953114 0
0.977981481481 0.646455555556 -0.647533333333 0
1.095428333083 0.756592555557 -0.549452382285 0
0.916113542451 0.753241339569 -0.773598024349 0
1.070631967090 0.651228977003 -0.523732009009 0
0.885253148673 0.652182207662 -0.751462767770 0
1.043041497174 0.559121273625 -0.490059043400 0
0.843598087172 0.562156711859 -0.730492479170 0
0.970925354017 0.304347204362 -0.592175977314 0
0.897577282431 0.314320638462 -0.633841698503 0
0.987161165608 0.031228064001 -0.638173997967 0
0.923255608926 0.034505725019 -0.665467234516 0
0.958526045126 0.032165491274 -0.606638134094 0
0.889796321624 0.038181352300 -0.633900151949 0
0.992458559473 1.016027576260 -0.612583367102 0
1.072417816055 0.932986178857 -0.540531102958 0
0.879219483954 0.914091414257 -0.730077835825 0
0.969991012896 0.890460677607 -0.627651718038 0
0.981398189302 0.768607350800 -0.638778602053 0
0.991895244447 0.574556829607 -0.601887174860 0
0.921560734647 0.585523663089 -0.673001017493 0
0.978085185185 0.645955555556 -0.645100000000 0
1.097152031087 0.755907993989 -0.547555029784 0
0.919766632544 0.753885966675 -0.773176208998 0
1.073403083262 0.649427031414 -0.525745097648 0
0.887923489689 0.653267058102 -0.750435691845 0
1.046816069606 0.555729005483 -0.495734574000 0
0.845002662223 0.563971981253 -0.729221849905 0
0.969788276589 0.303798584001 -0.591355013656 0
0.894327027443 0.314636429425 -0.630628658269 0
0.987423277578 0.030898387598 -0.638278142122 0
0.922123660258 0.034969045671 -0.664267479417 0
0.958674575199 0.030158851549 -0.606840508575 0
0.888665249897 0.037727821266 -0.632606165835 0
0.992770234447 1.015542537690 -0.610358785692 0
