0.127040598745 0.920009275337 -0.002867544585 0
-0.163296875899 0.910550945727 0.016280195200 0
-0.016192482052 0.892192148561 0.008765144760 0
-0.020531704827 0.747820512138 -0.022725415870 0
0.052077841173 0.555070438820 0.010227612227 0
-0.085070446139 0.560732297981 0.038204465218 0
-0.025974444444 0.608277777778 -0.022347259259 0
0.137665441762 0.739037783722 0.037580628481 0
-0.181653868491 0.740192806670 -0.046380995915 0
0.153933545899 0.640002155021 0.084962973056 0
-0.209699816333 0.628643326659 -0.048443689341 0
0.169559885988 0.565623042915 0.140116527536 0
-0.235014733832 0.533488292628 -0.045203402953 0
0.014140548810 0.309404281274 -0.080042959237 0
-0.062002430597 0.320381142369 0.155610086693 0
-0.021706762778 0.023377088804 -0.143534438541 0
-0.031955108050 0.038832045846 0.278048493748 0
-0.013387338984 0.023543278853 -0.102829207241 0
-0.023705337678 0.057474623194 0.315147261470 0
-0.014818565035 0.997939488751 -0.003346147244 0
0.126107834115 0.920659186406 0.024170742341 0
-0.164129637033 0.908774307659 0.043481493745 0
-0.016877311526 0.891651706641 0.035945362596 0
-0.019922087183 0.747175403386 0.004781414588 0
0.052380382104 0.553345238847 0.038728585382 0
-0.084576472987 0.562043395759 0.066863538290 0
-0.024686518519 0.607629629630 0.005589481481 0
0.138057429148 0.739140281322 0.061690297864 0
-0.180382614242 0.736076765599 -0.013057866792 0
0.155447516599 0.640172164695 0.108814498565 0
-0.206979543575 0.624155087377 -0.013565488050 0
0.172614019105 0.566323256955 0.163948810720 0
-0.231746339707 0.529015115383 -0.008355655344 0
0.020430952852 0.304697985051 -0.045495237479 0
-0.061573123476 0.320129363259 0.181027184387 0
-0.019685649005 0.026233661741 -0.140391872228 0
-0.033073317441 0.024947340374 0.283270061015 0
-0.011905642190 0.021213006022 -0.099889763682 0
-0.025268972214 0.037745074975 0.322858356667 0
-0.016469826354 0.997285406062 0.022568182272 0
0.125528541711 0.923227238841 0.050943185312 0
-0.164601061923 0.909304882953 0.070511686077 0
-0.017236383239 0.893220543027 0.062884786903 0
-0.019175202016 0.748723411616 0.031752727968 0
0.052194227822 0.553767737736 0.066715637727 0
-0.084531792087 0.566246838703 0.094548732851 0
-0.023554740741 0.609192592593 0.032444925926 0
0.138274656370 0.740918031563 0.084117155138 0
-0.178732517033 0.734133252943 0.021516771972 0
0.156398565129 0.641057179174 0.129029599219 0
-0.203381581999 0.621856970907 0.026052901798 0
0.175037960840 0.566072670793 0.182175619002 0
-0.227133204157 0.526805423725 0.035493226859 0
0.031138070962 0.298211148675 0.002005953497 0
-0.061739888010 0.321493024389 0.202534800407 0
-0.017593633145 0.032722321116 -0.133926254122 0
-0.033655951291 0.021185553470 0.288209734051 0
-0.009970813818 0.020108270196 -0.095081246316 0
-0.025608571218 0.029834172473 0.328859014872 0
-0.018043148936 0.998819138072 0.048854372958 0
0.125193594837 0.925992129799 0.073559134700 0
-0.164473989748 0.912023483658 0.099044669545 0
-0.017288634418 0.895968088073 0.088465465678 0
-0.019168549833 0.751454330693 0.057375470229 0
0.052068745041 0.555603257283 0.093171593643 0
-0.084369461052 0.571556195974 0.120640363736 0
-0.022471925926 0.611914814815 0.057717407407 0
0.137906310739 0.742892166529 0.102061995536 0
-0.176829796189 0.734493026096 0.058850512294 0
0.156368190720 0.641593047716 0.143479878840 0
-0.199040812806 0.622223100730 0.070523171990 0
0.176309853523 0.564277767064 0.193101179415 0
-0.220748091718 0.527553179234 0.086302755054 0
0.044330327796 0.294354840840 0.052807537955 0
-0.060960338910 0.323039473127 0.219515753822 0
-0.013935448404 0.044626048213 -0.124431540289 0
-0.030035635872 0.020285397589 0.290971162068 0
-0.005222163319 0.023716616183 -0.089602951432 0
-0.021821844684 0.026671483587 0.332003765055 0
-0.018494042668 1.001560472048 0.074294480871 0
0.126137555125 0.927517714536 0.092267329809 0
-0.162545581630 0.914822467279 0.127662560715 0
-0.015874235753 0.898126155294 0.112107061035 0
-0.018695139525 0.753600779223 0.081133290255 0
0.052610363619 0.557330971673 0.117158215538 0
-0.083542378087 0.575524199603 0.144650960922 0
-0.021265814815 0.614037037037 0.080950000000 0
0.137909704975 0.743841954562 0.117252414500 0
-0.173389267624 0.735260689625 0.097244111183 0
0.156803493274 0.640966538164 0.154366657137 0
-0.192520502528 0.623382135303 0.115987145068 0
0.176695978353 0.560990358835 0.200139722993 0
-0.211305601540 0.529681065400 0.138963454593 0
0.057031044962 0.293294799593 0.102832274125 0
-0.059518217624 0.323227553123 0.233274508515 0
-0.007820671617 0.060778582514 -0.103587690812 0
-0.026086090866 0.019656609851 0.292383225544 0
0.003295426702 0.031975236176 -0.075785606638 0
-0.017635396747 0.024948362757 0.333523304397 0
-0.017431918574 1.003824183249 0.098890042411 0
0.128008689607 0.930622424253 0.108609145030 0
-0.158987060282 0.919875277402 0.156252439430 0
-0.013217481649 0.902195163594 0.134529925154 0
-0.017616109562 0.757640866758 0.103867844313 0
0.054082425130 0.561413056643 0.139964465299 0
-0.081806722704 0.580460212378 0.168173666366 0
-0.019791703704 0.618077777778 0.103687407407 0
0.137998953351 0.746493783031 0.130890547211 0
-0.169208045258 0.738922942851 0.135345893118 0
0.157113213712 0.642014515496 0.163085597268 0
-0.184578770006 0.628194521659 0.162494998929 0
0.176140144245 0.559602377717 0.205027686327 0
-0.199925570337 0.536379095783 0.193630329265 0
0.069567507307 0.297753824474 0.153525317401 0
-0.057979793736 0.323288418659 0.241521040350 0
0.001878401209 0.074438777199 -0.060835460917 0
-0.024546965381 0.019502811450 0.293007848695 0
0.017289019984 0.044997334422 -0.035898128207 0
-0.015850452171 0.023772438767 0.334215419704 0
-0.014751328521 1.007993601016 0.122653574088 0
0.130147865281 0.932597947540 0.123497190875 0
-0.154416470443 0.924121284469 0.184351361955 0
-0.009943484688 0.905292146510 0.155956924886 0
-0.016151155121 0.760733802751 0.125630687366 0
0.056341469138 0.564766017401 0.161507821450 0
-0.079331861486 0.583920567013 0.190667112452 0
-0.017845814815 0.621170370370 0.125464814815 0
0.138056707646 0.748049827657 0.142966767939 0
-0.165565964405 0.742382499990 0.172862123853 0
0.156816999222 0.642049280853 0.169980266032 0
-0.176388227634 0.634204590983 0.210472428382 0
0.175731461027 0.557284383113 0.207386197238 0
-0.187470719272 0.545370529575 0.250635112218 0
0.080252187208 0.304695573320 0.203119320630 0
-0.056336774662 0.322653037049 0.248072644128 0
0.014659209682 0.078853151552 -0.005261463502 0
-0.023804957297 0.019186268669 0.292894799290 0
0.032685554975 0.049053280086 0.017391898776 0
-0.015018839911 0.023973446295 0.334026417780 0
-0.010702736452 1.011176598509 0.144804825393 0
0.132592212794 0.933143828064 0.137578374190 0
-0.148828857122 0.926957667061 0.211847196316 0
-0.006031827458 0.906961247166 0.176599847252 0
-0.014083078855 0.762497885671 0.146266841298 0
0.059333763153 0.566910358730 0.182048582754 0
-0.076348756339 0.585737833340 0.211377642905 0
-0.015095962963 0.622948148148 0.145933703704 0
0.138238861960 0.748187693276 0.153670804976 0
-0.162367789636 0.745018131004 0.211893215046 0
0.156523933026 0.640729923149 0.174558058444 0
-0.167988269840 0.640767521363 0.260208191782 0
0.175984145383 0.553996196905 0.206883759527 0
-0.174120977374 0.555824768678 0.309010937837 0
0.088388319209 0.312989207684 0.250017377150 0
-0.054662706899 0.321869417879 0.255965375302 0
0.025188331189 0.074733043592 0.059235543845 0
-0.023393621151 0.019072649192 0.292775989907 0
0.043798981991 0.047462961780 0.084457411366 0
-0.014482046956 0.024207241784 0.333838658746 0
-0.005777662138 1.012878858421 0.165815954898 0
0.135464903026 0.932310720762 0.151466581970 0
-0.142464098401 0.928684223960 0.238035998090 0
-0.001526508925 0.907395235183 0.196604139149 0
-0.011357018528 0.763010201689 0.166572537777 0
0.062704944354 0.567722222116 0.201410452564 0
-0.073066872937 0.586120283697 0.230598440246 0
-0.011895925926 0.623425925926 0.165132222222 0
0.138319141455 0.746857856439 0.161401933408 0
-0.159414966211 0.747435285238 0.250151685634 0
0.157059985444 0.638171804431 0.173808238565 0
-0.159404667961 0.648644074167 0.309095836272 0
0.177793163330 0.550045008906 0.200266667806 0
-0.160189770549 0.569162077442 0.366665032761 0
0.093864852876 0.321404856045 0.292496623086 0
-0.052793417969 0.320640614407 0.265158873060 0
0.034916488594 0.064135804955 0.131969885822 0
-0.023042392625 0.018854669813 0.293006785761 0
0.052562461822 0.041696904504 0.162157162314 0
-0.013998910566 0.023778140466 0.334066472035 0
-0.000483833569 1.013323642315 0.186231029601 0
0.138977495208 0.930657094774 0.165965810658 0
-0.135586256493 0.929375311996 0.262738990855 0
0.003566432239 0.906905899326 0.216210732577 0
-0.007835615490 0.762578599361 0.186632896193 0
0.066368175205 0.567429112385 0.220611289702 0
-0.069511143615 0.585479605588 0.249514647248 0
-0.008293259259 0.622959259259 0.184191851852 0
0.139316351932 0.744955141289 0.169746342187 0
-0.156446215568 0.749793591475 0.287245466614 0
0.156072047885 0.635295571096 0.173184199123 0
-0.150682835170 0.658240465723 0.356663943958 0
0.176976051442 0.546080901676 0.193564923303 0
-0.145900824570 0.586467810049 0.423240675586 0
0.097575392770 0.328628211462 0.329882120564 0
-0.050628104056 0.318876280029 0.275029131697 0
0.046760417389 0.051390260226 0.211071512522 0
-0.022486180752 0.018607491534 0.293216253872 0
0.063036885650 0.038310071238 0.246990052631 0
-0.013335210959 0.023176489392 0.334293096233 0
0.005380409623 1.012833703645 0.206393935847 0
0.142910318862 0.929702748334 0.180747741942 0
-0.128295127004 0.930921752715 0.286568653305 0
0.009068914663 0.907197196482 0.235563853590 0
-0.003845473283 0.762860459316 0.206805650707 0
0.070293626715 0.567727499653 0.240574616377 0
-0.065670153568 0.585533296826 0.269231512638 0
-0.004374962963 0.623207407407 0.204093333333 0
0.140622054636 0.743979637572 0.179601990386 0
-0.152928865096 0.754171173822 0.324485818292 0
0.153592316290 0.633826684817 0.175615406126 0
-0.141307533079 0.671503809086 0.403638631477 0
0.173651422026 0.543632961206 0.190249738519 0
-0.130912012385 0.608973771823 0.478204938712 0
0.101121329808 0.334925315131 0.362199740390 0
-0.048983051327 0.317801258368 0.280455928036 0
0.062276147855 0.041245772606 0.295008362252 0
-0.022173759919 0.018427605205 0.293389381159 0
0.077689601525 0.038987052171 0.333524331856 0
-0.012901094705 0.022478347967 0.334493299838 0
0.011930926285 1.013106597724 0.226399384233 0
0.147150205227 0.928976748234 0.195706774719 0
-0.120844550975 0.932869339805 0.309353611454 0
0.014792137389 0.907805335810 0.254511031475 0
0.000435415814 0.763411717226 0.226838775931 0
0.074332529896 0.568057889960 0.260980806253 0
-0.061635873192 0.585997067930 0.289532389758 0
-0.000216975926 0.623725925926 0.224542592593 0
0.141745989780 0.743439850581 0.188889382564 0
-0.148493620205 0.760163713495 0.361253468907 0
0.149907724480 0.633269504358 0.178227560877 0
-0.131186229313 0.688029032456 0.449180474982 0
0.168188617525 0.542087954505 0.186843397323 0
-0.115511547123 0.635513384840 0.530219813381 0
0.104459271099 0.338019643368 0.387924336048 0
-0.048019716150 0.317998355593 0.280804173925 0
0.082283722530 0.035991668675 0.374165294832 0
-0.022127214048 0.018376799244 0.293665091702 0
0.098382076109 0.043970432957 0.411626456309 0
-0.012747933391 0.021826126442 0.334799678173 0
0.019009324649 1.013649349013 0.245706400610 0
0.151691790656 0.925846852810 0.210637040953 0
-0.113201668943 0.932752378293 0.331201189441 0
0.020743563395 0.906182265383 0.273012462530 0
0.004922849347 0.761692254128 0.246732589999 0
0.078544149115 0.565994688270 0.281662187059 0
-0.057283626591 0.584402746509 0.310582290862 0
0.004108555556 0.621981481481 0.245480370370 0
0.144170673318 0.740541496790 0.200391037074 0
-0.143980342802 0.765540260330 0.397368254010 0
0.147801315723 0.630616564044 0.185520894562 0
-0.121551157368 0.704488343737 0.492256143155 0
0.163921907098 0.538425126176 0.188606915695 0
-0.101244666625 0.661965644381 0.578012601772 0
0.107359483035 0.337115561010 0.410983093424 0
-0.046759349324 0.317498846653 0.283444878890 0
0.103795524080 0.036169216167 0.444016139742 0
-0.021974403042 0.017957464363 0.293972277926 0
0.120210475814 0.048633840114 0.480090213479 0
-0.012567824855 0.020537961582 0.335164270944 0
0.026609983662 1.011882731230 0.263598437433 0
0.157174029416 0.922501290833 0.225944814506 0
-0.105006203511 0.932481448680 0.352094991011 0
0.027434489495 0.904377121269 0.291244077112 0
0.010067994089 0.759790731944 0.266489121819 0
0.082970720633 0.563800370680 0.302475032156 0
-0.052580848003 0.582785735774 0.332303572478 0
0.008525962963 0.620081481481 0.266771851852 0
0.149819307904 0.737175645816 0.215948007945 0
-0.139508601461 0.772385976199 0.432496009777 0
0.151903372169 0.627693783677 0.197860109212 0
-0.112499878101 0.722776437785 0.532713468068 0
0.166887053824 0.534774029637 0.195667389881 0
-0.088439562317 0.690560116290 0.621911306163 0
0.110173922630 0.335711997083 0.433530573125 0
-0.046839172993 0.319739202850 0.278839135854 0
0.124375144991 0.042239992429 0.496785164987 0
-0.022621344538 0.018359902162 0.294927717510 0
0.141151961849 0.060243802477 0.530259894657 0
-0.013347249728 0.020336923303 0.336183087109 0
0.034623392652 1.009931633298 0.281268614419 0
0.163759806846 0.918763870306 0.241624962815 0
-0.096191130942 0.931970360979 0.372020682331 0
0.034971687315 0.902258867455 0.309197387567 0
0.015909598987 0.757603750347 0.286042581600 0
0.087771469197 0.561542149667 0.323059181113 0
-0.047418252243 0.580794502031 0.354324174489 0
0.013051703704 0.617937037037 0.288118148148 0
0.157649224342 0.733303938705 0.233445884439 0
-0.134889251862 0.780783040325 0.466520148480 0
0.158858869159 0.624854176614 0.209887883594 0
-0.104024259735 0.743071280082 0.570728074214 0
0.172692095009 0.531804957920 0.201463704171 0
-0.077054574993 0.721807129835 0.662267512476 0
0.115941851630 0.334174634515 0.455158832113 0
-0.044081602765 0.320066092915 0.290336247903 0
0.136312982122 0.042566020650 0.527895080422 0
-0.022419716058 0.020251466031 0.296291627989 0
0.154516313840 0.061031722641 0.560357564168 0
-0.013284722308 0.022020844833 0.337587440800 0
0.043044538514 1.007678397643 0.298508577623 0
0.171976157078 0.914658212611 0.257222393346 0
-0.086103220899 0.931771053743 0.390841742438 0
0.043896875217 0.900113104864 0.326569093604 0
0.022829720343 0.755467130548 0.305026063614 0
0.093783658666 0.559757837217 0.343198812436 0
-0.041061681410 0.578689883702 0.376103607538 0
0.018491629630 0.615918518519 0.309119629630 0
0.164091446880 0.729267533560 0.248991340134 0
-0.128728991134 0.790227150375 0.497770067606 0
0.162416874707 0.622082329098 0.220245535319 0
-0.095395854226 0.764044496474 0.604716255027 0
0.173958738507 0.529262761944 0.206083113740 0
-0.066247101766 0.753190392247 0.697343881629 0
0.122840524198 0.332554242216 0.475388449591 0
-0.040572851643 0.320666469902 0.301883864373 0
0.139141299821 0.034920660097 0.542743065373 0
-0.022301206568 0.021911927665 0.297277186397 0
0.158417863730 0.048266918599 0.577042449543 0
-0.013383916106 0.023257207965 0.338636527780 0
0.052060831903 1.005456093725 0.315080654225 0
0.180752232122 0.910306776158 0.272142309876 0
-0.075560169748 0.932647255677 0.408365658622 0
0.053262530770 0.898396275710 0.343060174104 0
0.029916329394 0.753799668120 0.323591362305 0
0.100625235795 0.558945893255 0.362491543083 0
-0.033975417506 0.576472825407 0.397130891310 0
0.024334333333 0.614359259259 0.329425555556 0
0.172298884452 0.724928173381 0.264209005631 0
-0.121891963642 0.800791363825 0.525637514795 0
0.169055708194 0.618624398734 0.232479164068 0
-0.086834661117 0.785015221382 0.634063596780 0
0.178849642406 0.526038590363 0.214342422940 0
-0.055996546544 0.783183249051 0.726747204010 0
0.130440797097 0.330618303866 0.492558523580 0
-0.034761247769 0.318188475842 0.323826945034 0
0.138794128657 0.026492957839 0.548253455535 0
-0.022075785199 0.022009273367 0.298058808814 0
0.158640773236 0.033236870648 0.584125263763 0
-0.013368146257 0.022494107881 0.339481808795 0
0.062383603529 1.003581717823 0.330884461796 0
0.189373561545 0.908897630124 0.286755928972 0
-0.064895708257 0.936553025213 0.425803628260 0
0.062566698374 0.899661525178 0.359278623739 0
0.036760797124 0.755258764672 0.341499154774 0
0.108053332016 0.561880182080 0.380809790479 0
-0.026489951901 0.576581768823 0.416953694047 0
0.030344851852 0.615951851852 0.348841851852 0
0.181102081371 0.723494574258 0.279211907354 0
-0.114810203603 0.814901654259 0.552274125575 0
0.176889952858 0.617513593850 0.246530363524 0
-0.078379812840 0.808472087521 0.661203477385 0
0.185459465449 0.524978569877 0.226866898047 0
-0.046387372101 0.814540547855 0.753320983518 0
0.136569502382 0.329264848581 0.503352884271 0
-0.024534818123 0.311523468472 0.374231730539 0
0.138621768923 0.022723467870 0.551352090261 0
-0.022090158674 0.027023401397 0.300751318755 0
0.158231415424 0.028449931024 0.587529786020 0
-0.013332177207 0.023984581489 0.342054905792 0
0.073393936461 1.004562766481 0.346259766198 0
0.197680820308 0.908066818274 0.301376443108 0
-0.054490459364 0.940709069317 0.443137066258 0
0.071575677198 0.901338818912 0.375383566712 0
0.043364946259 0.757254190488 0.358747255802 0
0.115721894403 0.565804116818 0.397798070624 0
-0.018993795664 0.576482149218 0.434704386330 0
0.036412296296 0.618033333333 0.366711111111 0
0.190018586295 0.722628599997 0.294056597264 0
-0.106847969512 0.830284559325 0.578600782124 0
0.185438352223 0.616395972527 0.262253392102 0
-0.069797621362 0.831543964356 0.687503500116 0
0.193855921222 0.523719428325 0.243442772138 0
-0.037346995622 0.844251670962 0.778748765915 0
0.140568531757 0.327948972918 0.510702677791 0
-0.016962191224 0.308444975657 0.419314861586 0
0.139183331865 0.020632339796 0.553696131301 0
-0.023138028421 0.032178848069 0.305913135773 0
0.158721315376 0.026803247309 0.589839503962 0
-0.014533213174 0.022376699592 0.346184689104 0
0.084286848430 1.005860971855 0.361156991463 0
0.204857499187 0.907316785037 0.315601811797 0
-0.045204911974 0.944685634037 0.459908099842 0
0.079469956522 0.902970259426 0.390993451240 0
0.048968976174 0.759268465270 0.375237077630 0
0.122604523948 0.569869735443 0.413333550692 0
-0.012193396396 0.576212465029 0.450932807566 0
0.041661481481 0.620085185185 0.383151851852 0
0.197557424634 0.721845260588 0.308772075272 0
-0.098763601481 0.846186920001 0.603834364657 0
0.193202981897 0.614911614227 0.279377728088 0
-0.061578444889 0.854041370705 0.712414694914 0
0.202458630732 0.522000498203 0.263010730348 0
-0.029399700923 0.872376217448 0.802778447671 0
0.143192292146 0.326850875733 0.515597194345 0
-0.010067023997 0.307965502831 0.462065512137 0
0.139290406344 0.019318891224 0.555469286489 0
-0.025030087977 0.041096853588 0.316976379359 0
0.158912668729 0.025789973654 0.591514372113 0
-0.017270860293 0.027003621087 0.356131176655 0
0.094183142180 1.007057602998 0.375514941295 0
0.210639282731 0.907781654834 0.328660760432 0
-0.037237772705 0.949006378362 0.475662232122 0
0.086076930086 0.905382123745 0.405493630952 0
0.053696144724 0.762009914607 0.390601073941 0
0.128806608582 0.574313505143 0.427479693990 0
-0.005665174761 0.577177215860 0.466640290394 0
0.046374444444 0.622870370370 0.398644444444 0
0.204638847364 0.722227529058 0.322891535737 0
-0.091010601632 0.862385903196 0.626958880278 0
0.200750494171 0.614173163939 0.297852996836 0
-0.054153652847 0.876585372764 0.735005429392 0
0.211232136690 0.520940253538 0.285549791959 0
-0.022722067633 0.900275620966 0.824370698139 0
0.145085520113 0.326513781948 0.518420165791 0
-0.003313376265 0.311071694257 0.502238207681 0
0.139361535460 0.019052769781 0.556197661931 0
-0.026395517014 0.053448790263 0.339631851431 0
0.159021032940 0.024505226441 0.592390633096 0
-0.020022779994 0.035747413778 0.377552458774 0
0.102482709497 1.009156740927 0.389882730007 0
0.214658165587 0.909133433944 0.341208065739 0
-0.030912328435 0.952555021617 0.491413402896 0
0.091127374760 0.907846496100 0.419714848548 0
0.057540769135 0.764682225790 0.405574790845 0
0.133847956162 0.577845608256 0.440314905692 0
0.000324940926 0.579187941108 0.482673095103 0
0.050235185185 0.625562962963 0.413551851852 0
0.206801389343 0.723645618077 0.335536734063 0
-0.084642597115 0.877295616654 0.648685077982 0
0.206797000265 0.614314736706 0.316443491769 0
-0.048686767305 0.897115290492 0.756148910116 0
0.220022828494 0.520790511664 0.310020878847 0
-0.018311301502 0.925768277862 0.844351314250 0
0.146885009574 0.326327535865 0.520990612609 0
0.003725448793 0.316230028875 0.536769899438 0
0.139655349127 0.019034493778 0.556819894840 0
-0.026172764306 0.062722635399 0.372905777511 0
0.159312481131 0.024019162673 0.593081534681 0
-0.021119672442 0.044095879503 0.410581143406 0
0.109218011265 1.011299696973 0.404211927070 0
0.217415948233 0.909956534839 0.353195084869 0
-0.025632935765 0.954868957650 0.507019853307 0
0.095080023498 0.909424415988 0.433559665419 0
0.060512303564 0.766441735265 0.420033451769 0
0.137613893581 0.579653052793 0.451715918424 0
0.005585407228 0.581102503731 0.498521810667 0
0.053153333333 0.627322222222 0.427666666667 0
0.212349623032 0.724285881465 0.352592096169 0
-0.078784239956 0.890552834894 0.669265576851 0
0.217667608035 0.614183525301 0.339669877141 0
-0.043996390055 0.915258277205 0.776099855081 0
0.234071435169 0.520814001855 0.339228963414 0
-0.014962464299 0.948499508975 0.863000168904 0
0.148899253767 0.325829387180 0.525105717494 0
0.011778117136 0.321168528899 0.565461114299 0
0.140009477790 0.019042520217 0.557238605910 0
-0.024085331053 0.063662603273 0.414461198945 0
0.159626150501 0.023746557410 0.593559598082 0
-0.019315907102 0.047145458461 0.453144005079 0
0.114374575004 1.012633616023 0.418266577323 0
0.218867441144 0.909789580412 0.364440934876 0
-0.021211423123 0.955827559961 0.522537704268 0
0.097979873090 0.909825836288 0.446969851104 0
0.062523172875 0.767024051445 0.433967477918 0
0.140151367775 0.579692533137 0.461687564432 0
0.010056098172 0.582020105112 0.513593410932 0
0.055119259259 0.627870370370 0.440885185185 0
0.217974230992 0.724159485630 0.370788600410 0
-0.072325072919 0.901613769763 0.689071662814 0
0.228036653478 0.613742643727 0.365822493291 0
-0.039028673421 0.930939174582 0.795210660350 0
0.247505118808 0.520978105099 0.371852128051 0
-0.011869698330 0.968562847173 0.880760864677 0
0.151486765848 0.324718607507 0.530967295861 0
0.019944878023 0.324659565319 0.589439675764 0
0.140473891653 0.018894023993 0.557629526672 0
-0.020086269087 0.057894078501 0.461216578434 0
0.160083277435 0.023507096625 0.593966117551 0
-0.014136583411 0.045941553481 0.501386982389 0
0.117800510278 1.012933291228 0.432051554312 0
0.218748211865 0.909803010210 0.374958165417 0
-0.017734624205 0.956583423593 0.538173992740 0
0.099657598836 0.910212342614 0.460058610619 0
0.063471513108 0.767560324034 0.447594906469 0
0.141729334262 0.579420701518 0.470627207487 0
0.013939400143 0.582554946627 0.527936219960 0
0.056287407407 0.628340740741 0.453574074074 0
0.221932982827 0.724555096777 0.388099343973 0
-0.066264073523 0.912373234388 0.708396351175 0
0.235725516030 0.614468484683 0.391014375245 0
-0.034440879231 0.946058668153 0.813689713940 0
0.257909031256 0.523017625409 0.403816584466 0
-0.008894731934 0.987560818270 0.897826680667 0
0.154197332167 0.323659870317 0.536739395768 0
0.027524317723 0.327071988670 0.609353659777 0
0.140927979488 0.018922512085 0.558207934434 0
-0.013537303238 0.049597702662 0.511665602343 0
0.160553768368 0.023617877170 0.594525123810 0
-0.004821758878 0.044521442071 0.552777569370 0
0.119587488604 1.013316696041 0.445668583007 0
0.217754424656 0.909521908845 0.384888409049 0
-0.014326785806 0.956751160570 0.554180035106 0
0.100886949114 0.910153171547 0.473015715295 0
0.063774889170 0.767671706773 0.461283571393 0
0.142146521789 0.578982625997 0.479133535757 0
0.017273708845 0.582097661604 0.542548761104 0
0.056217037037 0.628433333333 0.466681481481 0
0.224367416578 0.724834600219 0.403502627841 0
-0.060000043514 0.922753316541 0.727510354795 0
0.242162260224 0.615751123855 0.413598778883 0
-0.029279676882 0.960189639984 0.831860233311 0
0.267310919241 0.526451610791 0.433127999023 0
-0.004780260516 1.004860511054 0.914619887324 0
0.157147646320 0.322607102293 0.542271735727 0
0.034582009171 0.327431977856 0.625799608305 0
0.141524807988 0.019031718237 0.559275636723 0
-0.003196340133 0.039644129327 0.564341513831 0
0.161207375470 0.023997645058 0.595526049061 0
0.009814445139 0.039444901918 0.604623057284 0
0.119988662719 1.013443952554 0.458993697863 0
0.215433130672 0.907870556100 0.393574114891 0
-0.010969434120 0.955231346809 0.570353014310 0
0.101456928134 0.908560452013 0.485409711133 0
0.063323735702 0.766236476856 0.474765888213 0
0.141505757560 0.577400871156 0.487794517737 0
0.020034325528 0.579714120887 0.557535135321 0
0.055102592593 0.627040740741 0.480400000000 0
0.225096985656 0.723567745167 0.414519438000 0
-0.053497607366 0.931786135250 0.746213686796 0
0.248373253755 0.616453098385 0.431910853416 0
-0.023440787206 0.972340156620 0.849587161624 0
0.277391408503 0.530281711331 0.458118930014 0
0.000272536924 1.019692241363 0.931005091645 0
0.160595242447 0.320880972037 0.549219334466 0
0.039367930648 0.323765555949 0.636284326545 0
0.142153047203 0.018971179446 0.560553195546 0
0.010337482849 0.028494280054 0.613576777111 0
0.161893372024 0.024386432016 0.596707737475 0
0.028746353302 0.034197734467 0.651266391918 0
0.119273056674 1.012135756600 0.472022585968 0
0.210952209466 0.906692968654 0.401323200877 0
-0.007362378072 0.954337343640 0.587926254231 0
0.101074043835 0.907515841133 0.498023454428 0
0.061958001490 0.765377175550 0.488554033503 0
0.140132195137 0.576082503247 0.496523926716 0
0.022287095526 0.578388419815 0.572231448878 0
0.053711481481 0.626166666667 0.493814814815 0
0.224421631957 0.722734598990 0.423175332560 0
-0.046470308462 0.941441272722 0.765660777403 0
0.253496287179 0.618922516986 0.449547848476 0
-0.016903701330 0.984496600088 0.868160391614 0
0.286882729534 0.536908382184 0.482747177200 0
0.006257449713 1.033904018713 0.948478472118 0
0.163196754333 0.319356811950 0.555683209376 0
0.041379982279 0.320720040587 0.645220210480 0
0.142652616050 0.019083501660 0.561611852267 0
0.024322318093 0.021750991185 0.656027840081 0
0.162429666099 0.025207253012 0.597633016147 0
0.047204685125 0.032140773710 0.690092083299 0
0.117782313907 1.011292081943 0.485112874005 0
0.204761591127 0.906301008062 0.409201620531 0
-0.004132895049 0.953310302395 0.606445543156 0
0.099701807866 0.906788088272 0.511118410768 0
0.060052776021 0.764757296847 0.502549358552 0
0.138584005063 0.574802768760 0.505194200078 0
0.024629507451 0.577715090909 0.586620881939 0
0.052484074074 0.625481481481 0.506859259259 0
0.222110962171 0.722614031639 0.430595937245 0
-0.038812255553 0.950389460712 0.785538005953 0
0.257146192417 0.622725538296 0.463951822501 0
-0.009680862638 0.995850011016 0.887119582522 0
0.295863720840 0.545156750328 0.501709038738 0
0.013135766598 1.046990030432 0.966499950662 0
0.165543827256 0.317781750242 0.561347910681 0
0.042421865853 0.318623525593 0.654737576393 0
0.143125495934 0.018926872252 0.562653462220 0
0.032795121064 0.019055874469 0.685302608960 0
0.162964490426 0.025614672588 0.598540004416 0
0.058987348172 0.030500010409 0.716526349281 0
0.115756004700 1.010632043621 0.498638247844 0
0.197924557846 0.907571953360 0.417675707357 0
-0.002559461483 0.952123307505 0.624008642096 0
0.097319228119 0.906804271110 0.523990361721 0
0.057995246834 0.764659001261 0.515974484262 0
0.136576522105 0.574032702655 0.513523797966 0
0.026617717374 0.577620820311 0.600245192899 0
0.051007037037 0.625303703704 0.519307407407 0
0.217908843205 0.723913257972 0.436904194500 0
-0.031324438424 0.958143092838 0.804068737281 0
0.258769222935 0.628101502924 0.475222995432 0
-0.002790429469 1.006106355691 0.904664224927 0
0.302763267004 0.555064594257 0.516006936143 0
0.019963067416 1.058754271446 0.983229703289 0
0.167020043070 0.316605371038 0.565909255448 0
0.044105473375 0.317381235146 0.663919583374 0
0.143471439683 0.018778177746 0.563527274976 0
0.037172726552 0.017966011560 0.694476969270 0
0.163377101325 0.025940487882 0.599285102576 0
0.064392018579 0.030924910613 0.724193968526 0
0.112876367754 1.010706481979 0.512361882181 0
0.190010863012 0.909435274654 0.426099793109 0
-0.002019116751 0.950875223318 0.640946628430 0
0.093936786002 0.907086850115 0.536503978116 0
0.055428049178 0.764712975112 0.528855488389 0
0.134259397746 0.573338591928 0.521503472803 0
0.028151824168 0.577693027606 0.612863395004 0
0.049411481481 0.625255555556 0.530977777778 0
0.211635588276 0.725667014969 0.442262118454 0
-0.023990644093 0.964675528085 0.821534842792 0
0.257672825240 0.633204906192 0.482871536022 0
0.003775366238 1.015088322254 0.921142649914 0
0.305911455680 0.564075776942 0.525381379149 0
0.026557574206 1.068965644606 0.999090273601 0
0.168165374631 0.315624853587 0.570226044463 0
0.045563702117 0.316419081606 0.672173115515 0
0.143893467183 0.018637487442 0.564533734024 0
0.037773561131 0.017060587500 0.694763574633 0
0.163966134553 0.026043734613 0.600148222846 0
0.065588319139 0.028235994338 0.724652911977 0
0.108464348508 1.011135628655 0.525942466571 0
0.181810557359 0.911275146947 0.434433419690 0
-0.001737967269 0.949704499426 0.657110470810 0
0.090274580940 0.907401743397 0.548586777960 0
0.052729212660 0.764792995991 0.541117844158 0
0.131824988144 0.572595151016 0.529173743947 0
0.028892192328 0.577742828322 0.624056590811 0
0.047797037037 0.625229629630 0.541551851852 0
0.203712367119 0.727155180548 0.445377435097 0
-0.016657883065 0.970612283319 0.837735940435 0
0.253240325741 0.636938485425 0.486919254724 0
0.010419598657 1.023306374577 0.936347598547 0
0.304985870738 0.570351498643 0.529197525156 0
0.033226809472 1.078163362153 1.013850752162 0
0.169136427195 0.314783176298 0.574788625238 0
0.046197103773 0.315398429895 0.678470265126 0
0.144589464261 0.018709843929 0.565628869555 0
0.037701256077 0.016687302986 0.695353855643 0
0.165057496311 0.026526136052 0.600929316125 0
0.065833349540 0.026209992925 0.725517188709 0
0.103876981536 1.011567426223 0.539121529098 0
0.174131562091 0.913333657843 0.442695356480 0
-0.001323445693 0.949029511795 0.672245550065 0
0.086902685825 0.908077998764 0.560119070573 0
0.050303904851 0.765264379867 0.552655269409 0
0.129700495572 0.572246440682 0.536575688463 0
0.029388492559 0.578246449059 0.634176485674 0
0.046511481481 0.625625925926 0.551222222222 0
0.195023711139 0.728849544506 0.448057520717 0
-0.009888936249 0.976612933040 0.852387402048 0
0.246527114223 0.639263844217 0.488549437398 0
0.016821624031 1.031185131655 0.950073314508 0
0.300921306594 0.574026784932 0.529093986820 0
0.040095716268 1.086711447695 1.027172297949 0
0.169440119622 0.314186528653 0.578596150994 0
0.046483458836 0.314601832458 0.681969472229 0
0.145783004401 0.018741080083 0.566368209652 0
0.037370354870 0.016767901030 0.695257798908 0
0.166991904526 0.026746069653 0.601185719385 0
0.065563322470 0.025628971756 0.725565569717 0
0.099432851362 1.012360556119 0.551698026028 0
0.166873783538 0.915586104379 0.450723936536 0
-0.001194844753 0.948311687616 0.686168022269 0
0.083635571870 0.908835885176 0.570934843268 0
0.048340536758 0.765737497878 0.563419794620 0
0.128254704288 0.571950461766 0.543731707923 0
0.030195612292 0.578726560777 0.643546098791 0
0.045886666667 0.626044444444 0.560274074074 0
0.186098668658 0.730847933830 0.452078523301 0
-0.004909602094 0.981413439899 0.865544091369 0
0.238257622052 0.640106172291 0.488999653233 0
0.022090833062 1.037143531524 0.962493819446 0
0.293640029260 0.574182048521 0.526691781909 0
0.046411473545 1.092787845733 1.039357488695 0
0.169541648415 0.313542485451 0.581949258984 0
0.046399632773 0.313967850008 0.685080976802 0
0.147121438807 0.018595618736 0.566960349177 0
0.037298726495 0.016863055901 0.695517531270 0
0.169315218928 0.026498914856 0.601182130559 0
0.065592313141 0.024911063797 0.725958055108 0
0.094814602619 1.013285405725 0.563430193868 0
0.160386799468 0.917668044428 0.458392816548 0
-0.001502257417 0.947817578177 0.698465480540 0
0.080544561198 0.909630777553 0.580807875946 0
0.046792350409 0.766195740306 0.573366052550 0
0.127575433939 0.571788065771 0.550540580467 0
0.031429896442 0.579020626379 0.652168034197 0
0.045952962963 0.626470370370 0.568759259259 0
0.178312139737 0.732794635007 0.458035834459 0
-0.002509985480 0.984783314001 0.877121066657 0
0.229154849263 0.639044142656 0.488754845090 0
0.025856323234 1.040813215362 0.973506330410 0
0.283548110193 0.569842155639 0.521877392159 0
0.051766641290 1.095855468300 1.050456442039 0
0.169305250003 0.312908243929 0.584887858113 0
0.046393568574 0.313343192430 0.687895907144 0
0.147958992807 0.018471990994 0.567282346614 0
0.037271146462 0.016875315963 0.695612558262 0
0.171236623782 0.025924935327 0.600879397132 0
0.065685863439 0.024092549093 0.726148412155 0
0.090192405074 1.014274816682 0.574156024209 0
0.154984771447 0.919641674282 0.465926137788 0
-0.001947654499 0.947331275182 0.709559971254 0
0.077902737739 0.910378598780 0.590012329405 0
0.045675889985 0.766627025761 0.582512951244 0
0.127360529676 0.571695749556 0.557060839259 0
0.032798928463 0.579274062444 0.660138899073 0
0.046416296296 0.626900000000 0.576677777778 0
0.172370798256 0.734720760208 0.464659496248 0
-0.001686648731 0.986632939100 0.887718919054 0
0.219984599919 0.637158246730 0.487730590652 0
0.028488628590 1.042366136612 0.983726104822 0
0.271726675019 0.563221437761 0.514860684477 0
0.056182993074 1.096360317016 1.060947027954 0
0.168334839229 0.312230294243 0.587698375773 0
0.046457283301 0.312811823576 0.690075764299 0
0.148347203526 0.018521538537 0.567346797457 0
0.037135679645 0.016952428393 0.695582214086 0
0.172472109850 0.026509077333 0.600215390451 0
0.065647791724 0.023562352371 0.726164747299 0
0.085795510933 1.015205093754 0.584079837500 0
0.150903744154 0.921573078446 0.473552595037 0
-0.002918654331 0.946638819040 0.719443472244 0
0.075645018570 0.911004440733 0.598649579648 0
0.044960730574 0.766949974490 0.590839698471 0
0.127508186819 0.571599943275 0.563246016540 0
0.034196575430 0.579394503595 0.667441034053 0
0.047148518519 0.627240740741 0.584000000000 0
0.168298650917 0.736655599440 0.471950737449 0
-0.000623436166 0.987464044727 0.897244857259 0
0.210970715776 0.635203330037 0.486244982993 0
0.030701249382 1.042743111167 0.993146396736 0
0.258501623534 0.556184500806 0.506585243761 0
0.059929687983 1.095214641091 1.071012740464 0
0.167533817452 0.311580976648 0.590226770312 0
0.046648963689 0.312326390262 0.692026642970 0
0.148478231871 0.018669445830 0.567543044648 0
0.037077800717 0.017108679644 0.695490708766 0
0.173110330389 0.027989287502 0.599676462772 0
0.065648956139 0.023484021605 0.726067939848 0
0.081709783359 1.015988753832 0.593297919837 0
0.148486977491 0.923478206577 0.481426707093 0
-0.004589561096 0.945798057596 0.728046541465 0
0.073817331500 0.911540936009 0.606753372162 0
0.044532960211 0.767259409967 0.598123501081 0
0.127985565329 0.571616804150 0.568396681610 0
0.035535566294 0.579506772542 0.673349812780 0
0.048099259259 0.627614814815 0.590000000000 0
0.166562616090 0.738624776335 0.479976401032 0
0.000687263087 0.987336423757 0.905619114953 0
0.202345765271 0.633672957134 0.484717226177 0
0.032609051342 1.041814289769 1.001781882876 0
0.243965793581 0.549725065620 0.497796595170 0
0.063158817610 1.092012679778 1.080785089504 0
0.167066257415 0.311165922075 0.592436496922 0
0.046937077931 0.311992623127 0.693125471900 0
0.148567807199 0.018784208555 0.567784786954 0
0.036973648676 0.017363547105 0.695359200790 0
0.173443292498 0.029084776505 0.599427555759 0
0.065600371045 0.023730153403 0.725886238945 0
0.078176159384 1.016642947128 0.601823171911 0
0.147803230952 0.925308680158 0.489464593707 0
-0.006999861749 0.944862143962 0.735240120690 0
0.072435730778 0.911990722956 0.614233176979 0
0.044376402611 0.767535570188 0.604502887337 0
0.128666917539 0.571705986514 0.573205177805 0
0.036690763790 0.579536111596 0.678578276592 0
0.049127037037 0.627966666667 0.595396296296 0
0.167640883375 0.740630379666 0.489339515687 0
0.002623235869 0.986405863194 0.912629001335 0
0.195159359475 0.633164399880 0.485935076850 0
0.034550600752 1.039868255563 1.009358171492 0
0.229308270067 0.544684459596 0.491675885823 0
0.065714235621 1.086929705325 1.090165171113 0
0.166634706245 0.310862608617 0.594630732998 0
0.047095527618 0.311719208725 0.694413008200 0
0.148485552904 0.018823078488 0.568011085154 0
0.036922317849 0.017517422811 0.695238538755 0
0.173404968329 0.029476141106 0.599502215307 0
0.065566054181 0.023786688842 0.725769762777 0
0.075275221095 1.017181105826 0.609836331768 0
0.148206624688 0.927364085774 0.497239056045 0
-0.009886959863 0.943885717519 0.741135344104 0
0.071355512694 0.912533989088 0.620927383125 0
0.044507171209 0.767932054907 0.609882684598 0
0.129438520849 0.571960145699 0.577636716422 0
0.037356614206 0.579651984228 0.682927607549 0
0.050086666667 0.628422222222 0.599988888889 0
0.169385604474 0.742835086259 0.497588232640 0
0.005849405230 0.984313007022 0.918345108702 0
0.192018739877 0.634441933577 0.490074300546 0
0.037244015100 1.037038853517 1.015651223452 0
0.219688384172 0.542876011680 0.490357909703 0
0.068194507947 1.079175859257 1.099184729898 0
0.166145970780 0.310753827486 0.596707574621 0
0.046957211172 0.311641732738 0.695703558906 0
0.148440224549 0.019000705335 0.567664958542 0
0.037019477820 0.017707801763 0.695170890941 0
0.173317695925 0.029618938533 0.599200982836 0
0.065629615184 0.023976429528 0.725733732986 0
0.072786284804 1.017802849791 0.617241561197 0
0.149461195642 0.929490532828 0.504542165148 0
-0.013090766738 0.943102534385 0.745671835784 0
0.070519054587 0.913210077591 0.626722002197 0
0.044782894506 0.768498638032 0.614310336736 0
0.130234279723 0.572418765805 0.581685607629 0
0.037566594549 0.579899013173 0.686476636296 0
0.050936296296 0.629029629630 0.603851851852 0
0.169029278390 0.744791913971 0.502772108422 0
0.007930771949 0.980702005085 0.922955998376 0
0.188617250853 0.636499966933 0.488386035873 0
0.039571909384 1.032878909654 1.020477921228 0
0.211618078127 0.543641703483 0.482521018871 0
0.070468024096 1.069437118776 1.106151095436 0
0.165770928708 0.310909156539 0.598707535484 0
0.046538297333 0.311766174440 0.696925590360 0
0.148415599744 0.019211049907 0.567417401111 0
0.037193855055 0.017891349561 0.695129659161 0
0.173180895941 0.029943269803 0.599003091652 0
0.065761069092 0.024000308589 0.725764898179 0
0.070762645764 1.018547142635 0.623799342567 0
0.151212630621 0.931514739271 0.511286772616 0
-0.016190322111 0.942319258001 0.749218399165 0
0.069957832102 0.913833891822 0.631743705955 0
0.045240134049 0.769044938702 0.617957948186 0
0.131294559873 0.572965143273 0.585236833422 0
0.037839534184 0.580034675804 0.689355004499 0
0.051946296296 0.629614814815 0.607122222222 0
0.168365499171 0.746622227677 0.506796669324 0
0.008853157760 0.976590948046 0.926654514342 0
0.181463017706 0.638500875841 0.485442001743 0
0.041203983495 1.028924219201 1.023859294007 0
0.200081149209 0.545364129715 0.473580826692 0
0.072531311858 1.064296181687 1.109681928266 0
0.165484976821 0.311155326160 0.600287090552 0
0.046371936687 0.311836692473 0.698406586904 0
0.148395352874 0.019402852320 0.567164029958 0
0.037387221565 0.018089015190 0.695154250001 0
0.173057074350 0.030167688026 0.598819583856 0
0.065909976986 0.024043667047 0.725861211954 0
0.069339620744 1.019255309502 0.629590996257 0
0.153172091294 0.933087654357 0.517456306438 0
-0.019015033288 0.941520996990 0.752046199616 0
0.069614619428 0.914224826564 0.636145691226 0
0.045898843764 0.769359763915 0.621186643992 0
0.133006538487 0.573427394670 0.588699660246 0
0.038662946474 0.579931850390 0.692050482047 0
0.053496666667 0.629985185185 0.610233333333 0
0.168000987328 0.748089829612 0.510004363555 0
0.010695511611 0.974286136280 0.929046280861 0
0.177738390114 0.640274991867 0.485531168196 0
0.043380254576 1.027123691313 1.025865786855 0
0.194845592676 0.547382621696 0.470597035250 0
0.075007723958 1.063563433209 1.111226377117 0
0.165464774281 0.311294815183 0.601846861012 0
0.046555770171 0.311682174604 0.700094490613 0
0.148370873052 0.019709635948 0.566994625853 0
0.037702940764 0.018143478808 0.695216142592 0
0.172952594892 0.030602942085 0.598668449736 0
0.066156584794 0.024053322586 0.725995792620 0
0.068505743184 1.019756338167 0.634900544837 0
0.154916182197 0.934091746117 0.522732989947 0
-0.021292794964 0.941065542160 0.754365689835 0
0.069405369048 0.914503168438 0.639903873264 0
0.046541486161 0.769585487110 0.624092251510 0
0.134837466660 0.573806136551 0.592003798001 0
0.039305557735 0.579826501797 0.694286852535 0
0.055101851852 0.630285185185 0.612900000000 0
0.168434452598 0.749165489760 0.511816999560 0
0.009037011333 0.973692232474 0.931286297795 0
0.178104630003 0.641721417411 0.485739182778 0
0.043972313428 1.027342491405 1.026865012839 0
0.195774341506 0.549197894324 0.469950469652 0
0.076889356301 1.063387150434 1.111749719489 0
0.165186622568 0.311345231945 0.603539719138 0
0.046647936363 0.311541178226 0.701633003337 0
0.148207333462 0.019999843376 0.566680724266 0
0.037953266441 0.018143170112 0.695278006144 0
0.172721584356 0.030840868909 0.598424699365 0
0.066354349834 0.023847824073 0.726144790123 0
0.067983541243 1.020115441608 0.639891932705 0
0.156388860595 0.934784251953 0.527215372366 0
-0.022993294346 0.940731119416 0.756428422554 0
0.069314100747 0.914682711149 0.643140959243 0
0.047027647744 0.769758514405 0.626586549206 0
0.136346903188 0.574176909091 0.594948407398 0
0.039546867969 0.579719340593 0.696059476525 0
0.056331481481 0.630533333333 0.615092592593 0
0.170126276343 0.750029367231 0.513928583784 0
0.007727955803 0.973430466373 0.933268059202 0
0.181359001053 0.642939714065 0.487032011096 0
0.043786273043 1.027674372020 1.028091647213 0
0.200467590846 0.550779053121 0.471400303496 0
0.077953483842 1.063494498598 1.112433894315 0
0.164540259833 0.311421322636 0.605171499659 0
0.046788754082 0.311420953108 0.703018043718 0
0.148036835529 0.020283309054 0.566295314880 0
0.038256941765 0.018192853452 0.695370442845 0
0.172474629476 0.030972410328 0.598149570915 0
0.066587543892 0.023845485458 0.726311478742 0
0.067858038874 1.020421287535 0.643121336980 0
0.157896515268 0.935566204735 0.531130853327 0
-0.024521417496 0.940252278851 0.757964897589 0
0.069313798573 0.914831426762 0.645795576427 0
0.047358519373 0.769952790580 0.628349914646 0
0.137093108276 0.574567828881 0.597283699748 0
0.038987765606 0.579621713531 0.697154684797 0
0.056755555556 0.630755555556 0.616600000000 0
0.174177314403 0.751051004988 0.517394062840 0
0.004500517947 0.972322954631 0.935206254530 0
0.190564999462 0.644172445197 0.492369859009 0
0.041867231055 1.026948726220 1.029301260854 0
0.213166548770 0.552410289376 0.478392848238 0
0.077160174068 1.063418471698 1.112958087923 0
0.163797575911 0.311619206436 0.606490683511 0
0.046683575784 0.311337625777 0.704177081984 0
0.147990408916 0.020525000337 0.565971943717 0
0.038476838912 0.018190268918 0.695429444632 0
0.172357422181 0.031066549060 0.597929426435 0
0.066717682693 0.023786994352 0.726462562020 0
0.067965669031 1.020702777735 0.645505770543 0
0.159549441556 0.936315546584 0.534353476510 0
-0.025978201869 0.939867525517 0.758672049284 0
0.069402458401 0.915008771256 0.647686482257 0
0.047503432316 0.770221156140 0.629329501508 0
0.136965177141 0.574980798543 0.598861932481 0
0.037599945191 0.579595446296 0.697501018907 0
0.056311851852 0.631000000000 0.617333333333 0
0.179461838632 0.752080824098 0.521677268703 0
-0.000399315497 0.970962528754 0.936616200460 0
0.200067343412 0.645009400317 0.500966959092 0
0.038999713559 1.026067951891 1.029595903813 0
0.225999397036 0.553584820297 0.489922167088 0
0.075472412762 1.063736229233 1.112366476622 0
0.162913338509 0.311936202613 0.607470571201 0
0.046316467449 0.311356539246 0.705037747857 0
0.147986285544 0.020691929044 0.565800703848 0
0.038721074012 0.018156039819 0.695426900690 0
0.172258749389 0.031224723212 0.597832938121 0
0.066873592977 0.023644975355 0.726559363338 0
0.068304054517 1.020986563216 0.647384497565 0
0.161118471043 0.936976592398 0.536944074663 0
-0.027285846563 0.939429994468 0.758866896938 0
0.069519520946 0.915115097495 0.649000019708 0
0.047529752515 0.770445333093 0.629733760495 0
0.136332716047 0.575370690934 0.599728998716 0
0.035855567748 0.579520409097 0.697256103533 0
0.055365925926 0.631181481481 0.617444444444 0
0.184552473694 0.753061197901 0.525737025201 0
-0.004238066669 0.968156936755 0.937553388371 0
0.207908923783 0.645754981986 0.509685676128 0
0.036604397514 1.024327525531 1.029264208133 0
0.236797729801 0.554882281553 0.502653132003 0
0.074025090960 1.064202375098 1.110781245944 0
0.161869384280 0.312276996678 0.608063373662 0
0.045947140667 0.311359827672 0.705797416341 0
0.147979943175 0.020697337708 0.565581786671 0
0.038892066546 0.018121547724 0.695476281489 0
0.172188703012 0.031127268912 0.597695783133 0
0.066975392223 0.023511971888 0.726688348292 0
0.068858605130 1.021174507075 0.648932889430 0
0.162636377440 0.937467095504 0.539232122049 0
-0.028372277121 0.938953421531 0.758926067889 0
0.069703373407 0.915114515439 0.650086289152 0
0.047435648704 0.770592885911 0.629928682995 0
0.135276429047 0.575677615972 0.600238246405 0
0.033941229710 0.579393371050 0.696891152231 0
0.054042962963 0.631281481481 0.617374074074 0
0.188718625629 0.753858980103 0.528868770316 0
-0.008582527553 0.964215499657 0.938524210454 0
0.214543249447 0.646679600588 0.516083507189 0
0.034419269400 1.021990561372 1.028229305559 0
0.246467867691 0.556910259380 0.513287249032 0
0.073300136897 1.065151555131 1.107629173155 0
0.160921213137 0.312590086418 0.608434100822 0
0.045570665133 0.311331102704 0.706496766217 0
0.147987088252 0.020592267190 0.565421069449 0
0.039041498620 0.018067490400 0.695480133745 0
0.172129768204 0.030959315385 0.597605096591 0
0.067051818737 0.023233865674 0.726795521359 0
0.069632642015 1.021256573204 0.650060486444 0
0.164041210649 0.937766388296 0.541388688149 0
-0.029329962944 0.938463298622 0.759010030531 0
0.069876687952 0.915009776172 0.651115652512 0
0.047193457600 0.770665701561 0.630074047308 0
0.133936543264 0.575920618019 0.600385074392 0
0.032009319077 0.579203906429 0.696429203062 0
0.052492962963 0.631325925926 0.617162962963 0
0.190782967410 0.754271517498 0.530705355012 0
-0.013740159493 0.958579919739 0.939668767312 0
0.219870160933 0.647705240235 0.519964905061 0
0.032776646218 1.018872584859 1.025895779926 0
0.255449173567 0.559749866607 0.520710541563 0
0.073558320440 1.068142561805 1.101032807830 0
0.159887398333 0.312864025771 0.608610497405 0
0.045303407378 0.311265069766 0.707243005472 0
0.148016137558 0.020435474238 0.565305094938 0
0.039180032312 0.018052870911 0.695569899207 0
0.172100821195 0.030738996239 0.597552912462 0
0.067117925356 0.023091638575 0.726970662264 0
0.071201147319 1.021212162634 0.650860251177 0
0.165300844763 0.937593089325 0.543786170234 0
-0.030591713672 0.937956853166 0.759141500668 0
0.069749917676 0.914652403677 0.652269222888 0
0.046407239932 0.770541549193 0.630255823421 0
0.132515057939 0.576071810589 0.600262450634 0
0.030400188842 0.578847404270 0.696123095606 0
0.050902222222 0.631229629630 0.617033333333 0
0.192312965761 0.754222324325 0.531739152629 0
-0.016810028944 0.950440113104 0.940634015609 0
0.225406980211 0.648604787840 0.523522356635 0
0.033453835123 1.014132455882 1.022187346784 0
0.264777679979 0.562743833167 0.527400965753 0
0.075234413842 1.072310758261 1.089904615030 0
0.158806415074 0.313053281667 0.608622664212 0
0.045320447875 0.311041937431 0.708060813146 0
0.147980612170 0.020233798722 0.565150583361 0
0.039362881369 0.017991767378 0.695629694997 0
0.171982229877 0.030703170742 0.597406914268 0
0.067227253901 0.022995561297 0.727101297399 0
0.073425935736 1.020846405443 0.651571420083 0
0.166273004316 0.937546609227 0.546294175474 0
-0.032153755798 0.937249772863 0.759316892289 0
0.069356184046 0.914261546403 0.653484488638 0
0.045522150956 0.770348507985 0.630535429013 0
0.131146939374 0.576172297775 0.599952770712 0
0.029537983692 0.578433731410 0.696362934639 0
0.049469629630 0.631059259259 0.617288888889 0
0.193544863004 0.754400633135 0.531685276266 0
-0.018994353616 0.939037018378 0.941275501537 0
0.230729511408 0.649914264099 0.527478834683 0
0.036366016181 1.006492607995 1.016236086318 0
0.273676779777 0.566215694447 0.534694597965 0
0.079234873871 1.072462426860 1.074313844835 0
0.157821029121 0.313195778694 0.608421450395 0
0.045703342856 0.310721926207 0.708771069771 0
0.148000107808 0.020072308741 0.565020702156 0
0.039507599574 0.017921293911 0.695692853131 0
0.171914356290 0.030716814460 0.597284606199 0
0.067308955385 0.022989060460 0.727209917163 0
0.075176262785 1.020402610306 0.652749544516 0
0.166940756922 0.937593374538 0.548734048890 0
-0.033967267569 0.936540598226 0.759415805285 0
0.068678157517 0.913916260711 0.654605118013 0
0.044291089627 0.770248043614 0.630569879783 0
0.129201473473 0.576282199568 0.599243861710 0
0.028070295985 0.578139225407 0.696163674236 0
0.047522592593 0.630992592593 0.617122222222 0
0.195206513432 0.754680260644 0.533130762522 0
-0.021062505860 0.927495445730 0.941176504924 0
0.234689948481 0.650958008820 0.532391590530 0
0.041987464384 0.997092117931 1.007622880717 0
0.280152518286 0.569220676379 0.542533234173 0
0.087639775029 1.067679410010 1.055426530225 0
0.156644808022 0.313392893645 0.607958872190 0
0.045788108509 0.310554726984 0.709183145111 0
0.147990219400 0.019959053798 0.564871648769 0
0.039700523896 0.017898719953 0.695738390363 0
0.171809041439 0.030776735702 0.597148540835 0
0.067414362230 0.023138624792 0.727304345598 0
0.076003105075 1.020000762628 0.654403271969 0
0.167173095617 0.937730935697 0.550954036063 0
-0.036254052509 0.935741474445 0.759197601558 0
0.067565933701 0.913574568325 0.655451455403 0
0.042662363593 0.770170479940 0.630265311032 0
0.126562101540 0.576401942745 0.598079006844 0
0.025866585582 0.577832579389 0.695458573541 0
0.044891481481 0.630948148148 0.616488888889 0
0.196306282281 0.754976940351 0.535084020596 0
-0.021304190741 0.915367917045 0.939881633458 0
0.237053434776 0.651750271798 0.536394747522 0
0.050533013399 0.985621508971 0.995899178105 0
0.283479425363 0.570981104483 0.548626373263 0
0.101314261086 1.057753891450 1.034009305981 0
0.155430048261 0.313677190545 0.607146609653 0
0.045337798925 0.310418323148 0.709436366957 0
0.147909620290 0.019898147141 0.564710848869 0
0.039902994373 0.017731346050 0.695767218846 0
0.171614528663 0.031055853813 0.596955835881 0
0.067522862657 0.023113472011 0.727391553843 0
0.076397081901 1.019514021837 0.656770326553 0
0.166526132379 0.937985802605 0.552837679224 0
-0.038905494133 0.935082675778 0.759093258067 0
0.065820417740 0.913361872563 0.656166516179 0
0.040440081305 0.770237140841 0.629784463636 0
0.123768397001 0.576672070116 0.596576559236 0
0.023551545354 0.577663811112 0.694454098851 0
0.042143703704 0.631081481481 0.615585185185 0
0.195541584044 0.755309890828 0.535889594020 0
-0.018881732788 0.903222313361 0.937612909311 0
0.236809313836 0.652336530096 0.539244441173 0
0.061703887802 0.972236159592 0.982078212276 0
0.283001290590 0.571584478243 0.553224005600 0
0.120312466255 1.042895645715 1.011383395511 0
0.154190856571 0.314134735188 0.605983838882 0
0.044389878957 0.310404036165 0.709382857897 0
0.147756147726 0.019892538342 0.564564466099 0
0.040061636578 0.017519232276 0.695768160733 0
0.171341631056 0.031203658556 0.596843558746 0
0.067581343479 0.023076281120 0.727449510264 0
0.076860657012 1.018980871458 0.659478112469 0
0.164886281952 0.938376178068 0.553979871604 0
-0.041290682179 0.934598289537 0.759476178481 0
0.063704901974 0.913305292439 0.656734951662 0
0.037790199016 0.770466214021 0.629251007475 0
0.120834428102 0.577136626061 0.594758112668 0
0.021301229337 0.577602154916 0.693334678299 0
0.039304814815 0.631396296296 0.614585185185 0
0.193537227981 0.755703292100 0.536391159470 0
-0.013828241389 0.891088978657 0.934513471092 0
0.234428007379 0.652630964641 0.541063740615 0
0.075117657306 0.956435966942 0.966955952699 0
0.279935397886 0.571424387643 0.555710492018 0
0.142426012313 1.023084902334 0.987315733958 0
0.153101134930 0.314827288759 0.604378215694 0
0.043081425622 0.310453099126 0.708887695333 0
0.147628481274 0.019945105497 0.564434769899 0
0.040159699268 0.017242949274 0.695678118189 0
0.171129809060 0.031164995265 0.596806948578 0
0.067596249804 0.022894707692 0.727414789239 0
0.077321722439 1.018630161384 0.660612881473 0
0.162235806028 0.938381105450 0.554338702838 0
-0.042664773824 0.934280098568 0.761101560333 0
0.061550739683 0.913138138136 0.657538206008 0
0.034776073436 0.770631013211 0.629156995105 0
0.117692866000 0.577646323159 0.592510981832 0
0.019198218821 0.577462344283 0.692126162874 0
0.036322888889 0.631711111111 0.613492592593 0
0.189992302547 0.755482848830 0.537682550902 0
-0.005607424218 0.876409527700 0.930107623714 0
0.230123814883 0.652093095686 0.541903238573 0
0.090261406786 0.936514880042 0.950859256110 0
0.274884051926 0.570290444822 0.556067649395 0
0.165201197065 0.997592643917 0.962501214171 0
0.152111114684 0.315624857669 0.602511530169 0
0.041398830623 0.310362691049 0.707931205650 0
0.147406427301 0.020018666550 0.564208845829 0
0.040145464225 0.016713866756 0.695565814310 0
0.170906610496 0.030892658730 0.596699674849 0
0.067517365798 0.022392916094 0.727353396332 0
0.077694984528 1.018190512616 0.661312997865 0
0.159003391198 0.938590243926 0.554050283524 0
-0.042592838830 0.934250075532 0.764031397193 0
0.059811141941 0.913218623258 0.658654327377 0
0.031835149945 0.771111220152 0.629488848621 0
0.114264740499 0.578543957031 0.589820827709 0
0.017267616374 0.577685584543 0.690891272318 0
0.033162851852 0.632400000000 0.612322222222 0
0.185288470378 0.755290811880 0.539557678674 0
0.004642290043 0.859594663610 0.923658185869 0
0.224528122806 0.651505529125 0.542138047394 0
0.106206196679 0.912789952566 0.933100139426 0
0.268347237582 0.569085329494 0.555574022485 0
0.187338520639 0.967152746810 0.936445506659 0
0.150555253877 0.316797539233 0.600389015638 0
0.039653344013 0.310592858315 0.706551607352 0
0.147007386903 0.020313420100 0.563729930926 0
0.039995368769 0.016542918160 0.695395489373 0
0.170557627215 0.030660210782 0.596356398562 0
0.067324629542 0.022349281717 0.727196756891 0
0.077383227039 1.018119212217 0.662094779526 0
0.155388245383 0.938765005682 0.552637865204 0
-0.040493287894 0.934361114486 0.767958500035 0
0.058871108004 0.913353969438 0.659705828982 0
0.029231778136 0.771708298585 0.630045070707 0
0.110509225485 0.579699467678 0.586414220364 0
0.015665582465 0.577971067315 0.689497243584 0
0.029816148148 0.633259259259 0.610996296296 0
0.179558265269 0.755005340185 0.540479812477 0
0.016160777767 0.841836013033 0.914637476160 0
0.217412344518 0.650677987777 0.541295757092 0
0.122338558239 0.886093505094 0.913345301283 0
0.259937687477 0.567533940604 0.554003352037 0
0.208774487808 0.932068835421 0.908990439854 0
0.149197876975 0.318331551288 0.597810523069 0
0.038007939268 0.310852049332 0.704766186666 0
0.146631081670 0.021031165900 0.563224948377 0
0.039698603418 0.016301628017 0.695136227563 0
0.170273907947 0.031480496060 0.595751622837 0
0.067029384477 0.022063041713 0.726944363108 0
0.076413405999 1.018276712240 0.663244703674 0
0.150969034605 0.938659898537 0.550099737982 0
-0.036558304381 0.934206344839 0.772733087041 0
0.058413545538 0.913218499349 0.660603331088 0
0.026677048310 0.772123306860 0.630661580855 0
0.106139086095 0.580636070954 0.582299690742 0
0.014147499433 0.578358886602 0.687925331948 0
0.026119037037 0.634025925926 0.609329629630 0
0.172043542993 0.754456457948 0.538938181545 0
0.026993310725 0.822855468956 0.902530907705 0
0.207876194728 0.649415722097 0.538429827729 0
0.136333875553 0.856678223005 0.890921490109 0
0.249166096219 0.565639411905 0.550237356129 0
0.226824633714 0.893201113880 0.879908570252 0
0.148840387758 0.319936513209 0.594637219474 0
0.036383758015 0.311212975547 0.702875325592 0
0.146379596645 0.021991324338 0.563298672059 0
0.039356037398 0.016142768757 0.694889162142 0
0.170236756056 0.032888046799 0.595520615994 0
0.066719438421 0.021777444785 0.726691955705 0
0.075233212680 1.018173943482 0.665174560073 0
0.145874758615 0.938621136686 0.546500716242 0
-0.031067726598 0.933712028724 0.777626661791 0
0.058386088255 0.912951140977 0.661006660704 0
0.024271466700 0.772453469259 0.631041880911 0
0.101109603296 0.581522787002 0.577377382100 0
0.012964995035 0.578751149889 0.686222500168 0
0.022086111111 0.634751851852 0.607481481481 0
0.163238595612 0.754043047896 0.535140739379 0
0.036332096028 0.802027278070 0.884405357921 0
0.196871092961 0.648284557006 0.533802730158 0
0.147404605857 0.824707212063 0.864844311431 0
0.237089784730 0.563831663709 0.544240555220 0
0.240494826573 0.851635191038 0.848608165242 0
0.148996048194 0.321764968083 0.590516601733 0
0.035327752675 0.311563167599 0.700200357283 0
0.146684603975 0.023518359489 0.563129578496 0
0.038704955088 0.016056062287 0.694458199734 0
0.171256818397 0.035412026790 0.594448953380 0
0.066147865982 0.021580459267 0.726211792406 0
0.074644476897 1.018081719052 0.664714356690 0
0.140332840048 0.939164155087 0.542002677354 0
-0.024144306562 0.932761019781 0.782123924273 0
0.058840590443 0.912754975691 0.660688800958 0
0.022219029061 0.772873896056 0.630847447210 0
0.095846217718 0.582487466752 0.571848913293 0
0.012739659928 0.579148068028 0.684572300989 0
0.018244037037 0.635518518519 0.605759259259 0
0.153553318971 0.754297803800 0.529784908740 0
0.042230229706 0.782583731918 0.861663239942 0
0.185370869754 0.647992398492 0.527640659090 0
0.154202606731 0.792264796591 0.837115731809 0
0.224573609463 0.562679208824 0.536039974999 0
0.249134047226 0.807496083123 0.816442511850 0
0.149036050614 0.323774504570 0.585202566847 0
0.035124290199 0.311873701286 0.696747378372 0
0.148790328865 0.025821100651 0.560608099039 0
0.037715977851 0.016135020410 0.693857482021 0
0.175127643244 0.039502012127 0.589682741238 0
0.065291117839 0.021694069351 0.725490243479 0
0.075194840535 1.017967366788 0.663513721649 0
0.134436883640 0.940455028157 0.536751748561 0
-0.015848264210 0.931315986254 0.785915946169 0
0.059810149259 0.912697688363 0.659573603463 0
0.020771203021 0.773400743382 0.629988824011 0
0.090770552283 0.583384631972 0.565941046303 0
0.013751249897 0.579621759784 0.682895231855 0
0.015097148148 0.636300000000 0.604122222222 0
0.143335490191 0.755347999808 0.524268734973 0
0.043983588067 0.767179477568 0.838495938192 0
0.172835759362 0.648434240595 0.520148570939 0
0.155411136672 0.760536628765 0.810677053292 0
0.210572462626 0.562188452636 0.526061644980 0
0.250816251492 0.761176881721 0.786545406491 0
0.149238458712 0.325783053926 0.578700595407 0
0.035599737352 0.312202434966 0.692613236197 0
0.152931088570 0.028292466697 0.554626026444 0
0.036536884234 0.016491592123 0.693220449768 0
0.182158316745 0.042568523395 0.580474036522 0
0.064305831540 0.022055509465 0.724682353036 0
0.076110278422 1.017930781444 0.662487144740 0
0.126375683742 0.941971489321 0.530022627171 0
-0.004478099533 0.929875813527 0.789797389514 0
0.061188990694 0.912762229845 0.657781547206 0
0.019637322443 0.773992514966 0.629169111432 0
0.086073250406 0.584319167252 0.559649771268 0
0.015966600710 0.580270662180 0.680864790718 0
0.012810888889 0.637196296296 0.602322222222 0
0.131544269154 0.756741688200 0.517262169784 0
0.045392972955 0.756654638309 0.817950545232 0
0.157649897084 0.649125047372 0.509849454413 0
0.153450777319 0.730262533016 0.788606311053 0
0.193308453482 0.561928084388 0.512716241219 0
0.246791074517 0.713197011187 0.762287606240 0
0.149097030588 0.327733942934 0.571134586488 0
0.036576817013 0.312671024686 0.687974241889 0
0.157994074233 0.031316140617 0.545089254182 0
0.035280919796 0.017251154667 0.692602115618 0
0.190440601989 0.046085355624 0.566425828676 0
0.063267669297 0.023045456179 0.723828560985 0
0.077418173273 1.017865417990 0.662036786980 0
0.117594701842 0.943500625974 0.522625429221 0
0.009218283787 0.928254077018 0.792392068884 0
0.063345116763 0.912747577731 0.655049218552 0
0.019258372261 0.774475876524 0.627933612174 0
0.081598574311 0.585184102725 0.553049632389 0
0.018843318645 0.580982855325 0.678223675512 0
0.011023259259 0.638014814815 0.600085185185 0
0.119244375875 0.758246088367 0.509296601725 0
0.048483203785 0.750245417102 0.799907562505 0
0.141233756662 0.650043661873 0.498049576538 0
0.148274889935 0.700852806983 0.770992067936 0
0.174410679053 0.561905204372 0.497007214049 0
0.235152484532 0.662188137821 0.744967163881 0
0.148876437754 0.329593995405 0.562391009067 0
0.037653585387 0.313198771719 0.682993343340 0
0.161825038352 0.034137076737 0.533450478782 0
0.034106502531 0.018263537192 0.692135249853 0
0.197471640192 0.048044363311 0.549638852509 0
0.062335962688 0.024284479655 0.723099241828 0
0.079544575864 1.017714877333 0.659909930785 0
0.109407371016 0.944940146398 0.514952587930 0
0.023720184525 0.926758169729 0.792583758579 0
0.066216265515 0.912750589078 0.651052508001 0
0.019826933851 0.774884061623 0.625864786944 0
0.077225747377 0.585815763614 0.546082392105 0
0.022269969691 0.581669105219 0.674873235678 0
0.009725407407 0.638714814815 0.597362962963 0
0.106219193240 0.759839261299 0.499882066072 0
0.053437414851 0.746988694901 0.783357614560 0
0.124491236066 0.651338510360 0.485338578226 0
0.138594433192 0.673938294412 0.757940344821 0
0.155187819761 0.562389223059 0.479895320285 0
0.213418456596 0.613398200470 0.736275864457 0
0.148541866831 0.331227778186 0.552314885136 0
0.038975319134 0.313722197215 0.678079025762 0
0.164187090238 0.036660600357 0.520167526308 0
0.033277862555 0.019408604648 0.691836973689 0
0.202191621346 0.049859067055 0.530541164948 0
0.061720704061 0.026001578751 0.722487592401 0
0.082211127194 1.017683455048 0.655770978389 0
0.101690382920 0.945560427710 0.506562732242 0
0.038746090047 0.925916849463 0.790118883558 0
0.069600903372 0.912656853750 0.645531964669 0
0.021181326961 0.775047476971 0.623074842754 0
0.073039487171 0.586011870209 0.538944027997 0
0.026275851594 0.582257527948 0.670942061949 0
0.008962074074 0.639133333333 0.594229629630 0
0.092880542496 0.760920141498 0.488397540528 0
0.061503517327 0.746287381720 0.767743597778 0
0.107499463263 0.652306911913 0.470869076342 0
0.124580270744 0.651931962037 0.748968765155 0
0.135219232191 0.562624155555 0.460374687120 0
0.181586243440 0.572859431333 0.734058501099 0
0.147913837308 0.332381246012 0.541227303742 0
0.040798360583 0.314175527480 0.673397475692 0
0.164967066181 0.039313331510 0.504853909861 0
0.032844201129 0.020609762938 0.691729284127 0
0.204391538920 0.051753986626 0.508988802365 0
0.061464573907 0.027970688914 0.722037929736 0
0.085857461188 1.017420547494 0.650802584069 0
0.094785975307 0.945896377971 0.497699149785 0
0.053790151884 0.925291201161 0.785182565430 0
0.073434900900 0.912522523401 0.638607435173 0
0.023394241582 0.775030429899 0.619294081497 0
0.069207885117 0.585528997680 0.531930348089 0
0.031484248376 0.582890398823 0.666816888159 0
0.009097740741 0.639203703704 0.591007407407 0
0.081531612776 0.761776015104 0.477116714978 0
0.073463698692 0.746538803585 0.754428191617 0
0.090479459683 0.653237260679 0.455737557707 0
0.108290827441 0.637495808996 0.742990848417 0
0.113966974796 0.563120954781 0.439868274519 0
0.142535656570 0.545407824207 0.735947138639 0
0.147862747520 0.333048417942 0.529314117426 0
0.042895029244 0.314650314948 0.668210725159 0
0.164064034065 0.041818145721 0.488489360586 0
0.032447247357 0.022270861467 0.691706035299 0
0.203468071163 0.054710224223 0.485792610918 0
0.061309036920 0.030401521024 0.721586002607 0
0.090485871621 1.017105760635 0.644002169079 0
0.089158850289 0.945914131541 0.488012443307 0
0.069025312481 0.924922968972 0.777677692983 0
0.078043116786 0.912350638014 0.630050324906 0
0.026710888269 0.774877360724 0.614286509070 0
0.065808111250 0.584704131977 0.524805124674 0
0.037698120955 0.583264358188 0.662035475407 0
0.010094259259 0.638988888889 0.587522222222 0
0.071641902011 0.762294957724 0.466177189680 0
0.087176352690 0.745893142393 0.747608430830 0
0.072549833998 0.654200039792 0.441028473637 0
0.095553287895 0.631312465777 0.741674470260 0
0.090738052801 0.564106462499 0.420279747756 0
0.107103493724 0.533583879981 0.741688875541 0
0.147355304114 0.333256159368 0.516814655718 0
0.045652966012 0.314898010808 0.663091568660 0
0.161088143991 0.043960371425 0.472480886382 0
0.032329501406 0.024168744886 0.691807387985 0
0.199481523078 0.056558064307 0.462816370727 0
0.061480061640 0.033156593896 0.721156772581 0
0.095146589566 1.016977468060 0.634702920332 0
0.083966774490 0.945454549712 0.477362156444 0
0.084208473863 0.924632632257 0.767738351156 0
0.082882000908 0.911972164739 0.619849280778 0
0.030644213000 0.774438381476 0.607975517875 0
0.062662207260 0.583422173067 0.517324644267 0
0.044388872984 0.583209077141 0.656214721341 0
0.011702111111 0.638407407407 0.583385185185 0
0.062524090061 0.762297028137 0.455155032675 0
0.093650418293 0.743791625345 0.745541966400 0
0.055791443575 0.654726786969 0.428676584302 0
0.075886985160 0.630189990102 0.741902557277 0
0.068272369833 0.564736109445 0.404218289354 0
0.066419115242 0.532650073927 0.746359693360 0
0.146010704068 0.332798236188 0.503887921051 0
0.048730985849 0.314762311216 0.657754597621 0
0.155886062206 0.045776872468 0.456964000395 0
0.032264759076 0.026330881521 0.692014486470 0
0.192216157191 0.057415666708 0.440507422575 0
0.061829594651 0.036127065315 0.720682905478 0
0.099670689272 1.016711698785 0.623720969652 0
0.078994077186 0.944524201531 0.465101802490 0
0.098996837449 0.924499163844 0.754844503119 0
0.087674169644 0.911429847515 0.607419219433 0
0.035159000435 0.773681461653 0.599714475392 0
0.061094607795 0.581582593824 0.509131355705 0
0.052137483586 0.582597867943 0.648928182599 0
0.014868666667 0.637333333333 0.577974074074 0
0.054586799951 0.761731846285 0.442946386615 0
0.090319852215 0.742866675419 0.740023954278 0
0.041557708853 0.654786851946 0.416285469283 0
0.059404813362 0.632070033289 0.741599025917 0
0.048163199600 0.564914503391 0.388946721598 0
0.038449252863 0.536705880691 0.750881400245 0
0.144611274420 0.331298459325 0.491167681212 0
0.051564458866 0.314126724078 0.651722436244 0
0.147820602359 0.047231543056 0.442145947728 0
0.032425226258 0.028874239718 0.692359850564 0
0.181094078536 0.057181993291 0.419341987332 0
0.062552389968 0.039458219633 0.720149351169 0
0.104084917135 1.016284762337 0.610457605223 0
0.074423643022 0.942488240673 0.451180390665 0
0.113235718516 0.925144370929 0.739181706806 0
0.092450163444 0.910707435996 0.592919067299 0
0.040220221965 0.772648348782 0.590008511939 0
0.060890943936 0.579497441324 0.500329077211 0
0.060924255629 0.581723948065 0.640398542917 0
0.019238592593 0.635911111111 0.571511111111 0
0.047024199385 0.760088981587 0.429285104777 0
0.084903110331 0.745055929454 0.732060179409 0
0.028096082707 0.653941167009 0.402976144298 0
0.045793655909 0.637206380111 0.740606621164 0
0.028697323446 0.564344564485 0.373632901828 0
0.017802904066 0.543926012254 0.753766826373 0
0.143186226878 0.329058890071 0.479165579407 0
0.054737468251 0.313354495123 0.645343407744 0
0.139175567140 0.047219383129 0.430926733621 0
0.033195634536 0.031557147691 0.692800490089 0
0.169428492635 0.053832192262 0.403228583125 0
0.063852212645 0.043513109896 0.719430400985 0
0.108345978331 1.015742591865 0.594104704496 0
0.069525608145 0.940420230847 0.436394866412 0
0.125557071778 0.926986880404 0.721757732426 0
0.096165382471 0.910560695611 0.577191024092 0
0.044919178026 0.772092560546 0.579285197798 0
0.061639510051 0.577890122331 0.490904469171 0
0.070561067751 0.581270603490 0.630666380365 0
0.024535407407 0.634870370370 0.564122222222 0
0.039194701834 0.758357629875 0.415589381069 0
0.076887646084 0.751161890663 0.723227282420 0
0.014468869863 0.653014426884 0.390906667299 0
0.033736305274 0.645599973847 0.738352092825 0
0.009380110048 0.563779815767 0.360944500382 0
0.002146669680 0.553788313249 0.754553646057 0
0.141648271575 0.326845181341 0.468212821584 0
0.060603640923 0.313116345678 0.639556541606 0
0.131636212776 0.044948517244 0.423059189383 0
0.034351936306 0.034797649390 0.693309402188 0
0.159085057775 0.051947677372 0.392666279810 0
0.065536383273 0.048194099126 0.718607393605 0
0.112160896092 1.015590069696 0.576199971582 0
0.064538669521 0.938708967403 0.420417299878 0
0.136473993526 0.928830096716 0.702338675788 0
0.099222365065 0.910597420232 0.559814608379 0
0.049564486346 0.771659185933 0.566709666290 0
0.063015480827 0.576444029561 0.480850719412 0
0.080442186906 0.580963130510 0.619776243730 0
0.030242296296 0.633885185185 0.555755555556 0
0.032437489636 0.756667757781 0.402247681830 0
0.070580235826 0.759151542521 0.714687786456 0
0.002490488948 0.651971769139 0.380806584514 0
0.022633097498 0.656344320040 0.733815340333 0
-0.007612307200 0.562905532330 0.351938056043 0
-0.011108169614 0.565921914858 0.752335842148 0
0.140942303984 0.325066213365 0.454841510570 0
0.070003313860 0.313061523241 0.634081838826 0
0.128183410448 0.038185563977 0.418901241952 0
0.035405339931 0.037919071708 0.693660788532 0
0.153511815047 0.045755455664 0.386849331761 0
0.067204484945 0.052370780873 0.717574915037 0
0.114535788548 1.015646038854 0.557411717328 0
0.060255212028 0.936839750321 0.404025742775 0
0.145433675998 0.930893861482 0.682344302706 0
0.101772425573 0.910665485884 0.541924460314 0
0.054228057732 0.771235956663 0.553142342180 0
0.064773710153 0.575382011005 0.469722820331 0
0.090285346991 0.580862313985 0.607358340202 0
0.036020851852 0.633037037037 0.546100000000 0
0.028220982839 0.754541548118 0.388508126832 0
0.070260752128 0.766379719179 0.706206995161 0
-0.006399935926 0.650535690718 0.371130924745 0
0.019520045588 0.666360344634 0.731812107945 0
-0.021335713693 0.561515054839 0.344459690181 0
-0.015512090685 0.577602732637 0.754775495266 0
0.140319696944 0.323434144778 0.442246434632 0
0.084606894969 0.313289570142 0.628746964142 0
0.128278302095 0.031616371512 0.417490547344 0
0.036266831743 0.039322618988 0.693927294741 0
0.152691071547 0.036207003362 0.384187408250 0
0.068794880479 0.053835303691 0.716801537812 0
0.115819462183 1.015786760217 0.537952878697 0
0.056553857077 0.934995860247 0.387195227485 0
0.152901017694 0.933115552513 0.661905318680 0
0.103909709579 0.910830475279 0.523570756233 0
0.058653839921 0.770981972238 0.538679814953 0
0.066683245071 0.574828535254 0.457478435653 0
0.100004090359 0.581193939895 0.593396118675 0
0.041698148148 0.632477777778 0.535174074074 0
0.026141525422 0.752231059417 0.374090250112 0
0.074422457811 0.771938094471 0.695791042068 0
-0.011746374531 0.648653376774 0.361682017472 0
0.023754309352 0.674069587272 0.728785138748 0
-0.030647661327 0.559493428347 0.338180311484 0
-0.011634292665 0.587106865497 0.757560798311 0
0.139583503172 0.322013170992 0.430836004290 0
0.103795940395 0.314415797599 0.623395051407 0
0.130222671754 0.027483103855 0.416691688720 0
0.037455403493 0.041680434788 0.694906713413 0
0.154361312042 0.030986034218 0.383058196328 0
0.070946668964 0.052528780587 0.718413552811 0
0.116592887012 1.016024975878 0.518161403680 0
0.052554293395 0.932381429417 0.370745706056 0
0.160053469615 0.934451922649 0.641285139948 0
0.105702829154 0.910174959828 0.505307711442 0
0.062681567986 0.770054029538 0.524142718363 0
0.068432391521 0.573858043145 0.444772025480 0
0.109627430450 0.581138770864 0.578467101817 0
0.047198148148 0.631351851852 0.523688888889 0
0.024319601745 0.749080826666 0.360581357116 0
0.083284837966 0.774249450133 0.682842865902 0
-0.014498191644 0.645483718276 0.351715039292 0
0.036266179737 0.677366952422 0.723304499592 0
-0.035200076275 0.555966798203 0.330882186433 0
0.003042482565 0.591600375816 0.758042345141 0
0.138747294166 0.320202735161 0.419185419911 0
0.125569310750 0.315927911002 0.617118719669 0
0.132235908990 0.024515885281 0.415994855040 0
0.040688617327 0.044692157484 0.695863079904 0
0.156195859778 0.027538005929 0.382187402732 0
0.074184859650 0.047858823027 0.721551539327 0
0.116682125158 1.015496637121 0.498402229952 0
0.047574852284 0.929903835559 0.355110534175 0
0.167158823230 0.935768782154 0.620472968244 0
0.106906003118 0.909584498399 0.487366976425 0
0.066113405538 0.769326020728 0.509960145949 0
0.070525925448 0.573296896626 0.432078034666 0
0.119525221103 0.581587214648 0.563054190197 0
0.052937407407 0.630477777778 0.512111111111 0
0.024062630095 0.745784032172 0.348277073901 0
0.095757957228 0.774698560660 0.667839619742 0
-0.015159508137 0.642153639015 0.341939958738 0
0.055441850400 0.677240737384 0.713781981435 0
-0.036977629922 0.552278424653 0.323338167400 0
0.025885436670 0.591789299750 0.752907679845 0
0.137226289140 0.318461692477 0.408626906831 0
0.147995882165 0.318041938183 0.605694546792 0
0.133855355767 0.022390060899 0.415336249757 0
0.046722710900 0.047386819724 0.691303190697 0
0.157542878416 0.024920249498 0.381297217705 0
0.079421674109 0.042531741279 0.717744238072 0
0.116521292583 1.014974601083 0.478962221120 0
0.041674482770 0.928009641504 0.341507924365 0
0.173546729703 0.937272518889 0.600883818989 0
0.107277811729 0.909383849154 0.471022829017 0
0.068972656718 0.768987537532 0.497042012452 0
0.072670229576 0.573217981394 0.419993226864 0
0.129510500868 0.582590421260 0.547687214959 0
0.058863703704 0.630033333333 0.501022222222 0
0.024891601380 0.743084945955 0.336945618008 0
0.109479581489 0.774301092932 0.652079662896 0
-0.013466392378 0.639032034086 0.332535471938 0
0.077025016059 0.675008009325 0.700263696723 0
-0.035440697442 0.548546853462 0.316102185050 0
0.052783851612 0.589099963482 0.742206594512 0
0.135101424341 0.316997341154 0.400163839013 0
0.168980914003 0.320162058941 0.588409843017 0
0.135263076601 0.021117377134 0.414595530369 0
0.059229714682 0.048635116509 0.676896654192 0
0.158698273868 0.023203503317 0.380352342825 0
0.092295825033 0.036088537340 0.700159041544 0
0.116135066893 1.014720949519 0.460755860051 0
0.035872192698 0.926937979090 0.329188215028 0
0.179946359400 0.939378856019 0.581853614699 0
0.107705368619 0.909899126950 0.455578482822 0
0.072059155073 0.769428698221 0.484924835088 0
0.074090522531 0.573320047464 0.409386788248 0
0.139252526503 0.584230018362 0.532915325188 0
0.064981111111 0.630437037037 0.490866666667 0
0.026274001360 0.741477734435 0.325724814020 0
0.122988721141 0.774577124105 0.635533370603 0
-0.008866666696 0.636243512071 0.322777707999 0
0.097749085003 0.673231823413 0.683764140662 0
-0.029095024191 0.544856630623 0.307959249658 0
0.080522939554 0.586519270223 0.727311421484 0
0.132561962304 0.315873370349 0.393824835913 0
0.187433174629 0.321973679914 0.564302096113 0
0.136476759923 0.020436393831 0.413811836505 0
0.079480376916 0.050357989698 0.655743865246 0
0.159705967440 0.022162463108 0.379408626051 0
0.115410189604 0.035073326394 0.672094724421 0
0.115904742152 1.015167005890 0.443965639605 0
0.030630010672 0.924711628159 0.318057132707 0
0.186983636495 0.939932451706 0.563156735610 0
0.108721251661 0.909063370880 0.440864777271 0
0.075757592715 0.768626478388 0.473444410808 0
0.075006409748 0.572156596565 0.399827233503 0
0.149065286822 0.584603673135 0.518084439105 0
0.071322222222 0.629688888889 0.481440740741 0
0.028581178137 0.739014524690 0.314591469792 0
0.136519853493 0.773621380583 0.618648481112 0
-0.001346371920 0.632160967334 0.312481358424 0
0.118143195959 0.670536809057 0.666292850734 0
-0.018055286035 0.539818068528 0.298337703233 0
0.108254863632 0.582670606576 0.709543736438 0
0.131230708004 0.314026734492 0.387674958844 0
0.202367363898 0.322061696474 0.535846487655 0
0.137319694924 0.019872876560 0.413076371230 0
0.106463495071 0.050627293493 0.629621743723 0
0.160416823858 0.021344414218 0.378572552623 0
0.145952473070 0.037324491998 0.637076879998 0
0.115865429709 1.014314686470 0.428310023180 0
0.025682875506 0.923267389915 0.307574791439 0
0.194105460721 0.940804804285 0.544383188687 0
0.109923058412 0.908779601073 0.426396182597 0
0.079705712372 0.768427705814 0.461944951846 0
0.075396185048 0.571556261798 0.390578943649 0
0.158319381262 0.585312333205 0.502645565327 0
0.077621481481 0.629596296296 0.471885185185 0
0.031178903051 0.737644973880 0.303868699483 0
0.149271567273 0.773435980308 0.601504973941 0
0.007574154713 0.629227746941 0.301355872265 0
0.137835505295 0.669020648404 0.648417353279 0
-0.003745330506 0.536167328302 0.286709765345 0
0.135805893252 0.579864241839 0.689711550691 0
0.129230452970 0.312761605757 0.382389145767 0
0.213866029269 0.322635287913 0.502164867134 0
0.138034118294 0.019623874957 0.412498985510 0
0.135856297976 0.049638783655 0.597112765437 0
0.160906624461 0.021152114389 0.377848311167 0
0.176608448706 0.038277667585 0.595660105675 0
0.115674212613 1.014062584224 0.413218577631 0
0.021184903781 0.922194797045 0.297498752281 0
0.201200203900 0.941517966032 0.525474742210 0
0.111323064679 0.908602613084 0.412020330699 0
0.083787900212 0.768380710191 0.450200565477 0
0.075446462384 0.571121882177 0.381449234088 0
0.166534981954 0.585796022963 0.486862539035 0
0.083620370370 0.629685185185 0.461996296296 0
0.033797195300 0.736928453407 0.293383562289 0
0.160427408519 0.773794063972 0.584564262654 0
0.017550592709 0.627205928366 0.289535323126 0
0.158721366379 0.666804623489 0.626807196154 0
0.013256239855 0.533922671723 0.273547301675 0
0.165877351725 0.576079810439 0.663610512405 0
0.126788516795 0.311718037234 0.377773113143 0
0.223389604061 0.324238323623 0.465886048386 0
0.138734971832 0.019389979231 0.412067063353 0
0.164280728626 0.045578614476 0.552100345601 0
0.161396179879 0.020836802872 0.377274353804 0
0.204037718916 0.036824965293 0.540495246852 0
0.115545091428 1.013943897133 0.398629931558 0
0.017266905422 0.920097263808 0.287956238701 0
0.208462470762 0.940741766455 0.506519743032 0
0.113083031703 0.907168373728 0.397851375919 0
0.088233225929 0.767085412864 0.438328165453 0
0.075626686047 0.569479550410 0.372377798154 0
0.174385672242 0.584784180391 0.470545229679 0
0.089824074074 0.628537037037 0.451718518519 0
0.036729025024 0.735440929950 0.283172198818 0
0.172190303402 0.772470956466 0.566972732805 0
0.028947861766 0.624883033830 0.277324237979 0
0.179986090821 0.663776006860 0.603833959236 0
0.032243053965 0.531983905739 0.259467571008 0
0.194945664858 0.571878853326 0.635049138305 0
0.125700414846 0.309802445062 0.371832060248 0
0.230190367454 0.325360856810 0.429676335960 0
0.139437469649 0.019158368487 0.411582266057 0
0.191271420500 0.040281215916 0.500012941865 0
0.161929695947 0.020383040375 0.376671576842 0
0.227727621928 0.036533143945 0.478827562429 0
0.116126957518 1.012561800862 0.384558400716 0
