0.363691824017 0.994731432918 1.394404736108 0
0.037980585486 0.989527397799 1.316161689963 0
0.205925310173 0.976341028500 1.347421828982 0
0.221658327082 0.847183989844 1.295794953104 0
0.266228603948 0.630911110849 1.336709214407 0
0.189608314262 0.631509164624 1.322236390015 0
0.233480740741 0.705825925926 1.290844444444 0
0.383686959935 0.805722215900 1.335631377645 0
0.067256953488 0.806759463237 1.231277587700 0
0.389806142687 0.664037367984 1.370348193040 0
0.055621397496 0.679835421453 1.211186735205 0
0.395484411401 0.559325100030 1.415099319297 0
0.035594597488 0.568631616457 1.204993093210 0
0.282930488356 0.347462074745 1.404412489320 0
0.156317298768 0.353544097215 1.385293087488 0
0.300086505995 0.018217113620 1.387769601872 0
0.178885050173 0.005865446921 1.375737338726 0
0.289529032058 0.018814348166 1.435283820089 0
0.178245952901 0.006839681273 1.424606043238 0
0.188526758709 1.064738274294 1.433040268551 0
0.370185494009 0.993341489360 1.393723417877 0
0.044011016994 0.990453605430 1.317311783766 0
0.212045005289 0.976109072456 1.347566045094 0
0.226542323989 0.847038484586 1.295387764163 0
0.269676114739 0.630616903647 1.335947487389 0
0.193057475621 0.631380776388 1.321473726859 0
0.237091851852 0.705600000000 1.290077777778 0
0.388252723515 0.803909208099 1.335692535773 0
0.072436669524 0.808167596899 1.231112434484 0
0.398315105308 0.660732100728 1.362457479170 0
0.060175085050 0.681388583403 1.210485360450 0
0.407124766187 0.553667945891 1.400977262105 0
0.039684098280 0.570281809368 1.203758608943 0
0.284907784361 0.346971914566 1.403175151747 0
0.158296090080 0.353704062876 1.385005658644 0
0.300337754266 0.017622991740 1.387759739789 0
0.178867914936 0.005953616498 1.375915905120 0
0.289730241916 0.018463933462 1.435259122696 0
0.178163485918 0.008056155750 1.424748178946 0
0.196028715125 1.064468073467 1.433498620947 0
0.377389528699 0.991916080183 1.393368182069 0
0.050809751774 0.991786585817 1.318652054680 0
0.218890033098 0.976068763944 1.347951820598 0
0.231927493453 0.847149180753 1.295003024281 0
0.273184393700 0.630607817242 1.334874819375 0
0.196578489330 0.631478537260 1.320339814452 0
0.240743703704 0.705629629630 1.288966666667 0
0.393173608910 0.801916918071 1.336537042260 0
0.078510185233 0.810082471109 1.231000271307 0
0.406830634722 0.657765662500 1.355277345372 0
0.065426335394 0.683425244680 1.210131616178 0
0.418947312610 0.548817985195 1.387397342840 0
0.044396028881 0.572419497833 1.203302347307 0
0.287006582786 0.346824546828 1.401822896023 0
0.160465502339 0.354189409546 1.384803830234 0
0.300488299535 0.017047740428 1.388272020434 0
0.178795800401 0.006355716999 1.376322846717 0
0.289910962790 0.018444548865 1.435765038356 0
0.177996207039 0.009758433726 1.425080307971 0
0.204225194088 1.064406333511 1.434123876521 0
0.385194011983 0.990330407003 1.394070695317 0
0.058637122440 0.993861102519 1.319337842849 0
0.226555629375 0.976325971515 1.348533756716 0
0.237994617001 0.847665644172 1.294516535570 0
0.276809562955 0.631019465002 1.333066704893 0
0.200210024803 0.631958304862 1.318502418421 0
0.244446666667 0.706088888889 1.287181481481 0
0.398404536381 0.799653707869 1.338875807006 0
0.085384757723 0.812713530310 1.230249933826 0
0.415223327625 0.654997571809 1.349317471571 0
0.071581941442 0.686140558577 1.209333289992 0
0.430370855256 0.544544213281 1.374703127986 0
0.050074193641 0.575221348001 1.202587008443 0
0.289475741289 0.347183233415 1.400018956609 0
0.163296351289 0.355146586496 1.384545364987 0
0.300688522733 0.016468625006 1.388966896177 0
0.178627788239 0.007467184353 1.376572812324 0
0.290165036653 0.017924598839 1.436470098792 0
0.177652104192 0.012663134896 1.425168676317 0
0.212806401824 1.064564942587 1.434929501210 0
0.393565363853 0.987821410258 1.395603715067 0
0.067420885750 0.996184678864 1.319467637561 0
0.234969502537 0.976249766915 1.349242920523 0
0.244605691392 0.847976713139 1.293827884668 0
0.280512287707 0.631337989272 1.330496204215 0
0.203931749184 0.632311352896 1.315834594872 0
0.248241481481 0.706422222222 1.284570370370 0
0.404675801973 0.796452642174 1.342376372375 0
0.093032772310 0.815204039328 1.229709218320 0
0.423507221595 0.651693841797 1.345126853416 0
0.078622667439 0.688744141393 1.208519975959 0
0.440817265143 0.539982849396 1.363728993738 0
0.056895342737 0.577848986606 1.201553008031 0
0.292579590859 0.347738946498 1.398555043296 0
0.166475566970 0.355994171510 1.383620044589 0
0.300789332036 0.016007164771 1.389650535295 0
0.178301767646 0.007939051491 1.376186356895 0
0.290319555389 0.016813817615 1.437181061969 0
0.177203925375 0.013606234532 1.424726913519 0
0.222131494555 1.064360552822 1.435849031567 0
0.402819996521 0.984000002476 1.396231159804 0
0.076715430884 0.998871967991 1.320921770819 0
0.243954327549 0.975704784743 1.350092650811 0
0.251060100381 0.847997848582 1.292851382399 0
0.284146044635 0.631389934914 1.326997175633 0
0.207566623824 0.632533060416 1.312341982760 0
0.252022962963 0.706588888889 1.281155555556 0
0.412295136593 0.791781483086 1.345824218143 0
0.101250106592 0.818185120522 1.230274943606 0
0.432504738897 0.647243402965 1.341627413753 0
0.086271422635 0.691800564868 1.209030555659 0
0.450910914065 0.534408271065 1.353394405006 0
0.064566855471 0.580867582552 1.202256474926 0
0.295694976424 0.348275852889 1.397133337338 0
0.169483872983 0.356834778135 1.382264645355 0
0.300835951826 0.015682022131 1.389969770832 0
0.177675114495 0.008036591325 1.375545566407 0
0.290364638811 0.015974397544 1.437505904437 0
0.176339180210 0.013527314669 1.424100433262 0
0.231920850001 1.063441916512 1.437152518123 0
0.411675294253 0.980431914845 1.396841089546 0
0.085611962345 1.000783965098 1.322642944069 0
0.252583815606 0.974918050097 1.351065854490 0
0.257433811219 0.847899023694 1.291869172215 0
0.287680641295 0.631417457062 1.322916179770 0
0.211092067166 0.632785349250 1.308328229617 0
0.255715185185 0.706777777778 1.277229629630 0
0.419689531721 0.787611377830 1.348523290066 0
0.109056974130 0.820518426442 1.230875839724 0
0.440442612527 0.643414384381 1.338836468360 0
0.093427730298 0.694227748405 1.209542010294 0
0.459121278631 0.529867466281 1.344970396613 0
0.071717521051 0.583288536478 1.203202849113 0
0.298676317756 0.348900938165 1.395507874161 0
0.171751399133 0.357968038422 1.380969643537 0
0.300842419672 0.015429250150 1.390151592120 0
0.176809690492 0.008361558860 1.374713077416 0
0.290332763500 0.015059775808 1.437678726408 0
0.175185191939 0.013736528897 1.423272098825 0
0.241414275354 1.062048490154 1.438896937767 0
0.419595381517 0.976690302156 1.396812751086 0
0.093541439334 1.002541069968 1.324304601560 0
0.260259399005 0.974002076651 1.351638737012 0
0.263021299043 0.847883622969 1.290287118274 0
0.290974842389 0.631562677089 1.318477640149 0
0.214392527971 0.633197883423 1.303884342910 0
0.259245925926 0.707122222222 1.272955555556 0
0.426345828139 0.783325710681 1.350518437423 0
0.116010107072 0.822763033599 1.231344658282 0
0.447450995292 0.639520158735 1.336668060302 0
0.099932949362 0.696609371226 1.209538251658 0
0.465772048807 0.525579268969 1.338712270579 0
0.078089314551 0.585758295846 1.203440938212 0
0.301379780327 0.349664476843 1.393518858222 0
0.173230036812 0.359580821003 1.379965680851 0
0.300906556339 0.015155973630 1.390182142155 0
0.175791159026 0.008953826680 1.373517988263 0
0.290381442041 0.014078552135 1.437695077338 0
0.174115220956 0.013232139202 1.422184148294 0
0.250810396469 1.060346291434 1.440479347217 0
0.426859318562 0.972908343144 1.396482233633 0
0.101043779331 1.004292324226 1.325094928848 0
0.267415780398 0.973085524047 1.351609077159 0
0.268268562795 0.848002493986 1.288050979480 0
0.294088251717 0.631889362107 1.313617813963 0
0.217507222160 0.633773278617 1.299047780457 0
0.262558518519 0.707648148148 1.268288888889 0
0.432851161414 0.779296205151 1.351127684971 0
0.122753554961 0.825555561745 1.229971904168 0
0.452458591994 0.635257165368 1.337504121487 0
0.106455497948 0.699452558274 1.208036846538 0
0.469397438082 0.520696479774 1.337565933473 0
0.084496660059 0.588672643445 1.202292308791 0
0.303937979469 0.350574656412 1.390890458981 0
0.174039208966 0.361887296053 1.379902970903 0
0.301012963700 0.014970223590 1.390318086744 0
0.175377423945 0.010834839961 1.372275262718 0
0.290496251400 0.013551262842 1.437823909446 0
0.173477477813 0.014951719742 1.420947116639 0
0.259770410811 1.058175786700 1.441900665762 0
0.433454252869 0.969696230753 1.395821533612 0
0.107964303901 1.005874318601 1.325221914364 0
0.273989390590 0.972373597472 1.351103943862 0
0.273206931098 0.848333402182 1.285462968014 0
0.296852206596 0.632488105293 1.308479921077 0
0.220278506905 0.634654032910 1.293910556679 0
0.265572592593 0.708448148148 1.263314814815 0
0.438991770027 0.776278452418 1.349588469999 0
0.129103181092 0.828667988849 1.227152556197 0
0.458180259990 0.632050363442 1.337449359624 0
0.112618591311 0.702570560250 1.205325103291 0
0.474270896076 0.517285379677 1.338195261025 0
0.090554412284 0.591844612994 1.200045756798 0
0.306199948916 0.351695470174 1.387689505228 0
0.174210458823 0.365080251033 1.380840002661 0
0.301174096379 0.014966862991 1.390357412885 0
0.176114116146 0.014761047196 1.370277748316 0
0.290677585884 0.013303664688 1.437859780370 0
0.173695869606 0.020877895992 1.418715792280 0
0.268014406796 1.055896029167 1.443097703523 0
0.439653300430 0.966739970836 1.394401905165 0
0.114446342073 1.007356391949 1.324920916903 0
0.280148426698 0.971733177808 1.350026950886 0
0.277806359083 0.848686445669 1.282510529000 0
0.299412036803 0.633093498944 1.303118316985 0
0.222849576942 0.635594823987 1.288543605368 0
0.268434444444 0.709292592593 1.258148148148 0
0.444892941053 0.773807304866 1.346151207643 0
0.135299780470 0.831748681273 1.223957554723 0
0.461393545955 0.628922240233 1.338847381132 0
0.118525556701 0.705730819377 1.201892541692 0
0.475167072101 0.513978674583 1.343586268891 0
0.096206459140 0.595067991047 1.196415930119 0
0.308088816300 0.352812557370 1.384194514065 0
0.174072721969 0.368577875538 1.381666025700 0
0.301332113298 0.015048578598 1.390408225632 0
0.178480243129 0.019501720042 1.363126548052 0
0.290876731415 0.013494846246 1.437923368305 0
0.175632697857 0.026444546984 1.411429720811 0
0.275723249983 1.053659725106 1.443630405151 0
0.445346476957 0.963990786337 1.392396553225 0
0.120447244380 1.008797947368 1.324061539153 0
0.285825909894 0.971182040968 1.348381238074 0
0.282031908121 0.849145093192 1.279079302527 0
0.301758845687 0.633826923186 1.297516795415 0
0.225190214784 0.636664288257 1.283036352505 0
0.271032222222 0.710248148148 1.252751851852 0
0.450325251056 0.771609885048 1.341964441718 0
0.140832274815 0.834502727062 1.220755386590 0
0.463416753543 0.626196223249 1.341082782883 0
0.123520433131 0.708744374774 1.197649589324 0
0.474571580337 0.511409920808 1.351355861343 0
0.100992702807 0.598145904449 1.191227576915 0
0.309764683831 0.354002009556 1.380220886684 0
0.173347913812 0.372525723871 1.382495953061 0
0.301574934539 0.015149530085 1.390322429357 0
0.182426296186 0.024550874834 1.349544821272 0
0.291153784846 0.013562170657 1.437843980330 0
0.178865718083 0.029646275190 1.398030561829 0
0.282906362358 1.051752526905 1.443260089904 0
0.450698989312 0.961615718747 1.389288612455 0
0.126080635140 1.010080259924 1.322124786325 0
0.291147406960 0.970684453521 1.345734920927 0
0.285875612251 0.849322540515 1.275268152771 0
0.303840492131 0.634363322459 1.291889558825 0
0.227248216931 0.637422460633 1.277580325472 0
0.273225555556 0.710903703704 1.247251851852 0
0.455424385228 0.769868742970 1.336474171656 0
0.145174794298 0.836960590138 1.216618732169 0
0.464645698227 0.624314741573 1.343278424842 0
0.127282554477 0.711561103336 1.192050920624 0
0.472826105601 0.510418146335 1.360912847788 0
0.104775173147 0.600987153032 1.184249461717 0
0.311230787026 0.355043912479 1.376341279913 0
0.172893037093 0.375644831443 1.381825252393 0
0.301765100389 0.015248933220 1.390152625040 0
0.187929162880 0.031908746151 1.326596768027 0
0.291366418783 0.013831780204 1.437684477265 0
0.183030036742 0.033511037533 1.375206839864 0
0.289734944461 1.050106129457 1.441616640058 0
0.455720248995 0.960149870691 1.384747559308 0
0.131234501720 1.012047304592 1.319536185093 0
0.296028815316 0.970939672709 1.342108380034 0
0.289097303220 0.849971439129 1.271004332123 0
0.305449208524 0.635307779457 1.286094827864 0
0.228807880181 0.638620788740 1.272108410700 0
0.274891481481 0.711977777778 1.241640740741 0
0.460205809970 0.769169832284 1.329203865551 0
0.148459151429 0.840420396201 1.211304719229 0
0.465191434367 0.624111242886 1.345029382565 0
0.129877851414 0.715425426319 1.185233016293 0
0.470371953055 0.511697610653 1.370481607521 0
0.107406633831 0.604879823862 1.175892898461 0
0.312473377781 0.356293497065 1.371580111464 0
0.172345679050 0.378925869066 1.380365447642 0
0.302041229480 0.015402952812 1.389943368451 0
0.193477378945 0.041650651986 1.297587329466 0
0.291666855420 0.013917878867 1.437478458606 0
0.187521385269 0.037175219326 1.345898865360 0
0.296094436673 1.049368247113 1.438869624091 0
0.460363552581 0.958653839784 1.378809619147 0
0.135820712853 1.014137943660 1.316919987098 0
0.300392961457 0.971255669840 1.337742877351 0
0.291473083630 0.850723346574 1.266087658571 0
0.306189891111 0.636278283790 1.280139211309 0
0.229446220171 0.639858775409 1.266794618541 0
0.275521111111 0.713081481481 1.235992592593 0
0.464169910501 0.768089324833 1.321807211091 0
0.150840071584 0.843880562794 1.206225011744 0
0.464909582578 0.624236050122 1.346766899343 0
0.131585110856 0.719504566407 1.177789138101 0
0.467246581049 0.514037657916 1.380141105987 0
0.108964602408 0.609187695665 1.166861172970 0
0.313432504574 0.357524139472 1.366450937167 0
0.171641746570 0.381622285919 1.377797212366 0
0.302424374070 0.015446506337 1.389929524109 0
0.199835036390 0.053487556660 1.266323787901 0
0.292098190576 0.013767443306 1.437468650727 0
0.192996920842 0.046284483496 1.314186756586 0
0.302046231707 1.048859498660 1.435210457520 0
0.464329692718 0.957027259317 1.372148924205 0
0.139747807491 1.015903170993 1.313693009501 0
0.304097839567 0.971357270275 1.332699241709 0
0.293235252183 0.851292518967 1.260546420359 0
0.306251044894 0.637027689534 1.274051384669 0
0.229407131444 0.640903235281 1.261383227083 0
0.275491111111 0.713944444444 1.230166666667 0
0.466857327763 0.766487781866 1.314991983794 0
0.152202109652 0.846785124013 1.200952107483 0
0.463530947296 0.624515880203 1.348906761233 0
0.132150560997 0.723102012016 1.170143600488 0
0.463452172345 0.517137257433 1.389902102102 0
0.109131426269 0.613111115215 1.157714814730 0
0.313822089552 0.358686089999 1.361656611087 0
0.170927566170 0.383370399236 1.373659655208 0
0.302841854800 0.015560692151 1.389932499026 0
0.208122243969 0.067010478393 1.232928390412 0
0.292564955606 0.013486526340 1.437466708359 0
0.201346801072 0.057347103584 1.280364878682 0
0.307314595423 1.048464898540 1.430523740030 0
0.467392686070 0.955487526608 1.365283122390 0
0.142810444194 1.016667795218 1.309245544383 0
0.306995118261 0.970997683793 1.326969564839 0
0.294816223453 0.851269974411 1.254499847955 0
0.306560950993 0.637092184554 1.267888657819 0
0.229676705422 0.641222722659 1.255550078338 0
0.275872222222 0.714096296296 1.224107407407 0
0.468507842681 0.764780662423 1.308641745096 0
0.152411444351 0.848598656584 1.194671900470 0
0.461568863653 0.625058352200 1.350436773432 0
0.131478089358 0.725504622279 1.162138928466 0
0.459582483615 0.520785032888 1.398129852831 0
0.107977914762 0.615781626433 1.148167041291 0
0.313794798391 0.359381998745 1.357503202368 0
0.169998158720 0.383403671654 1.366531272738 0
0.303202247178 0.015507653303 1.389805629138 0
0.215762219649 0.080265069867 1.199763425054 0
0.292956950336 0.012987731609 1.437325117403 0
0.208841042641 0.070759031783 1.247210663196 0
0.311885165560 1.047687428260 1.425029308078 0
0.469839629041 0.954894215413 1.358198259509 0
0.145261303536 1.017695265615 1.303959842649 0
0.309323395169 0.971233364003 1.320735687331 0
0.296147773978 0.851723340881 1.248124203150 0
0.306744422254 0.637577272464 1.261665428143 0
0.229846173481 0.641929341531 1.249491359951 0
0.276186666667 0.714659259259 1.217929629630 0
0.469329492585 0.763956328944 1.302331807008 0
0.152213518099 0.850441029015 1.188010623177 0
0.459438423321 0.626498899608 1.350549227788 0
0.130412032048 0.727746754781 1.154550928375 0
0.455956129717 0.525302811417 1.403775310304 0
0.106293501623 0.618225492270 1.138638768681 0
0.313339123590 0.360321052367 1.352723326079 0
0.169073683363 0.382493278714 1.356021408590 0
0.303518902802 0.015701223827 1.389563768104 0
0.222434103434 0.093008435260 1.166520372277 0
0.293293561175 0.012926038385 1.437073331480 0
0.216146028449 0.079308175341 1.213020596467 0
0.315667441367 1.047715943096 1.418838917218 0
0.471946988286 0.954727829892 1.350315307408 0
0.147287289350 1.019082207553 1.298436013658 0
0.311243816147 0.971838013899 1.314016471406 0
0.296964696408 0.852389160155 1.241535433401 0
0.306566474648 0.638225933474 1.255391426190 0
0.229685311902 0.642738590264 1.243168012207 0
0.276196296296 0.715377777778 1.211648148148 0
0.469700743651 0.763746365236 1.294640970537 0
0.151899102103 0.852510810204 1.181392281605 0
0.457228868691 0.628638144165 1.348562383090 0
0.129138141862 0.730022096484 1.147818562716 0
0.452489111526 0.530390018699 1.406497264668 0
0.104228587144 0.620683054246 1.130865535683 0
0.312546477416 0.361185901008 1.347147093171 0
0.168374585482 0.380792536559 1.343039315807 0
0.303749505319 0.015786465741 1.389316034336 0
0.226247915485 0.103574324874 1.134923521581 0
0.293515300484 0.012710023856 1.436805132395 0
0.220805359108 0.084007661835 1.179387351107 0
0.319037479426 1.048422200562 1.411910630124 0
0.473604735584 0.954766792414 1.341491452420 0
0.148822732521 1.020853471466 1.292644052330 0
0.312655049609 0.972715174745 1.306721816478 0
0.297150907829 0.853184278629 1.234630391834 0
0.306125642059 0.638910873052 1.248974737197 0
0.229283760719 0.643558506783 1.236556449127 0
0.275998518519 0.716129629630 1.205181481481 0
0.469551979500 0.763962744026 1.285313275781 0
0.151279939086 0.854243506026 1.175590150232 0
0.455273282781 0.630752134655 1.343350765119 0
0.127522127415 0.731876203631 1.142265225788 0
0.449617630013 0.534696753717 1.404526542411 0
0.101703878471 0.622715239251 1.125445379386 0
0.311589335476 0.362062551889 1.341339219378 0
0.168237389806 0.378575249882 1.328241953266 0
0.303924891639 0.015955731196 1.389092678783 0
0.228512409945 0.110849096833 1.107736259798 0
0.293671910779 0.012530658261 1.436553853828 0
0.223173143408 0.091026969972 1.152099345558 0
0.321710606837 1.049587171744 1.404328186361 0
0.474743876710 0.953830837402 1.331682461064 0
0.149807482485 1.021768572798 1.286541892014 0
0.313501715871 0.972669724221 1.298789675558 0
0.296710637831 0.852994427229 1.227226805517 0
0.305508629393 0.638548925910 1.242252584617 0
0.228714730207 0.643281102360 1.229572180065 0
0.275616296296 0.715800000000 1.198355555556 0
0.469053404886 0.763273360090 1.274813632923 0
0.150370355279 0.854463423481 1.170459142948 0
0.453592561313 0.631163284079 1.335023166471 0
0.125590659897 0.732175419548 1.137590439128 0
0.447377923445 0.536442892820 1.397983423511 0
0.098650450290 0.623236954081 1.121463791924 0
0.310530634718 0.362510717475 1.337035121993 0
0.169477605056 0.374403492324 1.310472188305 0
0.303968275014 0.015955284404 1.388922026843 0
0.230159729598 0.110976778036 1.084446238023 0
0.293672166423 0.012321582205 1.436358344512 0
0.225433534458 0.090933047705 1.128779293552 0
0.323225283777 1.050138483934 1.396070898361 0
0.474960928995 0.952987378577 1.322086438235 0
0.150023038420 1.022309351371 1.279113208035 0
0.313572019919 0.972481965895 1.290314524228 0
0.295926004665 0.852588826231 1.219368012579 0
0.304780866055 0.637907800106 1.235296201289 0
0.228042570118 0.642559923186 1.222254698565 0
0.275000370370 0.715181481481 1.191362962963 0
0.467733767177 0.762665578530 1.264606199872 0
0.148904349738 0.853867031185 1.164690886129 0
0.451620008261 0.630678994021 1.324915287750 0
0.123069066504 0.731551481441 1.132750545942 0
0.445166481148 0.536332560065 1.388189311947 0
0.094962543950 0.622807211769 1.117734126843 0
0.309510395508 0.362907299069 1.333063263360 0
0.171770866502 0.369557815381 1.290462923981 0
0.303954243311 0.015917677660 1.388760838827 0
0.230712508585 0.104565532357 1.064069921040 0
0.293598396883 0.011833842729 1.436147510105 0
0.226853485793 0.084527497778 1.108489432202 0
0.323665359783 1.050675714127 1.387016477292 0
0.473910207962 0.953328520216 1.312814187932 0
0.148900725286 1.022623154105 1.270341172474 0
0.312453729910 0.972766630616 1.281352481270 0
0.294689289996 0.852490476179 1.211174402657 0
0.303784941304 0.637452111838 1.228312941719 0
0.227105060129 0.642022791198 1.214904219973 0
0.274109629630 0.714777777778 1.184400000000 0
0.465555536875 0.763267307666 1.254628861619 0
0.146495502539 0.852882294438 1.157874333328 0
0.449459321286 0.630349100145 1.312860809473 0
0.119725032018 0.730310451880 1.127737541527 0
0.443154928069 0.535320410879 1.374900874679 0
0.090472361681 0.621677601969 1.114266182403 0
0.308510093427 0.363325912389 1.328505467179 0
0.174728526388 0.365136049180 1.269120899289 0
0.304069019689 0.015880944836 1.388477610973 0
0.230258169764 0.094238984943 1.047460041306 0
0.293702419223 0.011386783307 1.435824775457 0
0.227551719496 0.075611431435 1.092573201646 0
0.323242126390 1.051607675398 1.377320076965 0
0.471900591516 0.954174730202 1.301982248284 0
0.146320909799 1.021715433845 1.261080031211 0
0.310163024544 0.972668387370 1.271407462896 0
0.292607796762 0.851746206416 1.202357818438 0
0.302489392503 0.636408105378 1.221161604670 0
0.225891129881 0.640723080920 1.207212545380 0
0.272869259259 0.713625925926 1.177022222222 0
0.462768116448 0.764723584408 1.241953434370 0
0.143329996939 0.850652768348 1.150648362936 0
0.447438923267 0.630372182636 1.297017165408 0
0.115917531119 0.727740545503 1.122543504052 0
0.441994654542 0.533602436355 1.356526789541 0
0.085886457828 0.619166515529 1.111554679433 0
0.307469284954 0.363614314799 1.324915115153 0
0.178280270577 0.360423675869 1.246128700292 0
0.304012582575 0.015798191136 1.388215398881 0
0.227226765908 0.078396342402 1.035630252475 0
0.293586064118 0.010772147794 1.435495886177 0
0.225507586734 0.061190366843 1.081352311556 0
0.321767947762 1.052349066566 1.366541810279 0
0.468836184215 0.954641342095 1.290219326480 0
0.142574144454 1.019202690454 1.249947985977 0
0.306837249544 0.971549907777 1.260114194044 0
0.290043364396 0.849761830999 1.192422640995 0
0.300982121834 0.634102870637 1.212750090786 0
0.224493457072 0.638155929697 1.198136878238 0
0.271480000000 0.711225925926 1.168366666667 0
0.459066252823 0.765727266881 1.228618856759 0
0.139725387534 0.846551852730 1.142012323374 0
0.445055975929 0.629275993220 1.278639451070 0
0.111926739627 0.723250659628 1.116074091857 0
0.440977535730 0.529954523752 1.334111466325 0
0.081456601034 0.614703342884 1.107797709069 0
0.306222897037 0.363640692005 1.322425916063 0
0.182136390927 0.355220721259 1.220554823780 0
0.303798172991 0.015681608767 1.388161613576 0
0.222794880043 0.059337455652 1.028000899705 0
0.293243672599 0.010406345471 1.435386522220 0
0.221923646014 0.043647605481 1.074288883151 0
0.319018721603 1.052252098186 1.354313904934 0
0.464702464658 0.955022741225 1.278169514573 0
0.137792039856 1.015745792675 1.237192053256 0
0.302552284449 0.969948674698 1.247831271458 0
0.287109788724 0.847424101133 1.181212990272 0
0.299151888507 0.631511474169 1.203236332543 0
0.222829695107 0.635217828738 1.187690438032 0
0.269849629630 0.708485185185 1.158462962963 0
0.454677177591 0.766521964077 1.215355918296 0
0.135697912413 0.840935320960 1.132772476291 0
0.442296848938 0.627609576486 1.258569039380 0
0.107739748285 0.717214836734 1.109101317860 0
0.439821813485 0.525445643580 1.308809608819 0
0.077033497036 0.608645364566 1.103127389555 0
0.304679087121 0.363740690084 1.319315183807 0
0.185505765199 0.350782877273 1.194949924926 0
0.303643700827 0.015590869966 1.388253998440 0
0.217204325027 0.042947793024 1.024345413143 0
0.293040503306 0.009583375422 1.435380425096 0
0.216805284560 0.030573430743 1.071634141012 0
0.314900315029 1.051709796989 1.341058353642 0
0.459903653852 0.954565022740 1.264952572422 0
0.132361274972 1.011448806880 1.223514760023 0
0.297611718135 0.967531379141 1.234471846873 0
0.283608548915 0.844416038815 1.168694222310 0
0.297347502808 0.628353915021 1.192240299681 0
0.221135987105 0.631588380306 1.176059069371 0
0.267963333333 0.705092592593 1.147118518519 0
0.450456349333 0.766409587899 1.201023877609 0
0.131330450607 0.834500701635 1.122743534488 0
0.439929057818 0.625177378108 1.236519466747 0
0.103577132474 0.710247023541 1.101778856750 0
0.439416751802 0.520348867970 1.280921190585 0
0.073082109504 0.601535240899 1.098338309729 0
0.303531026208 0.363698742162 1.315225851523 0
0.188888655393 0.346515933016 1.169514842768 0
0.303884730977 0.015126350589 1.388370352386 0
0.212220847930 0.029296036080 1.022699603622 0
0.293342655276 0.007736331964 1.435313617531 0
0.212972395921 0.021454139601 1.070943232153 0
0.309302303076 1.050259260175 1.326909416407 0
0.454724530629 0.954439227345 1.249306280101 0
0.126284996641 1.007556660078 1.210026794229 0
0.292079185051 0.965487430523 1.219975371567 0
0.279212015040 0.841829342099 1.155015453216 0
0.295810093986 0.625704194900 1.179701049989 0
0.219641702293 0.628212609865 1.163191262984 0
0.265908518519 0.702114814815 1.134362962963 0
0.446669559065 0.767211991118 1.182525469302 0
0.126546363572 0.828959387070 1.112203074172 0
0.438332567310 0.624240792232 1.210933719073 0
0.099452314739 0.704008633426 1.094826003600 0
0.439733013507 0.517206487283 1.249811754635 0
0.069553164265 0.595050839297 1.094377217297 0
0.302879233453 0.363692382204 1.308176260516 0
0.191576180178 0.343132289939 1.146145584126 0
0.304648017972 0.014915287168 1.388344834202 0
0.210315936718 0.019759252270 1.021207538357 0
0.294371649424 0.006107380146 1.435102025105 0
0.212879304755 0.014139869041 1.069698357436 0
0.302718256920 1.049190815273 1.311645312918 0
0.448758448679 0.955702437708 1.231442239886 0
0.119125888858 1.003651045351 1.195662724957 0
0.285640157996 0.964138794601 1.203926343493 0
0.274261170312 0.839877220760 1.139909815585 0
0.294310177133 0.623608583198 1.165943675973 0
0.218163180809 0.625487144136 1.149252508686 0
0.263900370370 0.699733333333 1.120462962963 0
0.442625579589 0.769771446078 1.160939392345 0
0.120972269130 0.823576445964 1.100603459338 0
0.436615133857 0.625447616928 1.182195089918 0
0.095067560686 0.697887553658 1.087187449078 0
0.439556892042 0.516300448923 1.215192616297 0
0.066077869909 0.588708499588 1.090058778311 0
0.302138304224 0.364029663994 1.299223635367 0
0.193630813832 0.340515379655 1.126051777502 0
0.305719105567 0.016266180417 1.388217645529 0
0.210494267685 0.014784734794 1.019865824965 0
0.295694027064 0.008290147882 1.435178252252 0
0.213431830706 0.015158001640 1.068658644661 0
0.295151804229 1.048609104413 1.294973943751 0
0.441873859930 0.957075236674 1.214348384976 0
0.111328325628 0.999026244462 1.179468163417 0
0.278549654206 0.962528049033 1.187305010756 0
0.269481228914 0.837876709959 1.123798511516 0
0.292739881496 0.621352230737 1.150863918764 0
0.216589849090 0.622967572269 1.134159058927 0
0.262063703704 0.697400000000 1.105433333333 0
0.437681610209 0.772800131366 1.139490467230 0
0.114933749087 0.817705893671 1.086858953534 0
0.433951616601 0.627532247337 1.153654746774 0
0.090530800646 0.691302058407 1.078180967716 0
0.438434967078 0.516626869535 1.180707726479 0
0.062714145287 0.581912761497 1.084737046868 0
0.301412208256 0.364493498383 1.289263430351 0
0.195079972292 0.337842423369 1.109869304430 0
0.306226675959 0.019477854470 1.388184206813 0
0.212193809709 0.011445991214 1.018121121323 0
0.296226585459 0.013640224625 1.435463569600 0
0.214936603249 0.013115914118 1.066898127172 0
0.286413850715 1.047740116318 1.277723853462 0
0.434652990803 0.958416402155 1.196610307236 0
0.103266435057 0.994715931135 1.163411481600 0
0.271126477404 0.961087110078 1.170383981498 0
0.264364273110 0.836289748145 1.106964811977 0
0.291384494656 0.619543456853 1.134233129262 0
0.215187186053 0.621064008268 1.117736244986 0
0.260463333333 0.695618518519 1.089014814815 0
0.432640529038 0.776351321996 1.116442646502 0
0.109382535242 0.812707114466 1.072296617731 0
0.431125342218 0.630538997489 1.123775315067 0
0.086793051532 0.685743635042 1.067968683081 0
0.437146123810 0.518345547933 1.145177155951 0
0.060580009180 0.576248856348 1.078294862978 0
0.300985574936 0.364950045807 1.276697358999 0
0.195698469681 0.335442977847 1.097992019914 0
0.306331048661 0.025215041466 1.386067838045 0
0.214005822114 0.009346632632 1.018510969485 0
0.295947939968 0.025170547128 1.433624193582 0
0.215607591542 0.012460022451 1.067268009972 0
0.277136518639 1.046735423108 1.260523428120 0
0.426877830387 0.960820841246 1.177660464758 0
0.094494713444 0.989499415920 1.147068470978 0
0.263125433486 0.959704517301 1.152765088537 0
0.259189923212 0.834651094505 1.089532776505 0
0.290504198339 0.617887074655 1.116170544220 0
0.214243302516 0.619407563235 1.099970143343 0
0.259402592593 0.693974074074 1.071096296296 0
0.426677914219 0.781346016011 1.091827228866 0
0.103194597304 0.807495741026 1.056153627361 0
0.427492721531 0.635344608555 1.092299359614 0
0.082697775896 0.680104354611 1.056390016217 0
0.435179693670 0.522282522778 1.108226676044 0
0.058316342382 0.570597642675 1.070554699148 0
0.300730911318 0.365354464486 1.262214159582 0
0.195400001016 0.333269443303 1.089064923557 0
0.306011714963 0.034768504625 1.382675311235 0
0.214954574041 0.008064143266 1.018943494679 0
0.295295604943 0.041941603522 1.429612817731 0
0.215043510368 0.013687679229 1.067501457900 0
0.267523281425 1.045225405108 1.243244275247 0
0.419549402793 0.963292512507 1.158314323612 0
0.086258627783 0.984249257942 1.131575937892 0
0.255590660973 0.958379628966 1.135308498632 0
0.254444779895 0.833363333730 1.071846150535 0
0.290427569498 0.616787877694 1.097570395361 0
0.214066476364 0.618359695634 1.081854099697 0
0.259104444444 0.692862962963 1.052629629630 0
0.420835136389 0.786692569464 1.066720632509 0
0.096842142795 0.802650893623 1.040052401404 0
0.423813140567 0.640886624707 1.059716650635 0
0.078509080894 0.675037743325 1.045298696512 0
0.432999950736 0.527360728909 1.070167874367 0
0.056127891985 0.565563011523 1.063266407046 0
0.300781422392 0.365788740157 1.246225274632 0
0.194444917055 0.332066470534 1.082302631488 0
0.305839493781 0.045932488846 1.376288165675 0
0.216002145785 0.006852311440 1.018396027893 0
0.295122824407 0.060523071140 1.421473182923 0
0.216111085720 0.011104653049 1.067093189838 0
0.257210375308 1.043695220678 1.226067041381 0
0.412782553323 0.965477266236 1.140353946155 0
0.078935642231 0.979455850397 1.116111291674 0
0.248804091603 0.957193985694 1.118483308699 0
0.250368082462 0.832597819632 1.054243796889 0
0.290611775997 0.616399543245 1.079078861101 0
0.214131279336 0.617955122856 1.063952628646 0
0.258950000000 0.692403703704 1.034255555556 0
0.415730271667 0.792109368731 1.042816874667 0
0.090648284426 0.798004461760 1.024433911591 0
0.420189707605 0.646814698630 1.029146831908 0
0.074458964195 0.670402218878 1.034647354786 0
0.430394613966 0.532886146421 1.033997146998 0
0.054285913157 0.560952650797 1.056064380207 0
0.301276399916 0.366689575336 1.229867588029 0
0.193556456891 0.332002261314 1.076468824759 0
0.307377592113 0.054751068641 1.365554568362 0
0.216035646579 0.006373530920 1.017763565591 0
0.297585756313 0.072646960107 1.409750438057 0
0.215809891972 0.012093829700 1.066309781461 0
0.247325991636 1.042646214440 1.208991712297 0
0.406464148815 0.969490161202 1.123215431156 0
0.072211186919 0.975805702657 1.101491284299 0
0.242564463445 0.957496138273 1.102505289280 0
0.246855483041 0.833334867950 1.037553910218 0
0.291048802532 0.617675853841 1.061492476660 0
0.214434446354 0.619123127298 1.047048275998 0
0.258918148148 0.693529629630 1.016748148148 0
0.411107579186 0.799465708648 1.020022789309 0
0.084342364911 0.794309891110 1.009956376444 0
0.416692398331 0.654956471667 0.999943246990 0
0.070118773779 0.666945650717 1.024949062142 0
0.427552148790 0.540829250904 0.999178904242 0
0.051952726092 0.557797966005 1.049949434384 0
0.301945332405 0.368728540263 1.213520576509 0
0.192409701114 0.333984184371 1.070706495119 0
0.310266961026 0.057440216990 1.346947323639 0
0.215285476471 0.007288421873 1.017722701621 0
0.302092430173 0.074897467572 1.391644519583 0
0.214371801729 0.015662260199 1.065874045203 0
0.238384397365 1.042941865214 1.192803325790 0
0.401006898550 0.975044002335 1.106068209063 0
0.066495104233 0.973214821633 1.087754806367 0
0.237247106439 0.959084010883 1.086992502320 0
0.244046624913 0.835284330641 1.021507302172 0
0.291670685801 0.620244303503 1.044439647690 0
0.214924941159 0.621573466678 1.030698719398 0
0.259057037037 0.695918518519 0.999740740741 0
0.406760176690 0.808207662623 0.997850221717 0
0.079411725320 0.791223528632 0.997317730917 0
0.413155073684 0.664798185419 0.971202052213 0
0.066786475325 0.664262632066 1.016560254293 0
0.424213590415 0.550727960805 0.964800295863 0
0.050213290959 0.555635089607 1.044947925258 0
0.302904227182 0.371869319601 1.197376619561 0
0.192405071048 0.337426794898 1.063903265390 0
0.312746260559 0.056586724938 1.317544095302 0
0.214538895780 0.008105301125 1.017969839550 0
0.306065236979 0.076584193979 1.361417584263 0
0.213191415515 0.018114190072 1.065797805193 0
0.230466776507 1.044031787016 1.177597571012 0
0.396563890965 0.981070714215 1.088829025714 0
0.062000867077 0.971312869035 1.074364079758 0
0.233018682657 0.961203244534 1.071679042763 0
0.241968165297 0.837501656461 1.006129239958 0
0.292648597261 0.623149914784 1.028046706699 0
0.215758301890 0.624195668311 1.015113107703 0
0.259333703704 0.698555555556 0.983411111111 0
0.403200919212 0.816883936677 0.976680690100 0
0.076340938638 0.788567099876 0.985679917437 0
0.410212989905 0.674918901270 0.943303191930 0
0.065047554289 0.662132050977 1.008818171040 0
0.420827831198 0.561093571767 0.930943775680 0
0.049729456069 0.554089512278 1.040209827656 0
0.304333623936 0.374933663178 1.181207390412 0
0.194210445876 0.341003814574 1.056187204005 0
0.314982939633 0.052867898294 1.279242941059 0
0.214108666995 0.008571789726 1.017242382175 0
0.310047100501 0.072508372238 1.323507002702 0
0.212668520548 0.018985760490 1.064981077692 0
0.223521039674 1.045493247446 1.162745899109 0
0.393369867900 0.987113508808 1.073216448335 0
0.059009742640 0.971149003758 1.059603646570 0
0.230177467538 0.964152649236 1.056575750661 0
0.241045077231 0.840284429206 0.991503761706 0
0.294451110135 0.626562864791 1.012983226319 0
0.217390785440 0.626919560307 1.001063988420 0
0.259909259259 0.701555555556 0.968585185185 0
0.400975778174 0.824657380596 0.958635674300 0
0.075050013423 0.787731617571 0.972613379287 0
0.408827180137 0.684413579413 0.918794370172 0
0.065112659155 0.661898689212 0.999372752054 0
0.417724906521 0.570941087315 0.900019237043 0
0.050819059196 0.554648758930 1.033807746833 0
0.306760376636 0.377146187735 1.164131648769 0
0.196625216948 0.344650416472 1.048413107868 0
0.318526695639 0.048958074533 1.229024728684 0
0.213940256826 0.009164625350 1.016094841317 0
0.316347042761 0.067619514768 1.273929267869 0
0.212706943991 0.018290006998 1.064102280405 0
0.217859574059 1.047753592278 1.148099726983 0
0.390891839705 0.992384812995 1.058865626942 0
0.056881288872 0.970685281088 1.044619595771 0
0.228149288094 0.966569046444 1.042004976905 0
0.240839880733 0.842535511628 0.977432934930 0
0.296843702697 0.629592956977 0.998529989804 0
0.219645807468 0.628721459004 0.987565749327 0
0.260589259259 0.703937037037 0.954407407407 0
0.399789107659 0.830738684935 0.943237061485 0
0.075217041248 0.786608054323 0.959496689244 0
0.408596474584 0.691861832781 0.899044889993 0
0.066388852845 0.661458972890 0.989638212198 0
0.415497986112 0.578876741198 0.875121731784 0
0.052817009093 0.555238522854 1.027222379255 0
0.309928111990 0.377420749923 1.144967753610 0
0.198770208227 0.347676868479 1.041669030198 0
0.322980135335 0.046204901046 1.171033124697 0
0.213826557174 0.009653022380 1.015263303568 0
0.323920635946 0.060700011942 1.217491978498 0
0.212854234722 0.016950878177 1.063588284152 0
0.213389676245 1.049894386402 1.133521647535 0
0.388621873883 0.997960481310 1.044412942869 0
0.055062561347 0.970789929127 1.029024204384 0
0.226383839755 0.969392734629 1.027133545915 0
0.240954548970 0.844971222934 0.963638279764 0
0.298777307657 0.632150730525 0.984687716220 0
0.221492146299 0.630649517412 0.974429095511 0
0.261471111111 0.706359259259 0.941218518519 0
0.399438629380 0.836936864991 0.928081562616 0
0.075827142073 0.786102906001 0.945801190015 0
0.408307454356 0.698584440159 0.882285839189 0
0.068015881101 0.661820198419 0.979587780526 0
0.414175653548 0.586112091055 0.853935448772 0
0.055142139759 0.556714600999 1.020341055249 0
0.313300620828 0.376122346753 1.124131549080 0
0.200605827300 0.350764309143 1.034237534542 0
0.328058211706 0.045441313198 1.107998341274 0
0.213618567388 0.010132031788 1.014425610498 0
0.332408998393 0.053400354947 1.155822416669 0
0.212913068158 0.015831752633 1.062969645267 0
0.210090938762 1.052770381959 1.118383405459 0
0.386922310588 1.003822570318 1.029351976255 0
0.053814218704 0.971789543222 1.013548449633 0
0.225142345248 0.972772337197 1.012060381046 0
0.241291062306 0.847758981947 0.950074410663 0
0.300521172465 0.634719692343 0.971130426082 0
0.223175760595 0.632805378307 0.961408709659 0
0.262428518519 0.709055555556 0.928570370370 0
0.399130144964 0.842861290891 0.913072001417 0
0.076525484808 0.786316394649 0.932613636388 0
0.407962578290 0.704594836690 0.867010373547 0
0.069621881255 0.662975051771 0.969869431843 0
0.413211921523 0.592577984071 0.835795073362 0
0.057384974318 0.559049981854 1.013656912782 0
0.317134449285 0.373859112574 1.101060404920 0
0.201764124667 0.353911218009 1.025507123891 0
0.332025717249 0.048481599516 1.043141373090 0
0.213278283941 0.010161457821 1.013683001435 0
0.338531973800 0.049102565292 1.091377261233 0
0.212877847150 0.014152714710 1.062400733088 0
0.207701296395 1.056675833866 1.102596345300 0
0.385959803981 1.009261283433 1.013763794110 0
0.053263362945 0.972990970646 0.998453350314 0
0.224567811515 0.976002088698 0.996961289523 0
0.241941307211 0.850192026477 0.936877472422 0
0.302326840905 0.636851236571 0.958071742240 0
0.224921638207 0.634596101647 0.948915429259 0
0.263509629630 0.711344444444 0.916451851852 0
0.399576967576 0.848061260360 0.897972073075 0
0.077387262770 0.786612994946 0.920045301775 0
0.408356425841 0.709336849080 0.853298181090 0
0.071359468245 0.664062788584 0.959968396769 0
0.413301877924 0.597101819462 0.822695842260 0
0.059762873140 0.561470248836 1.006664174554 0
0.321362299302 0.370117037496 1.075104048944 0
0.202352896019 0.356632948681 1.016562712855 0
0.333715633963 0.052359506756 0.979491024934 0
0.212817821699 0.009543223951 1.013014886440 0
0.340521789947 0.047457410849 1.027439576260 0
0.212770298091 0.011000314241 1.061875734652 0
0.206372619089 1.060797072615 1.086495797285 0
0.385484783102 1.014052098226 0.998076370995 0
0.053160188900 0.974298002850 0.983350776060 0
0.224427996935 0.978940294660 0.981836102925 0
0.242852633528 0.852240001171 0.923939093238 0
0.303823962521 0.638263600436 0.945521184480 0
0.226353639048 0.636151360001 0.936897001781 0
0.264764444444 0.713196296296 0.904929629630 0
0.400735320102 0.852068391034 0.883589267053 0
0.078102967704 0.786889303881 0.907704416065 0
0.409685171646 0.712723207344 0.840926429158 0
0.072805006564 0.664920007359 0.949467596187 0
0.414712630127 0.599848624981 0.813290424913 0
0.061744617837 0.563419279293 0.998333202331 0
0.325315007863 0.364931913966 1.045690873441 0
0.202281135866 0.359060018104 1.007536370019 0
0.335545236029 0.056009573608 0.919691407213 0
0.212117415949 0.008721684909 1.012393372902 0
0.341763641163 0.048688533438 0.967410917753 0
0.212346182220 0.007684333668 1.061264421867 0
0.205796075188 1.065088928415 1.069961401416 0
0.385799362611 1.017835610287 0.982303673720 0
0.053726037220 0.975884170168 0.968012054052 0
0.224966038170 0.981482582158 0.966588314283 0
0.244123800672 0.853735736059 0.911328215536 0
0.304936106884 0.638647464101 0.933771271927 0
0.227394185598 0.637237388786 0.925662558303 0
0.266177037037 0.714392592593 0.894418518519 0
0.402758871186 0.853881988959 0.870902675674 0
0.079441232591 0.787468506884 0.895177989213 0
0.412390076000 0.713838034810 0.830750109160 0
0.074537818443 0.665789473841 0.937826674390 0
0.418200692055 0.600327130540 0.806949328663 0
0.063629180147 0.564647811777 0.987428409620 0
0.328407578693 0.358263516756 1.011488544958 0
0.201726039676 0.361010510671 0.999071519611 0
0.338450259561 0.057088861070 0.863955434024 0
0.211140797342 0.007594970151 1.011727613468 0
0.342835672164 0.045850770092 0.911113586503 0
0.211505760585 0.004248439489 1.060494153154 0
0.206348066178 1.069511983916 1.052815711117 0
0.387200170901 1.020672694042 0.966806207669 0
0.055300948927 0.978035070099 0.950625767788 0
0.226542914946 0.983753128079 0.950617780152 0
0.246210547210 0.854551727312 0.899021919251 0
0.306111485664 0.638091556629 0.922664369244 0
0.228501583842 0.637573041172 0.915119610355 0
0.267828518519 0.714785185185 0.884707407407 0
0.405095759869 0.853910121497 0.859808125737 0
0.081827422029 0.788419311793 0.881280653530 0
0.416072621681 0.713140608902 0.822649672784 0
0.076929313332 0.666673521466 0.923739009230 0
0.423298270634 0.599139829859 0.803367117403 0
0.065803904595 0.565442161761 0.973098489108 0
0.330853141475 0.351985183330 0.974981059412 0
0.200758101511 0.362462418656 0.991888497774 0
0.342012112093 0.056221932914 0.815804696847 0
0.209875754740 0.006343575350 1.011038969918 0
0.344072483764 0.042784080106 0.862544367987 0
0.210333884316 0.001211028595 1.059649204846 0
0.208123146190 1.074069426957 1.034460856391 0
0.389816087677 1.022593209632 0.950691379204 0
0.057995958098 0.980478475809 0.931754168266 0
0.229243833931 0.985659034615 0.933712231114 0
0.249021533491 0.854772549545 0.886512395217 0
0.307697039343 0.636798208048 0.911039607804 0
0.230026717040 0.637134685290 0.904133311976 0
0.269820740741 0.714555555556 0.874881481481 0
0.407797728645 0.851847715594 0.850186483317 0
0.085016107087 0.789393696612 0.866769145745 0
0.420574094261 0.710229408174 0.817045613042 0
0.079740487823 0.667189829057 0.907843754641 0
0.429543461163 0.595912091862 0.802947653878 0
0.068269239852 0.565580149653 0.956246523271 0
0.332962441647 0.347279711231 0.938366186301 0
0.199059817301 0.363713815847 0.985564858579 0
0.344828204370 0.053707700139 0.775977377388 0
0.208621307965 0.005503281448 1.010540018200 0
0.343932000534 0.040007510255 0.822677693164 0
0.209209692404 0.000268291823 1.059137925006 0
0.211421061335 1.078867652431 1.014391813085 0
0.393734290784 1.023170213303 0.932927991496 0
0.061750754741 0.982832218051 0.913012040800 0
0.233014004798 0.986814128923 0.916102468376 0
0.252236155211 0.854158347872 0.873730814200 0
0.309603827030 0.634581330708 0.898613875196 0
0.231880357336 0.635922002807 0.892469449849 0
0.272253703704 0.713559259259 0.864618518519 0
0.412372650975 0.848255967599 0.839996751203 0
0.088798384892 0.790371500096 0.852235135716 0
0.427076639030 0.705570180075 0.812759707102 0
0.082827302748 0.667501178204 0.891170608956 0
0.437696242008 0.590973393001 0.804062450708 0
0.070799759868 0.564827505835 0.937342592656 0
0.334802093453 0.343781314297 0.901151643868 0
0.197384268525 0.364693573495 0.979614022244 0
0.345313836529 0.048247111865 0.741458241699 0
0.207280320852 0.004862756860 1.009950090383 0
0.340543660895 0.039006512771 0.789011103133 0
0.207929532265 0.000203697865 1.058605815148 0
0.215782194300 1.083567940082 0.992734267400 0
0.398788490203 1.023438719558 0.913692172066 0
0.066407464017 0.986093237701 0.894586267911 0
0.237697513160 0.988235831168 0.897997357908 0
0.255689102984 0.853741231085 0.860946940204 0
0.311517534704 0.632513561868 0.885326427090 0
0.233747392383 0.635001354488 0.880217126059 0
0.274778518519 0.712814814815 0.853859259259 0
0.418806998481 0.844365407382 0.829367766133 0
0.093161342350 0.792407118874 0.837696446219 0
0.435139228974 0.700515336639 0.810454458859 0
0.086065341798 0.668694023280 0.873661118534 0
0.447621738303 0.585627740843 0.807438990847 0
0.073224855815 0.564664304909 0.916757531896 0
0.336395378223 0.342340632418 0.865659033736 0
0.196618616444 0.365891463602 0.972685164500 0
0.344311616713 0.039508363357 0.713812901769 0
0.205800300492 0.004907283291 1.009082873365 0
0.335491946923 0.029675499481 0.760663153535 0
0.206318718159 0.001581787792 1.057849462146 0
0.221013662690 1.089158089879 0.969508620025 0
0.404249125785 1.022781014355 0.893878816653 0
0.071568618734 0.988131203375 0.874906785010 0
0.242853899244 0.988586182144 0.879108314725 0
0.259591534300 0.852299976895 0.847950830940 0
0.313509233830 0.629447091702 0.870665083456 0
0.235706648239 0.633013034441 0.866853150419 0
0.277290740741 0.711066666667 0.842122222222 0
0.426646463324 0.839869864206 0.818909038303 0
0.097652885900 0.793262719244 0.821874536863 0
0.444027338341 0.695167264344 0.810170584529 0
0.089086352338 0.668615224919 0.854098092860 0
0.458052933843 0.580290025453 0.814106932724 0
0.075074660948 0.563434491573 0.893966601322 0
0.337671833081 0.341204864710 0.831439711297 0
0.195910078493 0.366745200028 0.966184368583 0
0.340398186272 0.030341566615 0.695255377518 0
0.204157351500 0.005242060665 1.008543355846 0
0.328834872268 0.022505659672 0.741884833974 0
0.204344001318 0.002525797018 1.057350065756 0
0.227137592065 1.094133031809 0.943857050395 0
0.410104568058 1.021344695519 0.874022536980 0
0.077296426828 0.988415740869 0.854241428976 0
0.248541457493 0.987705745908 0.859821980619 0
0.264307110781 0.849832117826 0.834847549354 0
0.316433116467 0.625706931864 0.854887606327 0
0.238622534175 0.630073858088 0.852254671754 0
0.280594074074 0.708388888889 0.829051851852 0
0.435640683510 0.835541848690 0.807661357356 0
0.102508304883 0.792456489456 0.804937601181 0
0.454048037454 0.690733685215 0.810671823954 0
0.092172682336 0.667004346505 0.833286774636 0
0.468394710593 0.576378789442 0.823114493102 0
0.076690355877 0.560722164642 0.869650210155 0
0.338273835061 0.339700982468 0.800761620271 0
0.195293108269 0.367495313562 0.959604968976 0
0.336065219141 0.022480121249 0.686481099711 0
0.201802452237 0.006003804668 1.008181725166 0
0.324504834812 0.016066825010 0.733328138286 0
0.201441782708 0.004700485455 1.057045608916 0
0.233876039938 1.097923623432 0.916668295100 0
0.416597722344 1.020156349584 0.856245679755 0
0.083911851882 0.988523796836 0.832658387449 0
0.255035089992 0.986941274763 0.841075048288 0
0.269954136942 0.847906085647 0.821440259820 0
0.319965810112 0.622820425669 0.837739375499 0
0.242156733732 0.627812859240 0.836593798955 0
0.284312592593 0.706314814815 0.814377777778 0
0.445786199059 0.832450430401 0.797143074279 0
0.108023230937 0.791879728924 0.785580936378 0
0.464140445318 0.688532178385 0.813512441354 0
0.095457656568 0.665977500822 0.810868803032 0
0.477968446518 0.575503040737 0.835754975582 0
0.078284345364 0.558754945584 0.843944695860 0
0.338431666702 0.338473637864 0.774399349839 0
0.195948033598 0.368523049264 0.950534871369 0
0.332471472548 0.016954465411 0.682520047724 0
0.199258875579 0.008217343222 1.007501778769 0
0.322203572241 0.006099886284 0.728846780967 0
0.198198213928 0.010829138161 1.056303022427 0
0.241335793696 1.101411677224 0.889486173154 0
0.423852511454 1.018488262642 0.840112619554 0
0.091389267488 0.988453453638 0.811775915135 0
0.262323814216 0.985933209659 0.823244841955 0
0.276041079279 0.846178305382 0.807080564506 0
0.324603062102 0.620933103946 0.819685928852 0
0.246754314978 0.625393499828 0.820094028810 0
0.287944074074 0.704485185185 0.798159259259 0
0.457996392460 0.829497797040 0.788195410993 0
0.114070903597 0.791206249345 0.766547403924 0
0.474487582504 0.687666471704 0.818678416126 0
0.098668181243 0.665140590663 0.789327806579 0
0.486720740561 0.577358232923 0.852308688908 0
0.079469100744 0.557341707331 0.819690907144 0
0.339250175598 0.336528116274 0.755613255279 0
0.197685974764 0.369114426232 0.939519118025 0
0.329747248963 0.013763849622 0.680415402536 0
0.197268709915 0.010976224599 1.007434640443 0
0.321064493806 -0.002255466673 0.725553071352 0
0.195801216966 0.017816329907 1.055814050138 0
0.249472098394 1.103812573471 0.863264807210 0
0.432301202387 1.016579723286 0.823529280903 0
0.099679314997 0.990653228502 0.793076628236 0
0.270458086149 0.985951331457 0.806077038426 0
0.281849220731 0.845645480366 0.792183258608 0
0.329170636953 0.620704272063 0.801339721988 0
0.251284190636 0.624047959674 0.803074754862 0
0.290980370370 0.703911111111 0.781181481481 0
0.471021744242 0.826259113256 0.780431922753 0
0.121240730526 0.793037916388 0.748919768941 0
0.485186081000 0.687793166519 0.824521047899 0
0.103049559214 0.666974114561 0.769553238240 0
0.495332949734 0.582141981949 0.870434329912 0
0.081468450296 0.558911185950 0.797549637072 0
0.340820611850 0.334476586208 0.745268050172 0
0.200350871295 0.370065700415 0.926556844539 0
0.328631511492 0.013648704401 0.679730029577 0
0.197610916797 0.015830194309 1.007635840459 0
0.321025776994 0.001130561338 0.726150572171 0
0.196750850626 0.028111739459 1.054942624258 0
0.258334755031 1.106312998563 0.838714631538 0
0.440605127670 1.015713618010 0.807898185744 0
0.107922867512 0.993831987154 0.775026082617 0
0.278505884297 0.987013579126 0.789567433081 0
0.287470036025 0.846343009922 0.776970020085 0
0.332771510204 0.621904175668 0.783309874818 0
0.254878164253 0.624219010174 0.786095068432 0
0.293223333333 0.704633333333 0.763814814815 0
0.483431881958 0.824320784976 0.774532787141 0
0.128143515741 0.796002361824 0.731195737294 0
0.494472098138 0.690400946095 0.831636974188 0
0.107385319058 0.670132055040 0.750547844173 0
0.501983216067 0.590571738109 0.888835017919 0
0.083058760191 0.562125278054 0.776664252062 0
0.342813152821 0.333610772150 0.738676688211 0
0.205145277949 0.371655189631 0.912930292566 0
0.328407321732 0.013896388844 0.679981949073 0
0.201589156010 0.024467390996 1.006029221878 0
0.321697158459 0.006293724299 0.727590678088 0
0.202462081871 0.041040915433 1.052008175180 0
0.267519428174 1.109133520354 0.815794643974 0
0.448484514367 1.014989141883 0.793246220695 0
0.115967546958 0.996308866085 0.756909175706 0
0.286295317798 0.987824764914 0.773431212057 0
0.293130023446 0.846930179918 0.761621228838 0
0.335841173786 0.623073032056 0.766338033800 0
0.257942362170 0.624598980294 0.769490134135 0
0.295350740741 0.705311111111 0.746700000000 0
0.494649103406 0.822808861440 0.770570952872 0
0.134749775313 0.798399257080 0.712800797752 0
0.502335636349 0.694712799223 0.840210121832 0
0.111413779307 0.672916128239 0.731725822632 0
0.507073061841 0.601221941460 0.907232304546 0
0.084342167966 0.565314305856 0.756890030147 0
0.345321330924 0.333045800351 0.734709345315 0
0.210291988054 0.373260256819 0.899518228935 0
0.328376648934 0.013038530151 0.680418006888 0
0.206606085068 0.034851367103 1.001203417028 0
0.321662145511 0.006154927976 0.728135397247 0
0.208598268327 0.052244730279 1.046843421212 0
0.276884851841 1.111149088540 0.794355397878 0
0.456340447440 1.014044416738 0.778615807755 0
0.123898090860 0.999387563357 0.739832778506 0
0.293969083832 0.988828400508 0.757745584163 0
0.298418877585 0.847786943359 0.746404769413 0
0.338262240632 0.624573613888 0.750988854661 0
0.260347824035 0.625548978684 0.753969031784 0
0.297197407407 0.706281481481 0.730355555556 0
0.505184840280 0.821549748652 0.766841883594 0
0.141698423796 0.801626928639 0.694661837099 0
0.509415850465 0.700212831604 0.847939040829 0
0.115972803743 0.676680672715 0.714036214603 0
0.511354564443 0.613755511539 0.923691601781 0
0.086275512315 0.569829260719 0.739323952153 0
0.347533265175 0.333497826438 0.731114838726 0
0.214634224732 0.375125720643 0.886435918890 0
0.328141494366 0.012446965591 0.680538312005 0
0.209414647002 0.045890041122 0.992892047729 0
0.321182439367 0.003941658232 0.727958235856 0
0.210610734533 0.068973940466 1.035964206071 0
0.286288559077 1.112792209670 0.775367624026 0
0.463845457418 1.013193673779 0.763796489369 0
0.131430654976 1.003101279370 0.723356288457 0
0.301229213011 0.990191706715 0.742285097190 0
0.303111183509 0.849031171434 0.731714365261 0
0.340256509522 0.626581672096 0.737251538603 0
0.262325666463 0.627022656853 0.739912053275 0
0.298671481481 0.707644444444 0.715166666667 0
0.513641058841 0.820586897755 0.762521674918 0
0.147248428981 0.805371875483 0.677319180505 0
0.515452580597 0.706602206750 0.853743966070 0
0.120286073831 0.680833069972 0.697613470994 0
0.515324287373 0.627899641872 0.937193871637 0
0.088894937014 0.574757802747 0.723772324410 0
0.349506614943 0.334991404234 0.727474336390 0
0.218988219716 0.376042732945 0.872123856882 0
0.328159596996 0.012784345044 0.680963814515 0
0.208384864419 0.050986173503 0.975401697841 0
0.321274563765 0.004020880877 0.728347523645 0
0.207199809736 0.078935218263 1.015488533598 0
0.295477712882 1.114662493451 0.757057155831 0
0.470593137090 1.012058814894 0.748669523572 0
0.138191385214 1.006793255136 0.707218149798 0
0.307698681307 0.991400410420 0.726886502039 0
0.307007458626 0.850139735223 0.717631165756 0
0.341485466136 0.628255160174 0.724903614316 0
0.263545035154 0.628513912310 0.727293461883 0
0.299747037037 0.708833333333 0.701381481481 0
0.520089017532 0.819534093633 0.756605943799 0
0.151587593647 0.808928038355 0.660996596035 0
0.520098892115 0.713083326295 0.856533576780 0
0.123925751174 0.684725327197 0.682379998760 0
0.518812985147 0.641837689064 0.946216948968 0
0.091892764388 0.579120832034 0.709570486942 0
0.351061606130 0.336512566953 0.724129477305 0
0.221913663787 0.376385067039 0.857857208034 0
0.328333215980 0.012928204202 0.681145735993 0
0.209054977109 0.047511273322 0.948018774696 0
0.321601958241 0.004453015830 0.728603919998 0
0.206062243646 0.075708356647 0.987836809517 0
0.304015475899 1.116329393187 0.739164026335 0
0.476165579508 1.011129601413 0.733621441400 0
0.143870719270 1.010798487551 0.690996526381 0
0.313028603471 0.992873370175 0.711510120824 0
0.310004840732 0.851545336832 0.703882402010 0
0.341903693606 0.629778316151 0.713302001015 0
0.263955677094 0.630521434456 0.715312872178 0
0.300749629630 0.710262962963 0.688466666667 0
0.524631654182 0.818806539528 0.749160962516 0
0.155048812822 0.812447848426 0.646290725555 0
0.522979201012 0.719251617710 0.855947594347 0
0.127002973042 0.688411168155 0.668132742828 0
0.521256852060 0.654526119756 0.950324699618 0
0.095229261717 0.582919997173 0.696116010702 0
0.351666046368 0.338141998575 0.720982963471 0
0.223496409523 0.376795992570 0.843123142956 0
0.328588119508 0.013571337654 0.681244117223 0
0.214164541650 0.040264754096 0.907684103230 0
0.322103621879 0.006217786360 0.728923194936 0
0.210817959714 0.066020575101 0.949096008913 0
0.311471098018 1.118066537375 0.722235603470 0
0.480605206775 1.010352972542 0.718497270907 0
0.148489518657 1.013956888713 0.674644692295 0
0.317310985917 0.994014832081 0.696048751406 0
0.312466473437 0.852649379244 0.690222248629 0
0.341874884318 0.630789458191 0.702172637600 0
0.263928708511 0.632429292673 0.703653760722 0
0.301788888889 0.711355555556 0.675896296296 0
0.526834747884 0.817973290859 0.739269484271 0
0.157957724198 0.815006658644 0.632269068597 0
0.524203150200 0.724357600473 0.851280532853 0
0.129808029069 0.691041375223 0.654381148341 0
0.522780528961 0.665218540344 0.949139335305 0
0.099212060176 0.585399847167 0.683246635194 0
0.351368259866 0.339488597932 0.718288687932 0
0.223824471579 0.376801587533 0.827730930474 0
0.328775980569 0.014324284626 0.680942322647 0
0.221010928767 0.034057707726 0.854617099165 0
0.322464564039 0.007993690473 0.728791120718 0
0.217488332707 0.052845033151 0.899607493461 0
0.318126327447 1.119391063915 0.705473762588 0
0.484104185953 1.010133700974 0.703217068732 0
0.152189373961 1.016648044926 0.658194984595 0
0.320717282758 0.995216621123 0.680455829306 0
0.314530043438 0.853834269150 0.676554093815 0
0.341589303590 0.631663359568 0.691255967122 0
0.263667123644 0.634441942436 0.692205943693 0
0.302841481481 0.712477777778 0.663762962963 0
0.527170871595 0.817377186185 0.727066258184 0
0.159630587225 0.817074006351 0.618428592796 0
0.523993996123 0.728806897253 0.843094311595 0
0.131555422518 0.693219287562 0.641243821486 0
0.523206826046 0.674780570426 0.943629012802 0
0.102355010500 0.587482060045 0.671282443814 0
0.350950233026 0.340920087571 0.715479204597 0
0.223500914929 0.376695726326 0.811799343455 0
0.328994099972 0.015031525315 0.680613787913 0
0.226727387373 0.033027181312 0.794802669852 0
0.322820310681 0.009522169367 0.728581998225 0
0.222414718434 0.047114979913 0.841412139660 0
0.324057842229 1.120703024154 0.688541285047 0
0.487160031966 1.009864755345 0.688037385127 0
0.155465647790 1.019160093863 0.641893053460 0
0.323698016607 0.996311203639 0.664964799703 0
0.316300009722 0.854942788081 0.662977178133 0
0.341378729593 0.632501312959 0.680968116971 0
0.263496017531 0.636332503180 0.681275117178 0
0.303933333333 0.713477777778 0.652177777778 0
0.528533739946 0.816917246161 0.713297476788 0
0.160615855947 0.819022601713 0.604677545455 0
0.523773577625 0.732133512151 0.832067662860 0
0.132813339132 0.695448783134 0.629279828286 0
0.523102437448 0.681648669345 0.934288384991 0
0.104687761380 0.589799380300 0.660820074887 0
0.350310415894 0.342464598804 0.712669408224 0
0.223191915774 0.375402888674 0.793704353429 0
0.329198869756 0.015789575051 0.680298247685 0
0.232239337633 0.036216323712 0.730539820733 0
0.323103417454 0.010827949638 0.728336207803 0
0.226852874475 0.045328246831 0.778262632158 0
0.329182907848 1.121853018998 0.671512909354 0
