-0.815772297601 0.929505373952 0.436893204258 0
-1.075669997405 0.918846533227 0.514030395986 0
-0.942469218126 0.891474716927 0.485793401493 0
-0.947505444217 0.769156361992 0.478622469770 0
-0.904722748871 0.577373075933 0.505243954710 0
-1.001661280073 0.586901300917 0.530473449679 0
-0.950862962963 0.647196296296 0.492929629630 0
-0.814917416216 0.750710118968 0.429869923662 0
-1.098889327565 0.758121015459 0.461157935203 0
-0.811785105294 0.643676028600 0.460065505805 0
-1.106303264737 0.656480345459 0.496787829497 0
-0.797281670882 0.549797499610 0.495688369659 0
-1.119395413766 0.563974999674 0.537406561502 0
-0.900123042100 0.308957839690 0.548159868553 0
-0.969388521902 0.319277231391 0.587506873974 0
-0.919306046126 0.029448444001 0.512040356277 0
-0.963109627665 0.031183575816 0.568998971365 0
-0.915585043456 0.031386376326 0.554440334609 0
-0.941550599167 0.035822644631 0.609535401587 0
-0.913770299130 1.016734339670 0.493643653661 0
-0.820436084740 0.929713281297 0.439135925492 0
-1.079438070093 0.916611771020 0.518866055358 0
-0.946289000868 0.890476329393 0.489247550305 0
-0.950208801955 0.768140868863 0.482154482323 0
-0.906302910050 0.576200021282 0.508520616822 0
-1.002803286991 0.586051675994 0.535260389992 0
-0.952351851852 0.646229629630 0.497066666667 0
-0.818886789955 0.750920028277 0.432180865651 0
-1.102653610142 0.755553006648 0.467015890618 0
-0.814428096988 0.642683018864 0.457533398149 0
-1.109039169436 0.654166091936 0.503556276323 0
-0.798942215239 0.547471351256 0.489012481489 0
-1.121704727669 0.561894236641 0.544788125132 0
-0.901744601659 0.307092310934 0.546860336002 0
-0.969679525248 0.318266398265 0.591035352444 0
-0.920020537306 0.027822712480 0.512042425603 0
-0.963115715171 0.030535360849 0.569214882758 0
-0.915889697147 0.026941093007 0.554439577769 0
-0.941565530033 0.033372694438 0.609921809725 0
-0.918841012666 1.016071912751 0.496622059234 0
-0.824738574014 0.930686107999 0.441024482419 0
-1.082599323318 0.915237242134 0.523968669128 0
-0.949610883863 0.890294432529 0.492648978734 0
-0.952551508016 0.767950433650 0.485598990514 0
-0.907470063979 0.575998505862 0.511433332837 0
-1.003493018614 0.585837439396 0.539844261889 0
-0.953666666667 0.646081481481 0.500940740741 0
-0.822495564795 0.751863206612 0.435096637397 0
-1.104507587455 0.753464187953 0.473800617864 0
-0.816600163430 0.642648651757 0.455475702737 0
-1.110484906956 0.651938286577 0.510022774495 0
-0.799923287100 0.546157380855 0.482263576172 0
-1.123118204403 0.559470990071 0.550793571825 0
-0.901985082939 0.306433700901 0.546281617161 0
-0.969442622596 0.317666873985 0.593155643176 0
-0.919916586513 0.026763986235 0.511580355077 0
-0.963248630083 0.030026508971 0.569121563058 0
-0.916138039400 0.023644164893 0.553904684978 0
-0.941657621073 0.031236269991 0.609887721236 0
-0.923236948301 1.016172986689 0.499415144081 0
-0.828851776591 0.931395998978 0.442537677526 0
-1.085389399960 0.913775112015 0.529073934294 0
-0.952663602227 0.889933969869 0.495840602481 0
-0.954762837449 0.767591011542 0.488734825622 0
-0.908559624021 0.575646513931 0.513630809376 0
-1.004007346513 0.585354883444 0.543960220051 0
-0.954977777778 0.645744444444 0.504277777778 0
-0.825742963339 0.752558364062 0.437514121518 0
-1.106246294261 0.751522428788 0.480019034333 0
-0.818350631582 0.642709203450 0.453526504158 0
-1.111679355042 0.649538429296 0.515019424728 0
-0.800384020293 0.545247109854 0.475870629762 0
-1.123530925172 0.556491190545 0.554737681737 0
-0.900096275187 0.305949798431 0.546823058256 0
-0.968294952368 0.316873216080 0.594548797716 0
-0.919846986757 0.026255399868 0.511997791513 0
-0.963520935791 0.029438105711 0.568701345644 0
-0.916033836951 0.024046151118 0.554376308637 0
-0.941884445637 0.029607140134 0.609460989480 0
-0.926946004542 1.015994470118 0.501735972896 0
-0.832786025857 0.932276754276 0.443995006700 0
-1.087910110426 0.912633783549 0.534197150637 0
-0.955508627848 0.889820162751 0.499006556675 0
-0.956782299326 0.767473776035 0.491648118467 0
-0.909409415279 0.575451913438 0.515232281395 0
-1.004420827923 0.585067636739 0.546930272690 0
-0.955959259259 0.645570370370 0.506725925926 0
-0.828189101832 0.753468413411 0.439070981532 0
-1.108306269373 0.750080353262 0.485950850608 0
-0.820369124261 0.643265452061 0.452187242974 0
-1.112779907711 0.647590599425 0.519582956522 0
-0.801809096309 0.545242084693 0.471464346209 0
-1.123302270882 0.553765483070 0.557939837862 0
-0.899821269314 0.305688601863 0.547566399537 0
-0.967452625206 0.316352168302 0.595327937993 0
-0.919926304163 0.026536811488 0.512235025527 0
-0.963655669176 0.029047907858 0.568482202710 0
-0.915754517505 0.027457043716 0.554627347636 0
-0.942008983068 0.028704454664 0.609235335901 0
-0.930068937542 1.015972513509 0.503929027827 0
-0.836337162684 0.933249837149 0.445335327739 0
-1.089940093176 0.911960564038 0.539371980664 0
-0.957958317302 0.889982723623 0.502132523712 0
-0.958526337796 0.767636008460 0.494421149350 0
-0.910090851815 0.575432313328 0.516505778017 0
-1.004672053882 0.585164735351 0.549430988670 0
-0.956618518519 0.645648148148 0.508711111111 0
-0.830094039576 0.754520385015 0.439452568964 0
-1.110248312694 0.749367429020 0.491222472575 0
-0.821297894928 0.644203683999 0.450886482113 0
-1.113416438107 0.646589702926 0.524115992150 0
-0.801833271953 0.546071058438 0.468640253299 0
-1.122380887470 0.552255660826 0.561704553709 0
-0.900199328064 0.305659224191 0.548666470586 0
-0.967143296007 0.316171443380 0.595811870544 0
-0.919883048650 0.027063407823 0.512363673397 0
-0.963715573231 0.028944966480 0.568442437514 0
-0.915410721809 0.030146579398 0.554623014976 0
-0.942083649579 0.028489325572 0.609202308894 0
-0.932889297524 1.016235364936 0.506207532754 0
-0.839334154796 0.934004871277 0.446333795260 0
-1.091259555865 0.911047214941 0.544400659737 0
-0.959766039493 0.889919016057 0.505004642807 0
-0.959717332140 0.767572930860 0.496877458634 0
-0.910369947083 0.575243050673 0.517195651021 0
-1.004558025250 0.584887358996 0.551254226559 0
-0.956981481481 0.645481481481 0.510140740741 0
-0.831731542103 0.755473738054 0.437025989519 0
-1.111301499967 0.748466315525 0.496098505687 0
-0.821061786485 0.645364174045 0.448854822192 0
-1.113118820135 0.645487381841 0.528460801565 0
-0.800129500823 0.547457151820 0.466559106004 0
-1.120507626197 0.551002427602 0.565975727285 0
-0.900387066938 0.305500730824 0.549585387016 0
-0.966677557326 0.315746701726 0.596479902348 0
-0.919775476245 0.027143090393 0.512768978100 0
-0.963777052184 0.028689206360 0.568406678462 0
-0.915189551968 0.031084534080 0.554944728541 0
-0.942126334121 0.027839539105 0.609150258537 0
-0.935384867401 1.016327417099 0.508615699919 0
-0.841937167090 0.935051744488 0.447197873561 0
-1.092132499899 0.910310399402 0.549181857012 0
-0.961151506684 0.890087009223 0.507660950322 0
-0.960484970399 0.767752420569 0.499029209208 0
-0.910181293473 0.575358896905 0.517473909178 0
-1.004034860440 0.584743994830 0.552514189199 0
-0.956955555556 0.645559259259 0.511155555556 0
-0.833387901709 0.756807413557 0.434019518206 0
-1.112052376980 0.747652367532 0.501089345854 0
-0.821074445112 0.647038519803 0.447325524531 0
-1.112516495792 0.644551519929 0.533109362204 0
-0.798423076499 0.549632079364 0.465734354141 0
-1.118523071042 0.550019458415 0.570682489520 0
-0.899441277093 0.305829505139 0.551359467071 0
-0.966059397162 0.315468999942 0.596851829112 0
-0.919588012362 0.027552501939 0.513801675988 0
-0.963872819007 0.028553117507 0.568324679440 0
-0.915161860167 0.030994900067 0.556038137452 0
-0.942208358263 0.027449691126 0.609054870151 0
-0.937430395947 1.016635013032 0.511001955190 0
-0.844375189849 0.936317337582 0.447834313113 0
-1.092799401161 0.909719585296 0.553610219652 0
-0.962356306201 0.890434028973 0.510002214874 0
-0.961028758968 0.768126370148 0.500795633201 0
-0.909599533665 0.575700546132 0.517272180094 0
-1.003146219199 0.584739667607 0.553212480982 0
-0.956551851852 0.645848148148 0.511737037037 0
-0.834949729048 0.758302925781 0.432347855250 0
-1.112606987686 0.747088112297 0.505381701426 0
-0.821157314570 0.648820183765 0.446531633206 0
-1.111736454133 0.643959538132 0.537303809624 0
-0.796860790679 0.551985776232 0.465609424699 0
-1.116634940314 0.549396020225 0.574906295334 0
-0.896813526515 0.306687781542 0.554397946349 0
-0.965624062463 0.315306756761 0.596972957476 0
-0.918915427413 0.028486720744 0.515107734310 0
-0.963933637683 0.028502073399 0.568276846327 0
-0.914611318107 0.031682530682 0.557376174629 0
-0.942254663827 0.027310219667 0.608996822035 0
-0.939087456662 1.017071992363 0.513280537959 0
-0.846880210304 0.937726725098 0.447907320961 0
-1.093242324873 0.909421557781 0.557975925045 0
-0.963478082055 0.891004875466 0.512029664213 0
-0.961470081053 0.768729332712 0.502246905572 0
-0.908530409265 0.576345106851 0.516649965170 0
-1.001792684630 0.584956607520 0.553424730559 0
-0.955722222222 0.646385185185 0.511837037037 0
-0.836744368492 0.759924141615 0.430549138025 0
-1.112409086990 0.746741251805 0.509653262228 0
-0.821410805021 0.650736529934 0.445409432108 0
-1.110372414352 0.643679203027 0.541736711172 0
-0.795746290380 0.554392651071 0.465135191166 0
-1.114337192797 0.549170345348 0.579545584232 0
-0.892547599001 0.308153452723 0.558212670125 0
-0.965289898044 0.315324584641 0.596819474548 0
-0.917579853906 0.030660542497 0.516467356680 0
-0.963995050093 0.028498888739 0.568322470615 0
-0.912903907515 0.035548470684 0.558534009607 0
-0.942349677221 0.027312071474 0.609060464459 0
-0.940456708810 1.017687879256 0.515502575567 0
-0.848840947842 0.939851459725 0.448492523153 0
-1.093546833490 0.909359449614 0.561628894164 0
-0.964265989919 0.892045923781 0.513924627112 0
-0.961426354605 0.769831632618 0.503347601066 0
-0.906940380650 0.577554172457 0.515582679930 0
-0.999955746350 0.585657684519 0.553090921097 0
-0.954422222222 0.647440740741 0.511437037037 0
-0.838521796258 0.762223553062 0.429528283586 0
-1.112133328536 0.746572208976 0.513439860644 0
-0.821714501841 0.653282418818 0.444602273687 0
-1.108904794651 0.643603288917 0.545723907797 0
-0.794560875314 0.557490275617 0.464754349540 0
-1.111868936236 0.549155688830 0.583750654888 0
-0.887031680462 0.310529117309 0.562603266815 0
-0.965067109219 0.315726983069 0.595953310321 0
-0.914625362462 0.033916749331 0.516558835913 0
-0.964088919043 0.028611483784 0.568334972065 0
-0.909443140389 0.038135358896 0.558638611492 0
-0.942466154784 0.027614001046 0.609090044614 0
-0.941554147627 1.018781507620 0.517718680121 0
-0.850337132014 0.942450160943 0.449062425725 0
-1.093415398976 0.909795380290 0.565067567974 0
-0.964624742708 0.893568218737 0.515685001493 0
-0.960967142525 0.771436548251 0.504196032981 0
-0.904674167142 0.579394846346 0.514130732694 0
-0.997466104757 0.586824481967 0.552325629575 0
-0.952574074074 0.649029629630 0.510603703704 0
-0.839747434837 0.765030217854 0.428378552649 0
-1.111796479654 0.746947438126 0.517005003847 0
-0.821340404606 0.656374489561 0.443642726412 0
-1.107192019794 0.644076239784 0.549433342239 0
-0.792193269826 0.561290857713 0.463900396800 0
-1.108806413823 0.549710464271 0.587724521478 0
-0.879006607776 0.313897844275 0.566687276515 0
-0.964721378682 0.316510643126 0.594458709705 0
-0.908304864461 0.038874436881 0.515937783085 0
-0.964179003753 0.028930905437 0.568342281835 0
-0.901927355145 0.044910642773 0.557630122890 0
-0.942580443069 0.028229506716 0.609116355223 0
-0.942242560328 1.020357126186 0.519882011870 0
-0.851370636970 0.945114046098 0.449657260526 0
-1.092780833215 0.910165017503 0.568443851295 0
-0.964523153051 0.895068923990 0.517345248320 0
-0.960086848558 0.773064957221 0.504723353438 0
-0.901757938602 0.581387729642 0.512448905101 0
-0.994345997832 0.588028153187 0.551278653783 0
-0.950166666667 0.650696296296 0.509488888889 0
-0.840317979269 0.767913627741 0.427394039975 0
-1.111397517214 0.747336344236 0.520406691688 0
-0.819956830384 0.659643391004 0.442913721239 0
-1.105323215446 0.644555387088 0.552879131318 0
-0.788556595615 0.565290408277 0.462939207817 0
-1.105293432719 0.550261555378 0.591386237546 0
-0.866877998413 0.317846697067 0.569362751684 0
-0.963914637419 0.317285831094 0.592382331572 0
-0.894414087706 0.043902194062 0.513751499075 0
-0.964255238796 0.029098135197 0.568205282732 0
-0.885639917310 0.051487779021 0.554749455606 0
-0.942661236050 0.028934102620 0.608987472266 0
-0.942534962066 1.021919431672 0.521933053046 0
-0.851718564829 0.947914814435 0.450098167648 0
-1.091632785490 0.910868408027 0.571256337384 0
-0.963825432374 0.896834654175 0.518746090495 0
-0.958573431790 0.774941219148 0.505208673773 0
-0.898079833788 0.583791865054 0.510765887714 0
-0.990486543071 0.589479614269 0.550174553104 0
-0.947159259259 0.652644444444 0.508240740741 0
-0.839969832155 0.770914111753 0.426635025746 0
-1.110745994463 0.748156377730 0.523019350500 0
-0.817239539535 0.663059674976 0.441755717484 0
-1.103229725221 0.645485022319 0.555536732075 0
-0.783656872141 0.569393448411 0.461377742555 0
-1.101700495191 0.551286514764 0.594235212516 0
-0.853707777554 0.322340418064 0.570631850525 0
-0.962963485970 0.318187035404 0.589668894183 0
-0.876094619031 0.047966929119 0.508662657639 0
-0.964331476208 0.029225838262 0.568020538833 0
-0.866278612746 0.051951888284 0.549931601484 0
-0.942695614469 0.029720724256 0.608777862336 0
-0.942355667544 1.023763547512 0.523747510304 0
-0.851433086881 0.950142307571 0.450283237426 0
-1.089910450362 0.911296049371 0.573693475769 0
-0.962552275239 0.898182508086 0.519870413328 0
-0.956550853722 0.776397045100 0.505529366198 0
-0.893747589752 0.585922725705 0.509069770534 0
-0.985979721804 0.590541478506 0.549023421920 0
-0.943614814815 0.654218518519 0.506881481481 0
-0.838617544914 0.773361356083 0.425746375922 0
-1.109419957029 0.748657525484 0.525367332103 0
-0.813439316271 0.665919213375 0.439892888797 0
-1.100622488304 0.646091275514 0.557895020938 0
-0.777884065900 0.572834883047 0.458863324609 0
-1.097826682310 0.551938370775 0.596638788869 0
-0.839107416517 0.326760032091 0.570379000825 0
-0.961207426513 0.318761023813 0.586953658267 0
-0.854228574255 0.052720398071 0.502634623633 0
-0.964427554316 0.029185627470 0.567691767798 0
-0.843384880535 0.058109613367 0.543484718738 0
-0.942751432805 0.030467633812 0.608410523432 0
-0.941760025452 1.025214671813 0.525217534123 0
-0.850541893751 0.952302541220 0.450377541191 0
-1.087701947881 0.911871001045 0.575800708432 0
-0.960765376472 0.899569753805 0.520802727184 0
-0.954079697322 0.777893130506 0.505772688423 0
-0.888700873707 0.588314344915 0.507476966969 0
-0.980770649336 0.591518878725 0.547940292315 0
-0.939566666667 0.655881481481 0.505688888889 0
-0.836046510780 0.775880520213 0.424244135870 0
-1.107393121258 0.749126970129 0.527905358382 0
-0.808745404674 0.668834023292 0.437419042170 0
-1.097481439365 0.646668079136 0.560450954833 0
-0.771376078196 0.576258875218 0.455446735358 0
-1.093569149008 0.552515232040 0.599134173500 0
-0.823232809114 0.331415328978 0.567697396564 0
-0.958910705028 0.319222291821 0.583908286300 0
-0.829286987712 0.057112944004 0.495127060376 0
-0.964605133015 0.029078527157 0.567187221533 0
-0.817827982779 0.061271534247 0.535952995004 0
-0.942924442454 0.031509462998 0.607851125086 0
-0.940267767995 1.026644318943 0.526282528787 0
-0.848840970031 0.954353190743 0.450170940079 0
-1.084905251346 0.912576283783 0.577209976319 0
-0.958311227173 0.900971711523 0.521278958694 0
-0.951007598617 0.779386874990 0.505783381808 0
-0.882952569954 0.590886035948 0.506041110095 0
-0.974835019118 0.592393294924 0.547025705072 0
-0.934988888889 0.657566666667 0.504714814815 0
-0.832064516970 0.778467536564 0.421876280264 0
-1.104305876288 0.749686726295 0.529692250390 0
-0.802999450292 0.671777466692 0.434137273020 0
-1.093572715598 0.647353058186 0.562371008974 0
-0.763768342866 0.579777336047 0.450954231489 0
-1.088753097654 0.553276897057 0.601165339215 0
-0.806885938776 0.336072130848 0.562551404729 0
-0.956009998685 0.319567636648 0.580622785132 0
-0.800757801250 0.061061864455 0.486033752550 0
-0.964746060241 0.028847035947 0.566604913673 0
-0.788698163775 0.061789501849 0.526891986639 0
-0.943022719613 0.032382998701 0.607164848138 0
-0.937676045135 1.028014302732 0.526944468214 0
-0.846215475957 0.956111018918 0.449175798641 0
-1.081232974158 0.913153972959 0.577752776901 0
-0.954984703421 0.902157097704 0.520924661883 0
-0.947197131759 0.780647913521 0.505158532116 0
-0.876680646780 0.593256087818 0.504664185665 0
-0.968354851656 0.593007213096 0.546139136432 0
-0.929896296296 0.659007407407 0.503825925926 0
-0.827061998254 0.780806014046 0.418859135634 0
-1.100430020885 0.750226678002 0.530281770809 0
-0.796393817890 0.674447125014 0.430045309726 0
-1.088884527642 0.648007654088 0.563042331940 0
-0.755395865414 0.582998204597 0.445394040725 0
-1.083351345522 0.554016444412 0.601935652117 0
-0.790696922685 0.340470530414 0.555810379751 0
-0.952612457381 0.319723792523 0.577529167639 0
-0.770913192096 0.065291550904 0.476446270596 0
-0.964828922862 0.028610816508 0.566086751476 0
-0.758412107503 0.065781041065 0.517175165603 0
-0.943082057097 0.033560851914 0.606485833438 0
-0.934154842306 1.029143718603 0.527170600929 0
-0.842446194683 0.957452047302 0.448039937946 0
-1.076632427426 0.913492060362 0.577789309963 0
-0.950648956800 0.903015753963 0.520279276755 0
-0.942446280109 0.781568590038 0.504294721456 0
-0.869956266876 0.595116737374 0.503232219184 0
-0.961456210280 0.593453818853 0.545057909596 0
-0.924133333333 0.660081481481 0.502711111111 0
-0.821232222795 0.782662983137 0.416156541913 0
-1.096426438273 0.750729444242 0.529999620779 0
-0.788892745595 0.676663505691 0.425962155062 0
-1.084144991335 0.648602151057 0.562778633540 0
-0.746240078180 0.585707834033 0.439603673519 0
-1.078150944405 0.554595535758 0.601564886739 0
-0.775124592957 0.344197510658 0.547460799277 0
-0.948948240400 0.319790813175 0.574538326981 0
-0.740841726468 0.068764144879 0.466144121727 0
-0.964839815128 0.028377507013 0.565652979393 0
-0.728403383877 0.070657663889 0.506851145991 0
-0.943067489673 0.034754354062 0.605837758980 0
-0.930332188950 1.030070140889 0.526929897529 0
-0.837520477496 0.958459530514 0.446826956142 0
-1.071141578154 0.913660948537 0.577306226437 0
-0.945323395314 0.903619828889 0.519358382913 0
-0.936775499170 0.782226774044 0.503159356869 0
-0.862654676396 0.596599952860 0.501490991031 0
-0.954012844047 0.593689805316 0.543557718549 0
-0.917655555556 0.660870370370 0.501244444444 0
-0.814451116767 0.784075965988 0.414024859928 0
-1.091242813651 0.751099516510 0.528963206124 0
-0.780545360557 0.678406011127 0.421907840908 0
-1.078724891328 0.648943453459 0.561562623794 0
-0.736441241613 0.587880285924 0.433637154534 0
-1.072524176564 0.554870787808 0.600160143867 0
-0.760127973984 0.347389007765 0.537433335815 0
-0.944945802230 0.319736472570 0.571563882631 0
-0.711434682940 0.071030769661 0.454859005058 0
-0.964835045172 0.028152747638 0.565227516646 0
-0.699294603809 0.073499578380 0.495625205118 0
-0.943008851115 0.036091148497 0.605103748780 0
-0.925891813816 1.030828337147 0.525762454928 0
-0.831515379246 0.959236877516 0.445635673366 0
-1.064951741962 0.913488755544 0.576116114408 0
-0.939129493026 0.903933084984 0.518095061170 0
-0.930202021698 0.782604627755 0.501642816317 0
-0.854619212077 0.597739479052 0.499414937803 0
-0.945914851618 0.593611079114 0.541515482147 0
-0.910359259259 0.661370370370 0.499444444444 0
-0.806835554938 0.785212749455 0.412104946828 0
-1.084556983325 0.750923635616 0.527582180320 0
-0.771647757020 0.679819782150 0.417763778329 0
-1.072309677230 0.648646474172 0.559903494808 0
-0.726391819578 0.589642475649 0.427560415186 0
-1.066281812489 0.554463456987 0.598265540624 0
-0.745391194754 0.350242109678 0.526321524276 0
-0.940646493513 0.319482879883 0.568772770817 0
-0.682569739897 0.071515056026 0.442395910419 0
-0.964776791586 0.027928222130 0.564896233523 0
-0.670635136272 0.073523466291 0.483247974376 0
-0.942870183920 0.037378729474 0.604396908149 0
-0.920370500040 1.031279216040 0.523709787331 0
-0.824537063097 0.959531793001 0.444244513519 0
-1.058004884603 0.912996894622 0.574390013445 0
-0.932103437508 0.903839245104 0.516476674213 0
-0.922801291940 0.782573493438 0.499870339014 0
-0.845812080149 0.598381040261 0.497344603043 0
-0.937102790118 0.593143758476 0.539332344973 0
-0.902159259259 0.661474074074 0.497674074074 0
-0.798398466360 0.785902175576 0.409786855293 0
-1.076016594097 0.750180054114 0.526082858363 0
-0.762265825489 0.680738880869 0.413391680385 0
-1.064611606983 0.647674636536 0.557986577048 0
-0.716186838039 0.590795832113 0.421361593358 0
-1.059272363947 0.553307317331 0.596000457081 0
-0.730956009116 0.352577371489 0.514616295956 0
-0.935946158757 0.318942680198 0.566340045197 0
-0.654345047552 0.070920525904 0.428141415122 0
-0.964722536957 0.027682370937 0.564673452428 0
-0.641428438579 0.069792067105 0.468727710820 0
-0.942691209129 0.038547748291 0.603738513718 0
-0.913364407556 1.031229831897 0.520963884041 0
-0.816649252039 0.959053470085 0.442480478414 0
-1.050208338017 0.912046958654 0.572292314688 0
-0.924225886785 0.903128985004 0.514517895490 0
-0.914553137041 0.781916840292 0.497899461003 0
-0.836034264902 0.598368065311 0.495351534000 0
-0.927360419312 0.592158505207 0.537129138088 0
-0.892900000000 0.660992592593 0.495900000000 0
-0.789380448467 0.785859045314 0.406732694186 0
-1.067361269613 0.749054312557 0.524266272586 0
-0.752508889006 0.680907383142 0.408608264520 0
-1.056878432917 0.646367966854 0.555903373762 0
-0.705830845048 0.591109252332 0.414844772604 0
-1.052231086751 0.551835475110 0.593632290428 0
-0.716801780274 0.354146081526 0.502345049349 0
-0.930676459487 0.317990250145 0.564290816796 0
-0.627017171318 0.070986290280 0.414230916717 0
-0.964638540551 0.027383268981 0.564603034455 0
-0.613645064335 0.070833308368 0.454684877666 0
-0.942445065031 0.039563830889 0.603185393123 0
-0.904722387672 1.030436824987 0.517802535263 0
-0.807916374522 0.958232305418 0.439927285950 0
-1.041609088138 0.911090891880 0.569449385721 0
-0.915549768551 0.902245824407 0.511831640948 0
-0.905442894871 0.781083811207 0.495403430887 0
-0.825057057354 0.598188230710 0.493207690362 0
-0.916439729504 0.591157394153 0.534730791013 0
-0.882348148148 0.660422222222 0.493918518519 0
-0.780799929038 0.785269576799 0.402962527188 0
-1.058264517242 0.748001211077 0.521577899834 0
-0.743629357207 0.680406705828 0.402873448907 0
-1.048413390495 0.645182902774 0.552988605164 0
-0.696679368332 0.590645379618 0.407383956108 0
-1.044302224866 0.550423624737 0.590277234399 0
-0.703004148705 0.355287311245 0.489757643377 0
-0.925206444727 0.317109877200 0.561898568843 0
-0.599367010805 0.073184906134 0.400457517696 0
-0.964475356185 0.027206883412 0.564625228414 0
-0.583592219110 0.072500559183 0.440030832206 0
-0.942053636176 0.040754200629 0.602615378618 0
-0.894766326965 1.029361804070 0.514577184087 0
-0.797681615695 0.956931788247 0.436988851018 0
-1.031398442970 0.909734533782 0.566447089135 0
-0.905325991058 0.900916090492 0.508854001763 0
-0.894923249030 0.779799630520 0.492531459921 0
-0.813147403949 0.597378324375 0.490598656868 0
-0.904584942610 0.589794755267 0.531903127846 0
-0.870714814815 0.659355555556 0.491411111111 0
-0.771053283635 0.784192639770 0.398649328168 0
-1.047901645660 0.746554880576 0.518830164153 0
-0.733802020442 0.679375131618 0.396774647107 0
-1.038450932166 0.643639362668 0.550044933382 0
-0.686811166249 0.589560209071 0.399731081330 0
-1.034989307020 0.548700710518 0.586949013031 0
-0.689706332927 0.355525812080 0.477207006758 0
-0.919351376539 0.316031821040 0.559340206201 0
-0.575032031866 0.075114080163 0.388032391405 0
-0.964282300671 0.027091556914 0.564789634861 0
-0.557696606179 0.075522172675 0.426951231082 0
-0.941573971770 0.041854706020 0.602151327428 0
-0.883556168536 1.027875585246 0.511045061421 0
-0.785395140721 0.954876942847 0.433676171303 0
-1.019150484676 0.907797133798 0.563107629415 0
-0.893075731608 0.898915453586 0.505529298582 0
-0.882639792661 0.777809414609 0.489212219953 0
-0.800403877334 0.595576236937 0.487221933029 0
-0.891884566942 0.587732774409 0.528382069617 0
-0.858100000000 0.657433333333 0.488059259259 0
-0.759506649429 0.782353207049 0.393887390197 0
-1.036504990046 0.744666239826 0.515626485371 0
-0.722279683814 0.677566774943 0.390446789778 0
-1.027283849000 0.641705847762 0.546761832706 0
-0.675394486524 0.587635089463 0.391988272978 0
-1.024299707924 0.546726330607 0.583563867886 0
-0.676771103745 0.354554191618 0.464135508961 0
-0.912756169739 0.314507235989 0.557177318323 0
-0.552177456694 0.075810936941 0.376881880419 0
-0.963977667692 0.027057171574 0.565113763270 0
-0.532729393870 0.074777578285 0.414777323778 0
-0.940874180744 0.042782057402 0.601835306007 0
-0.871024128312 1.025838025629 0.506655687879 0
-0.771472210631 0.951851019640 0.429301942841 0
-1.005254214179 0.905202114284 0.558841226625 0
-0.879210986199 0.896096667341 0.501228838178 0
-0.868969484546 0.774963773676 0.484958847711 0
-0.787075554557 0.592578948333 0.482909402564 0
-0.878565894561 0.584907115307 0.524080435870 0
-0.844659259259 0.654540740741 0.483744444444 0
-0.746605108470 0.779705221731 0.387287040847 0
-1.023908599874 0.742203978863 0.511397067790 0
-0.709746194356 0.674833940341 0.382670132416 0
-1.015184311969 0.639259049208 0.542726126007 0
-0.663073395766 0.584791646272 0.383019160867 0
-1.012321850319 0.544341706402 0.579745463430 0
-0.664054469571 0.352288114673 0.450725556948 0
-0.905591621575 0.312486480473 0.555282884376 0
-0.531605296597 0.074532983886 0.366649986126 0
-0.963853184183 0.027035801873 0.565478464948 0
-0.511130751246 0.072694806492 0.403969869588 0
-0.940231534448 0.043377602277 0.601596023943 0
-0.856756644295 1.022950979424 0.501444048533 0
-0.755784057818 0.947835355330 0.424411922162 0
-0.989491370594 0.901696162290 0.554268144259 0
-0.863532228649 0.892326483752 0.496514395717 0
-0.853743552057 0.771130445524 0.480223421398 0
-0.773431762746 0.588115076645 0.477968036474 0
-0.864872570096 0.581213674087 0.519384732545 0
-0.830577777778 0.650481481481 0.478748148148 0
-0.732101599807 0.776156764862 0.379876506425 0
-1.009557553481 0.738800733506 0.507047872658 0
-0.696059778278 0.671044417201 0.374375368022 0
-1.001809490357 0.635970155445 0.539002862303 0
-0.649784702969 0.580847895107 0.373560729127 0
-0.999132108130 0.541239771982 0.576616089271 0
-0.651526960096 0.348545721302 0.437281243992 0
-0.897949992397 0.309891739473 0.554130623349 0
-0.512698167780 0.071271717277 0.357004625995 0
-0.963667460937 0.026836312509 0.565985467752 0
-0.491951828580 0.069712619534 0.394186856013 0
-0.939472914704 0.043966619196 0.601350582906 0
-0.840725430767 1.019113600812 0.495859563702 0
-0.738769284392 0.942753392985 0.418901867491 0
-0.972358870965 0.897303587999 0.549212234954 0
-0.846524175418 0.887574337886 0.491247048202 0
-0.837169660292 0.766333028580 0.474852979780 0
-0.758414884353 0.582558606981 0.472164079101 0
-0.849717903378 0.576843091258 0.514062586429 0
-0.814907407407 0.645518518519 0.472862962963 0
-0.716181833179 0.771513841194 0.372161911914 0
-0.995231358505 0.734799330821 0.501920140722 0
-0.680664405803 0.666265363469 0.365904808515 0
-0.987715801365 0.632314833032 0.535021889068 0
-0.634806763635 0.575857279272 0.364007923913 0
-0.985309172861 0.538035608475 0.573747690661 0
-0.638669068601 0.343147283739 0.424700093550 0
-0.889592891015 0.307009412603 0.553008141002 0
-0.496091658951 0.065629996789 0.348009012765 0
-0.963244456092 0.026653801118 0.566723110377 0
-0.476686618779 0.066050786094 0.385938248947 0
-0.938489476069 0.044831503198 0.601165481892 0
-0.823104434718 1.014236995192 0.489719517234 0
-0.719711355827 0.937352902246 0.412428660926 0
-0.953103195371 0.892644783560 0.543348502641 0
-0.827444010610 0.882521730596 0.485070849377 0
-0.818558309078 0.761246090133 0.468530442214 0
-0.741525926888 0.576580295758 0.465359116856 0
-0.832544881634 0.572349199438 0.508044489294 0
-0.797185185185 0.640277777778 0.466081481481 0
-0.699031905919 0.766203888953 0.364489364964 0
-0.980970878556 0.730986275885 0.495838023854 0
-0.664318171049 0.660781032106 0.356817408280 0
-0.972456817813 0.629093706715 0.530489095227 0
-0.619303158593 0.569951565799 0.353881082384 0
-0.970300130870 0.535493889290 0.570661929017 0
-0.625632454007 0.336472609278 0.412192643890 0
-0.879794714182 0.304454364639 0.551825715961 0
-0.484321611920 0.056498220851 0.340872654205 0
-0.962349406620 0.027378691467 0.567554977141 0
-0.469158820035 0.060965336371 0.380438981130 0
-0.936984488667 0.046509750282 0.601023445440 0
-0.803525053653 1.009083463458 0.483112686895 0
-0.698058236697 0.931927440684 0.404773668013 0
-0.931209681362 0.888326661208 0.536492867360 0
-0.805798569477 0.877609005599 0.477788722188 0
-0.797768577243 0.756259437647 0.461202348040 0
-0.723325379996 0.570511338393 0.457596934844 0
-0.813614339703 0.567930024946 0.501932404792 0
-0.778044444444 0.635011111111 0.458800000000 0
-0.680039264320 0.760515868737 0.356698829120 0
-0.961493208695 0.726646315700 0.490561393262 0
-0.646978587153 0.654663689311 0.347744009770 0
-0.954407594586 0.625176972991 0.526742164295 0
-0.603291060177 0.563253785801 0.343936216870 0
-0.953780682198 0.532231961863 0.568402003085 0
-0.612404939847 0.328451536084 0.402702672175 0
-0.868720277864 0.302133263209 0.549180706624 0
-0.478420226238 0.046098959949 0.336361287601 0
-0.961609039223 0.028358797501 0.567923695672 0
-0.468109127921 0.056116479256 0.376469767546 0
-0.935491725094 0.047634351711 0.600723905382 0
-0.782528165059 1.004284372367 0.475526804945 0
-0.673945321112 0.927307163982 0.395428106710 0
-0.906859405230 0.884975264573 0.527978517153 0
-0.781729339613 0.873568034997 0.468806449602 0
-0.774853920646 0.752130807217 0.452142370079 0
-0.703709881266 0.565220438137 0.448371340910 0
-0.793283614292 0.564326013884 0.494198621831 0
-0.757455555556 0.630525925926 0.449933333333 0
-0.657865925583 0.755662990064 0.347495538485 0
-0.939464147431 0.723238643513 0.483870437867 0
-0.626934539768 0.649189967044 0.338296310564 0
-0.934707951968 0.622318400757 0.521919942943 0
-0.585177656204 0.556868412477 0.333984017746 0
-0.935865388278 0.530098808989 0.565221865083 0
-0.597806249004 0.319742447794 0.399029178999 0
-0.857505578220 0.300875102630 0.543046771281 0
-0.477984311928 0.038050376532 0.335986088779 0
-0.961507014394 0.029121572314 0.568223874281 0
-0.472546697574 0.055976106074 0.374254354687 0
-0.934467817056 0.047816546511 0.600610516457 0
-0.760268948844 1.000581995834 0.467406178154 0
-0.648614094704 0.923424535849 0.384843712428 0
-0.881255837566 0.882409747879 0.518283505004 0
-0.756460082142 0.870267569438 0.458554293414 0
-0.750747564108 0.748793964611 0.441611470284 0
-0.682428599035 0.560886690676 0.437611804222 0
-0.771387244698 0.561542659116 0.484625870060 0
-0.735248148148 0.626937037037 0.439425925926 0
-0.632821212088 0.751415854042 0.338138265858 0
-0.916199923408 0.721059384457 0.474553680485 0
-0.604165914293 0.644272124562 0.329364657996 0
-0.913820844385 0.620940390469 0.514874998116 0
-0.565034886306 0.550660460987 0.325636314007 0
-0.916670699879 0.529640446521 0.560108413546 0
-0.581992438048 0.311630113042 0.396460764338 0
-0.846771955278 0.300936591161 0.532777793723 0
-0.477528090930 0.033354863905 0.334426129682 0
-0.962324839662 0.029748714638 0.567323735184 0
-0.472854124560 0.055704221452 0.370398617234 0
-0.934061136681 0.046703103575 0.599622754271 0
-0.736346715960 0.997519543205 0.458639651036 0
-0.622955595353 0.922241193807 0.374347107608 0
-0.855418099931 0.882215636266 0.508398255703 0
-0.730923063182 0.869483309592 0.448166491089 0
-0.726328963263 0.748033575094 0.430685654915 0
-0.660583822412 0.559245028120 0.426239711248 0
-0.748930878673 0.561235413058 0.474356541331 0
-0.712518518519 0.625981481481 0.428448148148 0
-0.607259111167 0.749679070154 0.329695854976 0
-0.892206741087 0.721178977743 0.465026410483 0
-0.580992695991 0.641890648357 0.321352437568 0
-0.892364692609 0.621955235678 0.507569396882 0
-0.544723662059 0.547004150492 0.318977340108 0
-0.897120936459 0.531693819382 0.554753665169 0
-0.565373817557 0.306681238437 0.393739570823 0
-0.833911315515 0.303590616069 0.522465469138 0
-0.477625770394 0.030092023264 0.334311908164 0
-0.961997851162 0.032273570790 0.564854167791 0
-0.471989971616 0.054196894597 0.368989747704 0
-0.933144448066 0.047877360935 0.597312105301 0
-0.711528663653 0.996846785138 0.449808703661 0
-0.597752132653 0.924145143494 0.363816765036 0
-0.830070489420 0.884636056860 0.498270417940 0
-0.705861140989 0.871530358382 0.437531054953 0
-0.702427742329 0.750165622879 0.419225631188 0
-0.639200751910 0.560663911658 0.414164726151 0
-0.726975009035 0.563563317334 0.463273447905 0
-0.690414814815 0.627933333333 0.416955555556 0
-0.582207406109 0.751417163590 0.319757635081 0
-0.869572971327 0.724402289617 0.454315665950 0
-0.558770114487 0.642898602139 0.312526021464 0
-0.871732678816 0.626083893406 0.498859018536 0
-0.525323708656 0.546967316924 0.312084822587 0
-0.878248883070 0.536879347308 0.547824335874 0
-0.549582448083 0.305173019626 0.389616086296 0
-0.814306524774 0.307846790863 0.517118126796 0
-0.477525438449 0.028388576390 0.334534532005 0
-0.956103218620 0.034935069795 0.560053066966 0
-0.470075951769 0.052682142256 0.368735225138 0
-0.928701631157 0.048147205842 0.594753316389 0
-0.687108340853 0.998953319029 0.441377218973 0
-0.574213268446 0.927368916355 0.354301926705 0
-0.806441844637 0.888223190872 0.489016707534 0
-0.682494208078 0.874818799006 0.427809702572 0
-0.680344921900 0.753594169551 0.408231040396 0
-0.619821854185 0.563566597780 0.401217898505 0
-0.707065539627 0.567029938956 0.451227277005 0
-0.670511111111 0.631203703704 0.404633333333 0
-0.558766127691 0.755267582081 0.307822715429 0
-0.847689599586 0.729082954650 0.442752959403 0
-0.538067253873 0.646042789340 0.303420179001 0
-0.851507908347 0.631323308011 0.488401109827 0
-0.507041145904 0.549376820884 0.305931108882 0
-0.859386650153 0.542947814545 0.538614788057 0
-0.535854828135 0.305544848527 0.384365971023 0
-0.788310994210 0.312547568732 0.518717160331 0
-0.476965684478 0.026134676490 0.334734247210 0
-0.941839335444 0.040227838971 0.553683285354 0
-0.467408022102 0.049280652048 0.369205605038 0
-0.920715341103 0.045452969661 0.594377138904 0
-0.664206187901 1.002267774971 0.432935941658 0
-0.553478222591 0.930611443367 0.345092411902 0
-0.785726688069 0.891923774602 0.479905193809 0
-0.662005238970 0.878175220438 0.418318084141 0
-0.661303935759 0.757121566198 0.397375678506 0
-0.603827839473 0.566682862572 0.388346412561 0
-0.690578097599 0.570684975209 0.439167364233 0
-0.654096296296 0.634611111111 0.392177777778 0
-0.538125466799 0.758656884399 0.298042193658 0
-0.825953039033 0.733329218952 0.430946700463 0
-0.519209830921 0.649040401379 0.295967001279 0
-0.831180121725 0.635530922592 0.476371940861 0
-0.490005201113 0.551923888677 0.301106375848 0
-0.840126893899 0.547459924470 0.526854881133 0
-0.525127096981 0.306610864973 0.379490837626 0
-0.756491737844 0.315697494779 0.520122671965 0
-0.476833571653 0.024851415309 0.334854990259 0
-0.913415584764 0.047633344507 0.542360319314 0
-0.465404095066 0.046364511552 0.369810867591 0
-0.899557443080 0.043955778775 0.586223085572 0
-0.642813303749 1.005435443022 0.424614998237 0
-0.536248363100 0.934195257931 0.336348466591 0
-0.768366246546 0.895596160393 0.471411301784 0
-0.644837352572 0.881733937558 0.409464204049 0
-0.645095706785 0.760821672777 0.387544252726 0
-0.590174684531 0.569954118410 0.377480106807 0
-0.676456662633 0.574922011393 0.429008095450 0
-0.639922222222 0.638266666667 0.381277777778 0
-0.519745508817 0.762154267052 0.290008918091 0
-0.807547909460 0.737406980536 0.420339713480 0
-0.501166870065 0.652461077667 0.290354516487 0
-0.812885200983 0.639156903644 0.464766252167 0
-0.473005508568 0.555091510026 0.297858197573 0
-0.821930113332 0.550635103559 0.514419869905 0
-0.518356208913 0.307757952980 0.375255380980 0
-0.720177241658 0.317981062809 0.518377245086 0
-0.477419124936 0.024745521323 0.334524156305 0
-0.865014897505 0.052182566105 0.526047550736 0
-0.464781842147 0.045161390376 0.369721471254 0
-0.846924276000 0.050838469159 0.568479115183 0
-0.623835389845 1.008650210480 0.416578519879 0
-0.521263607346 0.937034409222 0.328593940543 0
-0.753539349735 0.898353136714 0.463361556280 0
-0.629989579529 0.884500944467 0.401453860167 0
-0.630740183947 0.763630455761 0.379331448583 0
-0.577802662486 0.572295161141 0.370199195834 0
-0.663621210054 0.578367231343 0.422378695413 0
-0.627018518519 0.641003703704 0.373774074074 0
-0.501708089580 0.765180456852 0.282750715561 0
-0.794680423995 0.741430491284 0.409975960617 0
-0.482740197064 0.655613131107 0.286370278571 0
-0.798344426787 0.642609525939 0.453291933671 0
-0.454793246734 0.558310472889 0.296501541219 0
-0.806056236784 0.553257610616 0.501705183593 0
-0.512553057030 0.308389411081 0.372631495993 0
-0.681633381267 0.318577409277 0.512388667280 0
-0.478050513247 0.025044724947 0.334293229435 0
-0.801823178780 0.050948981145 0.502359583236 0
-0.464477939994 0.044531797799 0.369668345718 0
-0.775671395302 0.052447894336 0.540351060235 0
-0.607536501479 1.011131590696 0.408941790798 0
-0.507848833325 0.938726675950 0.320603680359 0
-0.739782486509 0.900765666821 0.456162943796 0
-0.616411934534 0.886570969810 0.393976053953 0
-0.617527695995 0.765596888436 0.372432615845 0
-0.565636359801 0.574114054956 0.363932648451 0
-0.651115708317 0.580477344276 0.416631631797 0
-0.614714814815 0.642914814815 0.367621111111 0
-0.486123274356 0.766631949576 0.276680955729 0
-0.781884493826 0.744607374105 0.401305537184 0
-0.466580352197 0.657297643463 0.283158976568 0
-0.784441310268 0.645112567584 0.443132894199 0
-0.437863738297 0.560505526528 0.295589561699 0
-0.790880891740 0.554701886104 0.489845688380 0
-0.505867510311 0.308979303389 0.370329534664 0
-0.644452401010 0.318550067766 0.501876497638 0
-0.478179193749 0.025417888976 0.334248619830 0
-0.733641923066 0.048030182950 0.474902616718 0
-0.463499352393 0.043506521614 0.369923025671 0
-0.701814341160 0.050949591593 0.508189204522 0
-0.593281935581 1.013084594979 0.401264884981 0
-0.495228921111 0.939374513344 0.312418567902 0
-0.726549262005 0.903074396484 0.449472473359 0
-0.603469811106 0.888113870641 0.386889542628 0
-0.604847216477 0.766905710326 0.366650953597 0
-0.553764939258 0.575241725551 0.358256319671 0
-0.638949534140 0.581673690386 0.411422172836 0
-0.602618518519 0.644174074074 0.362440000000 0
-0.473582257593 0.766437387497 0.271897302378 0
-0.768777451994 0.747248172145 0.393774230635 0
-0.453233715188 0.657422526821 0.280817954110 0
-0.770816518403 0.647126437394 0.434107369222 0
-0.423342497552 0.561305114219 0.295166213031 0
-0.777026491535 0.555687118969 0.478903541973 0
-0.499189244784 0.309106520057 0.368415944682 0
-0.608557137015 0.319604113418 0.490875454839 0
-0.478003954003 0.025667203989 0.333877820804 0
-0.669876161809 0.048439368470 0.451686250676 0
-0.462317489750 0.041917758201 0.370005565435 0
-0.636864694409 0.056095266750 0.483009486238 0
-0.580814134973 1.014749179053 0.393661716566 0
-0.484190672763 0.938614014780 0.304669350221 0
-0.714745410638 0.903914815450 0.443417503384 0
-0.591979019875 0.888245277032 0.380394724559 0
-0.593259234296 0.766783316368 0.361699444359 0
-0.542224712890 0.574949842092 0.353253304304 0
-0.627154085430 0.581272158224 0.406838967667 0
-0.590822222222 0.644014814815 0.358168148148 0
-0.463260351149 0.765015399031 0.266679315417 0
-0.755927640082 0.747896429033 0.387474554391 0
-0.442432806998 0.656356630610 0.278399661121 0
-0.757752520447 0.647105449733 0.426115593884 0
-0.412135398298 0.560710879683 0.295005051698 0
-0.764273648085 0.554806607492 0.469066304302 0
-0.491981172669 0.308154200064 0.367583135837 0
-0.576556659242 0.320211632394 0.478979714217 0
-0.477697635079 0.025444661306 0.333181309033 0
-0.616094638286 0.049280389863 0.434553457352 0
-0.461137425420 0.039256043405 0.369928618943 0
-0.586380968451 0.064223121084 0.466542947081 0
-0.569781505331 1.015015330163 0.386193011780 0
-0.474725001324 0.937968615966 0.297863701309 0
-0.704246077604 0.904338234861 0.438574911262 0
-0.581898732158 0.888212848082 0.374856069861 0
-0.582843665963 0.766555375404 0.357621993132 0
-0.530964536260 0.574636003319 0.349919542548 0
-0.615712908330 0.580719780187 0.403818470275 0
-0.579392592593 0.643766666667 0.355533703704 0
-0.454952023767 0.763890550238 0.261481605598 0
-0.742969583359 0.747578615691 0.382949032716 0
-0.433959276002 0.655612570027 0.276078337978 0
-0.744351006749 0.646079461012 0.419708995971 0
-0.403792677910 0.560357816507 0.295225194705 0
-0.750503373041 0.552953659945 0.460895999220 0
-0.484436740419 0.307339570778 0.367166379243 0
-0.549161024649 0.320977527779 0.467236086828 0
-0.477248400496 0.025266872205 0.332970529459 0
-0.567318935565 0.050698420652 0.418830534358 0
-0.459970361303 0.036608991192 0.370228888301 0
-0.539611497350 0.068137915840 0.451352476482 0
-0.559734148377 1.015008444697 0.380211268322 0
-0.466508273938 0.936771409189 0.291867534969 0
-0.694751820515 0.903382378551 0.434698300828 0
-0.572906718691 0.887192617471 0.370040319236 0
-0.573324763661 0.765436401736 0.353734541400 0
-0.520053181308 0.573531079464 0.346501683037 0
-0.604696153798 0.579302529075 0.400600212563 0
-0.568381481481 0.642677777778 0.352742962963 0
-0.448072851803 0.762408972530 0.256150922721 0
-0.730065766872 0.745417791572 0.380224078326 0
-0.427370890698 0.654486281658 0.273529146304 0
-0.730399783662 0.643082478439 0.414613811511 0
-0.397194642640 0.559924157926 0.295496504411 0
-0.735437335380 0.549080308532 0.453881659963 0
-0.475078292311 0.306236824438 0.367494839083 0
-0.528074789649 0.320784378478 0.457296926439 0
-0.476803189296 0.025078101487 0.333269363346 0
-0.527477916599 0.050587127023 0.406245190610 0
-0.458993844474 0.034770616972 0.370742580257 0
-0.500544823637 0.069101873331 0.438823212605 0
-0.550521871891 1.013958219518 0.375100124879 0
-0.459554649403 0.934567668572 0.286654619273 0
-0.686435661095 0.900900243905 0.431575572370 0
-0.565096663204 0.884902304436 0.365925703294 0
-0.564761660798 0.763105968292 0.350112086772 0
-0.509447479009 0.571369512443 0.342755604491 0
-0.594242278651 0.576699225160 0.396661350339 0
-0.557848148148 0.640433333333 0.349344074074 0
-0.442147733381 0.759969197147 0.251580789312 0
-0.718571195369 0.741681265487 0.378812414650 0
-0.421165727427 0.652500831169 0.271283245851 0
-0.717252412866 0.638648416788 0.411026922739 0
-0.390698778641 0.558720179092 0.295798688166 0
-0.720755734094 0.543839118963 0.448444577845 0
-0.465408157383 0.304347423198 0.368628640974 0
-0.513004195980 0.318314533723 0.447205490966 0
-0.476740408518 0.024906534261 0.333397743541 0
-0.506907722527 0.045327642613 0.400692314948 0
-0.458619640997 0.034636384418 0.370711647189 0
-0.480945276119 0.062086904162 0.434964656176 0
-0.542956800826 1.011729182240 0.370508251368 0
-0.453752785841 0.933763993979 0.282847559388 0
-0.679002199536 0.899195408245 0.430083037813 0
-0.558223358498 0.883712846175 0.363286678516 0
-0.556961197389 0.761910786783 0.347632562210 0
-0.499241994700 0.570619153056 0.339077774828 0
-0.583973530549 0.575101090771 0.393159864159 0
-0.548011111111 0.639366666667 0.346232962963 0
-0.438332431542 0.758554348536 0.249959973366 0
-0.707812093282 0.738685726304 0.379348843329 0
-0.415837671058 0.651615500097 0.270839377062 0
-0.704471644081 0.635148828542 0.409750057626 0
-0.384711896449 0.558238718875 0.296453382842 0
-0.706230883569 0.539703119936 0.445596972731 0
-0.456794345245 0.303718997074 0.368610397531 0
-0.504494877974 0.315638262781 0.440900514268 0
-0.476759431998 0.025561475194 0.333694642397 0
-0.498457554835 0.039570274279 0.399297049992 0
-0.458552730858 0.035580099666 0.370890109895 0
-0.471659232732 0.048260614239 0.435846232860 0
-0.535984057608 1.010558034364 0.366585512024 0
-0.448353668337 0.932380657329 0.279594015934 0
-0.671939880476 0.896788501943 0.429103132087 0
-0.551740205336 0.881875870457 0.361142530968 0
-0.549513384400 0.760114348484 0.345286239443 0
-0.489569244204 0.569097423853 0.335454872572 0
-0.574065042911 0.573551467237 0.389906822197 0
-0.538455555556 0.637759259259 0.342632962963 0
-0.435286323406 0.756541680022 0.249135863438 0
-0.697741344968 0.735219600607 0.380142933810 0
-0.410841263048 0.650073563347 0.270227572928 0
-0.692179293736 0.631252817721 0.408695574184 0
-0.377837012386 0.557296346671 0.295695941901 0
-0.691809625885 0.535338426286 0.443220027331 0
-0.446924749638 0.302882821655 0.370396318885 0
-0.499538586973 0.312598023755 0.437510316782 0
-0.476102969053 0.026553063445 0.333898509741 0
-0.496533944866 0.035135342167 0.398854650688 0
-0.458801437457 0.035401668479 0.371815772280 0
-0.469853754382 0.040303023934 0.436150459371 0
-0.529479488166 1.008742073256 0.363076785253 0
-0.442586710722 0.930882363435 0.276578697780 0
-0.664762769633 0.894367781246 0.427955894647 0
-0.545045970178 0.879969604303 0.359038754433 0
-0.541938921630 0.758270923859 0.342826342345 0
-0.480345312300 0.567251700487 0.332938022450 0
-0.564509820092 0.572977021508 0.387782800203 0
-0.529081481481 0.636129629630 0.338976296296 0
-0.432113051315 0.754599762749 0.247724795940 0
-0.688278105670 0.731965763741 0.380627888714 0
-0.406316339181 0.648478210520 0.268952769212 0
-0.680472124778 0.627780349216 0.407826191828 0
-0.370807442909 0.556677547822 0.293926635954 0
-0.677489347877 0.531525870007 0.441290523817 0
-0.436331716157 0.302248898082 0.374723068616 0
-0.495789902358 0.310358507330 0.434964087957 0
-0.472165450894 0.028692993347 0.332393043756 0
-0.496645776949 0.031993747769 0.397487118751 0
-0.456482562138 0.036839115452 0.371162197731 0
-0.469710193998 0.036256446960 0.434713703487 0
-0.523348625325 1.006944022941 0.360507804869 0
-0.435930481975 0.931557549935 0.273277135053 0
-0.656931320017 0.894157824054 0.426151140971 0
-0.537581378401 0.880263953344 0.356498118215 0
-0.533827512844 0.758572206964 0.340353277407 0
-0.470801215372 0.567917813341 0.331191193574 0
-0.554804825475 0.573865353553 0.386258548462 0
-0.519977777778 0.636548148148 0.336424444444 0
-0.427798004835 0.754924888403 0.245844195126 0
-0.678309587123 0.731014455141 0.380385025345 0
-0.400800441534 0.649012820248 0.266620297948 0
-0.668731001220 0.626671224286 0.406385457971 0
-0.363387720526 0.557847248318 0.290660855310 0
-0.663711097985 0.530209972080 0.438984377924 0
-0.423613030112 0.304155843608 0.377153901346 0
-0.492137045258 0.309649370798 0.432945257234 0
-0.460195816274 0.033962584106 0.327395879482 0
-0.496365345806 0.030084507457 0.396843613293 0
-0.444361272373 0.043913978648 0.365678990265 0
-0.469363630103 0.033140495049 0.434140840180 0
-0.516848817352 1.007408561196 0.358022031130 0
-0.428931405057 0.934330855585 0.269966131210 0
-0.648952363931 0.896212591943 0.424071118898 0
-0.529894157621 0.882739953111 0.353838481902 0
-0.525735262906 0.761012792234 0.338003629449 0
-0.462198224375 0.570597306350 0.329568387370 0
-0.546186613938 0.576401443251 0.384674246703 0
-0.511729629630 0.638996296296 0.334473703704 0
-0.421826882861 0.757469157559 0.243750371960 0
-0.667739975169 0.732352021882 0.379753337958 0
-0.393529753445 0.651573990590 0.262812563147 0
-0.656699212163 0.628018306185 0.405206411463 0
-0.355050587555 0.560408228813 0.285221072637 0
-0.650863967166 0.531445200124 0.437264794677 0
-0.408399716645 0.308256389728 0.376393979123 0
-0.489567092004 0.310583127741 0.429971463748 0
-0.441318856759 0.040448164920 0.319395453596 0
-0.496193820266 0.029021797114 0.396551066365 0
-0.424128626431 0.052773183875 0.356381254846 0
-0.469328804464 0.031488814178 0.433990345167 0
-0.510088968256 1.010043846729 0.354957963171 0
-0.421689718438 0.937622116166 0.266476344426 0
-0.641064481117 0.899205704833 0.421426221602 0
-0.522160658221 0.885954824426 0.350890508269 0
-0.517387049165 0.764190813840 0.335576408508 0
-0.452442638319 0.574184573469 0.327676144228 0
-0.536555238585 0.579541698011 0.382637630858 0
-0.502411111111 0.642277777778 0.332399629630 0
-0.414184632619 0.760829583712 0.239908042777 0
-0.656957823501 0.734991185911 0.377286444672 0
-0.385495485991 0.654697241391 0.256959137548 0
-0.644764560913 0.630951502457 0.403408279294 0
-0.346731483261 0.563070234782 0.277113634148 0
-0.638588420682 0.534450781752 0.435631122090 0
-0.392840293845 0.312874745106 0.373221793251 0
-0.486978585033 0.312019393755 0.426122767915 0
-0.419972619138 0.044737348656 0.309746205866 0
-0.496313493628 0.028641352059 0.396187898231 0
-0.402292309880 0.054142166178 0.347353594462 0
-0.469541257983 0.031199495806 0.433687473476 0
-0.502699725196 1.013317256076 0.351229024050 0
-0.414002490672 0.940696288179 0.262873977822 0
-0.633174652567 0.902016240230 0.418044815732 0
-0.514208127575 0.888982332523 0.347574432114 0
-0.508778284303 0.767169728933 0.332891138197 0
-0.442563734066 0.577590015011 0.325454869661 0
-0.526897751391 0.582329885657 0.380133023137 0
-0.493000000000 0.645344444444 0.330077037037 0
-0.405318871952 0.764193537921 0.234781729521 0
-0.646599447430 0.737561338351 0.373980242717 0
-0.376908994582 0.657657768791 0.249644091957 0
-0.633997657387 0.633700801442 0.400616034250 0
-0.338220841947 0.565375981197 0.266918558863 0
-0.627444788170 0.537464048747 0.433494254132 0
-0.376376816967 0.317261549114 0.367384022521 0
-0.484204459994 0.313310930729 0.421642898534 0
-0.396642615300 0.046622122070 0.299547039692 0
-0.496746152109 0.028414471819 0.395653114627 0
-0.379084802805 0.052528517929 0.337916263210 0
-0.470069278865 0.031761078799 0.433158574231 0
-0.494523838831 1.016304391803 0.346819269698 0
-0.405368283013 0.943828577355 0.259385868233 0
-0.625084460372 0.904934370669 0.413731628427 0
-0.505723929035 0.892092623360 0.343895070155 0
-0.499669739210 0.770223303624 0.329939351383 0
-0.432422564890 0.581065311756 0.323094257191 0
-0.517045398335 0.585016475110 0.377387513561 0
-0.483348148148 0.648451851852 0.327729259259 0
-0.396020574154 0.767641388828 0.229578227680 0
-0.638016939712 0.740606929534 0.369048639133 0
-0.368179636045 0.660597400490 0.241592709753 0
-0.625005689773 0.636883194811 0.396018545692 0
-0.329777860022 0.567659996122 0.255692161053 0
-0.617813851331 0.541004921947 0.429698040246 0
-0.359416850067 0.321657900635 0.358977856092 0
-0.481462263345 0.314677338203 0.416980146169 0
-0.368348737591 0.048941197464 0.287710417743 0
-0.496947200215 0.028657182456 0.395320139396 0
-0.350306705568 0.055736748697 0.325706011816 0
-0.470305919290 0.033047116660 0.432743200105 0
-0.485609476763 1.019324739960 0.341707961068 0
-0.395996011009 0.946211066401 0.255735087640 0
-0.616651728912 0.907096282829 0.408678408708 0
-0.496719747402 0.894452365215 0.339791233235 0
-0.490049313551 0.772527295768 0.326591534089 0
-0.421943874494 0.583767481916 0.320329555288 0
-0.506915537374 0.586880670750 0.374130279094 0
-0.473340740741 0.650792592593 0.325002962963 0
-0.386510630716 0.770345280496 0.224127281547 0
-0.630369388866 0.743032654622 0.363266095741 0
-0.359243133542 0.662838447371 0.232882022136 0
-0.617191716466 0.639463905049 0.390745991878 0
-0.321126650900 0.569392526569 0.243856736611 0
-0.609378364353 0.543787889239 0.424925087023 0
-0.342138478735 0.325441122696 0.348759521011 0
-0.478137361328 0.315449287196 0.411730885500 0
-0.337526468016 0.050840419440 0.274809394719 0
-0.497132957466 0.028560800272 0.394865963973 0
-0.318684270557 0.059207863269 0.312096350665 0
-0.470439573263 0.034234692907 0.432078663776 0
-0.476187758852 1.021575009043 0.336058435437 0
-0.385813630408 0.947823067455 0.251767880461 0
-0.607613137640 0.908437592128 0.402977451989 0
-0.487019242930 0.896017699931 0.335214256797 0
-0.479751039836 0.774046824932 0.322657840929 0
-0.410918643002 0.585677533880 0.316615644436 0
-0.496336638380 0.587904545255 0.369749435995 0
-0.462788888889 0.652337037037 0.321288148148 0
-0.376272817478 0.772361804965 0.218002235915 0
-0.622364272058 0.744683373725 0.356779113785 0
-0.349245027519 0.664575698131 0.223436828539 0
-0.609274690327 0.641330584372 0.385101285538 0
-0.311213896608 0.570807923399 0.231386719254 0
-0.601590765040 0.545722121484 0.419619435321 0
-0.325477898156 0.328462341750 0.337826398051 0
-0.474208724756 0.315712168991 0.406337012283 0
-0.306373714044 0.051468540284 0.262322276170 0
-0.497238041951 0.028338923270 0.394513254641 0
-0.287485449959 0.059330974787 0.299695732106 0
-0.470526067344 0.035848358496 0.431385922562 0
-0.466481770127 1.023082708880 0.329931391931 0
-0.374848699940 0.948705279343 0.247267305650 0
-0.597629596027 0.909483996239 0.397070292560 0
-0.476480582583 0.897074367227 0.330302714834 0
-0.468751483224 0.775035829048 0.318642734565 0
-0.399336902359 0.587014173250 0.313039748147 0
-0.485049197144 0.588389129547 0.365726609291 0
-0.451622222222 0.653337037037 0.317873703704 0
-0.365071290436 0.773473735772 0.212394552699 0
-0.612757881827 0.745656928797 0.351253773638 0
-0.338073808061 0.665562660829 0.214448062806 0
-0.600551515517 0.642288861075 0.379912608694 0
-0.300090271222 0.571568148754 0.219474325798 0
-0.594107126872 0.546623779118 0.414522195941 0
-0.308846737350 0.330990619927 0.326198098787 0
-0.469577415959 0.315529595453 0.400730661020 0
-0.274396780693 0.051757615173 0.250608693337 0
-0.497530235496 0.028040843971 0.393944353044 0
-0.255958651950 0.059512753964 0.288228539639 0
-0.470769303209 0.037593811479 0.430305158306 0
-0.456047035444 1.024084615892 0.323536988613 0
-0.363371675625 0.948456626017 0.241793817945 0
-0.586737830296 0.909732480137 0.390852776315 0
-0.465253008573 0.897157863083 0.324729339598 0
-0.457152490292 0.775058669852 0.314046163953 0
-0.387190347620 0.587260660267 0.308841455325 0
-0.473127823342 0.587951315763 0.361173726258 0
-0.439674074074 0.653400000000 0.314027037037 0
-0.352844693405 0.773479669135 0.205876583883 0
-0.601218419974 0.745552625324 0.346102197989 0
-0.326057606984 0.665497594302 0.205424290177 0
-0.591029775172 0.641821665383 0.374233339034 0
-0.288345549533 0.571271734536 0.208096159840 0
-0.586449612761 0.545963741472 0.408550695286 0
-0.292235687575 0.332570521816 0.313961799319 0
-0.463834234133 0.314647557016 0.394873424339 0
-0.242249074635 0.051949787643 0.239417764257 0
-0.498066603543 0.027560149978 0.393226409076 0
-0.224372880870 0.059869224142 0.277273857916 0
-0.471152710816 0.039070346431 0.428900946219 0
-0.444096830019 1.023955957732 0.316527382853 0
-0.350628609284 0.947438137245 0.235725316400 0
-0.574436616112 0.909282757376 0.384267279035 0
-0.452688181340 0.896508320376 0.318669076499 0
-0.444334676968 0.774344256279 0.308934725446 0
-0.374005204690 0.586787600578 0.304248794192 0
-0.460084206405 0.586882647385 0.356352438491 0
-0.426759259259 0.652696296296 0.309624444444 0
-0.339469563571 0.772547648497 0.199578488855 0
-0.588949669250 0.744763538755 0.340791717430 0
-0.312777178323 0.664575480745 0.196856611885 0
-0.580930443888 0.640715648731 0.368450535843 0
-0.275346395434 0.570154974416 0.197423515876 0
-0.578568964656 0.544630234357 0.402320027162 0
-0.275277803799 0.333495210729 0.301895590126 0
-0.457743452877 0.313368813218 0.389544130053 0
-0.210488724516 0.051690378936 0.229507974731 0
-0.498508553247 0.027074023490 0.392711896406 0
-0.193036695288 0.060149980302 0.267445046648 0
-0.471403908748 0.040345091147 0.427622236625 0
-0.431409347563 1.023187189156 0.309088677532 0
-0.336028758255 0.945563238429 0.229120606964 0
-0.560156469500 0.908347692355 0.377418765346 0
-0.438250269369 0.895172233883 0.312193943002 0
-0.429936982662 0.772929587656 0.303290523535 0
-0.359445999645 0.585651730405 0.299270473139 0
-0.445605395004 0.585289428475 0.351239893456 0
-0.412603703704 0.651248148148 0.304487037037 0
-0.324447828334 0.770744961340 0.192757816161 0
-0.576226088760 0.743639748319 0.335224133309 0
-0.297646109389 0.662855126081 0.188360957856 0
-0.570208916620 0.639368933934 0.362549442761 0
-0.260419324654 0.568291332512 0.187287502557 0
-0.570107664005 0.543086548649 0.395918087934 0
-0.258128640029 0.333552168694 0.289769123915 0
-0.451338938904 0.311861897051 0.384728645746 0
-0.178987707512 0.050319147288 0.219553941254 0
-0.498751861092 0.026666012354 0.392463686947 0
-0.161549344124 0.058750360796 0.257503614852 0
-0.471441003025 0.041546641905 0.426554723016 0
-0.417638519869 1.021854687497 0.301244568512 0
-0.320103439511 0.942834119474 0.221797814248 0
-0.544493567063 0.906764950553 0.369982352264 0
-0.422484456984 0.893076465297 0.305056284962 0
-0.414304822611 0.770759682536 0.296868825233 0
-0.343663491372 0.583732585395 0.293315117266 0
-0.429778531602 0.583106638114 0.345355499236 0
-0.397188888889 0.649048148148 0.298290370370 0
-0.308589410892 0.767898125968 0.185984048484 0
-0.563623609167 0.742202732077 0.328501703724 0
-0.281751222901 0.660060789697 0.180626658709 0
-0.559444863176 0.637769987553 0.355550207989 0
-0.244839457046 0.565315987816 0.178449314771 0
-0.561255656384 0.541368236227 0.388521190000 0
-0.240670707804 0.332628259790 0.277542476197 0
-0.444516384301 0.310158138088 0.379980591691 0
-0.148644135258 0.047781953948 0.209396393027 0
-0.498795356904 0.026336063927 0.392464587174 0
-0.130943718200 0.055555601726 0.247365133344 0
-0.471230295564 0.042860390920 0.425579974159 0
-0.402439314643 1.019771015225 0.293158859260 0
-0.302550849211 0.939177270276 0.213679756462 0
-0.527184628926 0.904925403569 0.361926328884 0
-0.405169254098 0.890361119119 0.297202904142 0
-0.397412961908 0.767962562491 0.289687814992 0
-0.326852062300 0.581032316907 0.286592103963 0
-0.412807162193 0.580510073746 0.338897375054 0
-0.380566666667 0.646214814815 0.291264074074 0
-0.291916396964 0.764074711269 0.178412168624 0
-0.549996612048 0.740729487284 0.320857594238 0
-0.265127946073 0.656238608366 0.172787680814 0
-0.547222839946 0.636235598631 0.347850464637 0
-0.228390757552 0.561405241039 0.170175873791 0
-0.550474345561 0.539826050021 0.380682980853 0
-0.222683740229 0.330821307563 0.265306346021 0
-0.437246340662 0.308501677189 0.375382217862 0
-0.119385827511 0.045727008474 0.200191273431 0
-0.498363636454 0.026403722965 0.392880158011 0
-0.101846719983 0.053775386541 0.238177625225 0
-0.470572245094 0.044743138773 0.424830419959 0
-0.385166561842 1.017010797105 0.284708574409 0
-0.283399783537 0.934359731470 0.205056744972 0
-0.508280088005 0.902117239958 0.353380182095 0
-0.386299940635 0.886561039959 0.288821371115 0
-0.379101803877 0.764086435400 0.281967686805 0
-0.309344081123 0.576799753827 0.279821399410 0
-0.394909075363 0.577311781127 0.332762526223 0
-0.362721851852 0.642285185185 0.284101111111 0
-0.274254621586 0.759225632128 0.169529097180 0
-0.534544214485 0.738435664530 0.312320907991 0
-0.247380168366 0.651364594071 0.164877077500 0
-0.532814593586 0.633977600851 0.339538603959 0
-0.210204105573 0.556752269593 0.163150326610 0
-0.537277377262 0.537583034960 0.372298343840 0
-0.204404784069 0.327410992635 0.253313631944 0
-0.429083093078 0.306666180506 0.371493397295 0
-0.092728350468 0.043266369668 0.193202453261 0
-0.497390721713 0.026650451383 0.393521076092 0
-0.075770333131 0.050273784559 0.231656079743 0
-0.469377265641 0.046712255783 0.424217739226 0
-0.365544143256 1.013054211714 0.276005410380 0
-0.262092608076 0.927766566055 0.194726785188 0
-0.486835362922 0.897921853147 0.343758858421 0
-0.365104451706 0.881169095506 0.279029250419 0
-0.358835524910 0.758593838762 0.273115796221 0
-0.291005438552 0.570661921945 0.272478747294 0
-0.375848263318 0.572529883945 0.326539815755 0
-0.343747407407 0.636662962963 0.276720370370 0
-0.254705657743 0.752458802552 0.159649420440 0
-0.515904017639 0.734639026734 0.303002774513 0
-0.227473647094 0.644631491729 0.156555928843 0
-0.515645525199 0.630158534435 0.330188092986 0
-0.189694264846 0.550308843474 0.156469122929 0
-0.521507868987 0.533694524973 0.362598135357 0
-0.186295286629 0.321780927694 0.240797415317 0
-0.419315639768 0.303513037830 0.367252328415 0
-0.070571189117 0.039424645810 0.188670131029 0
-0.497072889031 0.026447636409 0.393672369118 0
-0.058762382592 0.051063999588 0.227918534018 0
-0.468400692974 0.047075713562 0.423369211554 0
-0.344067767827 1.007585990301 0.266035271804 0
-0.239061042019 0.921520251193 0.183175387813 0
-0.463280928484 0.893830301737 0.333406146346 0
-0.341965982070 0.875989378687 0.268188226818 0
-0.336867898439 0.753314052452 0.263110652032 0
-0.271757582561 0.564724022673 0.263793294117 0
-0.355782261356 0.567734790141 0.319066994483 0
-0.323879629630 0.631200000000 0.268274444444 0
-0.232108415230 0.745485403209 0.151851375086 0
-0.494254606458 0.730694727283 0.293471924370 0
-0.205394420503 0.637502220513 0.149882671422 0
-0.496586326608 0.626167725589 0.320378254994 0
-0.167775217774 0.543188551879 0.151034559058 0
-0.504493450109 0.529696192363 0.352430869720 0
-0.168025785503 0.315745261885 0.229749748961 0
-0.408535082465 0.300700761375 0.361809857542 0
-0.055247556353 0.035647660861 0.186692144055 0
-0.496739318496 0.026787181585 0.393473855251 0
-0.051273525129 0.054784141679 0.224551908751 0
-0.467153933768 0.047300008433 0.422343281806 0
-0.321113483696 1.002402134126 0.255169730399 0
-0.214901960736 0.916676971238 0.171219981473 0
-0.438683648342 0.890686831993 0.322404770890 0
-0.317739879993 0.871963609528 0.256746278490 0
-0.313817850264 0.749213412634 0.251996968540 0
-0.251472716623 0.560006457356 0.253600284548 0
-0.335277735976 0.564065886307 0.309139757784 0
-0.303069259259 0.626911111111 0.257772592593 0
-0.207040488338 0.740275304140 0.142263987376 0
-0.473482345990 0.728282833201 0.282638978019 0
-0.181262177719 0.632047805648 0.142674262040 0
-0.478453944870 0.623885911567 0.309691659728 0
-0.144661416854 0.537307481982 0.145321416931 0
-0.488686557943 0.527676669052 0.341893445598 0
-0.148614535316 0.309961533071 0.225185457635 0
-0.397375976602 0.299625384949 0.355313503023 0
-0.046296015362 0.032189137893 0.185432040302 0
-0.495856946189 0.027609823199 0.393164225478 0
-0.045695903929 0.054762706940 0.221562822909 0
-0.465299398423 0.048067315711 0.421043287856 0
-0.297864364617 0.998519327009 0.243719153223 0
-0.188260022690 0.913239104400 0.159124832440 0
-0.412014021795 0.888956147813 0.310634097836 0
-0.291250410365 0.869359242629 0.244898998780 0
-0.288507351499 0.746537875481 0.240292202758 0
-0.229071229314 0.556739969736 0.242372680491 0
-0.313127322180 0.561805732102 0.297448125320 0
-0.280222222222 0.624029629630 0.245767037037 0
-0.178724587991 0.736415871680 0.133426187481 0
-0.449543116169 0.727343701741 0.270133347049 0
-0.153913459334 0.627983299445 0.135586332573 0
-0.456577536683 0.623108512000 0.297351425183 0
-0.118885592952 0.532542925202 0.139381616250 0
-0.468960823336 0.527237896079 0.329743438618 0
-0.129072738688 0.304465338050 0.226017739600 0
-0.385610390020 0.300572295494 0.346644481599 0
-0.043210251038 0.027585455980 0.185042169673 0
-0.494649558111 0.028200329579 0.392135648823 0
-0.042552040345 0.051701462467 0.220161175850 0
-0.463065819688 0.047842143514 0.419451970996 0
-0.273784859616 0.996264298568 0.231632460952 0
-0.162123399719 0.911973920050 0.146911196618 0
-0.386693234974 0.889183748677 0.297442152833 0
-0.265716356575 0.868829779078 0.232332225782 0
-0.264221389396 0.745947054231 0.228004500167 0
-0.208350050370 0.555632176949 0.231216833702 0
-0.292917002203 0.561620896019 0.285410553090 0
-0.259090000000 0.623274074074 0.233640740741 0
-0.150197409286 0.734718106290 0.125558263852 0
-0.422515155134 0.727304204837 0.256464966662 0
-0.127578782233 0.625835976233 0.128868931206 0
-0.431920109358 0.623107684219 0.283109169727 0
-0.094702942472 0.529639994523 0.133674518750 0
-0.446416879595 0.527370292226 0.315017080232 0
-0.111810492269 0.301536416035 0.226203848740 0
-0.371986437213 0.302918726539 0.337738336815 0
-0.041976503933 0.023560470549 0.185043550349 0
-0.493092476544 0.029541488739 0.389165681929 0
-0.039390909963 0.046456433849 0.220882763140 0
-0.461020258017 0.046212990201 0.417852764077 0
-0.249466931269 0.996006821944 0.220023883304 0
-0.138906192398 0.914360272241 0.135989991958 0
-0.365467516873 0.892581515877 0.283659296893 0
-0.243736285510 0.871707955696 0.220139271845 0
-0.242931493921 0.748800957256 0.215844980899 0
-0.189178751057 0.558088534352 0.219945264183 0
-0.274410412264 0.564959487946 0.272980603760 0
-0.239518518519 0.626059259259 0.221261481481 0
-0.124531057480 0.736931666727 0.117817321855 0
-0.398563428503 0.730253451799 0.242167289106 0
-0.104077853849 0.627650218947 0.121954070086 0
-0.409977307509 0.626159219559 0.268423637105 0
-0.073326016771 0.530816550781 0.128138572271 0
-0.426086071191 0.530450678787 0.299751160373 0
-0.098234932397 0.301914931799 0.223684142866 0
-0.352228822904 0.307848127346 0.334258888755 0
-0.041890986963 0.022407092607 0.185138484656 0
-0.487142047410 0.034334937110 0.383773388450 0
-0.037767666764 0.044449844579 0.221366580398 0
-0.457273232441 0.043785464375 0.417656367527 0
-0.226396788788 0.998840738746 0.209001700323 0
-0.117915002518 0.919147176249 0.126197576261 0
-0.347471939592 0.897978458844 0.269257247872 0
-0.224523411510 0.876789799030 0.208235186912 0
-0.224035351411 0.753873720282 0.203990321369 0
-0.171522933119 0.562896193466 0.209232062085 0
-0.257488822031 0.570440193995 0.260975151663 0
-0.221542962963 0.631114814815 0.209477777778 0
-0.101306671397 0.741760690362 0.109584374906 0
-0.379356591898 0.735657178967 0.226801417759 0
-0.082137984401 0.632264871300 0.114178730204 0
-0.390751692091 0.631681023275 0.253529537199 0
-0.053013389822 0.535064886279 0.122350558420 0
-0.406787458036 0.535875002980 0.284749784710 0
-0.088721641272 0.304143137804 0.219255747293 0
-0.326354104532 0.314034690850 0.334668949364 0
-0.042198529991 0.022898874919 0.184333269735 0
-0.470901784481 0.044276565542 0.375916458414 0
-0.036998692048 0.044605461625 0.220625767363 0
-0.445133067137 0.048648255351 0.413947713706 0
-0.205166910581 1.003707361745 0.198258349280 0
-0.098834845450 0.924486142414 0.117892664725 0
-0.331730979888 0.903997549731 0.255552316513 0
-0.207447595610 0.882450730887 0.197428596947 0
-0.207352716777 0.759529366630 0.193260972412 0
-0.156314579952 0.568277552748 0.200030193234 0
-0.243164177605 0.576529373632 0.250164494457 0
-0.205949629630 0.636770370370 0.199060740741 0
-0.081360963291 0.747213556336 0.100954714294 0
-0.362905721872 0.742397722924 0.209934799019 0
-0.062601692561 0.637774245967 0.107955297232 0
-0.372179163552 0.638449419540 0.237575984461 0
-0.034278337157 0.540663319554 0.119363697026 0
-0.386381842282 0.542446392111 0.269164097047 0
-0.081263960622 0.307335243765 0.213675263110 0
-0.298309887856 0.320511881233 0.335785632167 0
-0.042374004521 0.024126508354 0.183121409183 0
-0.439942661733 0.053658518391 0.360021902156 0
-0.036236765426 0.045389914911 0.219529669825 0
-0.415809776995 0.056805901502 0.399229206299 0
-0.185899629842 1.009026795587 0.187924581111 0
-0.082095462792 0.928562390706 0.110033603396 0
-0.317546442082 0.909620916565 0.243505055420 0
-0.192354819915 0.887279755585 0.187675654104 0
-0.192893636876 0.764352021794 0.183797750947 0
-0.143092371984 0.572878635447 0.192023817983 0
-0.230661783761 0.581712620880 0.240788068638 0
-0.192366296296 0.641611111111 0.190081851852 0
-0.063234730759 0.751613849357 0.091290951537 0
-0.346994527677 0.748523490490 0.195051407147 0
-0.043730946848 0.642571576925 0.101647895569 0
-0.355258959946 0.644578031657 0.223021433549 0
-0.015009076524 0.546049299845 0.116539191620 0
-0.368328655077 0.548462758560 0.254819124938 0
-0.074583427479 0.310283232331 0.208143706204 0
-0.269822799985 0.325190954039 0.333416542910 0
-0.042308825041 0.025702358267 0.181616447351 0
-0.398227341580 0.057299175758 0.338766765008 0
-0.035398412517 0.046174067651 0.218338578536 0
-0.372844834513 0.059118513251 0.377262650380 0
-0.169462504989 1.013591075774 0.178057753936 0
-0.066512576013 0.930631373690 0.102536662211 0
-0.304316703094 0.914537929241 0.232154445660 0
-0.178455631326 0.890735289860 0.178475615959 0
-0.180030622705 0.767811592646 0.175172321807 0
-0.131239559194 0.576141622540 0.185024211656 0
-0.219150329000 0.585557647781 0.233059910260 0
-0.180129629630 0.645129629630 0.182522222222 0
-0.045685633044 0.754048160803 0.082476555770 0
-0.331446029373 0.753962567271 0.180706615307 0
-0.025714450442 0.645472724487 0.096275379920 0
-0.339724694324 0.649975147017 0.208515997990 0
0.004030081598 0.549915454196 0.114332635614 0
-0.352937241049 0.553819664823 0.240116702219 0
-0.068352233612 0.312270481533 0.203103958215 0
-0.240021352350 0.327736005262 0.327977695893 0
-0.041783942478 0.027175681519 0.180194846497 0
-0.347879861477 0.056398183043 0.313715995174 0
-0.034496025128 0.047803756927 0.216756142573 0
-0.319402075178 0.061293658959 0.349696056979 0
-0.154927974150 1.016922657879 0.168878956135 0
-0.052779492643 0.932176597923 0.095384181549 0
-0.292467800986 0.917862113581 0.221698004935 0
-0.165982528433 0.893187715750 0.169913434791 0
-0.168115802761 0.770267456647 0.167403418292 0
-0.120399395805 0.578404118055 0.178761701077 0
-0.208371926815 0.588352921137 0.226576431280 0
-0.168876296296 0.647677777778 0.176117037037 0
-0.030310894452 0.755754511727 0.075681133691 0
-0.317566631475 0.757237806189 0.169379680734 0
-0.009635477028 0.647781350452 0.092775127148 0
-0.326337587008 0.652914773296 0.195743610199 0
0.021623183373 0.553526231632 0.113919268575 0
-0.340231524501 0.556600844926 0.226415227483 0
-0.061780786140 0.313681663900 0.198650212283 0
-0.210548524760 0.328720352874 0.318789103486 0
-0.040717870478 0.028892680378 0.179003120539 0
-0.296697366712 0.055520925366 0.287917629097 0
-0.033231027575 0.050898645564 0.214710882785 0
-0.266570858940 0.061920447309 0.322282647543 0
-0.142131946641 1.019332499735 0.160572695364 0
-0.040448206823 0.932955201939 0.088288778511 0
-0.281509775239 0.919898503229 0.212100791047 0
-0.154512653395 0.894665685266 0.161861088350 0
-0.156917393079 0.771746020924 0.160443225826 0
-0.109755753017 0.579983383729 0.172815807490 0
-0.197699336547 0.589667308374 0.220738046991 0
-0.158239259259 0.649266666667 0.170575185185 0
-0.017464259089 0.756375758205 0.070703594570 0
-0.305638425236 0.759231134242 0.159459255577 0
0.004001222700 0.649070278982 0.090769692197 0
-0.314619200841 0.654647026795 0.184693988958 0
0.036141350618 0.555844517645 0.114714879390 0
-0.328898693747 0.558121778543 0.214438298449 0
-0.054741205119 0.314652698384 0.194786218160 0
-0.182847514076 0.328705553215 0.307889471016 0
-0.039076212948 0.031088713550 0.178108297629 0
-0.246235096492 0.054998492060 0.265779696324 0
-0.031648656497 0.055647756260 0.212123653447 0
-0.216684255621 0.065915234410 0.299500422661 0
-0.130347374876 1.020757139597 0.152677309536 0
-0.029450991532 0.933112319612 0.081576410196 0
-0.271429453436 0.920535613708 0.203637141145 0
-0.144063685588 0.895106581391 0.154440420911 0
-0.146525146391 0.772206544248 0.153882307807 0
-0.099445288121 0.580632350258 0.166689162986 0
-0.187372175783 0.589489034959 0.214801686112 0
-0.148055555556 0.649851851852 0.165445555556 0
-0.006532181399 0.756278339360 0.066667618585 0
-0.295145423834 0.759732264087 0.151223765343 0
0.015572196908 0.649737690077 0.089870367641 0
-0.304526321084 0.654867592879 0.175112698532 0
0.047744515597 0.557113619669 0.116405390874 0
-0.319110557777 0.558021690496 0.203648798226 0
-0.047423038116 0.314978003636 0.191811376987 0
-0.158207195183 0.327766342380 0.295842546747 0
-0.036995284887 0.033363714844 0.177015342422 0
-0.202441950037 0.053877978540 0.248280513088 0
-0.029637676862 0.060833301547 0.208743043499 0
-0.176403678396 0.070721033439 0.282454110441 0
-0.119050644216 1.020999297176 0.145023840247 0
-0.019703011926 0.932198427443 0.075314116430 0
-0.262034165867 0.919515095793 0.196662031636 0
-0.134518853288 0.894136365541 0.147828058883 0
-0.137118195077 0.771265181015 0.147631027599 0
-0.090100927375 0.580059015893 0.160540098523 0
-0.178147501864 0.587728366230 0.208637656731 0
-0.139099259259 0.649014814815 0.160215555556 0
0.002289409858 0.755014925370 0.063476022217 0
-0.286618974761 0.758820283555 0.144316153523 0
0.024795384242 0.649104924682 0.089057928420 0
-0.295779990662 0.653698829018 0.167138011762 0
0.057071409400 0.557090236986 0.117667473422 0
-0.310197446770 0.556364638856 0.194179222168 0
-0.039499404131 0.314571290490 0.189958213976 0
-0.139629629046 0.325165140997 0.282758579721 0
-0.034547884553 0.035421735200 0.175571565400 0
-0.166459679777 0.052481899440 0.230317932027 0
-0.027134327805 0.065255076784 0.205073607894 0
-0.144000901565 0.071168273838 0.266038199908 0
-0.108165791174 1.019660552653 0.137549181370 0
-0.011740306954 0.931118865539 0.069314285029 0
-0.253484473635 0.918253763535 0.191808442534 0
-0.126222059665 0.892932600771 0.142289673436 0
-0.128935715402 0.770079130634 0.142000186098 0
-0.081378908709 0.579244296109 0.154394439721 0
-0.169817099696 0.585594761828 0.201962825017 0
-0.130889629630 0.647833333333 0.154671111111 0
0.009344109299 0.753703353299 0.059466244356 0
-0.278588235969 0.757301993421 0.140508780956 0
0.031886641942 0.648381797044 0.087342489867 0
-0.287090747630 0.651729883071 0.161425722448 0
0.064390350767 0.557091846742 0.117859332344 0
-0.300922357579 0.553670432532 0.186176522831 0
-0.031880494535 0.314081798497 0.188282916606 0
-0.124268913427 0.322025542036 0.268096130562 0
-0.032976001076 0.037248608932 0.173756595355 0
-0.135234286097 0.050912234133 0.212420096877 0
-0.025498705809 0.068503444324 0.201731314749 0
-0.115472446077 0.071179156943 0.248865074079 0
-0.098650456126 1.018055304430 0.130689532676 0
-0.005776216346 0.929336488873 0.063815813295 0
-0.246329859476 0.916129412672 0.188595978033 0
-0.119574861521 0.890924081352 0.137734857788 0
-0.122114140417 0.768075434641 0.136982026858 0
-0.072756358587 0.577579580573 0.148683551734 0
-0.161973429816 0.582615152416 0.194936665542 0
-0.122844074074 0.645748148148 0.149017037037 0
0.014466062787 0.751823251617 0.053961817573 0
-0.271019282194 0.754843564900 0.138151610872 0
0.037199469584 0.647086996271 0.083817974141 0
-0.278533486200 0.648967769985 0.157878101161 0
0.069434822352 0.556195549575 0.116016974102 0
-0.291317105595 0.550337843876 0.181026476141 0
-0.024933444279 0.312853077415 0.187958472537 0
-0.112327827017 0.317776216581 0.252492179481 0
-0.031764158165 0.038204266828 0.172424941326 0
-0.111001779702 0.046954160580 0.196240352340 0
-0.024283463022 0.070539232101 0.199142890836 0
-0.090693238295 0.064098834928 0.233964855410 0
-0.091001376265 1.015691436323 0.124874037954 0
-0.000203881434 0.929307898004 0.060154719397 0
-0.240302655846 0.914807826011 0.185665268894 0
-0.113669783440 0.890190420660 0.134215382924 0
-0.115589050751 0.767331160530 0.132480417824 0
-0.063911130399 0.577103472502 0.142731022439 0
-0.153939932904 0.580955094230 0.187501247467 0
-0.114566666667 0.644851851852 0.142864444444 0
0.018588043090 0.751640862418 0.050200396913 0
-0.265510828453 0.753748550179 0.134755700379 0
0.041995488929 0.647203225802 0.080577239919 0
-0.271156678137 0.647843898340 0.154945072084 0
0.074440458965 0.556536441037 0.113356154103 0
-0.282111753866 0.549043549493 0.178364962589 0
-0.018604846374 0.312804865674 0.187488804645 0
-0.102558813512 0.315123603231 0.238595121459 0
-0.031280935125 0.038666520489 0.171912953365 0
-0.097046324171 0.042408256840 0.187831971638 0
-0.023505698783 0.070631599469 0.198989493592 0
-0.075465251172 0.052987805233 0.227225439224 0
-0.084715868344 1.014856496166 0.120838522099 0
0.004954827962 0.929488135504 0.057488719461 0
-0.234858625850 0.913376475754 0.183347741336 0
-0.108259249462 0.889498298754 0.131468821269 0
-0.109467212768 0.766637712695 0.128418827928 0
-0.055463390681 0.576646454848 0.136754433202 0
-0.146148655735 0.579575304594 0.180251534953 0
-0.106622962963 0.644014814815 0.136539259259 0
0.021505930172 0.751575852779 0.047945074013 0
-0.261078915945 0.752607682662 0.132032850523 0
0.045883434071 0.647042519765 0.077209397789 0
-0.264471576994 0.646831347337 0.153366822632 0
0.079384472895 0.556404912687 0.108914739176 0
-0.273235481562 0.548196318636 0.178281906032 0
-0.011514390313 0.313303643441 0.188025487977 0
-0.096507492805 0.312586326089 0.226830771702 0
-0.029604356949 0.040507938952 0.172052871168 0
-0.094284940317 0.037424427059 0.183242402901 0
-0.021407007650 0.072623815132 0.198824751317 0
-0.071799960701 0.043368115064 0.223099812614 0
-0.079414781946 1.014230820859 0.118031061333 0
0.009416412940 0.930305872858 0.055533512417 0
-0.230300784656 0.912226741757 0.181308636318 0
-0.103613093801 0.889277346834 0.129226527636 0
-0.103825781562 0.766439004819 0.124751147626 0
-0.047292545371 0.576611341650 0.130975857402 0
-0.138375292416 0.579080154861 0.173663460656 0
-0.098752592593 0.643748148148 0.130378518519 0
0.024115620324 0.752223327193 0.046134537517 0
-0.256513802121 0.751462953491 0.129974353797 0
0.049207610836 0.647295759762 0.073309501342 0
-0.258320227574 0.645871563945 0.152390350554 0
0.083598493742 0.556294156326 0.102892743904 0
-0.265394214743 0.547512386587 0.178817573125 0
-0.004422353588 0.314534853385 0.189180092353 0
-0.094788672972 0.311040048644 0.220264888323 0
-0.027438536836 0.043679776936 0.171655242402 0
-0.094970434352 0.034057422332 0.181469634257 0
-0.018866184002 0.075784012260 0.198323434059 0
-0.072961002013 0.040293397457 0.221547213360 0
-0.074487469501 1.013983187349 0.115968863048 0
0.013141379273 0.930958409125 0.053974400885 0
-0.226573744817 0.910502780833 0.179388906229 0
-0.099718644504 0.888690806005 0.127225575575 0
-0.098569492080 0.765922928338 0.121141449181 0
-0.039444481657 0.575978628862 0.125291605411 0
-0.130725149674 0.579002002844 0.167518281525 0
-0.090666296296 0.643288888889 0.124067407407 0
0.026611568536 0.752800468836 0.044171196801 0
-0.252154631344 0.749294273633 0.129141897214 0
0.052031688040 0.647407347740 0.069150960684 0
-0.253032328896 0.643916406962 0.152594327635 0
0.087051621047 0.555906640479 0.096299066485 0
-0.259174842409 0.545884902841 0.180359672650 0
0.005155206682 0.316119565406 0.191577402915 0
-0.094008025727 0.310493813836 0.217239406223 0
-0.022792999065 0.046953065972 0.170881744356 0
-0.095902489293 0.032020984357 0.181716334537 0
-0.013394236423 0.077743102796 0.198792253099 0
-0.074632725938 0.039303682531 0.222016139978 0
-0.069922221631 1.013265945471 0.114222160721 0
