-0.156442881256 1.014787899393 0.035127283336 0
0.177592638257 1.014426816932 0.060759459991 0
0.007397959891 0.996907367525 0.051629973409 0
0.007503704101 0.857348611755 0.071743782001 0
-0.033968418863 0.636073496246 0.044314029460 0
0.043916551126 0.635256786272 0.040605452861 0
0.009432222222 0.714837037037 0.070788888889 0
-0.185442726659 0.817981861880 0.032893495450 0
0.159306054297 0.834459340744 0.154267977282 0
-0.154737642683 0.806273510595 -0.109364756071 0
0.163786958909 0.716153012186 0.205573678886 0
-0.143947313895 0.823069920664 -0.217470185515 0
0.172978472738 0.609071335968 0.243556861708 0
-0.054998567565 0.347177991828 0.008214682956 0
0.076352813861 0.358393003018 -0.027536691888 0
-0.045793057044 0.016698818447 0.022558953576 0
0.089428615286 0.016262150766 -0.001813434952 0
-0.043407348653 0.020596000308 -0.025902765820 0
0.081692838767 0.018066935986 -0.050046290668 0
0.008642590419 1.121780763493 0.034818041083 0
-0.147338705630 1.016348968460 0.036271471636 0
0.187033993414 1.011849593023 0.056557449838 0
0.016516213227 0.996420482524 0.050066196782 0
0.014902521204 0.856778054561 0.069627010676 0
-0.030123247882 0.635717663490 0.042484534027 0
0.047772772025 0.634196431687 0.039261950855 0
0.013806037037 0.714251851852 0.068768148148 0
-0.177235637182 0.819696934143 0.039841923422 0
0.167980465835 0.827986362837 0.141984671006 0
-0.148962569912 0.799170802260 -0.101920587048 0
0.167671588169 0.708099536940 0.189689958668 0
-0.140897847803 0.810555414242 -0.210158488396 0
0.174442682196 0.599930177380 0.224666576459 0
-0.050786432344 0.346932402944 0.005307275596 0
0.079238923294 0.355408562791 -0.021039151865 0
-0.045949458330 0.016988737760 0.023378721140 0
0.089418985120 0.011948882903 -0.002254539061 0
-0.043304567749 0.021298362879 -0.025034598958 0
0.082239827798 0.015784668316 -0.050454687494 0
0.018276959397 1.121506025028 0.034973399366 0
-0.137939299982 1.019594664582 0.036940287814 0
0.196554930243 1.010142355602 0.053099834779 0
0.025764907542 0.997217012892 0.048604188140 0
0.022071538248 0.857505067265 0.067616899595 0
-0.026591690550 0.636803647460 0.040994375104 0
0.051310435998 0.634508185844 0.038449057653 0
0.017877444444 0.715029629630 0.067289259259 0
-0.167976462248 0.823395131676 0.050435079910 0
0.175756256699 0.822684288600 0.129868465997 0
-0.144373609067 0.788280441478 -0.089304540999 0
0.172916749698 0.700836150238 0.172220671106 0
-0.139775506122 0.788763182318 -0.198211606866 0
0.178605604057 0.591572715615 0.203892483589 0
-0.046184110340 0.348052938050 0.002978492275 0
0.081903648842 0.354472491726 -0.016260017063 0
-0.046298546864 0.017613031293 0.024406306966 0
0.089051544808 0.010446843726 -0.003022690409 0
-0.043211528356 0.020581863138 -0.024081570199 0
0.082196174471 0.017051633960 -0.050969416075 0
0.028298773123 1.122485933868 0.035170947226 0
-0.128674883821 1.024273173086 0.038137801971 0
0.205829814710 1.010407834236 0.050435208041 0
0.034846302862 0.999717070440 0.047817303803 0
0.029200984496 0.859984856354 0.066349065025 0
-0.023172925269 0.639761056213 0.040000827490 0
0.054721338698 0.636668192808 0.038155036900 0
0.021853703704 0.717633333333 0.066396666667 0
-0.158440412870 0.829264914491 0.063913558092 0
0.183374210150 0.818496103287 0.114717147906 0
-0.140788685093 0.772711172526 -0.069530769527 0
0.177780033100 0.694398700577 0.149606698257 0
-0.139832868049 0.756607324004 -0.177377774479 0
0.182415868881 0.583323715517 0.173256808184 0
-0.041819071897 0.351270842957 -0.000394228110 0
0.084315444031 0.355764181525 -0.012502073985 0
-0.046924079474 0.020288730021 0.024490543380 0
0.089079188572 0.010723270119 -0.003428054199 0
-0.043429157666 0.022899899421 -0.023990228001 0
0.082548689459 0.019990390929 -0.050977827193 0
0.038759040988 1.125072967854 0.035446688324 0
-0.119754902753 1.028501869690 0.040119862499 0
0.214735052184 1.011465000597 0.048062298860 0
0.043639442906 1.002378150694 0.047583945826 0
0.036410517279 0.862653900225 0.065684074429 0
-0.019675186210 0.642933742157 0.039491717146 0
0.058203139624 0.639170107303 0.038355704948 0
0.025778518519 0.720507407407 0.066034444444 0
-0.147007718274 0.835045327818 0.077675790081 0
0.189975186806 0.815963982627 0.099373462201 0
-0.136381410831 0.754617590432 -0.043715142227 0
0.184606770267 0.689429281677 0.124049168053 0
-0.139623099752 0.718223471441 -0.146998036346 0
0.189196057518 0.576767698494 0.138531183076 0
-0.038348581933 0.355371589077 -0.007041656394 0
0.086479663361 0.357400612854 -0.008070663765 0
-0.047578924751 0.024151043833 0.025850488551 0
0.089442826840 0.009799530408 -0.002947105406 0
-0.043937422302 0.027915739770 -0.022543564825 0
0.082923347639 0.017891289083 -0.050712445256 0
0.048927132821 1.127749990661 0.035874203070 0
-0.111945433602 1.032579042324 0.042196454522 0
0.222403485094 1.011904528565 0.046694476825 0
0.051223421252 1.004660163152 0.047882790655 0
0.042407057705 0.864950651861 0.065454289442 0
-0.015986815562 0.645501805246 0.039086990269 0
0.061885975320 0.641465928714 0.038915973715 0
0.029409185185 0.723000000000 0.065947037037 0
-0.135997611412 0.840971074707 0.090013572078 0
0.195364762558 0.814598469179 0.089188721821 0
-0.132295638448 0.737894738527 -0.013325007908 0
0.194994278168 0.686192928302 0.101862344558 0
-0.139942076349 0.680096475633 -0.107091901729 0
0.202134277614 0.572815695037 0.103155778605 0
-0.035412267367 0.359664268997 -0.016820049885 0
0.089039952325 0.358970009990 -0.003601492647 0
-0.048978409782 0.030214932679 0.030192442768 0
0.089986424306 0.009205382196 -0.002924884376 0
-0.045791969026 0.034635014126 -0.018178285499 0
0.083477693609 0.015649447870 -0.050941738717 0
0.058042294639 1.130007424521 0.036677060037 0
-0.105430635356 1.035288473820 0.043160345057 0
0.228714779160 1.011422297124 0.046917301970 0
0.057476213616 1.005798764803 0.048412872755 0
0.047297581586 0.866116857335 0.065511293859 0
-0.013017099204 0.647227051850 0.038202619309 0
0.064819947494 0.642615238990 0.038986487471 0
0.032612851852 0.724329629630 0.065794814815 0
-0.125926347097 0.845253417924 0.098343681077 0
0.200603946897 0.812583033815 0.080670271038 0
-0.128578978032 0.723001923204 0.018563775179 0
0.200335152538 0.683717397979 0.074165153813 0
-0.140482858535 0.645379995974 -0.060284586581 0
0.207353383362 0.571822498784 0.057030587723 0
-0.033323820831 0.363722513087 -0.028271857014 0
0.091686414838 0.359751218589 -0.001202521022 0
-0.050807735141 0.039791172044 0.038619756795 0
0.090312676254 0.008710901057 -0.002877374245 0
-0.048635316099 0.043188991114 -0.009889554671 0
0.083718898131 0.013532719311 -0.051072602404 0
0.065803853157 1.131091824334 0.037644901500 0
-0.099388846673 1.038596274613 0.043713873909 0
0.234491385161 1.011330062213 0.047886595907 0
0.063202473379 1.007434076532 0.049085417582 0
0.051559316701 0.867787246934 0.065608808588 0
-0.009972065209 0.649395088714 0.036660433921 0
0.067832267416 0.644530337066 0.038479533164 0
0.035510888889 0.726148148148 0.065444074074 0
-0.116193169867 0.849981193827 0.104710294012 0
0.205522223569 0.811209617147 0.071951707329 0
-0.124414629384 0.714577073651 0.050715575379 0
0.202828420553 0.685381636659 0.043512233854 0
-0.139006335268 0.621061586787 -0.009840266691 0
0.208256235879 0.578837722634 0.005917896329 0
-0.031227869983 0.368871165329 -0.041189175053 0
0.093869534031 0.361025886961 0.002475296937 0
-0.053304847922 0.054425710924 0.053437393292 0
0.090878665837 0.008427278679 -0.002872670539 0
-0.052995164831 0.053965355807 0.004763888720 0
0.084248207552 0.011613368368 -0.051198581953 0
0.072799626702 1.132673057113 0.038811813853 0
-0.093924740742 1.042523141439 0.043832872818 0
0.239614203620 1.011643361519 0.049755620749 0
0.068289296233 1.009582913481 0.049950144896 0
0.055131556964 0.869964533105 0.065636514194 0
-0.007022926851 0.652022342774 0.034438365319 0
0.070738987818 0.647040330670 0.037396960946 0
0.038104074074 0.728444444444 0.064628518519 0
-0.106856800650 0.855041528388 0.109116897187 0
0.209858560616 0.810624564206 0.062892564108 0
-0.119707936873 0.712200738488 0.081755339556 0
0.203971721114 0.692315397469 0.011735677117 0
-0.135802629022 0.608000619324 0.040957227727 0
0.207588134691 0.595246933514 -0.045699264272 0
-0.029180755786 0.375317876105 -0.055837385507 0
0.095441810222 0.362678781466 0.007777754204 0
-0.056565050392 0.072901616671 0.070788172002 0
0.091751316728 0.008098527558 -0.002916801729 0
-0.058994634076 0.066361428161 0.022614102886 0
0.085238132909 0.009649785430 -0.051338696509 0
0.078873892036 1.134765546055 0.040109463699 0
-0.090191745653 1.045318777193 0.043956377475 0
0.243050356862 1.011759207141 0.051723199641 0
0.071716414272 1.011061036465 0.050886628330 0
0.057551995990 0.871455379477 0.065765626719 0
-0.004327893478 0.653783603785 0.032159183491 0
0.073381232846 0.648783183474 0.036255106870 0
0.040324444444 0.729974074074 0.063614074074 0
-0.099619760232 0.859046328779 0.113182707337 0
0.212318266523 0.810469565167 0.053856999477 0
-0.116291464485 0.714019057538 0.110644465606 0
0.202706732233 0.704453958742 -0.019061108721 0
-0.133230971145 0.603652804168 0.089428147552 0
0.204547062737 0.621684592291 -0.095079586961 0
-0.027534087193 0.380942804848 -0.068961602965 0
0.096866993628 0.363845647738 0.011596694975 0
-0.057248625811 0.092090608351 0.089051255958 0
0.092552198117 0.007679957619 -0.002999260664 0
-0.061082568431 0.079974487773 0.042062763921 0
0.086194892979 0.007965460269 -0.051465857596 0
0.083550079932 1.136148289566 0.041417442069 0
-0.087044011241 1.046734396682 0.043933489740 0
0.245910468043 1.010895190258 0.053615078719 0
0.074583992573 1.011359543558 0.051736154456 0
0.059499886255 0.871793187378 0.065915170965 0
-0.001935354165 0.654258342360 0.029894906331 0
0.075720561669 0.649461374893 0.035094612571 0
0.042018888889 0.730370370370 0.062501851852 0
-0.093859311217 0.862117366642 0.117748807586 0
0.214566225496 0.809853528985 0.045471164632 0
-0.113644740806 0.718567132586 0.135613993730 0
0.201630759697 0.719167993227 -0.045399888122 0
-0.130736300364 0.605209952011 0.133341344961 0
0.201440045649 0.653106005569 -0.135845146595 0
-0.026310853308 0.384271302791 -0.078358850884 0
0.098639405936 0.364281906959 0.012814236569 0
-0.052643956819 0.108250485267 0.106773957868 0
0.093047933072 0.007347859178 -0.003292064216 0
-0.055302040125 0.094041171578 0.060293339591 0
0.086801848138 0.007503143742 -0.051773711963 0
0.086978606682 1.136426888594 0.042825285434 0
-0.084628994132 1.047532493079 0.043436202797 0
0.248101727136 1.010267536847 0.055202991589 0
0.076794319505 1.011461741310 0.052227568363 0
0.061017456301 0.871948768775 0.065899564899 0
0.000095242460 0.654408607783 0.027754340751 0
0.077703546637 0.650007412388 0.033924406205 0
0.043212962963 0.730603703704 0.061271481481 0
-0.090043890262 0.865050603261 0.122490842332 0
0.216817677238 0.809796015341 0.037911035899 0
-0.111829535521 0.724453047736 0.155278200237 0
0.200615959363 0.735808588855 -0.066549990134 0
-0.128552321015 0.610880054087 0.170748243842 0
0.198092913744 0.687583475348 -0.167123512777 0
-0.025529422153 0.386166586779 -0.084475945606 0
0.100265365273 0.364658674606 0.013526374573 0
-0.045219258814 0.121019381025 0.121130793822 0
0.093576860005 0.007044926791 -0.003339745460 0
-0.045478824537 0.103217746912 0.075826794812 0
0.087336781591 0.006829280912 -0.051821935766 0
0.089638232881 1.136527037044 0.044117894660 0
-0.082647641344 1.048109928884 0.042497100587 0
0.249661010420 1.008157531246 0.057044713555 0
0.078399948360 1.010734387707 0.052627066020 0
0.061634771868 0.871317127611 0.065817785811 0
0.001845839246 0.653623351967 0.025723263184 0
0.079423997483 0.649737137386 0.032580070500 0
0.044127037037 0.729988888889 0.059911481481 0
-0.087417401597 0.868202425899 0.127285879329 0
0.218845520061 0.808384116184 0.032396739344 0
-0.109688049948 0.730356179942 0.169944155139 0
0.199319436179 0.752597348580 -0.082299858289 0
-0.125642532431 0.618670473616 0.198734499747 0
0.194821342936 0.721691722029 -0.189220269699 0
-0.024791792170 0.386192469563 -0.088194260377 0
0.102072439879 0.364370080191 0.012537410161 0
-0.037820704454 0.126595815943 0.128037794294 0
0.093988849644 0.006629339166 -0.003101836717 0
-0.035177416354 0.108634579151 0.082873373798 0
0.087587414465 0.006093404680 -0.051560502200 0
0.091767105482 1.135774022499 0.045327630595 0
-0.081379434271 1.048790970274 0.041633977958 0
0.250426382898 1.005659121903 0.058409272475 0
0.079231357370 1.009875343660 0.052842057225 0
0.061464033844 0.870571629303 0.065649872428 0
0.002985742011 0.652707881509 0.024012909807 0
0.080541485948 0.649220292341 0.031322657404 0
0.044653333333 0.729218518519 0.058627407407 0
-0.086137813944 0.871663142071 0.132086659190 0
0.220356433154 0.806732219908 0.026938329853 0
-0.108737410591 0.735729615117 0.180342563272 0
0.197492196205 0.767871059787 -0.093957401266 0
-0.123930498826 0.625959132703 0.216497890915 0
0.190898278624 0.754675315733 -0.203716256661 0
-0.024560078005 0.385439364685 -0.090069561061 0
0.103665739430 0.363920089348 0.010875638526 0
-0.033647789669 0.127934286482 0.128019431376 0
0.094262891182 0.006357785196 -0.002897915236 0
-0.029359627040 0.110552614547 0.082754577242 0
0.087631420414 0.005912014299 -0.051326550798 0
0.092953270623 1.134903422273 0.046369697120 0
-0.081637954597 1.047992334243 0.042240972051 0
0.250104582177 1.004008070921 0.058025174033 0
0.078905614990 1.008660535893 0.052948228002 0
0.060985291002 0.869371281893 0.065454087958 0
0.003399488859 0.651347419317 0.022807927257 0
0.080946199058 0.648218196900 0.030371313418 0
0.044589629630 0.728014814815 0.057646296296 0
-0.087010409837 0.873482551566 0.137614289693 0
0.220740821705 0.806031281068 0.020481936364 0
-0.109525484679 0.738614384470 0.188809472148 0
0.194944250860 0.780990516140 -0.103438352227 0
-0.124329655771 0.629929907864 0.228304281461 0
0.186507108779 0.780986210769 -0.213535362917 0
-0.024214033814 0.382799161396 -0.088211751081 0
0.104942091894 0.363117513482 0.008216969605 0
-0.033772484798 0.118821788293 0.119293551835 0
0.094210104020 0.006358715413 -0.002972129046 0
-0.029459088265 0.104316258499 0.073029072009 0
0.087264441214 0.006931800653 -0.051355361680 0
0.093126102687 1.133652649003 0.047098147330 0
-0.082655225758 1.046870657991 0.042749915163 0
0.249100579469 1.002538657346 0.057228401744 0
0.077888412233 1.007366666003 0.052802195740 0
0.059921769275 0.868078112640 0.065077529831 0
0.002814986450 0.649870075504 0.022000492684 0
0.080383347400 0.647099262274 0.029481206502 0
0.043689259259 0.726733333333 0.056779259259 0
-0.088627270447 0.874447966872 0.141812256711 0
0.220860339631 0.805326862607 0.015079483439 0
-0.110787812989 0.739701454345 0.193480288545 0
0.192686629671 0.790204545815 -0.109925710460 0
-0.125461316746 0.631018038758 0.233021931529 0
0.182420950969 0.800745939998 -0.218809965229 0
-0.023551036384 0.378903986441 -0.083300285391 0
0.105732141055 0.362297920949 0.005095715979 0
-0.036190803073 0.102564062183 0.102426819993 0
0.094017041811 0.006409236429 -0.003097310792 0
-0.032666308029 0.091464478763 0.055163778826 0
0.086754177587 0.008025724384 -0.051410307268 0
0.092600129207 1.132308346672 0.047360048291 0
-0.084259287575 1.045251366258 0.042528989627 0
0.247469712137 1.000614928679 0.056682658673 0
0.076257550601 1.005602139961 0.052436408217 0
0.058191738032 0.866343319134 0.064672142137 0
0.001333176751 0.647962212538 0.021427329635 0
0.078943989800 0.645499075226 0.028567620827 0
0.042061851852 0.725014814815 0.055957037037 0
-0.090980142456 0.874048749995 0.143638294529 0
0.220776876891 0.803784095423 0.011831236502 0
-0.112250176301 0.738338470955 0.193111556203 0
0.190555424480 0.794025526262 -0.113229448936 0
-0.126799224232 0.628481670682 0.229156620724 0
0.178575937127 0.810684297908 -0.220701075410 0
-0.022864185599 0.373298649817 -0.074387373903 0
0.105988173885 0.361089247006 0.001573561720 0
-0.040837465351 0.082018945996 0.079355128923 0
0.093781041869 0.005890580243 -0.003047920857 0
-0.039055575109 0.074148769337 0.031351972108 0
0.086283101247 0.008060284459 -0.051303294947 0
0.091170242051 1.130513283601 0.047092742659 0
-0.086956437333 1.043366072296 0.041836984672 0
0.244914798357 0.999777959298 0.055923378252 0
0.073686127720 1.004230566117 0.051749193137 0
0.055952826826 0.864963715376 0.064134179448 0
-0.000830506480 0.646395153240 0.021131314264 0
0.076848254862 0.644205324004 0.027589161434 0
0.039939629630 0.723637037037 0.055185925926 0
-0.094677954772 0.872030369420 0.142648949893 0
0.220030800577 0.802836767237 0.010519766409 0
-0.115145599019 0.734769523501 0.188012299794 0
0.188281730294 0.794633127054 -0.114273814050 0
-0.129372797720 0.623663841949 0.220029804298 0
0.175015874818 0.813204517034 -0.221083491040 0
-0.022595304580 0.367454703089 -0.062082634558 0
0.105008360844 0.360083602890 -0.001235715506 0
-0.043115693055 0.060592347928 0.050098063807 0
0.093390265803 0.006257849678 -0.003130355098 0
-0.042109480602 0.059742026896 0.001439227319 0
0.085770361445 0.010107898860 -0.051261655075 0
0.088641079198 1.129113262436 0.046112823237 0
-0.091135432275 1.039882900568 0.041205164287 0
0.241182923588 0.999712083661 0.054904908180 0
0.069911682364 1.002411653033 0.050982991349 0
0.053319002751 0.863051939157 0.063731151598 0
-0.003452668129 0.644280335649 0.021457877483 0
0.074302630263 0.642331439439 0.027008055981 0
0.037481851852 0.721692592593 0.054923333333 0
-0.099983875086 0.866923464776 0.139109892842 0
0.218338360305 0.801954426565 0.012049693413 0
-0.119632785943 0.727808018409 0.178835334083 0
0.185961537277 0.790950412361 -0.112366518963 0
-0.133557614496 0.615154292472 0.204442861987 0
0.171809232098 0.806768696487 -0.219682710654 0
-0.023417969808 0.361597964635 -0.048528594721 0
0.102900072030 0.358569695076 -0.004779933400 0
-0.042700631974 0.045732818739 0.018279930100 0
0.092591891832 0.007148116060 -0.002943413465 0
-0.041345742718 0.052543082085 -0.029898929020 0
0.084829044617 0.013152843220 -0.050830669738 0
0.084899515521 1.127255592286 0.044740254223 0
-0.096602462578 1.033985584588 0.040452725350 0
0.236149221315 0.997592904747 0.054191607300 0
0.064857236741 0.998359163009 0.050321717609 0
0.049709283149 0.858886652823 0.063719878756 0
-0.006374086670 0.639822543650 0.022845413987 0
0.071452607898 0.638081158728 0.027368941034 0
0.034797629630 0.717377777778 0.055682962963 0
-0.104744841926 0.857834023444 0.132555528828 0
0.215236599480 0.798314371366 0.017897491715 0
-0.123192794254 0.716743170755 0.165271612639 0
0.183871087433 0.779857120206 -0.105893765786 0
-0.136965579082 0.602797436696 0.183231823230 0
0.169393599452 0.788696964833 -0.214326321377 0
-0.025250048215 0.354570158612 -0.036153038120 0
0.100991645866 0.355407991681 -0.012283844188 0
-0.041173058702 0.032886029615 -0.008220598482 0
0.091612728352 0.007914268926 -0.002774047030 0
-0.039498450825 0.041253525302 -0.056143438362 0
0.083720126799 0.016546409883 -0.050236672767 0
0.078382549270 1.123385466899 0.043651876729 0
-0.103577834162 1.031004592523 0.039249308473 0
0.229702449957 0.999959654322 0.053296770412 0
0.058421518156 0.997992342713 0.049362400892 0
0.045398534621 0.858372483325 0.063674890269 0
-0.009588571374 0.639020278455 0.024759129435 0
0.068296350364 0.637325190945 0.028158357298 0
0.032012370370 0.716640740741 0.056894074074 0
-0.109963202926 0.850689679719 0.123060742833 0
0.210395870388 0.798908725837 0.027367740634 0
-0.126810844071 0.707518315937 0.146199787284 0
0.181575000631 0.768723267199 -0.094726225036 0
-0.141151398799 0.592820839485 0.154187248496 0
0.167605091679 0.767046384805 -0.203872930061 0
-0.028317436957 0.352484447502 -0.027705045188 0
0.097651149649 0.355362881666 -0.016390149001 0
-0.039122631243 0.026605269550 -0.018834450675 0
0.091362305635 0.010706758190 -0.002876977027 0
-0.037053544822 0.033233886242 -0.067013265520 0
0.083550560621 0.022295377744 -0.049719141743 0
0.069578378897 1.123285619827 0.042239476147 0
-0.112139633364 1.027735641515 0.038575857957 0
0.221731414051 1.003517743185 0.052010300830 0
0.050516669978 0.998066519933 0.048502772618 0
0.040298344240 0.858304479484 0.063961778232 0
-0.013231219214 0.638672675705 0.027491738774 0
0.064694245251 0.636900504971 0.029721201641 0
0.028931148148 0.716322222222 0.058814444444 0
-0.116880315388 0.843396214592 0.113242442578 0
0.204105014980 0.801100429615 0.038479755115 0
-0.131008170323 0.698446952465 0.123606463090 0
0.178827347602 0.754953326110 -0.079334612727 0
-0.145727134773 0.584026559475 0.119423542159 0
0.166319995091 0.738976176596 -0.187672925640 0
-0.032124760695 0.351675742628 -0.022326299520 0
0.093778330623 0.355509084697 -0.018465955179 0
-0.038974010024 0.022337770587 -0.019651561613 0
0.091428857157 0.011946788694 -0.002707087585 0
-0.037136909227 0.024649353970 -0.068238591989 0
0.083424967615 0.024575855528 -0.049246880039 0
0.059605211317 1.123535859048 0.040842503073 0
-0.121834460747 1.023638256218 0.038033486819 0
0.212566659595 1.007659985214 0.050581503681 0
0.041525894666 0.998014507658 0.047661114569 0
0.034603069389 0.858174057758 0.064491495733 0
-0.017522887986 0.638413427002 0.030613091835 0
0.060424482268 0.636482858085 0.031597713530 0
0.025292370370 0.715981481481 0.061244444444 0
-0.125016736997 0.835289400570 0.102011443469 0
0.195799245378 0.804718150562 0.050585077428 0
-0.135826026864 0.689796770291 0.096323598133 0
0.176093832257 0.740518713574 -0.059591462199 0
-0.150391292263 0.577229684118 0.078139510224 0
0.167376973383 0.706977936248 -0.164585883051 0
-0.036308656554 0.351368992653 -0.018971482917 0
0.089514980160 0.355946963738 -0.021339725244 0
-0.039592921280 0.018663488176 -0.018654313937 0
0.091696888241 0.012970016176 -0.001921174950 0
-0.038033455706 0.016543641304 -0.067259788877 0
0.083145748521 0.024897937248 -0.048548533517 0
0.048878636195 1.123576637083 0.039315299649 0
-0.131308142100 1.021087586737 0.035800212110 0
0.203229069844 1.011209149838 0.050771433381 0
0.032411887991 0.998479461505 0.046777363261 0
0.028131287885 0.858686779102 0.065254342550 0
-0.021702798387 0.638955425704 0.034032157092 0
0.056243400440 0.636756695044 0.033820549826 0
0.021842407407 0.716296296296 0.064205555556 0
-0.132442650038 0.829409795372 0.089063092546 0
0.187243386617 0.808659657411 0.064361705398 0
-0.138804404296 0.685644538370 0.064397797910 0
0.174237909413 0.726446883499 -0.034231693308 0
-0.151227991125 0.577325803629 0.029904852788 0
0.169979701659 0.671786436285 -0.131546915202 0
-0.042007789151 0.352489420965 -0.018226602212 0
0.085305894420 0.357684720568 -0.026372655890 0
-0.040691247067 0.017547421415 -0.019794879450 0
0.091852812146 0.016079667485 -0.000944226111 0
-0.039390515176 0.013552396983 -0.068289886968 0
0.083039589443 0.029323282614 -0.047165883615 0
0.037756107343 1.124092024802 0.037559486223 0
-0.141061172904 1.017691648880 0.034019221335 0
0.193535812710 1.015303907362 0.050633163246 0
0.023058791088 0.998794184097 0.045994056255 0
0.022064939115 0.859149016310 0.066289396607 0
-0.025015998614 0.639542783212 0.037787465925 0
0.052904620760 0.637107929679 0.036073502557 0
0.019339444444 0.716648148148 0.067377777778 0
-0.139213385572 0.823215804196 0.075903929282 0
0.178739020525 0.813921909925 0.076955786478 0
-0.140691684047 0.684960655278 0.028993096538 0
0.172404706244 0.713440350329 -0.003741633206 0
-0.149695271760 0.583433817739 -0.022491301763 0
0.172891431173 0.639646521291 -0.087983923717 0
-0.048128599120 0.353623091481 -0.016266026317 0
0.081366021834 0.360724480906 -0.035698047529 0
-0.041493854426 0.016918490113 -0.021015026036 0
0.091953207857 0.021172703724 0.000891781684 0
-0.040178193787 0.012687163102 -0.069489584173 0
0.083398186911 0.035136931947 -0.045166005988 0
0.025694550801 1.124423862570 0.035863354221 0
-0.150345975774 1.014652434694 0.033725382186 0
0.184242526394 1.021918571113 0.049042191104 0
0.014288263175 1.000531290354 0.045215990322 0
0.017298210379 0.861108036041 0.067013217979 0
-0.027524924434 0.641702715517 0.040953366677 0
0.050344785784 0.639115716788 0.037774565960 0
0.017537370370 0.718611111111 0.069982962963 0
-0.145393252967 0.818003775746 0.063446968858 0
0.170093990160 0.822234016545 0.086357496726 0
-0.142440150559 0.690248579818 -0.007173048822 0
0.170591337994 0.706757877475 0.028792274145 0
-0.148043074989 0.599589035581 -0.076186860450 0
0.176746884277 0.616327180771 -0.037290315946 0
-0.052439537482 0.355550257256 -0.011028121688 0
0.077556074887 0.367464025807 -0.050621825603 0
-0.042236882815 0.016406934265 -0.021771304022 0
0.092517874744 0.033540698346 0.002937518854 0
-0.040848805440 0.010886443701 -0.070113990158 0
0.084794644205 0.049126246149 -0.042745631960 0
0.013783162944 1.126080229154 0.034079260670 0
-0.157866811524 1.012906641742 0.033127665740 0
0.176484406516 1.027897865023 0.048006959288 0
0.007057865857 1.002618890818 0.044524437164 0
0.013379296021 0.863471338429 0.067536544452 0
-0.029036374421 0.644271430313 0.043593985935 0
0.048755302594 0.641684305654 0.038876902197 0
0.016605814815 0.721055555556 0.072040740741 0
-0.150322902857 0.814882131652 0.050677027243 0
0.162962588957 0.829988079070 0.094000562305 0
-0.142746948107 0.702851615364 -0.042645350177 0
0.169876491096 0.705123767260 0.062222543275 0
-0.144721015752 0.628527136585 -0.128477278046 0
0.181157821406 0.602429113102 0.017817299267 0
-0.054556376804 0.357452001350 -0.004253554151 0
0.073823877658 0.376282526786 -0.067342115997 0
-0.043140271547 0.015918031396 -0.021867637191 0
0.093120347251 0.050801389146 0.012334303773 0
-0.041744522406 0.009578290558 -0.070109501253 0
0.086513933364 0.064804218170 -0.034031458741 0
0.003189777558 1.127965144308 0.032353398074 0
-0.163512770476 1.011734487141 0.032452886089 0
0.170554424207 1.032224405621 0.047154581044 0
0.001559429956 1.004183099090 0.043855456424 0
0.010350231782 0.865303565275 0.067807761226 0
-0.029805766245 0.646287704873 0.045539141714 0
0.047881781420 0.643869635103 0.039271208875 0
0.016253666667 0.723018518519 0.073452222222 0
-0.153221262981 0.813127738878 0.037748323876 0
0.158687866678 0.836182834521 0.100945116061 0
-0.140585695434 0.723185473332 -0.076567156698 0
0.170921477950 0.707840504833 0.095717682116 0
-0.139487933100 0.669408295554 -0.176122960974 0
0.186557193792 0.598609133046 0.073736534217 0
-0.055839292802 0.358888977185 0.001604311981 0
0.070233765543 0.384922437666 -0.082366594681 0
-0.044089184949 0.015431871907 -0.021883801941 0
0.091517347826 0.070163134800 0.027551744769 0
-0.042828475697 0.008824356421 -0.070093440283 0
0.084963052975 0.076850974069 -0.020425561153 0
-0.006253199106 1.129158328278 0.030661837441 0
-0.168072613453 1.010858556693 0.031682422717 0
0.165668125308 1.036202590168 0.046231182659 0
-0.002908160307 1.005727861576 0.043095258108 0
0.008036766826 0.867123852086 0.067807194152 0
-0.030154591029 0.648251647214 0.046876561757 0
0.047379720563 0.646099747145 0.038858522234 0
0.016293444444 0.724988888889 0.074120000000 0
-0.155319697260 0.812447988113 0.024667677695 0
0.156828643856 0.842218518265 0.107538424156 0
-0.137926559375 0.748472393034 -0.105416524983 0
0.172787065319 0.715703682786 0.127237817250 0
-0.135252015741 0.718373663101 -0.213609340978 0
0.192306219008 0.604870604107 0.127059621496 0
-0.056402086427 0.360226368016 0.007398086953 0
0.065353204466 0.392935440158 -0.095058635191 0
-0.045359126068 0.014817909663 -0.021857034724 0
0.088468647962 0.090409720664 0.041952078776 0
-0.044375744982 0.007674143939 -0.069996596944 0
0.081254154689 0.090527184448 -0.006395052965 0
-0.014251147529 1.130246593363 0.029090745554 0
-0.171940158767 1.009443776028 0.031341353133 0
0.161428785417 1.039805917829 0.044763519722 0
-0.006684237630 1.006816455456 0.042270723778 0
0.006379677413 0.868490188480 0.067465904548 0
-0.030351392881 0.649705287014 0.047220013704 0
0.047018509405 0.647814693664 0.037690429097 0
0.016393629630 0.726477777778 0.073849259259 0
-0.157181705450 0.812073009946 0.011202683981 0
0.156898851819 0.848690169366 0.114911825728 0
-0.135919428016 0.773688975624 -0.128052043999 0
0.172444965112 0.725788501962 0.150998380159 0
-0.132390473195 0.766112107838 -0.239103575580 0
0.193832752726 0.616305564151 0.166713496003 0
-0.056827622015 0.361152452781 0.011973544491 0
0.060170766697 0.398711496827 -0.104167362238 0
-0.046550668170 0.014192709921 -0.022105617042 0
0.085632154484 0.106522156844 0.054636860519 0
-0.045937281652 0.007060279112 -0.070252995637 0
0.077186078566 0.104509857478 0.006531535331 0
-0.020836487893 1.130889550540 0.027708135301 0
-0.175401529600 1.007958436446 0.031506682730 0
0.157493185937 1.043848804568 0.042902164322 0
-0.010065012552 1.008088956281 0.041491297008 0
0.005215133412 0.870058689523 0.067000988416 0
-0.030339717982 0.651212150702 0.047401225406 0
0.046874997311 0.649654340959 0.036633213669 0
0.016506925926 0.728148148148 0.073371851852 0
-0.158043330128 0.812575767107 -0.001703295838 0
0.157437911580 0.857159820157 0.124227157336 0
-0.134481232515 0.797817612537 -0.145036202831 0
0.172887953857 0.737419358912 0.169749229286 0
-0.130529024753 0.810342388631 -0.254696642328 0
0.195663882819 0.630103213137 0.197005628225 0
-0.056797059152 0.362218330248 0.015958845055 0
0.055738355358 0.401666880086 -0.107494082990 0
-0.047298596681 0.013394555023 -0.022161385981 0
0.081501704958 0.115709501541 0.064124074375 0
-0.046803323283 0.004992409531 -0.070104858250 0
0.070649393877 0.112001002360 0.016605843804 0
-0.025785559165 1.131858007703 0.026541325278 0
-0.177638007658 1.006679844445 0.032498147825 0
0.154946109610 1.046165837689 0.040593111435 0
-0.012224031203 1.008608349721 0.040886871687 0
0.004607735405 0.870789661974 0.066492647680 0
-0.030077136137 0.651737056581 0.047387730718 0
0.047013438121 0.650558606766 0.035719666509 0
0.016677370370 0.728940740741 0.072722222222 0
-0.157766181849 0.814123414252 -0.013390074778 0
0.158080163078 0.865592936497 0.134668291521 0
-0.133050651691 0.819378649744 -0.157191406018 0
0.175724212946 0.749942334049 0.189095918309 0
-0.129273942919 0.846779632938 -0.263931646249 0
0.201300404266 0.646103532043 0.226301916955 0
-0.056514514432 0.362571980678 0.017543696945 0
0.052323289752 0.401759438273 -0.107178187713 0
-0.047421516931 0.012923575999 -0.021967490069 0
0.079609005155 0.117777322535 0.069929377245 0
-0.046892518332 0.003653648543 -0.069750400019 0
0.066072815969 0.109018379792 0.023782217387 0
-0.029142686488 1.132135578431 0.025743748749 0
-0.179025028143 1.004494776925 0.032964966616 0
0.153324621424 1.046214186296 0.039294932780 0
-0.013586327680 1.007538471123 0.040491303174 0
0.004209247530 0.869838020299 0.065988009921 0
-0.029716458704 0.650530609627 0.047101734275 0
0.047288527202 0.649670706409 0.034855027867 0
0.016870629630 0.728025925926 0.071847407407 0
-0.157343464570 0.814803373614 -0.022942801668 0
0.158402938103 0.872880178732 0.146047295592 0
-0.131562431338 0.835341171298 -0.165177941452 0
0.179501161832 0.762042016123 0.208645279305 0
-0.128114411239 0.874440530536 -0.267611149619 0
0.208492190070 0.662091139722 0.253157250756 0
-0.057715302023 0.361843001462 0.014214470631 0
0.050468806988 0.397109758080 -0.101350224263 0
-0.046706852244 0.012506894904 -0.021861657253 0
0.079169355409 0.110269094525 0.070931493964 0
-0.045881833420 0.002251716603 -0.069438632144 0
0.063522233628 0.098512059064 0.026138106554 0
-0.031379182139 1.130897653249 0.025337249132 0
-0.179475922860 1.003279443642 0.033665329571 0
0.152858905719 1.045377635271 0.037928090673 0
-0.013997144323 1.006511489287 0.040161571735 0
0.004079486148 0.868810972791 0.065322550289 0
-0.029616579004 0.649222839052 0.046389615613 0
0.047349365363 0.648491000366 0.033891738767 0
0.016849925926 0.726981481481 0.070528518519 0
-0.156792063860 0.815790995473 -0.028881625488 0
0.158711487283 0.879233877663 0.155522876022 0
-0.129728899077 0.847522676678 -0.168802972384 0
0.184157193263 0.773391966496 0.224795863454 0
-0.126389244920 0.894503733432 -0.267553247127 0
0.215844594010 0.677118965892 0.275517747247 0
-0.058893920591 0.361028030669 0.010436421932 0
0.050182118848 0.390599535249 -0.091937451947 0
-0.045808079289 0.012219750738 -0.021748334557 0
0.081313381479 0.096227220876 0.065024738374 0
-0.044650325875 0.000944427152 -0.069086950537 0
0.065114817126 0.090711751848 0.019235067346 0
-0.031969595379 1.129832404650 0.025066445808 0
-0.179148927132 1.002910849168 0.034536414651 0
0.153215313537 1.044957339130 0.036260179146 0
-0.013623212953 1.006106067962 0.039723123608 0
0.004541697883 0.868316338608 0.064177999957 0
-0.029111920665 0.648363766388 0.044839851777 0
0.047847463641 0.647832140087 0.032291559204 0
0.017091925926 0.726433333333 0.068474074074 0
-0.156226537919 0.815915296586 -0.029384040842 0
0.161065066046 0.881702321749 0.157720934660 0
-0.128745811515 0.851041198209 -0.168410220064 0
0.187183278097 0.777722685598 0.229517976139 0
-0.125289651901 0.901391762723 -0.264760192829 0
0.219234482812 0.682511435559 0.281818367357 0
-0.059340587259 0.360491654928 0.007131529032 0
0.051683476971 0.383151796088 -0.078517366479 0
-0.045022351995 0.012142461735 -0.021549277392 0
0.082527299605 0.077917886972 0.053530845225 0
-0.043546034108 -0.000090033798 -0.068640724772 0
0.065583458690 0.076569156828 0.007698596310 0
-0.030916356074 1.129527137135 0.024684146712 0
-0.177985919662 1.001499214932 0.035347274450 0
0.154384463763 1.043524611143 0.034533977216 0
-0.012423870753 1.004672208946 0.039221999892 0
0.005730087736 0.866781988508 0.062925754372 0
-0.028116466196 0.646435597106 0.042834756664 0
0.048881789660 0.646161733393 0.030518803609 0
0.017690074074 0.724818518519 0.066203703704 0
-0.155761787335 0.813541171494 -0.025942684702 0
0.163553421130 0.880599449044 0.156344716562 0
-0.128390052604 0.846822256657 -0.165443420562 0
0.189314901103 0.776392550456 0.227940871043 0
-0.125478504590 0.895894818637 -0.262273090669 0
0.220673419836 0.681646156053 0.282120992872 0
-0.060616300782 0.359310863275 0.001492400422 0
0.055641517926 0.374630495090 -0.062077687728 0
-0.044125161753 0.012123336065 -0.021835016477 0
0.082680092273 0.060005728379 0.039152379135 0
-0.042284313359 -0.000436580356 -0.068827331322 0
0.065576822424 0.064345455928 -0.006434381924 0
-0.028450366079 1.128322910079 0.024453969460 0
-0.176266430243 1.000900548661 0.035576263415 0
0.156137913414 1.042586259636 0.033022643229 0
-0.010682228072 1.003893845775 0.038540313164 0
0.007348474146 0.865906048927 0.061599728471 0
-0.026873125188 0.645386484458 0.040644399940 0
0.050222811809 0.645049030071 0.028957153523 0
0.018749370370 0.723877777778 0.064009629630 0
-0.155642452937 0.811110549431 -0.020396989087 0
0.166121236899 0.877745768185 0.152163232764 0
-0.129067045385 0.837103543708 -0.161589799667 0
0.191110459389 0.771999682302 0.221748036994 0
-0.126549444392 0.881767941431 -0.260156894539 0
0.221294745039 0.676501813406 0.275721253172 0
-0.061069313359 0.358740875093 -0.002610169662 0
0.060659493699 0.368574861809 -0.047214543737 0
-0.043267334972 0.012529858308 -0.022233660963 0
0.082700564621 0.047206970672 0.026052833275 0
-0.041087971717 0.000233147687 -0.069281074935 0
0.066617222765 0.053145812091 -0.019724498844 0
-0.025213446010 1.127820151824 0.024209971145 0
-0.173606576152 1.000002963393 0.035748905673 0
0.158970506101 1.040179210326 0.031847534191 0
-0.007999367220 1.002237902810 0.038014037595 0
0.009587103739 0.864133354264 0.060566637783 0
-0.024746467755 0.643524536155 0.038617174358 0
0.052502966278 0.643007085863 0.027998968647 0
0.020675370370 0.722066666667 0.062201481481 0
-0.154990669328 0.807809172905 -0.012142556554 0
0.169363014145 0.871394992772 0.145295399424 0
-0.130024619515 0.818930177004 -0.155566116063 0
0.192898340678 0.762973927728 0.211171813713 0
-0.128025980769 0.853146751078 -0.258427752281 0
0.221777452791 0.664860729709 0.260766812297 0
-0.060648551699 0.357471615901 -0.007108197452 0
0.066168536008 0.363388603323 -0.035054769815 0
-0.042588141386 0.012551564890 -0.022360864118 0
0.082295443543 0.036402960847 0.016607540425 0
-0.040166030590 0.000764131792 -0.069526610990 0
0.069762598012 0.047739265224 -0.029261009198 0
-0.021101632363 1.126412159933 0.024128703084 0
-0.169105132341 1.000973486409 0.036301388208 0
0.163923942547 1.036966238800 0.030554718607 0
-0.003472760950 1.001122518183 0.037631337003 0
0.012805403726 0.862808043073 0.059820021066 0
-0.021872682824 0.642181151102 0.037014767012 0
0.055555642130 0.641346254795 0.027814411113 0
0.023383555556 0.720692592593 0.061015925926 0
-0.152847045858 0.806180906858 -0.000713781917 0
0.173379257734 0.862708468529 0.135489750696 0
-0.129849813218 0.796468678958 -0.144568214305 0
0.195809724170 0.750684031278 0.195457579854 0
-0.128344278441 0.815212894762 -0.251775013585 0
0.223517545663 0.649948475554 0.240457649468 0
-0.057895098174 0.356428064029 -0.010457343382 0
0.071390426556 0.359920038350 -0.026014594154 0
-0.042011590810 0.013261968288 -0.022319049457 0
0.080427073290 0.027079107194 0.012790396110 0
-0.039600984135 0.003365076077 -0.069917981985 0
0.070079982604 0.031612879119 -0.034768940355 0
-0.015353549001 1.125505532336 0.024135853732 0
-0.163357875914 1.002536342426 0.035731878975 0
0.170207366699 1.033302125266 0.030775803524 0
0.002252951768 1.000084342518 0.037439180406 0
0.016633433470 0.861537159364 0.059490075046 0
-0.018606122930 0.640911884137 0.035990414728 0
0.058997025991 0.639741856187 0.028449100663 0
0.026432518519 0.719359259259 0.060602592593 0
-0.149995088975 0.805564091246 0.011196895103 0
0.177887685111 0.851874147714 0.122924792206 0
-0.129525013867 0.770999800244 -0.129172558875 0
0.197707675623 0.735376384329 0.174733864793 0
-0.128729658070 0.769438778410 -0.238922163925 0
0.223992718329 0.631502932145 0.212799538920 0
-0.054560889836 0.355466781373 -0.013349128135 0
0.076489028956 0.357233545898 -0.018796025633 0
-0.041629899188 0.013923005500 -0.022226129881 0
0.079839381444 0.020161917478 0.011192748921 0
-0.039281094821 0.006060733982 -0.070206184929 0
0.072161700545 0.024507075202 -0.036887191584 0
-0.008469119363 1.124642431900 0.024194386821 0
-0.156848468688 1.003977548337 0.034811553961 0
0.177098134050 1.030593727802 0.031963279451 0
0.008705443370 0.999456393489 0.037519835432 0
0.021262741176 0.860691231126 0.059374835997 0
-0.014976519435 0.640041463307 0.035002252924 0
0.062795437747 0.638632640901 0.029522563040 0
0.029622296296 0.718418518519 0.060618888889 0
-0.147043038221 0.805583146241 0.023761124397 0
0.181990811205 0.841808781794 0.108139655812 0
-0.129312645494 0.744881154475 -0.107837504649 0
0.198240101208 0.720855959474 0.150033763360 0
-0.129087498476 0.720579072574 -0.215948438086 0
0.222338429294 0.613610135288 0.178402909861 0
-0.049662577096 0.354776078501 -0.016247918592 0
0.081433782624 0.355365815970 -0.012448087448 0
-0.041059386386 0.015878385954 -0.021794479800 0
0.079953332852 0.015492296722 0.011048219705 0
-0.038755017357 0.012042752453 -0.070265044856 0
0.073612065594 0.019637065873 -0.037243778357 0
-0.000855619176 1.124164597260 0.024414678857 0
-0.149629384401 1.006251818410 0.033304308574 0
0.184638048683 1.028640076394 0.034261513465 0
0.015813690367 0.999621163297 0.037831653394 0
0.026332866125 0.860632251765 0.059482508551 0
-0.010913434824 0.639935081182 0.034208917444 0
0.066983005493 0.638434241697 0.030986934727 0
0.033015333333 0.718270370370 0.061080370370 0
-0.142912270443 0.807440796115 0.036071082400 0
0.184611270060 0.833834185170 0.093567486787 0
-0.129791105875 0.717909695095 -0.078512139705 0
0.198581178495 0.709147291180 0.123679959705 0
-0.131024114600 0.668085910653 -0.178411767151 0
0.220764430095 0.599216005496 0.140159189561 0
-0.043106302792 0.354629757344 -0.018426943780 0
0.086355573166 0.354844557024 -0.008390874720 0
-0.040800201764 0.018270121438 -0.020320244121 0
0.080260843358 0.013247518372 0.010853926811 0
-0.038523881693 0.018585573588 -0.068942633353 0
0.074331925265 0.015901474588 -0.037595142378 0
0.007528221466 1.124481458695 0.024821210107 0
