1.338670724501 1.001714115244 -0.795735146242 0
1.032295303460 1.023119426429 -0.661896507605 0
1.185522552680 0.994553448800 -0.733043553895 0
1.168270223646 0.855307585721 -0.746529931602 0
1.208838375174 0.633255785278 -0.726097954956 0
1.136613925834 0.636085218426 -0.696838557639 0
1.161725925926 0.713077777778 -0.740137037037 0
1.343136241469 0.804772819219 -0.823534108837 0
1.015362818959 0.826108093888 -0.710541756739 0
1.377608664748 0.663939911900 -0.806357320807 0
0.998248918111 0.699918409698 -0.689756692345 0
1.411622621774 0.556101000747 -0.782801007359 0
0.983867693214 0.591932907553 -0.658218791027 0
1.243177475443 0.347173207784 -0.679368654812 0
1.143114251457 0.356385177125 -0.633005571095 0
1.230875466243 0.017362041549 -0.697059364163 0
1.161250180743 0.012091735739 -0.664342644383 0
1.243345015500 0.015291020203 -0.650052565828 0
1.187665616121 0.006404692260 -0.623607031354 0
1.213333528435 1.104031003568 -0.683684009437 0
1.342614520293 1.000492421462 -0.795889612469 0
1.035444028236 1.024475503532 -0.664329862769 0
1.188960792654 0.994614616390 -0.734311557796 0
1.170697566191 0.855491014894 -0.747633238358 0
1.209930607480 0.633412543735 -0.726479107829 0
1.137562042031 0.636416908648 -0.697595658726 0
1.163074074074 0.713337037037 -0.740788888889 0
1.349311452402 0.802922033404 -0.818243361729 0
1.018282038214 0.827482468222 -0.712968783220 0
1.384884547498 0.662771954554 -0.797999644155 0
1.000517312992 0.701287189409 -0.692772074506 0
1.419581568831 0.555832383668 -0.771719588643 0
0.985987344959 0.593169511274 -0.661755461494 0
1.244180372583 0.347316132704 -0.679768941585 0
1.143653841412 0.356762828129 -0.633521461597 0
1.230819841969 0.017524441364 -0.696889444494 0
1.161354346774 0.012260380066 -0.664139826740 0
1.243248412853 0.015364204438 -0.649875809450 0
1.187729601454 0.006574854646 -0.623377974477 0
1.217646715527 1.104036802964 -0.685390067565 0
1.345817356139 0.999679812500 -0.795815630635 0
1.037781804332 1.025555638507 -0.666659106958 0
1.191662984083 0.994743677499 -0.735417471936 0
1.172696197334 0.855713100144 -0.748575065507 0
1.211097524520 0.633697483835 -0.726720396221 0
1.138584579457 0.636674373625 -0.698198474281 0
1.164307407407 0.713629629630 -0.741203703704 0
1.354197356848 0.801672167546 -0.813174932780 0
1.020631381514 0.828575535786 -0.715354451433 0
1.390316805564 0.662315960851 -0.788832975636 0
1.002369266294 0.702366487743 -0.695694536890 0
1.425704036900 0.556443237277 -0.759466069593 0
0.987603646631 0.594103518994 -0.665241990789 0
1.245215198799 0.347551757972 -0.680216091931 0
1.144072035328 0.357052831540 -0.633927963634 0
1.230816309808 0.017767041591 -0.696788109996 0
1.161440709227 0.012312027023 -0.664043692079 0
1.243190503564 0.015518074424 -0.649764293123 0
1.187777485567 0.006346628189 -0.623296961077 0
1.221361861399 1.104079302130 -0.686997590321 0
1.348276387772 0.999200762541 -0.795702062443 0
1.039399384973 1.026348975875 -0.668836626600 0
1.193665561587 0.994897244544 -0.736432799021 0
1.174283765175 0.855928959378 -0.749441170473 0
1.212201938696 0.633980680592 -0.726845588177 0
1.139544497437 0.636906494973 -0.698688440848 0
1.165451851852 0.713903703704 -0.741507407407 0
1.357432211398 0.800904361691 -0.808866618906 0
1.022319845541 0.829360501398 -0.717523017928 0
1.393562997057 0.662429839145 -0.779941357787 0
1.003758937685 0.703108549249 -0.698426469075 0
1.429427156279 0.557926772840 -0.746894714552 0
0.988626856767 0.594706570830 -0.668575539366 0
1.246207508874 0.347778505968 -0.680607304446 0
1.144408151570 0.357328046952 -0.634180660086 0
1.230813234624 0.018023124346 -0.696614797720 0
1.161541779611 0.012321575424 -0.663843709327 0
1.243193424939 0.016025189142 -0.649581224387 0
1.187821473703 0.005780997104 -0.623148422471 0
1.224295655061 1.104072432430 -0.688261522185 0
1.350398384729 0.998911634714 -0.795287082580 0
1.040589528949 1.026898913418 -0.670900378033 0
1.195307873967 0.995027286402 -0.737255033359 0
1.175676017895 0.856112277332 -0.750226406065 0
1.213219966064 0.634208591812 -0.726982479633 0
1.140416486011 0.637082710427 -0.699199718068 0
1.166525925926 0.714137037037 -0.741792592593 0
1.359397695704 0.800427826420 -0.805376061247 0
1.023649301641 0.829987421370 -0.719945535209 0
1.395312080119 0.662941902376 -0.771833916423 0
1.004916371633 0.703712294267 -0.701172935270 0
1.431439435015 0.560088418607 -0.734765494638 0
0.989407297661 0.595203570966 -0.671784130693 0
1.247127826112 0.347960126514 -0.680959489874 0
1.144757457251 0.357548654047 -0.634462674568 0
1.230805338660 0.018221059564 -0.696413804954 0
1.161559262231 0.012354103556 -0.663661492671 0
1.243168080207 0.016413916901 -0.649367925914 0
1.187766389113 0.005033095511 -0.623052414863 0
1.226497446961 1.104063693227 -0.689140704765 0
1.352158074884 0.998850698732 -0.794605394382 0
1.041372164086 1.027163379102 -0.672755581348 0
1.196595781088 0.995128304219 -0.737839295739 0
1.176903384991 0.856235921206 -0.750828494711 0
1.214102756281 0.634375922992 -0.727078529710 0
1.141150782149 0.637200138894 -0.699682866175 0
1.167459259259 0.714300000000 -0.742070370370 0
1.360660254036 0.800235124290 -0.802231912715 0
1.024431901719 0.830399749915 -0.722390611159 0
1.395791717957 0.663754076605 -0.764074322866 0
1.005594181741 0.704121672867 -0.703743132424 0
1.431734553012 0.562516698551 -0.723111575375 0
0.989740732459 0.595528699412 -0.674698458061 0
1.247897801758 0.348079144400 -0.681273596416 0
1.145102212544 0.357718848126 -0.634693545386 0
1.230758114466 0.018408655049 -0.696281151626 0
1.161503655746 0.012386318704 -0.663433061696 0
1.243111548519 0.016819854860 -0.649224948434 0
1.187587713648 0.003970311796 -0.622957135399 0
1.228126525257 1.104081301912 -0.689808665944 0
1.353590067649 0.998783982404 -0.793723959452 0
1.041900217981 1.027193614352 -0.674228362949 0
1.197600605509 0.995110823230 -0.738139168094 0
1.177934287602 0.856232203017 -0.751233200833 0
1.214922551660 0.634392748723 -0.727253380981 0
1.141829934952 0.637139418436 -0.700227203040 0
1.168314814815 0.714314814815 -0.742366666667 0
1.361359009129 0.800061365339 -0.798973936429 0
1.024559366055 0.830712919452 -0.724836325075 0
1.395343133514 0.664482103811 -0.756776295133 0
1.005846587993 0.704430386925 -0.706093464680 0
1.430633632854 0.564493868241 -0.712576970106 0
0.989935356349 0.595759563470 -0.677216830268 0
1.248588550966 0.348072817164 -0.681498165675 0
1.145640444679 0.357662738385 -0.635209645167 0
1.230745613127 0.018407252627 -0.696097012688 0
1.161388032215 0.012230309783 -0.663485086652 0
1.243058485306 0.016735307141 -0.649033059870 0
1.187344842287 0.002463138222 -0.623231462850 0
1.229104001265 1.104028190844 -0.690060352844 0
1.354737391054 0.998893228167 -0.792444438892 0
1.042130969509 1.027099974261 -0.675318558572 0
1.198330118154 0.995120377531 -0.738053226280 0
1.178798810013 0.856240960658 -0.751349708902 0
1.215647277560 0.634413471889 -0.727355673972 0
1.142392183416 0.637059740251 -0.700762863827 0
1.169066666667 0.714322222222 -0.742622222222 0
1.361276634902 0.800077689491 -0.795310989805 0
1.024453981175 0.830912593337 -0.726938032551 0
1.393630298728 0.665114421894 -0.749973867772 0
1.005937776350 0.704589604524 -0.708272729010 0
1.427673160193 0.566020335807 -0.703086013864 0
0.990157517374 0.595855519928 -0.679525410573 0
1.249251229719 0.348075962970 -0.681664889014 0
1.145662647938 0.357649949394 -0.635429179230 0
1.230703783364 0.018471004717 -0.695897065380 0
1.161007723696 0.012271452647 -0.663368110053 0
1.242992568364 0.016778663958 -0.648827546328 0
1.186690637488 0.001876045596 -0.623096143253 0
1.228918676448 1.104105185266 -0.689538036675 0
1.355536288480 0.999427817605 -0.790542558825 0
1.041911739343 1.026868549374 -0.675984645193 0
1.198689621567 0.995277436855 -0.737459879492 0
1.179476436615 0.856382259599 -0.751143594625 0
1.216151896181 0.634517038859 -0.727412136641 0
1.142737690000 0.637108678686 -0.701256318175 0
1.169651851852 0.714444444444 -0.742825925926 0
1.360446498094 0.800546746582 -0.791440708881 0
1.025091857146 0.830770277450 -0.728225374089 0
1.390773475543 0.665972341006 -0.743614966855 0
1.006603610222 0.704357433419 -0.710150018221 0
1.422927476843 0.567428428576 -0.694414653451 0
0.990884225901 0.595500997126 -0.681864478254 0
1.249821335299 0.348168359853 -0.681839717938 0
1.145271303219 0.357816239894 -0.635390303068 0
1.230624120743 0.018496819494 -0.695719041047 0
1.160012073998 0.012544380799 -0.663624518787 0
1.242855207146 0.016559874661 -0.648643923970 0
1.185416155774 0.001113008235 -0.623456568764 0
1.227949799873 1.104278214111 -0.688065877338 0
1.356000571348 1.000087089707 -0.788203049101 0
1.041412383327 1.026584180277 -0.676091304373 0
1.198750820632 0.995470232325 -0.736366055027 0
1.179941625174 0.856544961289 -0.750509082015 0
1.216603785550 0.634640783563 -0.727374080584 0
1.143026984500 0.637129521814 -0.701669029816 0
1.170140740741 0.714562962963 -0.742925925926 0
1.358936772435 0.801165092025 -0.788081375372 0
1.025566507836 0.830593041117 -0.729033877458 0
1.387005227828 0.666894892598 -0.738071644766 0
1.007042920526 0.704090435258 -0.711635362459 0
1.416937026277 0.568560799005 -0.687008291014 0
0.991379528821 0.595078628747 -0.683927070620 0
1.250264689572 0.348265817595 -0.681960813225 0
1.144588162698 0.358004518707 -0.635067131409 0
1.230473716638 0.018470341082 -0.695525934195 0
1.158600003059 0.012812990020 -0.664221116363 0
1.242599294013 0.015976172148 -0.648449747302 0
1.183748696386 -0.000617544103 -0.624513789134 0
1.226523651684 1.104503134676 -0.686124577017 0
1.356119367691 1.000980037910 -0.785361593749 0
1.040552702308 1.026233139296 -0.675740301443 0
1.198471656458 0.995750563843 -0.734807413199 0
1.180172851999 0.856796845639 -0.749561834437 0
1.216863676146 0.634817061477 -0.727206777602 0
1.143133249801 0.637255470833 -0.701940842106 0
1.170485185185 0.714759259259 -0.742907407407 0
1.356609822371 0.802037068579 -0.785134324987 0
1.025804023910 0.830330503572 -0.729323584716 0
1.382140675610 0.667900935129 -0.733433541303 0
1.007109616473 0.703743521244 -0.712740583304 0
1.409668504424 0.569533032417 -0.680982998889 0
0.991495349828 0.594541114371 -0.685754772919 0
1.250403647552 0.348371022199 -0.682153705061 0
1.143798938863 0.358369546378 -0.634330077379 0
1.230332745317 0.018356618736 -0.695421134348 0
1.156434383449 0.014115992071 -0.664405428202 0
1.242355025736 0.015242155842 -0.648355406136 0
1.181260217904 0.000584999177 -0.624529394880 0
1.224637965298 1.104837974267 -0.683788185268 0
1.355392260875 1.002154358785 -0.782200118142 0
1.038909224400 1.026050190610 -0.674941813092 0
1.197383834827 0.996255142612 -0.732860377837 0
1.179747771039 0.857257678866 -0.748241707007 0
1.216861683575 0.635167534422 -0.726910689156 0
1.142993301434 0.637549975684 -0.702045548915 0
1.170562962963 0.715137037037 -0.742707407407 0
1.353337151433 0.803221488766 -0.782495066446 0
1.025354122972 0.830339662469 -0.729532864049 0
1.376341674293 0.668918678177 -0.730046569865 0
1.006559884216 0.703652058764 -0.713855856774 0
1.401256536211 0.570325248279 -0.676680037518 0
0.990924156116 0.594285899021 -0.687593868547 0
1.250273104272 0.348593852544 -0.682579613518 0
1.142807278231 0.359003499797 -0.633046681718 0
1.230215621208 0.018248434643 -0.695267563301 0
1.152459664451 0.016912172085 -0.663487549732 0
1.242153550148 0.014577048072 -0.648220516093 0
1.176558213394 0.006732894553 -0.622194086492 0
1.222172823433 1.105370159246 -0.681201721066 0
1.353582515143 1.003714788645 -0.778468016383 0
1.036149077549 1.025800120814 -0.673658102932 0
1.195212069679 0.996928501521 -0.730419897400 0
1.178483722962 0.857903404089 -0.746655881698 0
1.216595195654 0.635697152761 -0.726382922380 0
1.142588760703 0.638002564202 -0.701924349860 0
1.170351851852 0.715677777778 -0.742285185185 0
1.349354616819 0.804821030427 -0.779880482658 0
1.023918174653 0.830318706118 -0.729371260867 0
1.369883348333 0.670165257059 -0.727309657301 0
1.005036447035 0.703510759222 -0.714812213294 0
1.392067688267 0.571170427874 -0.673449788155 0
0.989373508542 0.594045177193 -0.689201810564 0
1.249971357418 0.348950902649 -0.683154895391 0
1.141624196026 0.359897024590 -0.631175526829 0
1.230088356103 0.018138807560 -0.695143252857 0
1.145509505980 0.019728738675 -0.660816042148 0
1.241892586683 0.013635304109 -0.648134780484 0
1.167926405297 0.013596522581 -0.617811549251 0
1.219180410898 1.105948243478 -0.678136102612 0
1.351028002511 1.005465217408 -0.774344094426 0
1.032628590530 1.024832019420 -0.671954599909 0
1.192330527688 0.997346409791 -0.727599363440 0
1.176782184152 0.858295840891 -0.744843506943 0
1.215923297849 0.635980731749 -0.725677255910 0
1.141794417085 0.638207646768 -0.701584954402 0
1.169733333333 0.715981481481 -0.741633333333 0
1.345339637441 0.806630259190 -0.777645478481 0
1.021763699486 0.829573725193 -0.728723315966 0
1.363603481705 0.671589211853 -0.725227491832 0
1.002998767274 0.702641571611 -0.715127485501 0
1.383236561365 0.572035610767 -0.671290062760 0
0.987316508535 0.593057088635 -0.690168911186 0
1.249907202079 0.349157107705 -0.683447581648 0
1.140074489548 0.360423803195 -0.629597485994 0
1.230027741708 0.017968363228 -0.694890554127 0
1.137070457502 0.020084165621 -0.658721430746 0
1.241686389213 0.012541946349 -0.647943266495 0
1.158167920538 0.013713277828 -0.615088682715 0
1.215448710201 1.106270374709 -0.674694025539 0
1.347874088326 1.007049870172 -0.770038523848 0
1.028597200932 1.023226511156 -0.669851435759 0
1.188915720626 0.997366810155 -0.724493500915 0
1.174679747884 0.858295519707 -0.742779566974 0
1.214829122326 0.635894617170 -0.724767131415 0
1.140591650337 0.638044845393 -0.701004484739 0
1.168681481481 0.715911111111 -0.740766666667 0
1.341064339276 0.808313803832 -0.776055208750 0
1.019068047331 0.828170272741 -0.727547133444 0
1.357416814953 0.672904853052 -0.723956164754 0
1.000644421137 0.701113568557 -0.714666728957 0
1.374791106892 0.572579756532 -0.670399967771 0
0.984929655733 0.591361427020 -0.690408880428 0
1.250120757797 0.349128715139 -0.683223656076 0
1.138033374207 0.360373757845 -0.628608076874 0
1.229998984686 0.017818231185 -0.694582831064 0
1.128738222198 0.019290110555 -0.657627772790 0
1.241519581163 0.011726299396 -0.647683128489 0
1.149581889847 0.012156503166 -0.613991079250 0
1.210928807199 1.106254785797 -0.671012014555 0
1.344233393988 1.008598966098 -0.765439436354 0
1.024143774624 1.021133230927 -0.667345629528 0
1.185064412666 0.997133803691 -0.721058597437 0
1.172215862453 0.858068625160 -0.740394868487 0
1.213269206949 0.635613048607 -0.723269883356 0
1.138951741554 0.637659705984 -0.699749368128 0
1.167125925926 0.715640740741 -0.739225925926 0
1.336504447406 0.810020246783 -0.774678097691 0
1.015874689926 0.826312521529 -0.726023119866 0
1.351283642341 0.674220621277 -0.723128753299 0
0.997938388187 0.699125785644 -0.713752659610 0
1.366801808708 0.573021594714 -0.670326093044 0
0.982184089104 0.589198658709 -0.690195930294 0
1.250482474469 0.348981309590 -0.682484330107 0
1.135616580113 0.360100760587 -0.626955645619 0
1.230105502409 0.017856502047 -0.694042685607 0
1.121958078354 0.019613434591 -0.656202875417 0
1.241518852415 0.011569314754 -0.647142530007 0
1.143360511500 0.016294835364 -0.612380157414 0
1.205686267743 1.106050869035 -0.667031048303 0
1.340175680467 1.010541542084 -0.760491656194 0
1.019271735466 1.019369785534 -0.664681493072 0
1.180804533870 0.997263127922 -0.717359362298 0
1.169385263013 0.858209695688 -0.737640193945 0
1.211314817807 0.635721920210 -0.721238201041 0
1.136941278581 0.637664266440 -0.697886690172 0
1.165151851852 0.715751851852 -0.737125925926 0
1.332065815764 0.812179693220 -0.773352614672 0
1.012237017160 0.824913407276 -0.724712852693 0
1.345502667739 0.675849039561 -0.722848142796 0
0.994679283563 0.697613079405 -0.713089883413 0
1.359478445887 0.573895917241 -0.670928258861 0
0.978870519987 0.587540763778 -0.690192656165 0
1.250223715501 0.349071729620 -0.682202213028 0
1.132728592783 0.360334455783 -0.624269797357 0
1.230294688637 0.017790789399 -0.693686118892 0
1.114796139264 0.020977551616 -0.655603135935 0
1.241605572652 0.011269803757 -0.646793064749 0
1.137902739078 0.020890923889 -0.612526629585 0
1.199853428373 1.106233642593 -0.662807565663 0
1.335820750582 1.012486493916 -0.755228849040 0
1.014056433929 1.017865010774 -0.662085608585 0
1.176216830962 0.997524333754 -0.713532373978 0
1.166159531554 0.858507194192 -0.734729891772 0
1.208910658192 0.635989027897 -0.719047725150 0
1.134506207295 0.637827810306 -0.695786476864 0
1.162718518519 0.716029629630 -0.734796296296 0
1.328083502827 0.814380474553 -0.771743610098 0
1.008430340408 0.823802567514 -0.723523785905 0
1.340465652022 0.677346017194 -0.722901643768 0
0.991081838640 0.696403149511 -0.712699799636 0
1.353154578561 0.574615840842 -0.672161914467 0
0.975245471839 0.586187425273 -0.690515305200 0
1.249234992480 0.349263174868 -0.682057514096 0
1.128732350222 0.360892273825 -0.620803887437 0
1.230545424881 0.017800279617 -0.693410073233 0
1.105300389581 0.022642299391 -0.656064224287 0
1.241840421088 0.011473064149 -0.646486653890 0
1.130223916403 0.022711215810 -0.614012816227 0
1.193493956333 1.106513784746 -0.658320706912 0
1.330565003743 1.014248942621 -0.749739745505 0
1.007972244233 1.016562181472 -0.659376989930 0
1.170728147298 0.997793582835 -0.709524401629 0
1.162029127909 0.858828885693 -0.731650222034 0
1.205998991215 0.636303610225 -0.716990336817 0
1.131593067956 0.638014246558 -0.693724021830 0
1.159725925926 0.716333333333 -0.732555555556 0
1.324015964352 0.816391173492 -0.769437728183 0
1.003961419004 0.822850373277 -0.722036251744 0
1.335939928032 0.678574238007 -0.722730028803 0
0.986803678353 0.695352383580 -0.712105720091 0
1.347709609973 0.574824134016 -0.673728375283 0
0.970930543183 0.584997311650 -0.690677781721 0
1.247666140719 0.349514189019 -0.682037239941 0
1.122856110947 0.361656511918 -0.616918516853 0
1.230949286077 0.017657170320 -0.693353587382 0
1.090057415904 0.025269510101 -0.655544775906 0
1.242340975513 0.011447263467 -0.646437872036 0
1.116245256918 0.025276246031 -0.614268816848 0
1.186522261834 1.106675819384 -0.653553716643 0
1.324816218168 1.015864644911 -0.744022575383 0
1.001511256918 1.015812566565 -0.656211605248 0
1.164764772394 0.998263373044 -0.705168960860 0
1.157233325929 0.859380252596 -0.728236951789 0
1.202603121918 0.636863747851 -0.714866548148 0
1.128229686793 0.638445443121 -0.691487508528 0
1.156225925926 0.716881481481 -0.730181481481 0
1.320167726162 0.818263405960 -0.766622113667 0
0.999219216559 0.822448237415 -0.720020046756 0
1.332222631696 0.679652157472 -0.722362664477 0
0.982255615893 0.694864760033 -0.710885855403 0
1.343594241684 0.574821603778 -0.675434118941 0
0.966358868137 0.584327196031 -0.690311888598 0
1.245419822588 0.349970069067 -0.682235433207 0
1.115700899319 0.362913278228 -0.612278461682 0
1.231383904282 0.017433592124 -0.693434448496 0
1.068466955409 0.030508241245 -0.651040823747 0
1.242933081724 0.011131437023 -0.646569565916 0
1.094552678338 0.034952638488 -0.609939847470 0
1.179134980801 1.106997488245 -0.648417157921 0
1.318659201721 1.017301865810 -0.738038452329 0
0.994711409089 1.014990719805 -0.652660742062 0
1.158427558982 0.998601954596 -0.700461765232 0
1.151990133797 0.859781420609 -0.724288969219 0
1.198568771095 0.637303408452 -0.712355592666 0
1.124340097427 0.638730411964 -0.688511164131 0
1.151992592593 0.717296296296 -0.727188888889 0
1.315906237998 0.819954789984 -0.763041454088 0
0.993891448676 0.822001522642 -0.717630210952 0
1.328763317190 0.680589543147 -0.721456345138 0
0.977068185132 0.694336287759 -0.709426156706 0
1.340355902036 0.574679962906 -0.676860001005 0
0.961155604720 0.583595315085 -0.689840669527 0
1.242974347449 0.350375060362 -0.682250604770 0
1.106760736952 0.364036740962 -0.607373190869 0
1.231887544655 0.017130816275 -0.693543013950 0
1.043310027294 0.035192358391 -0.644244626080 0
1.243702142087 0.011174178434 -0.646699106865 0
1.069478244525 0.040968061219 -0.603362190703 0
1.171262527814 1.107197093538 -0.643002132206 0
1.312166109384 1.018401754112 -0.731885699466 0
0.987707938334 1.014101258699 -0.648547424132 0
1.151805111379 0.998732428677 -0.695370752075 0
1.146326103971 0.859960366864 -0.719776529149 0
1.194034205895 0.637566072197 -0.709218775434 0
1.120026612737 0.638792218164 -0.684685903063 0
1.147162962963 0.717496296296 -0.723448148148 0
1.311567631095 0.821293308836 -0.758839360954 0
0.987858308909 0.821589877695 -0.714924227437 0
1.325805547724 0.681282744224 -0.719959786306 0
0.971211586011 0.693841534488 -0.707713934468 0
1.338063457376 0.574355615523 -0.677800512129 0
0.955423355588 0.582898074891 -0.689103483247 0
1.239993318777 0.350608200688 -0.681851233219 0
1.095008724197 0.365082736669 -0.602185948510 0
1.232299435924 0.016861427633 -0.693752656440 0
1.016783959426 0.037962066547 -0.635537537709 0
1.244414707368 0.011431973469 -0.646921479825 0
1.043458383766 0.039050763985 -0.594588817551 0
1.163121534309 1.107230485550 -0.637374712283 0
1.305483778385 1.019156611601 -0.725636658212 0
0.980699825819 1.012828557255 -0.643708598058 0
1.145078435268 0.998499246976 -0.689869737555 0
1.140337299274 0.859773904510 -0.714782120570 0
1.188434599158 0.637441099683 -0.705447741355 0
1.114643440832 0.638492390053 -0.680263443723 0
1.141314814815 0.717329629630 -0.719077777778 0
1.307106219176 0.822185234289 -0.753533637428 0
0.981228030551 0.820944693989 -0.711876321081 0
1.323245803230 0.681630178739 -0.717463040217 0
0.964966280382 0.693087257208 -0.705812309108 0
1.336583524489 0.573837475548 -0.677730139790 0
0.949531291557 0.581918471562 -0.688240300161 0
1.236262794952 0.350542785930 -0.680792849390 0
1.081249458671 0.365780402835 -0.597426063928 0
1.232569698561 0.016672829627 -0.693978024395 0
0.990020842434 0.041437045492 -0.623662545216 0
1.245020197962 0.012170292157 -0.647136481948 0
1.017042016963 0.040865744509 -0.582931259933 0
1.154625693467 1.106902084541 -0.631311143677 0
1.297703327298 1.019614073485 -0.719693009402 0
0.973003398715 1.011538904750 -0.637585669993 0
1.137418594277 0.998107117593 -0.683886185530 0
1.133159606514 0.859430468587 -0.709221618190 0
1.181449429975 0.637149859109 -0.700902103950 0
1.107808790078 0.638021590074 -0.675274280273 0
1.134129629630 0.717003703704 -0.714033333333 0
1.301988790384 0.822846198278 -0.748721191154 0
0.973985693393 0.820265205856 -0.707442249161 0
1.320031784173 0.682015412637 -0.714685357264 0
0.958007556253 0.692304644966 -0.703022419967 0
1.334999397646 0.573728352993 -0.676778933335 0
0.942929188658 0.580926952065 -0.686684496005 0
1.232064082172 0.350460319283 -0.679611092176 0
1.065172177234 0.366683943464 -0.592165807265 0
1.232772075596 0.016287020458 -0.694082834294 0
0.964889979374 0.045104320860 -0.607443206174 0
1.245441111956 0.012183672670 -0.647263223740 0
0.992511073231 0.048810577527 -0.567282943548 0
1.145677787442 1.106373221451 -0.624786464157 0
1.288713338675 1.019841391200 -0.713255162028 0
0.963990547330 1.010280457628 -0.631398186227 0
1.128492603122 0.997610032830 -0.677604691750 0
1.124819091664 0.858961357442 -0.703150886963 0
1.173688922544 0.636660046416 -0.695718546640 0
1.100178372635 0.637319536246 -0.669713677269 0
1.126233333333 0.716544444444 -0.708155555556 0
1.295839040256 0.823418190311 -0.744008174446 0
0.965979158128 0.819509137073 -0.702594275484 0
1.315744805292 0.682585389010 -0.711035755763 0
0.950089369766 0.691483571211 -0.700204712447 0
1.332612522215 0.574174391418 -0.674190092424 0
0.935199621044 0.579933928839 -0.685284045061 0
1.227474637580 0.350272518331 -0.678533580529 0
1.048223240468 0.367363903709 -0.587411561794 0
1.232903442379 0.015546419011 -0.694141407422 0
0.942034216984 0.046157553131 -0.586534702907 0
1.245725880463 0.011550728951 -0.647354257260 0
0.969427965664 0.052858035140 -0.546607344709 0
1.136189883420 1.105689937088 -0.617968783240 0
1.279309388500 1.019189089366 -0.706447164175 0
0.954563111283 1.008334767847 -0.624845042297 0
1.119143082220 0.996327455695 -0.670951059240 0
1.115886082130 0.857698715659 -0.696611946343 0
1.164895855361 0.635338860253 -0.689971563671 0
1.091499931937 0.635760511467 -0.663640028571 0
1.117337037037 0.715281481481 -0.701614814815 0
1.289278477058 0.823256999049 -0.739459745118 0
0.957571147124 0.818193023656 -0.697670884420 0
1.311268056544 0.682630347663 -0.706934353323 0
0.941782493772 0.690134167093 -0.697047521718 0
1.329893182373 0.574330535231 -0.670554881376 0
0.927077974682 0.578388147885 -0.683576866652 0
1.222538529995 0.349498940835 -0.676596027306 0
1.030862463557 0.366857630196 -0.583869386220 0
1.233024104075 0.014305411539 -0.694317537407 0
0.921903490835 0.044427090921 -0.563946017503 0
1.245891985293 0.009726235337 -0.647596378859 0
0.947683768154 0.045742804625 -0.522435126675 0
1.125953463008 1.104310671892 -0.610891281948 0
1.269272173757 1.017565168706 -0.699355368612 0
0.944515277717 1.005703669271 -0.617935896351 0
1.109150516166 0.994214256208 -0.663976517822 0
1.106097787353 0.855601813212 -0.689681526252 0
1.154932556300 0.633219043076 -0.683611045353 0
1.081631067237 0.633327975259 -0.657014636938 0
1.107211111111 0.713174074074 -0.694477777778 0
1.282003264236 0.822149231710 -0.734414292536 0
0.948073650553 0.816277465631 -0.692578952303 0
1.306288932401 0.681820894740 -0.702235697748 0
0.932521617971 0.688191318025 -0.693481157303 0
1.327024193771 0.573930933378 -0.665929382838 0
0.918064550492 0.576239328359 -0.681420786974 0
1.216950118939 0.348159816076 -0.673556122610 0
1.013660043491 0.365386192468 -0.579968167360 0
1.233197653558 0.013016962784 -0.694413738868 0
0.903471071010 0.042422014399 -0.543308877568 0
1.246062944049 0.008268134679 -0.647708805403 0
0.927640317031 0.043964258343 -0.500847402217 0
1.115388080130 1.102200521979 -0.603718894011 0
1.258457510160 1.015639957311 -0.691951867190 0
0.933687060731 1.003165374352 -0.610678211464 0
1.098361460604 0.991989812931 -0.656655989038 0
1.095270567037 0.853372445749 -0.682280967677 0
1.143664119848 0.631073529177 -0.676505512704 0
1.070415492537 0.630749022079 -0.649765609974 0
1.095640740741 0.710929629630 -0.686751851852 0
1.273782852329 0.820700744551 -0.728591114715 0
0.937450897955 0.814310409913 -0.686745092437 0
1.300384633504 0.680722996205 -0.696718351984 0
0.922011721075 0.686225989350 -0.688925442430 0
1.323705174696 0.573452576958 -0.660402253195 0
0.907516202096 0.574115066945 -0.678185255510 0
1.209790775362 0.346829481953 -0.670290249750 0
0.997513145719 0.363627688237 -0.574396794517 0
1.233352540608 0.011785080279 -0.694774933061 0
0.885295681708 0.041232487569 -0.524736758273 0
1.246272954455 0.006437901426 -0.648149956256 0
0.907391418138 0.044369100068 -0.481245978191 0
1.104428118782 1.100047741150 -0.596372167013 0
1.246582126673 1.013105206424 -0.684172289962 0
0.921725199485 1.000448476760 -0.603273271369 0
1.086460120547 0.989363852483 -0.649055845177 0
1.083094365778 0.850722558102 -0.674486132073 0
1.130906049302 0.628695577145 -0.668549012917 0
1.057653969662 0.627769824682 -0.641832633738 0
1.082348148148 0.708266666667 -0.678488888889 0
1.264023891880 0.818555037667 -0.721916347860 0
0.925037618665 0.811810775367 -0.679898201627 0
1.292913637479 0.678926466233 -0.690507074768 0
0.909416979491 0.683758701777 -0.682619043612 0
1.318986980767 0.572366503263 -0.654308601731 0
0.894729289824 0.571551918904 -0.672674039556 0
1.200868142911 0.345306459984 -0.667150378708 0
0.982808332980 0.360950046229 -0.567305095176 0
1.233374704663 0.010829888995 -0.695422202612 0
0.867583912252 0.039505794903 -0.510371043206 0
1.246417300965 0.005692905325 -0.648807613069 0
0.886964900028 0.042541401056 -0.465597498934 0
1.092353422195 1.097531639752 -0.588748331587 0
1.232800273060 1.010095815031 -0.675539429081 0
0.907722345307 0.997549616613 -0.595515676667 0
1.072578989162 0.986405990452 -0.640843524070 0
1.068990780847 0.847740531820 -0.666060505811 0
1.116140967358 0.625864026484 -0.659279565417 0
1.042837290967 0.624771177134 -0.632711430110 0
1.067374074074 0.705277777778 -0.669451851852 0
1.251765537164 0.816036656220 -0.715035743874 0
0.910028758383 0.808858089023 -0.672044901928 0
1.283342950660 0.676830522871 -0.684346703609 0
0.894244797616 0.680822042393 -0.674570420842 0
1.312215706979 0.570897086364 -0.648648420343 0
0.879511253827 0.568569945501 -0.664735457690 0
1.189630170456 0.343404631283 -0.663977387860 0
0.969432483507 0.357351409686 -0.558904792683 0
1.233316590532 0.010159896912 -0.696343092128 0
0.851197175138 0.036144138654 -0.502878017499 0
1.246454438325 0.005958610327 -0.649661575184 0
0.869271329987 0.042980559921 -0.457977058385 0
1.078161842060 1.094916296103 -0.580925566678 0
1.216620731856 1.006686710482 -0.666002274886 0
0.891151818971 0.994794219628 -0.587482070072 0
1.056200642046 0.983311399568 -0.632018998816 0
1.052562331929 0.844608326906 -0.656969801095 0
1.099948872309 0.622883851320 -0.648994902778 0
1.026539885942 0.621776827562 -0.622719737226 0
1.051051851852 0.702133333333 -0.659803703704 0
1.236986444244 0.813172939902 -0.707429990225 0
0.892756192981 0.806001920916 -0.663780355609 0
1.271871042321 0.674587030351 -0.677525002537 0
0.877287192316 0.677917820429 -0.665758769280 0
1.303571254218 0.569291846911 -0.642425408254 0
0.862989908281 0.565599098378 -0.655667570131 0
1.176093480034 0.341346859823 -0.661034984934 0
0.956769342460 0.353565083947 -0.548264721563 0
1.233191553931 0.010100181809 -0.697691216524 0
0.840926488501 0.029719300905 -0.500374219555 0
1.246373655011 0.007196502406 -0.650923506138 0
0.858936554394 0.039676762940 -0.456034684883 0
1.062241995561 1.092383567568 -0.573031101830 0
1.199120511218 1.002553271587 -0.655918455284 0
0.873060744579 0.992165188369 -0.579668973558 0
1.038376885200 0.979902242946 -0.622989880714 0
1.034482552940 0.841127498636 -0.647566008139 0
1.081706413071 0.619497112816 -0.638202150004 0
1.008066787961 0.618607981630 -0.612572008273 0
1.032907407407 0.698648148148 -0.650118518519 0
1.220831625629 0.809645771067 -0.699437657913 0
0.875050161681 0.803105900881 -0.655294118043 0
1.259136074100 0.671817013464 -0.670226348415 0
0.860100847009 0.674952820809 -0.656724837820 0
1.293728975202 0.567382626858 -0.635490109364 0
0.846505582686 0.562570834434 -0.646232355566 0
1.160999216118 0.339279589434 -0.658122828189 0
0.944383370533 0.349784706081 -0.534935120290 0
1.233089576577 0.010208970728 -0.699685393680 0
0.837356666064 0.022985062755 -0.499479671326 0
1.246341675949 0.008741007417 -0.652870387285 0
0.856176260452 0.038874858364 -0.457255920650 0
1.045072580423 1.089642135743 -0.565203900912 0
1.180788646843 0.999338457929 -0.644904436393 0
0.853841750586 0.991424077875 -0.572241125339 0
1.019534469931 0.977897478033 -0.613707509675 0
1.015083944238 0.839104679466 -0.638113243777 0
1.061665587203 0.617473193034 -0.627046511718 0
0.987755314742 0.617075112640 -0.602194906890 0
1.013229629630 0.696625925926 -0.640351851852 0
1.203272439340 0.807050215672 -0.690711730660 0
0.856985096003 0.801771507410 -0.646325916894 0
1.244772558247 0.670014843979 -0.662139981794 0
0.842111829497 0.673607769182 -0.647584108815 0
1.282184078813 0.566540789013 -0.627711183880 0
0.828584283046 0.561323591239 -0.636553920020 0
1.147177341172 0.339565763622 -0.652761158439 0
0.931150259578 0.348151308320 -0.519582119089 0
1.232837091978 0.012073384866 -0.701818764554 0
0.836976192618 0.018130101455 -0.497779717238 0
1.246008455213 0.012427010268 -0.654959314948 0
0.855750667297 0.038284336356 -0.457396134253 0
1.027077599291 1.088138311038 -0.556778803995 0
1.162146592101 0.996086482089 -0.632547707012 0
0.833802252153 0.991529270035 -0.566169296368 0
1.000121845391 0.976289795980 -0.604406170103 0
0.995051844546 0.837487022593 -0.628699095423 0
1.040580220829 0.615721816553 -0.615902252390 0
0.966430910664 0.616170095852 -0.591774095532 0
0.992829629630 0.695014814815 -0.630759259259 0
1.185318400069 0.804567545623 -0.681149780358 0
0.836785297016 0.801347387265 -0.638891283096 0
1.229360619819 0.668247140991 -0.652965955955 0
0.822145057215 0.673152959065 -0.639661255333 0
1.269356428829 0.565630128120 -0.619002715039 0
0.808293509463 0.561023657404 -0.627934508845 0
1.135282413949 0.340814984388 -0.641666000031 0
0.916659065323 0.347324963308 -0.504630101893 0
1.232817853094 0.014891663931 -0.702415390771 0
0.837562781925 0.014391120102 -0.496123530293 0
1.246482978751 0.014261061238 -0.655700462121 0
0.855642452554 0.035889714616 -0.456117983147 0
1.008455993356 1.087043391720 -0.548391000690 0
1.143688695645 0.994295017212 -0.620441713986 0
0.814207447195 0.993295596958 -0.559795401350 0
0.980999303785 0.976246333548 -0.595098465941 0
0.974965841015 0.837464273648 -0.619371066713 0
1.017438538677 0.615142858651 -0.604712869789 0
0.943164100188 0.617325477263 -0.581068989632 0
0.971225925926 0.695029629630 -0.621166666667 0
1.166777885345 0.803248381408 -0.670906251141 0
0.817074662984 0.802511089987 -0.630926164158 0
1.212376867571 0.667316606703 -0.643327577442 0
0.801880792066 0.674380095447 -0.631505322814 0
1.254541122456 0.565312466723 -0.610262599538 0
0.787237810245 0.562445315532 -0.619333080013 0
1.123649771860 0.344171798002 -0.627071328628 0
0.903110217988 0.347200449672 -0.492880705273 0
1.233633717583 0.018490065383 -0.702483438091 0
0.837954993046 0.012905654636 -0.495789980831 0
1.249644244328 0.013867571445 -0.656748184064 0
0.855430944977 0.032643881732 -0.454625659461 0
0.989196836202 1.087509093746 -0.539826346196 0
1.124950351629 0.995131549552 -0.608824610357 0
0.794723567816 0.997551822409 -0.552421767447 0
0.961774847859 0.978764600738 -0.585549057026 0
0.954945574035 0.840012818298 -0.609855959676 0
0.994945865591 0.617089187121 -0.593482818048 0
0.920558901682 0.621154210208 -0.570449270918 0
0.950481481481 0.697607407407 -0.611592592593 0
1.147128818611 0.804386393877 -0.660814979003 0
0.797528259807 0.806036713338 -0.621563875782 0
1.193278491422 0.668501642052 -0.633929300314 0
0.781417839236 0.678017907157 -0.622180732971 0
1.237231966911 0.567075471553 -0.601834326201 0
0.765747095911 0.566327691918 -0.609645303712 0
1.113108410191 0.350415603793 -0.604834269656 0
0.890256953826 0.348636521934 -0.485803426118 0
1.232613763997 0.027013028746 -0.700460212312 0
0.838003680839 0.013062928836 -0.495477824630 0
1.253214633842 0.017206017399 -0.657462019701 0
0.854765190367 0.030776756760 -0.453112981220 0
0.969941274627 1.090468842255 -0.530971432876 0
1.107091863957 0.998821283937 -0.597465106289 0
0.776244439085 1.003732803406 -0.544998682841 0
0.943535770732 0.983679316163 -0.576110982375 0
0.936352602756 0.844947084156 -0.600451251619 0
0.975993805182 0.621945944631 -0.582756469497 0
0.901299856969 0.626647591488 -0.560865884241 0
0.932262962963 0.702533333333 -0.602288888889 0
1.127199981786 0.808237979757 -0.650871707082 0
0.778115171573 0.811486413909 -0.612113215766 0
1.173118392089 0.672064618239 -0.625072230230 0
0.761041000107 0.683591678716 -0.612500873832 0
1.218165302325 0.570931292303 -0.594146575190 0
0.744561613039 0.572095383058 -0.599562572778 0
1.102242118668 0.358957644232 -0.572531028662 0
0.877487935964 0.351326632288 -0.483532971768 0
1.221050835078 0.039247632081 -0.691059374938 0
0.837926158679 0.013516742702 -0.495078962938 0
1.244321248622 0.028486460231 -0.649681809620 0
0.854046957656 0.029480608796 -0.451780202237 0
0.951565866283 1.095608657624 -0.521742544169 0
1.090520790489 1.002573537490 -0.586258960818 0
0.759038491883 1.008763034372 -0.538112901825 0
0.926645778979 0.988057892543 -0.567019675967 0
0.919519203653 0.849329609454 -0.591472200329 0
0.959385867348 0.626482451218 -0.572753813977 0
0.884157380265 0.631169525267 -0.552773944762 0
0.916040740741 0.706903703704 -0.593774074074 0
1.108801117314 0.812074344377 -0.640614129090 0
0.759566926992 0.816114979082 -0.604090034179 0
1.153559077997 0.675282671938 -0.616077195615 0
0.741443855734 0.688364825967 -0.603650071288 0
1.198054610565 0.573578895683 -0.586305411518 0
0.724128085116 0.577053827451 -0.590083524717 0
1.089037016615 0.367501313028 -0.536347880395 0
0.864916041961 0.353596130059 -0.482547178633 0
1.194765346451 0.049248144868 -0.671727025329 0
0.837795221444 0.013546578983 -0.494574860339 0
1.216619415761 0.041723695385 -0.628887788730 0
0.853309434550 0.027898547388 -0.450497223683 0
0.934300376419 1.100539069386 -0.513374284261 0
1.074907871894 1.006927294083 -0.575124413038 0
0.742797095844 1.013151860558 -0.531529065108 0
0.910786305244 0.992421981560 -0.558107342314 0
0.904153997766 0.853671442271 -0.582743069940 0
0.944501819741 0.631114982343 -0.563207496930 0
0.868605534217 0.635462009522 -0.545848167908 0
0.901488888889 0.711240740741 -0.585966666667 0
1.091600174987 0.816359361231 -0.629748832754 0
0.742396880127 0.820183270442 -0.596563652063 0
1.134483945737 0.678762737408 -0.606393980667 0
0.723282806087 0.692583570258 -0.595256140494 0
1.177299788736 0.576021454479 -0.577509662536 0
0.704724390564 0.581557950950 -0.580996722580 0
1.071364438325 0.375895234804 -0.500161490576 0
0.852520526272 0.356045047932 -0.482472686816 0
1.161435737457 0.060208635333 -0.647126501214 0
0.837608127814 0.013707510504 -0.494094668663 0
1.184719249849 0.049453517337 -0.605754731065 0
0.852642132222 0.025789752478 -0.449178012522 0
0.917731232496 1.105456273789 -0.505430422379 0
1.060466080522 1.008938611111 -0.564411543892 0
0.727760143889 1.014779505603 -0.525559120056 0
0.896138200087 0.994237078104 -0.549711677696 0
0.890172052611 0.855461324261 -0.574553051693 0
0.931052687894 0.633240133612 -0.554148526275 0
0.854489700433 0.637123340767 -0.539882526169 0
0.888477777778 0.713037037037 -0.578807407407 0
1.074904098429 0.818107863463 -0.618760109966 0
0.727124911645 0.821580094850 -0.589902873516 0
1.115182122446 0.679556291531 -0.596434329040 0
0.707473594126 0.694075760579 -0.587620032788 0
1.155941265451 0.575711998063 -0.568389968772 0
0.687447559607 0.583424939270 -0.572593028530 0
1.050268075334 0.381822443512 -0.465927899731 0
0.840744750494 0.356813113652 -0.479997048514 0
1.122790252405 0.068059067294 -0.618820724445 0
0.837522012589 0.013133867156 -0.493430343316 0
1.147773870294 0.052683954809 -0.579976900855 0
0.852225288390 0.022349949531 -0.447731488134 0
0.902298303693 1.107867684893 -0.498157317462 0
1.046836649800 1.010311979982 -0.553773231964 0
0.713572641369 1.015683115807 -0.519963192901 0
0.882328339177 0.995372193808 -0.541538365715 0
0.877094039845 0.856568608103 -0.566503390641 0
0.918112462800 0.634547141000 -0.544907241520 0
0.840998631223 0.638184009360 -0.533920009210 0
0.876351851852 0.714155555556 -0.571492592593 0
1.058572257392 0.819204265193 -0.607798356729 0
0.713220079557 0.822174181173 -0.583372201419 0
1.095938457799 0.679666217367 -0.586580485169 0
0.693055639185 0.694769089877 -0.580197464203 0
1.134350659028 0.574644392275 -0.559440563952 0
0.671979417198 0.584469809345 -0.564321755296 0
1.024327043380 0.386539165689 -0.433477669596 0
0.829177608372 0.357172234120 -0.476984404325 0
1.077339788852 0.073617625948 -0.586354733159 0
0.837315321178 0.012414217622 -0.492829408160 0
1.101173448908 0.056523381382 -0.547506807489 0
0.851847284583 0.017886255128 -0.446478715568 0
0.887819844987 1.109450692773 -0.490826412846 0
1.033916874641 1.011237925904 -0.542551943651 0
0.700178593338 1.016946218517 -0.513863232540 0
0.869227764065 0.996456231556 -0.532811728205 0
0.864584997484 0.857631974185 -0.557870373856 0
0.905527726225 0.635608627109 -0.535275009512 0
0.828024494468 0.639373271035 -0.527557132279 0
0.865048148148 0.715244444444 -0.563696296296 0
1.043427483137 0.820102814949 -0.596916591444 0
0.700477052174 0.823013900951 -0.575965580084 0
1.077470624569 0.679568517799 -0.576705860548 0
0.679508115056 0.695760108140 -0.572026444227 0
1.112930524288 0.573230903392 -0.550343566176 0
0.657763397155 0.585669665139 -0.555543419747 0
0.995304162576 0.391355907905 -0.403037181783 0
0.817823717008 0.357541345987 -0.474493701640 0
1.025882405402 0.076081716501 -0.550024889470 0
0.836885232808 0.011968600260 -0.492064364916 0
1.046162764938 0.059477963088 -0.509007328993 0
0.851172123865 0.014399597373 -0.445379433133 0
0.874289731142 1.111033601936 -0.483177835493 0
1.021788860320 1.010688881029 -0.531007179244 0
0.687642078115 1.017080839056 -0.507727618006 0
0.856935635901 0.996236977695 -0.523905748698 0
0.853009473351 0.857399748461 -0.548966170362 0
0.894567883369 0.635309840068 -0.525302481209 0
0.816831880231 0.639271404131 -0.520621783394 0
0.855433333333 0.715048148148 -0.555277777778 0
1.029594819706 0.819706561396 -0.586174359967 0
0.688880092928 0.822785980146 -0.568674394499 0
1.060005538238 0.678224113003 -0.566804207860 0
0.666913016902 0.695730684695 -0.563863950761 0
1.092247511977 0.570555503469 -0.541260533066 0
0.644386984131 0.585858726443 -0.546785865983 0
0.964402957081 0.394226888134 -0.376278606573 0
0.806963595581 0.356883428318 -0.470535202528 0
0.970097313654 0.074464625901 -0.512273625155 0
0.836712900188 0.011160521787 -0.491032791689 0
0.986005784940 0.059005728504 -0.468945102097 0
0.850794423374 0.010988649529 -0.444222653649 0
0.861557326129 1.111084595483 -0.474813628187 0
1.010088217905 1.009343967883 -0.519239791771 0
0.675629024856 1.016617356567 -0.501322951673 0
0.845105645761 0.995322345952 -0.514765595254 0
0.841684619435 0.856482615246 -0.539770222733 0
0.883234926698 0.634241772586 -0.514845696100 0
0.805391538255 0.638473549116 -0.513117098682 0
0.845548148148 0.714162962963 -0.546159259259 0
1.016610452779 0.818562211988 -0.575261031613 0
0.678051009564 0.822114400676 -0.561566362797 0
1.043229986555 0.676222519505 -0.556603321064 0
0.655518660687 0.695196893817 -0.555823488339 0
1.072287202657 0.567333688227 -0.531954402882 0
0.632233489525 0.585549332231 -0.538172381220 0
0.931526217387 0.395788576729 -0.353556926887 0
0.796198110719 0.355577523710 -0.465848322432 0
0.914324059480 0.071845896728 -0.475108924549 0
0.836636635368 0.010265161106 -0.490285664686 0
0.926194517783 0.057634928393 -0.430091611474 0
0.850742659347 0.007212811018 -0.443582226857 0
0.849047216213 1.110299754281 -0.465819079231 0
0.998743930840 1.007823962680 -0.506859540988 0
0.664041055192 1.016081173440 -0.494915058571 0
0.833667728536 0.994283757824 -0.505315613342 0
0.830644610607 0.855439559324 -0.530207746128 0
0.871628556139 0.632953243789 -0.503979615011 0
0.793794992761 0.637527012753 -0.505206870153 0
0.835511111111 0.713140740741 -0.536440740741 0
1.004111843274 0.817067079689 -0.563087597606 0
0.667942161071 0.821521763347 -0.554897987489 0
1.027362812813 0.674016563969 -0.545389005423 0
0.645826814697 0.694578795858 -0.548179702006 0
1.053272704393 0.564117639851 -0.521410106829 0
0.622078226209 0.585077606419 -0.530108524742 0
0.899089759488 0.396029873030 -0.335696397951 0
0.785367952558 0.354064064677 -0.461312000634 0
0.858909997181 0.068077450123 -0.440992852519 0
0.836706191521 0.009311476891 -0.489623922932 0
0.867103470979 0.053827071555 -0.395175698793 0
0.851081803209 0.002847696573 -0.443352234059 0
0.836932533853 1.109376343764 -0.456530105796 0
0.987716491676 1.005931307684 -0.493795494037 0
0.652877778141 1.015342661181 -0.488198217867 0
0.822595108500 0.992957352273 -0.495369891159 0
0.819888065243 0.854112309596 -0.520134916090 0
0.860088785599 0.631304960703 -0.492779776429 0
0.782374327923 0.636266926444 -0.496820948272 0
0.825559259259 0.711829629630 -0.526122222222 0
0.991882029529 0.814975795075 -0.549448326327 0
0.658952868846 0.820671453329 -0.547635147052 0
1.012309818909 0.671375226431 -0.532748628615 0
0.637721849801 0.693623676310 -0.540095446469 0
1.035112397133 0.560688186315 -0.509071410271 0
0.614192473286 0.584085348410 -0.521761606141 0
0.868267235774 0.394258126303 -0.322638794598 0
0.774376130314 0.352157174101 -0.457239450489 0
0.805949750302 0.064439470985 -0.407460944565 0
0.836834059297 0.007638492011 -0.489116943209 0
0.812165555143 0.053851694374 -0.360358071676 0
0.851725761866 -0.002911632234 -0.443768956136 0
0.825219794352 1.108249487900 -0.446984424468 0
0.976909136832 1.004665671373 -0.479973420038 0
0.642065518253 1.015422758527 -0.480923856657 0
0.811799279976 0.992354852925 -0.484774705839 0
0.809264768196 0.853519520036 -0.509449500736 0
0.848512479425 0.630364511884 -0.481187426597 0
0.770989653484 0.635687294315 -0.487696539527 0
0.815407407407 0.711240740741 -0.515118518519 0
0.979987645983 0.813402484514 -0.534631570184 0
0.650769477192 0.820595608682 -0.539517006652 0
0.997995290597 0.669427218802 -0.518379019735 0
0.630165895500 0.693445535341 -0.531961070511 0
1.018255503951 0.558216492620 -0.494745221479 0
0.607441230818 0.583748254251 -0.513531888921 0
0.839092707452 0.391017781277 -0.314362809443 0
0.764726881161 0.350707839043 -0.454583018657 0
0.757091892615 0.060742035157 -0.376600566847 0
0.837097043752 0.006026969824 -0.489044648487 0
0.761192377799 0.051437813923 -0.328997674433 0
0.852604042355 -0.008410935040 -0.444992545744 0
0.814169364368 1.107886127194 -0.436988718488 0
0.966195235300 1.002709972125 -0.465900339290 0
0.631475588005 1.014827577397 -0.473165909760 0
0.801156329597 0.991067429522 -0.473805036212 0
0.798645482707 0.852223543893 -0.498292607255 0
0.836654391420 0.628667678130 -0.469308093682 0
0.759361215314 0.634348064590 -0.477909677428 0
0.804803703704 0.709925925926 -0.503525925926 0
0.968338550783 0.811134747098 -0.519500120986 0
0.642374545939 0.820284241268 -0.532332095444 0
0.984381911619 0.666945387838 -0.503088629676 0
0.622278450020 0.693071309409 -0.524473482554 0
1.002860504352 0.555413271766 -0.479357682994 0
0.600460154647 0.583232148569 -0.505702325513 0
0.811927454816 0.385404790673 -0.309878521026 0
0.756386245370 0.348648528540 -0.451152581860 0
0.712911583380 0.056788310506 -0.348064710700 0
0.837735322292 0.004484703359 -0.489227751649 0
0.716352402728 0.051100870751 -0.299844054659 0
0.853940821917 -0.013550494696 -0.446782242210 0
0.803793056546 1.106698428464 -0.426327192565 0
0.955504217066 0.999823064013 -0.451615189275 0
0.621035728697 1.013793274387 -0.464750282245 0
0.790567148795 0.989092651855 -0.462408483131 0
0.787819329438 0.850251563561 -0.486755953651 0
0.824405657516 0.626281560329 -0.457262203118 0
0.747386575739 0.632320457431 -0.467849075636 0
0.793755555556 0.707929629630 -0.491648148148 0
0.957046052149 0.808005449263 -0.504361967940 0
0.634431727029 0.819640587881 -0.524682043403 0
0.971368169771 0.663735234058 -0.487091190623 0
0.614355199562 0.692469644455 -0.516124877232 0
0.988523199653 0.552061042164 -0.462883420228 0
0.593314771467 0.582398286815 -0.497203830560 0
0.786073192682 0.378487795703 -0.307813500222 0
0.748295838796 0.346095339906 -0.447273049616 0
0.675625606530 0.054312639154 -0.320204046904 0
0.838561539086 0.002665503576 -0.489588212380 0
0.680575793603 0.058348255946 -0.271948194173 0
0.855501883572 -0.019171861461 -0.449268712438 0
0.793654810615 1.104674519358 -0.415131766622 0
0.944631653542 0.997504411767 -0.437099736330 0
0.610496770627 1.013376033844 -0.455507310565 0
0.779827010777 0.987711947167 -0.450494167526 0
0.776698148024 0.848880166860 -0.474720560212 0
0.811616069456 0.624455475273 -0.444863055939 0
0.734900183681 0.630874546108 -0.457271017303 0
0.782100000000 0.706522222222 -0.479244444444 0
0.945236560983 0.805467140991 -0.489060471152 0
0.625885670079 0.819731386966 -0.516593045015 0
0.958217358148 0.661238508368 -0.470435266879 0
0.605941960153 0.692598920764 -0.507194887115 0
0.974463266119 0.549713050433 -0.445082579240 0
0.585953518783 0.582169243341 -0.488353626269 0
0.761707703176 0.372705062241 -0.305805776525 0
0.741322420854 0.344282328188 -0.444130507206 0
0.651099105956 0.051761731428 -0.295315929809 0
0.839268988074 0.001376721964 -0.490123225450 0
0.656143319769 0.058500482004 -0.247372598412 0
0.856741852931 -0.024316269556 -0.452386280170 0
0.783920140115 1.103295762763 -0.403460023245 0
0.934161340582 0.994948528840 -0.422727936391 0
0.600404206445 1.013029526152 -0.445446213309 0
0.769482893354 0.986248252740 -0.438258153439 0
0.765549548076 0.847431878168 -0.462318921519 0
0.798136171884 0.622489669828 -0.432166403867 0
0.721729233591 0.629207920554 -0.446213965707 0
0.769544444444 0.705007407407 -0.466248148148 0
0.933845105391 0.802646051817 -0.473701013301 0
0.616803389833 0.819818722394 -0.507632920408 0
0.946130273235 0.658602354477 -0.453261206427 0
0.597284315236 0.692630624550 -0.498096967718 0
0.961841741956 0.547507303795 -0.426089710429 0
0.578095116078 0.581917724040 -0.479636613693 0
0.738863210643 0.367275158562 -0.303487300087 0
0.734980858084 0.342600541663 -0.440771326448 0
0.634866991639 0.046631697330 -0.276969048695 0
0.840248191826 0.001183247228 -0.490109797072 0
0.638667079713 0.051835675156 -0.228720775947 0
0.857907492740 -0.026940335967 -0.454238903326 0
0.774132437249 1.101869435367 -0.391484083457 0
0.923040846064 0.992001702930 -0.408959012199 0
0.589612157396 1.012736656887 -0.434103363751 0
0.758417589786 0.984616478740 -0.425707605676 0
0.753232427349 0.845845809978 -0.449687170819 0
0.783616927038 0.620654611765 -0.419150742411 0
0.707487838201 0.627204062147 -0.434705665692 0
0.755396296296 0.703366666667 -0.453070370370 0
0.922342465742 0.799586505857 -0.459501088169 0
0.606153390744 0.819628642232 -0.496571089177 0
0.934440186300 0.655866703341 -0.436795112752 0
0.586892892446 0.692315091117 -0.488262430571 0
0.950043430911 0.545374969504 -0.407502135722 0
0.567975370886 0.581414482855 -0.470752240912 0
0.718729680237 0.362510869042 -0.299327974372 0
0.728770289865 0.341040673390 -0.437272705829 0
0.623459665468 0.040995834693 -0.263602849897 0
0.841983437439 0.002656011855 -0.488824238218 0
0.627363129054 0.046912083587 -0.215444996448 0
0.859291643769 -0.025640301921 -0.452918076088 0
0.764372231891 1.100039460043 -0.378757740433 0
0.911332330179 0.989397292447 -0.395422855095 0
0.578204081188 1.013301354888 -0.421710355552 0
0.746708733228 0.983587742650 -0.412777793449 0
0.739742887338 0.844921501496 -0.436894733136 0
0.767439718427 0.619661379553 -0.406296404012 0
0.691560864361 0.625745132771 -0.423204288512 0
0.739196296296 0.702422222222 -0.440077777778 0
0.910731255965 0.796928692532 -0.445762441899 0
0.594113926785 0.819949643319 -0.483585446589 0
0.923002414479 0.653658341995 -0.420457835140 0
0.574786629537 0.692539461839 -0.477116896798 0
0.939371382943 0.543953657403 -0.389060119744 0
0.555991305823 0.581499731246 -0.460741776505 0
0.702169065552 0.358970305193 -0.292340499964 0
0.722192342481 0.340608254564 -0.433581703550 0
0.614850180531 0.037222448746 -0.254742629979 0
0.842111898953 0.003144045808 -0.489464838055 0
0.619505195597 0.045573676314 -0.207014171900 0
0.859449848889 -0.027639061478 -0.455681652053 0
0.754559000687 1.098636741060 -0.365412365758 0
0.899437308079 0.986677497381 -0.380972542433 0
0.566717492037 1.014582310988 -0.408462768833 0
0.734822935658 0.982854290458 -0.398954892347 0
0.725707281547 0.844348545292 -0.423517933168 0
0.750609119283 0.619216466908 -0.393960044847 0
0.674940747876 0.624711306729 -0.411976520911 0
0.722118518519 0.701918518519 -0.427677777778 0
0.899113071254 0.794321598924 -0.431743601537 0
0.581197670582 0.820884167995 -0.469601040600 0
0.911828639209 0.651500611964 -0.404215837136 0
0.561648161332 0.693452061663 -0.464345960772 0
0.929560247892 0.542703700419 -0.371007684126 0
0.543146170559 0.582313686360 -0.448617828466 0
0.688037938296 0.356235726641 -0.283814595538 0
0.714529855709 0.340974538604 -0.428564663159 0
0.606438695786 0.034219929782 -0.251005644824 0
0.841359088953 0.005215975330 -0.489570852746 0
0.609711864960 0.041717185202 -0.203021320274 0
0.858649280697 -0.026424092321 -0.456563834597 0
0.744684272705 1.097447695194 -0.351119708238 0
0.887599081979 0.983958259605 -0.365077697407 0
0.555494635060 1.016326622079 -0.395007491999 0
0.723088573707 0.982353388043 -0.384302433623 0
0.711836774503 0.844078405942 -0.409685261773 0
0.734278300846 0.619262922112 -0.382116791068 0
0.658776676297 0.624127688739 -0.400993439125 0
0.705418518519 0.701822222222 -0.415870370370 0
0.887137762535 0.791716173637 -0.416276963130 0
0.567702082184 0.822644284706 -0.456689457508 0
0.900902674821 0.649236524256 -0.387512844870 0
0.548069914239 0.695220260523 -0.451547770741 0
0.920295060502 0.541350882480 -0.352991875979 0
0.529579943065 0.584160472123 -0.435576473744 0
0.675409371301 0.354645809042 -0.273865809319 0
0.702802957634 0.341290397253 -0.421334791215 0
0.600731370184 0.031968097289 -0.249679376884 0
0.839011798825 0.003847920982 -0.492070251859 0
0.602160908946 0.037698531619 -0.201362336214 0
0.856836004885 -0.031501197288 -0.463395430596 0
0.734615094905 1.096466506674 -0.335932846269 0
0.875710304535 0.981346454297 -0.349790078262 0
0.544469499311 1.018976600109 -0.382961877097 0
0.711393592725 0.982355337391 -0.370643706293 0
0.697607355596 0.844367428708 -0.396551869592 0
0.717131700342 0.619972286211 -0.370354340643 0
0.641560817914 0.624252529860 -0.389094947600 0
0.687522222222 0.702377777778 -0.403833333333 0
0.874846063940 0.789319710934 -0.401786041232 0
0.554246013376 0.825757166927 -0.446500879746 0
0.889977922467 0.647051900583 -0.372662257262 0
0.534099221353 0.698431089966 -0.440940502332 0
0.910881945575 0.539931758223 -0.337318064032 0
0.514696519473 0.587746421079 -0.424073302125 0
0.664784543053 0.353309388985 -0.263786442983 0
0.687935640998 0.341848237066 -0.410218600320 0
0.600329770330 0.029093316801 -0.249133834965 0
0.832473665670 0.001097958563 -0.498296724591 0
0.601347868468 0.034361737598 -0.200753827769 0
0.850849866932 -0.039364913740 -0.477935510218 0
0.723833316880 1.095671818326 -0.320670686992 0
0.863570810943 0.979879813015 -0.334593860909 0
0.533335911871 1.022510211600 -0.371532021512 0
0.699543305078 0.983383002548 -0.357366177661 0
0.683509784199 0.845745930748 -0.383923733423 0
0.700601322301 0.621842683276 -0.358780911444 0
0.624966104510 0.625518018625 -0.377389910492 0
0.670233333333 0.704066666667 -0.392025925926 0
0.862636077756 0.788203526486 -0.387866036570 0
0.540253530473 0.830064597606 -0.437739020023 0
0.878719443154 0.646026924810 -0.358806836810 0
0.519006733034 0.703003340975 -0.430475992966 0
0.900577644563 0.539228234612 -0.323335050402 0
0.498428703142 0.592826569130 -0.411962541334 0
0.655363831649 0.352533001381 -0.255669771783 0
0.667809472295 0.342168458552 -0.392439500243 0
0.599945712417 0.026722981622 -0.249115572285 0
0.820896073110 0.000998785214 -0.504783948115 0
0.600735567138 0.032013658098 -0.200733729102 0
0.839679935943 -0.042292946624 -0.492036387164 0
0.712189002150 1.095829306179 -0.305383945841 0
0.851353390790 0.978774528264 -0.320092877685 0
0.522044452664 1.025594356313 -0.360097803992 0
0.687610386832 0.984372379639 -0.344439666836 0
0.670088556195 0.847038962752 -0.371734294813 0
0.686220527459 0.623491066032 -0.347617954943 0
0.610647870083 0.626739618503 -0.366557581915 0
0.655522222222 0.705559259259 -0.380944444444 0
0.851097935377 0.787533491833 -0.374914387795 0
0.525981808915 0.834145013621 -0.429366706486 0
0.867480744713 0.645441312271 -0.345610567858 0
0.503125398633 0.707538654345 -0.419509972747 0
0.889504275478 0.538551522445 -0.310256503269 0
0.481318156212 0.597955199461 -0.398872160713 0
0.646274543744 0.351796048794 -0.248662518317 0
0.641640762884 0.341464330331 -0.369100820463 0
0.599065223567 0.025125372088 -0.249420641989 0
0.803727116601 0.006426984380 -0.507549306091 0
0.599060242469 0.027734241704 -0.200813938210 0
0.821817636581 -0.036781639052 -0.493575909707 0
0.700063117969 1.096365911882 -0.291425587846 0
0.838526320850 0.977772545776 -0.306815250091 0
0.509800674241 1.027033510191 -0.348644352442 0
0.674971528447 0.984591736194 -0.332097693629 0
0.656901862591 0.847415970272 -0.359962757801 0
0.673470739491 0.623999794675 -0.336821419557 0
0.597968336078 0.627050922649 -0.356071531315 0
0.642700000000 0.705981481481 -0.370293703704 0
0.839153376318 0.786651142445 -0.362049417359 0
0.511326004366 0.836212453785 -0.419718484480 0
0.855419491409 0.644638437189 -0.332298739329 0
0.486279043442 0.710230975870 -0.407468673435 0
0.877061420536 0.537721608925 -0.296623128006 0
0.462870445149 0.601451319791 -0.384574687689 0
0.637795596770 0.350424150355 -0.241481535609 0
0.611342068747 0.340627437311 -0.344593385581 0
0.597994456517 0.023741386083 -0.249640230826 0
0.778372671600 0.016771742823 -0.502742305485 0
0.597260432927 0.023228117995 -0.200971805301 0
0.791886909264 -0.022472151606 -0.476920028495 0
0.687241556621 1.096551769557 -0.279135107668 0
0.825056849659 0.978455092400 -0.294300454914 0
0.496551177593 1.028142930826 -0.337335432437 0
0.661609279177 0.985493184822 -0.320208569202 0
0.643771684228 0.848359074307 -0.348507484327 0
0.661091167478 0.624933709950 -0.325979780928 0
0.585564945549 0.628064865239 -0.345123311780 0
0.630396296296 0.706900000000 -0.359559259259 0
0.826838512862 0.786730610964 -0.347377249636 0
0.496200757330 0.837311120412 -0.408396193650 0
0.842850844153 0.644738754094 -0.317390325374 0
0.468652312606 0.712015803927 -0.394579256212 0
0.863749319176 0.537934548213 -0.281035977896 0
0.442719588195 0.604274547260 -0.369924118674 0
0.630341523859 0.349012198675 -0.235825349655 0
0.578672881083 0.342504363863 -0.317614821998 0
0.597072073363 0.022351923208 -0.249968574738 0
0.740334464091 0.030148207245 -0.490340023959 0
0.596104196008 0.019797032275 -0.201368640340 0
0.749380412509 -0.006459579944 -0.459234580819 0
0.673528778627 1.097537531234 -0.267548854981 0
0.811097972630 0.980379162115 -0.283019769877 0
0.482530188378 1.029153560106 -0.326621792874 0
0.647680648891 0.986969177385 -0.309234716526 0
0.630468482496 0.849798559966 -0.337703460567 0
0.648621947129 0.626407482968 -0.314710207186 0
0.572883256387 0.629678825256 -0.332970496070 0
0.617814814815 0.708251851852 -0.348483703704 0
0.814278511108 0.787771942914 -0.332728325780 0
0.481425446928 0.838084898768 -0.397035432498 0
0.829866015368 0.645794286834 -0.302451722890 0
0.451360468828 0.713382111193 -0.383105150268 0
0.849805533938 0.538981220041 -0.265544026176 0
0.421934148377 0.606735940703 -0.358060762932 0
0.623642115849 0.347884143351 -0.231003578041 0
0.546960820405 0.347127419910 -0.290054902655 0
0.596396448267 0.021103587555 -0.250001568299 0
0.692916551827 0.042006568085 -0.476703501652 0
0.595604146982 0.017275072299 -0.201482163857 0
0.699088709607 0.004313911178 -0.446196519792 0
0.659036180247 1.098901219211 -0.256322375625 0
0.797041528012 0.982180339548 -0.272890936202 0
0.468202844170 1.028545589762 -0.317075217789 0
0.633630719221 0.987578284704 -0.299417209697 0
0.617405306106 0.850304669506 -0.327826046282 0
0.635993092287 0.626930876127 -0.303734287836 0
0.559924172999 0.630443762783 -0.320517262883 0
0.604925925926 0.708662962963 -0.337541481481 0
0.801893403334 0.788841913429 -0.319531149915 0
0.467653631309 0.837175376113 -0.386671727312 0
0.816780754911 0.646999190293 -0.288285246922 0
0.435298997142 0.712965180671 -0.373490456654 0
0.835571352294 0.540150091801 -0.250631893220 0
0.402396725986 0.607254292941 -0.349157593900 0
0.617350894960 0.346324987191 -0.225511234852 0
0.516531153404 0.352696449966 -0.262876187408 0
0.595945738113 0.019902967052 -0.249814524534 0
0.641033810823 0.049694320871 -0.462963020735 0
0.595457649639 0.015297595707 -0.201358666249 0
0.646654104131 0.008078751477 -0.437941738880 0
0.643952800286 1.099296477476 -0.245806948605 0
0.782950439761 0.984480236526 -0.263324291878 0
0.453689710844 1.027831582596 -0.307425316181 0
0.619492143800 0.988384007150 -0.289819942158 0
0.604292679120 0.850988912649 -0.318091961804 0
0.623203096794 0.627565303627 -0.293572440345 0
0.546767126776 0.631334654183 -0.308533175275 0
0.591666666667 0.709300000000 -0.326935925926 0
0.789453483490 0.790525108126 -0.307116024350 0
0.453925332353 0.836191087429 -0.376275875649 0
0.803358588325 0.649026854390 -0.273916776664 0
0.419989883159 0.712241643078 -0.364714671861 0
0.820740507828 0.542273943764 -0.234957724173 0
0.384450039288 0.607113716238 -0.341940349231 0
0.611737545091 0.345072475311 -0.220961246172 0
0.488134303224 0.359958138219 -0.235965991962 0
0.595672541631 0.018882969327 -0.249475726420 0
0.581501403449 0.055415541703 -0.445302322829 0
0.595461292073 0.013474853071 -0.201100882441 0
0.583909471225 0.013347796099 -0.420523020015 0
0.628404846697 1.100092320472 -0.235935284647 0
0.768727287415 0.987525823800 -0.254009160175 0
0.438929211914 1.027332777448 -0.297431539133 0
0.605184807339 0.989675118652 -0.280183788530 0
0.591187331437 0.852151094521 -0.308313540495 0
0.610722140353 0.628613577270 -0.283651412322 0
0.533904915713 0.632662354883 -0.296426798979 0
0.578570370370 0.710407407407 -0.316274444444 0
0.776719731007 0.793028416304 -0.295063716146 0
0.440217482168 0.835495809156 -0.365721014170 0
0.789514994157 0.652075683024 -0.259204184366 0
0.405283691728 0.711665820526 -0.355999640735 0
0.805389820652 0.545835242645 -0.218120014206 0
0.368285501997 0.606744618353 -0.334863142585 0
0.606225602124 0.344262528018 -0.217846364048 0
0.463268217698 0.367897087773 -0.211228044680 0
0.595563486599 0.018134116941 -0.249083014960 0
0.517922175915 0.057676370501 -0.420751514368 0
0.595671427248 0.012431189147 -0.200741698871 0
0.516309051071 0.018518877351 -0.391535141954 0
0.612384956404 1.101338599318 -0.225916765272 0
0.754371532739 0.991537104335 -0.244963003696 0
0.423953052712 1.027882042690 -0.286670804762 0
0.590683912196 0.991974141701 -0.270301616650 0
0.577632840290 0.854350300868 -0.298287974894 0
0.597447469428 0.630746858183 -0.273852850200 0
0.520281008085 0.635024541850 -0.284222410070 0
0.564544444444 0.712611111111 -0.305536666667 0
0.763729718481 0.796603654302 -0.283589052696 0
0.426233170925 0.836029248058 -0.354889868793 0
0.775326710109 0.656338167998 -0.244750915067 0
0.390898682286 0.712190015650 -0.346886161587 0
0.789732908292 0.551030245578 -0.200968801574 0
0.353717933143 0.606926604754 -0.327504767747 0
0.600442254207 0.344436071052 -0.217079556465 0
0.441102986761 0.375761146078 -0.190082354513 0
0.595594180105 0.017721359834 -0.248614186903 0
0.452216339901 0.056729871376 -0.390458181771 0
0.596037508198 0.012119551261 -0.200262960665 0
0.448443465055 0.019171821731 -0.359399106111 0
0.595887746952 1.103676431381 -0.215860765948 0
0.739682683939 0.995355858837 -0.236112700050 0
0.408575264680 1.027815957996 -0.275496529622 0
0.575829536014 0.993873630427 -0.260316467134 0
0.563850502755 0.856151299715 -0.288210282252 0
0.584178902214 0.632467283802 -0.264383302237 0
0.506719126896 0.636943249764 -0.272157493013 0
0.550440740741 0.714418518519 -0.294944074074 0
0.750155541430 0.799993376057 -0.272201712524 0
0.411531562627 0.836286976990 -0.344593882550 0
0.760560848026 0.660521874137 -0.230288378794 0
0.376471484211 0.712280050255 -0.338127513925 0
0.773734456392 0.556254910313 -0.183857873877 0
0.339776413227 0.606354066788 -0.320766274970 0
0.594498575120 0.344647151830 -0.216853117853 0
0.421152527428 0.381358906955 -0.173648517409 0
0.595782441653 0.017438219195 -0.248246499785 0
0.388865999347 0.053199076422 -0.351684289262 0
0.596606085631 0.012375189146 -0.199840867726 0
0.384438244817 0.017861331425 -0.318200761567 0
0.578938499975 1.105654674939 -0.205864276648 0
0.724387478582 0.998491862386 -0.228002255831 0
0.392466112961 1.026876151405 -0.263490371282 0
0.560293418490 0.994996921502 -0.250291227500 0
0.549415640170 0.857172135693 -0.278076272661 0
0.570696030942 0.633378270173 -0.255132344012 0
0.493023666051 0.638002141842 -0.260242397714 0
0.536081481481 0.715418518519 -0.284448888889 0
0.735800497642 0.802640161565 -0.261024241312 0
0.396097855386 0.835830933659 -0.333882627018 0
0.745330313299 0.664017428654 -0.216188782897 0
0.361531013920 0.711607430294 -0.329150229856 0
0.757652745540 0.560896379576 -0.167227628363 0
0.325742530054 0.604940520149 -0.313799582760 0
0.588439783831 0.344635384637 -0.216161229958 0
0.402095855353 0.384302127515 -0.161665252897 0
0.596093165583 0.017417104409 -0.248153236802 0
0.330566419948 0.049093439024 -0.306131778322 0
0.597326202303 0.012583023341 -0.199732898530 0
0.328192046701 0.019341400275 -0.267418907070 0
0.561379994923 1.106780842406 -0.195742311287 0
0.708251124861 1.000034792569 -0.221631176913 0
0.375375978206 1.025110442269 -0.249954589289 0
0.543760300307 0.994911123781 -0.240403232820 0
0.533675086072 0.857011362682 -0.268039321462 0
0.556579214005 0.632952104630 -0.246144699654 0
0.478787289241 0.637744028918 -0.248582528374 0
0.521151851852 0.715166666667 -0.273963703704 0
0.720655732219 0.803632953611 -0.250803777305 0
0.379340356812 0.834515495986 -0.321539396324 0
0.729731187829 0.665892297645 -0.203238605203 0
0.345484175051 0.710043082330 -0.318519777936 0
0.741654860206 0.563882540414 -0.152034913283 0
0.311117030093 0.602597853266 -0.304830967264 0
0.582067955817 0.343866891960 -0.214742370098 0
0.382461806127 0.384650092476 -0.153641082484 0
0.596403956940 0.016789230148 -0.248096858771 0
0.278679447293 0.045956743843 -0.255314150602 0
0.598080307405 0.011334073596 -0.199755892770 0
0.279403208836 0.024041960843 -0.211625178150 0
0.543287158222 1.106605038085 -0.185663344956 0
0.691216409227 1.000403302388 -0.215139661465 0
0.357607724936 1.022241906003 -0.236707886132 0
0.526437498388 0.993683978435 -0.230587465701 0
0.517135347158 0.855700078329 -0.257970062275 0
0.541776829329 0.631379337241 -0.237227982084 0
0.463947280599 0.636177097120 -0.237049235283 0
0.505451851852 0.713762962963 -0.263336666667 0
0.704405225772 0.803531991115 -0.240562862667 0
0.361548430333 0.831832837608 -0.308786953541 0
0.713601403939 0.666654133732 -0.190591067993 0
0.328821397524 0.707029693447 -0.307424077589 0
0.725531571357 0.565472073374 -0.137697658019 0
0.295970091040 0.598979233817 -0.294881427857 0
0.575331836046 0.342453032416 -0.212698523277 0
0.361755411242 0.382899132511 -0.148980444050 0
0.596771002367 0.015491940727 -0.247833851920 0
0.232474338737 0.043468305429 -0.202903140499 0
0.599013036317 0.008455836189 -0.199720606400 0
0.235077394154 0.024351158178 -0.157989148892 0
0.524728234871 1.105183471992 -0.175450145000 0
0.673420533423 0.999678493546 -0.207847616928 0
0.339310747872 1.018255772861 -0.224046476446 0
0.508487009428 0.991344492372 -0.220628482093 0
0.499992832589 0.853251408413 -0.247668799123 0
0.526316449435 0.628948350349 -0.227571603903 0
0.448512399416 0.633497906021 -0.225057553456 0
0.488966666667 0.711244444444 -0.252482962963 0
0.686660056586 0.802365635782 -0.229548963222 0
0.343282065573 0.827982162840 -0.296480697707 0
0.696541972712 0.666232068647 -0.177709813632 0
0.311844868859 0.702840505219 -0.296385353679 0
0.708895567756 0.565705479105 -0.123573810768 0
0.280562152823 0.594263401409 -0.284608637471 0
0.568066841098 0.340537897742 -0.210768090342 0
0.340592013407 0.379726237480 -0.145671483911 0
0.597274714226 0.013930551317 -0.247276814926 0
0.196746490729 0.043064666330 -0.151313766918 0
0.600110704558 0.006892330627 -0.199195233357 0
0.202202969386 0.027776249618 -0.105205210080 0
0.505774379749 1.102648691157 -0.165095342688 0
0.654592383060 0.998076887655 -0.200763358561 0
0.320113736670 1.013703299242 -0.211566947189 0
0.489550229904 0.988263413169 -0.210796146178 0
0.481722011754 0.849979350412 -0.237098232760 0
0.509908683966 0.625857419448 -0.217473281733 0
0.432171864956 0.629913343993 -0.212887918924 0
0.471385185185 0.707903703704 -0.241401851852 0
0.668295940658 0.800532985982 -0.219926256679 0
0.325091762521 0.823613100774 -0.284419333214 0
0.679160581735 0.665180180600 -0.166271103645 0
0.294709812633 0.698211721639 -0.284834221220 0
0.692253239112 0.565349120449 -0.110944940935 0
0.265241495961 0.588987097823 -0.273720456300 0
0.559109193143 0.338256120572 -0.209056321094 0
0.319849558872 0.376592969954 -0.138312419188 0
0.597785848990 0.012327398712 -0.247132960978 0
0.172073282498 0.044097252035 -0.104607326403 0
0.601016179801 0.005104411692 -0.199103685540 0
0.180633550925 0.036736591370 -0.057046309408 0
0.486461411511 1.099515993051 -0.155208770760 0
0.633772302166 0.994944428753 -0.193731145799 0
0.299061678721 1.008142185565 -0.199342288781 0
0.468667298699 0.983907313892 -0.201106330739 0
0.461368021483 0.845430840317 -0.226537003134 0
0.491385562654 0.621524210759 -0.206960650596 0
0.413744001324 0.625035966694 -0.200640474160 0
0.451759259259 0.703281481481 -0.230063333333 0
0.647917881594 0.797319353180 -0.211698597783 0
0.304908074967 0.818152267459 -0.272391485309 0
0.660043824847 0.662690492403 -0.156514096848 0
0.275374362081 0.692547737373 -0.272443688376 0
0.674164770215 0.563660926227 -0.100043417824 0
0.247400296128 0.582845321548 -0.261400994292 0
0.548984321007 0.335363811093 -0.206153715616 0
0.299163863039 0.372597276582 -0.126511416743 0
0.598357489624 0.010691216748 -0.247238083929 0
0.150359697514 0.042740022939 -0.069356610404 0
0.601790702015 0.003629807494 -0.199198855898 0
0.156496405088 0.037043603340 -0.021196466275 0
0.465942709410 1.095172511134 -0.145576483088 0
0.611486744617 0.991193798211 -0.186521533852 0
0.276663562476 1.002566283049 -0.187506646691 0
0.446356959003 0.979228495598 -0.191507400262 0
0.439390845948 0.840556142187 -0.215800754164 0
0.470942838954 0.616913113788 -0.195276246882 0
0.393394707934 0.619857965880 -0.187653627438 0
0.430325925926 0.698340740741 -0.217815925926 0
0.625489533117 0.793529225405 -0.204163410597 0
0.283021927694 0.812320866266 -0.259844652119 0
0.639237128159 0.659431027174 -0.148074421846 0
0.254481306153 0.686487643503 -0.259427673740 0
0.655023354458 0.561145511472 -0.090882737285 0
0.227543307092 0.576621119019 -0.247738234733 0
0.537599977805 0.332832740394 -0.203099912099 0
0.280789467434 0.366267499341 -0.114435101090 0
0.599057897725 0.009431226472 -0.247955137720 0
0.133644549936 0.036486601523 -0.051744448015 0
0.602520601614 0.002465703324 -0.199904029025 0
0.138571871522 0.032838639474 -0.003247832324 0
0.443421047423 1.090710234226 -0.136377043508 0
0.588395049646 0.987394976523 -0.178477226193 0
0.253551850027 0.997905904439 -0.175943608177 0
0.423253298774 0.974991274270 -0.181674680884 0
0.416401188216 0.836217866744 -0.205155831573 0
0.449081253253 0.612820280660 -0.183110658449 0
0.371590107014 0.615373777727 -0.174798558053 0
0.407825925926 0.693959259259 -0.205531481481 0
0.602721358916 0.789798430110 -0.196614451766 0
0.260345882474 0.807138744195 -0.246853876404 0
0.618626533420 0.656217692179 -0.139864917183 0
0.233284933091 0.680983554555 -0.245707558205 0
0.636528965746 0.558526988442 -0.082320934220 0
0.207384463545 0.571045892775 -0.232983342804 0
0.524530401208 0.331488624218 -0.202240938152 0
0.264656073132 0.359694948956 -0.100350815145 0
0.599858747065 0.009130090228 -0.249285350272 0
0.125099876986 0.025966602307 -0.047568201490 0
0.603254709095 0.001862953173 -0.201274163673 0
0.131698773406 0.028516555803 0.000799764787 0
0.419942553546 1.086941351977 -0.127320657480 0
0.563900432495 0.981860757321 -0.169735899476 0
0.229114087184 0.993477576752 -0.165261566305 0
0.398703131876 0.969987631143 -0.171916305448 0
0.391487529188 0.831141569759 -0.194574306421 0
0.424997818771 0.607938082489 -0.170572141794 0
0.347519845729 0.610327126953 -0.162090086286 0
0.383474074074 0.688855555556 -0.193295925926 0
0.579616928788 0.784555958821 -0.189795946256 0
0.236839869727 0.801925315712 -0.233924351124 0
0.598167298994 0.651290257680 -0.133108783141 0
0.211405557472 0.675445578565 -0.231753463901 0
0.618285692656 0.553874882624 -0.075790975093 0
0.186826532604 0.565377820063 -0.217902636681 0
0.509480085468 0.330312969526 -0.202085404259 0
0.248350795932 0.352006452023 -0.086031253964 0
0.600990986194 0.009524451710 -0.250897239393 0
0.122082933886 0.017752507821 -0.049755676482 0
0.604057619636 0.001966075407 -0.202908859708 0
0.132069919967 0.031952557119 -0.004059652940 0
0.396073982265 1.082437915632 -0.118396394445 0
0.537452032174 0.977588686981 -0.160299038849 0
0.202678499826 0.989280365472 -0.155116968808 0
0.372248206461 0.965739231700 -0.162076623221 0
0.365174616323 0.826814720928 -0.184116455072 0
0.399227231225 0.603683281592 -0.158257685142 0
0.321735009595 0.606261807923 -0.149963356084 0
0.357890000000 0.684507407407 -0.181644074074 0
0.553660323083 0.780542637372 -0.182406568844 0
0.210848409757 0.796837594389 -0.221189405377 0
0.575324995251 0.647084282146 -0.127299335219 0
0.187140866000 0.670052316359 -0.217698482294 0
0.598128897370 0.549702627489 -0.071079056770 0
0.164344438718 0.559771725123 -0.202600189810 0
0.493683077529 0.330727801479 -0.200441111038 0
0.232227453186 0.345786005420 -0.069404240123 0
0.602224390280 0.011055867539 -0.252416825431 0
0.122773892926 0.011484974463 -0.049551237797 0
0.605376654174 0.002080986077 -0.204678658176 0
0.133749918425 0.030871330511 -0.006040274558 0
0.371824026143 1.078690920331 -0.109604820475 0
0.510688418979 0.976915862409 -0.150731061391 0
0.175914066442 0.988433190386 -0.145221869352 0
0.345489517503 0.964968548767 -0.152298886272 0
0.338756155997 0.825970746585 -0.174052780807 0
0.373048696972 0.602775041494 -0.146869106395 0
0.295516157326 0.605919909655 -0.139168183973 0
0.332395925926 0.683625925926 -0.171337777778 0
0.525699014496 0.780048349465 -0.175153624992 0
0.184804589830 0.794981012635 -0.208180172712 0
0.550925361530 0.645977039097 -0.123136195710 0
0.162536586233 0.667974316221 -0.203471034608 0
0.576982729923 0.548361734207 -0.069039961735 0
0.141306143206 0.557608817500 -0.187025743225 0
0.477118751725 0.334106163041 -0.193693244396 0
0.216276161295 0.344116842785 -0.052397251543 0
0.602604827890 0.015699790004 -0.253177149519 0
0.124189149736 0.008842365690 -0.048037689668 0
0.604350098976 0.010227113835 -0.204840603075 0
0.134778453234 0.029458619667 -0.004998816751 0
0.347349806605 1.078024887003 -0.100331177796 0
0.483790353322 0.980326845275 -0.140947996042 0
0.148984072366 0.991090131776 -0.135871279253 0
0.318621225846 0.967998211266 -0.142690849873 0
0.312588172971 0.828932700510 -0.164484040539 0
0.347978226542 0.605887645939 -0.136499605939 0
0.270361309285 0.609229612361 -0.129796284242 0
0.307758888889 0.686518518519 -0.162370370370 0
0.496721990660 0.783681320578 -0.168185977164 0
0.158773263055 0.796562024715 -0.195281057517 0
0.524669280129 0.648512076042 -0.120588475755 0
0.137662450545 0.669387104213 -0.189839174543 0
0.553622692731 0.550168004587 -0.069692847589 0
0.117033561957 0.559181453446 -0.172225397628 0
0.459048956626 0.338960401177 -0.176738658699 0
0.200857163401 0.345766315044 -0.039766943580 0
0.602052062322 0.023866798372 -0.252304850724 0
0.125293180641 0.009457757956 -0.047442054977 0
0.605430494046 0.015740971253 -0.204430274898 0
0.134758214326 0.028979466632 -0.003637672933 0
0.322580286728 1.080758334755 -0.090471230623 0
0.458310819842 0.986657804487 -0.130761420128 0
0.123463596276 0.996488528648 -0.126570848547 0
0.293182029591 0.973861839108 -0.132910682206 0
0.288133751173 0.834747161700 -0.155102278209 0
0.325641664444 0.612319658014 -0.126029402314 0
0.247924006428 0.615630166525 -0.120598447366 0
0.285668148148 0.692262962963 -0.154303333333 0
0.470566294048 0.790334924065 -0.160522589765 0
0.133318545661 0.801571197175 -0.184679783392 0
0.499759804083 0.653616214192 -0.118415213452 0
0.113502106251 0.674295639279 -0.177131141712 0
0.530538990758 0.553695760813 -0.071929749063 0
0.092973430094 0.564361592823 -0.157856468682 0
0.437759547542 0.343638595123 -0.147150699105 0
0.186119722887 0.348671409554 -0.035379493363 0
0.595196151577 0.037500851104 -0.243874393039 0
0.125724247571 0.009999420880 -0.046868274199 0
0.601017786577 0.025977448240 -0.196941061278 0
0.134021701442 0.028397708050 -0.002346783354 0
0.298240211763 1.086007976746 -0.079503043471 0
0.435709722930 0.993990878469 -0.120947235671 0
0.100812788137 1.002647607221 -0.118503617221 0
0.270640296681 0.980609745999 -0.123931065223 0
0.266661168655 0.841462334795 -0.146493290310 0
0.306250084767 0.619460596788 -0.117494110145 0
0.228451552018 0.622542931807 -0.113207314287 0
0.266404074074 0.698955555556 -0.147177037037 0
0.447534821137 0.797865768330 -0.152151489685 0
0.110040173623 0.807915510380 -0.177332183935 0
0.477115529667 0.659614548466 -0.115697687598 0
0.090998644494 0.680772179143 -0.166344263736 0
0.508461320893 0.557473367130 -0.074214473668 0
0.070481588283 0.571280364694 -0.144520257801 0
0.413066530309 0.347828294284 -0.114003889097 0
0.172007656172 0.352059338377 -0.035736482259 0
0.575217204058 0.051850269687 -0.230592031321 0
0.125249020965 0.009760125225 -0.046130510462 0
0.579029411955 0.040345351117 -0.183448401874 0
0.132385681712 0.025188568498 -0.000298872152 0
0.275009321732 1.092153525363 -0.069067955656 0
0.415387236139 1.001257170380 -0.111132803135 0
0.080443298303 1.008278373204 -0.111491098450 0
0.250415772345 0.987066782378 -0.115482797318 0
0.247408276339 0.847902145902 -0.138381305521 0
0.287967280498 0.626166902269 -0.109863562764 0
0.210091363350 0.628879667126 -0.106952971573 0
0.248267037037 0.705407407407 -0.140409629630 0
0.425512621405 0.805365678234 -0.144338181031 0
0.088989406034 0.813604233239 -0.170613663650 0
0.454782109235 0.666086282686 -0.111752220010 0
0.069799013043 0.686775620932 -0.156650396939 0
0.484551612827 0.561750976294 -0.073721548048 0
0.048893289328 0.577961168194 -0.132146491229 0
0.385427174033 0.352815521444 -0.078452828953 0
0.158109761530 0.355401699653 -0.037262714813 0
0.541540997075 0.065032289878 -0.213574849728 0
0.124529368054 0.009179926846 -0.045355302148 0
0.543743657446 0.049016435175 -0.167661250836 0
0.130432035816 0.021016529920 0.001703822360 0
0.252822881617 1.098192042702 -0.059508086304 0
0.396636827334 1.008417043143 -0.101242714004 0
0.061681380338 1.013354949371 -0.105405977973 0
0.231816688817 0.993198386555 -0.107454626600 0
0.229789074801 0.854004483355 -0.130358308116 0
0.270212000474 0.632433865653 -0.100940161306 0
0.192267839809 0.634697212148 -0.100667788983 0
0.231114814815 0.711514814815 -0.132655185185 0
0.404990994444 0.812825991878 -0.136639688457 0
0.069889022540 0.818688500013 -0.164601776373 0
0.433222534511 0.672750536847 -0.106653944500 0
0.049736807844 0.692314949656 -0.148098597497 0
0.460432349372 0.566755283671 -0.070654481903 0
0.027934878568 0.584380985653 -0.120972598209 0
0.355201547491 0.358895147566 -0.044731718435 0
0.144890997292 0.358398082787 -0.039322508680 0
0.502946381803 0.078729069855 -0.196008575313 0
0.123364078717 0.008581008634 -0.045081548726 0
0.506212474190 0.056470108015 -0.152842742342 0
0.128078431735 0.015815782865 0.003032282716 0
0.232043053844 1.104053836790 -0.050831569730 0
0.378808273880 1.014846846058 -0.091262172161 0
0.043926263715 1.016991599158 -0.100552299106 0
0.214235663613 0.998258642976 -0.100012080464 0
0.213657261101 0.859076885279 -0.123118625313 0
0.253823295544 0.637640371031 -0.092286529166 0
0.175986016605 0.639371380871 -0.096628270534 0
0.216115555556 0.716607407407 -0.125910370370 0
0.386421713331 0.820018441547 -0.130790966462 0
0.052193610752 0.822286634611 -0.159612964509 0
0.413692658554 0.679626048517 -0.101404416417 0
0.030280272773 0.696476305069 -0.141165539236 0
0.439379202451 0.572715125785 -0.066398215807 0
0.007117828240 0.589555298982 -0.111702855370 0
0.324222711589 0.365135341817 -0.014885148569 0
0.132504112589 0.361057031640 -0.041860903028 0
0.461176331462 0.089352103007 -0.182417593076 0
0.121831022413 0.007914831396 -0.044906106736 0
0.463971649770 0.066554212893 -0.139500693378 0
0.125181494394 0.011183391911 0.003751870084 0
0.212373921556 1.109067240823 -0.043362324702 0
0.361281471384 1.019942070506 -0.080843491607 0
0.026653234321 1.018225879169 -0.096901661002 0
0.197124530776 1.001473077811 -0.092978918512 0
0.198717676742 0.862382274824 -0.116569281133 0
0.239565363992 0.641279442187 -0.084032831196 0
0.162274849866 0.642025199537 -0.094333771825 0
0.203484074074 0.719981481481 -0.119982222222 0
0.371155846272 0.826667628006 -0.126952968294 0
0.035687860727 0.823313098892 -0.155159004356 0
0.397669958692 0.686595036456 -0.095425698565 0
0.011602419897 0.698171645266 -0.134953831148 0
0.421812934049 0.579312326691 -0.059660961950 0
-0.013631085694 0.592166222508 -0.103984985127 0
0.295441135704 0.370161071519 0.008588816742 0
0.120433725242 0.362735589536 -0.043386234650 0
0.419182520891 0.095678251890 -0.174540769994 0
0.119783473786 0.006874352539 -0.043706113108 0
0.421876487439 0.071738845403 -0.132243426826 0
0.121226881368 0.007563578895 0.005150303054 0
0.193681816997 1.112571174910 -0.037164902839 0
0.343772587943 1.025413990604 -0.069518035394 0
0.009733829978 1.019844698042 -0.094497192994 0
0.180223861973 1.005064702201 -0.086058716223 0
0.184431840804 0.866062471160 -0.109687332740 0
0.226362943736 0.645125639797 -0.074902747606 0
0.150108183644 0.645255910033 -0.091202554315 0
0.192431851852 0.723800000000 -0.112945555556 0
0.359221526432 0.833845167475 -0.120911746564 0
0.020185626917 0.825118417893 -0.153139926600 0
0.385662923042 0.694442579321 -0.086486918914 0
-0.006746230094 0.701196095962 -0.129335008934 0
0.408513073119 0.587167425107 -0.049243647921 0
-0.034670107420 0.596182442239 -0.096611957017 0
0.267100745501 0.373656194770 0.024348521246 0
0.109045378976 0.364846800066 -0.046107159553 0
0.378301595513 0.099885711592 -0.172062335175 0
0.117826743689 0.006287915121 -0.041770110321 0
0.380580343671 0.073546203789 -0.131191128766 0
0.116645693715 0.005206222513 0.007086239529 0
0.175287333992 1.116505175818 -0.031285007100 0
0.326170292570 1.028043263094 -0.056599225720 0
-0.006436787493 1.018954283942 -0.095673359197 0
0.163687792705 1.005966153227 -0.080006743416 0
0.170740888348 0.867003142751 -0.102885163245 0
0.213519867374 0.645996956923 -0.065499513387 0
0.138498785750 0.645954539369 -0.086767438027 0
0.181747777778 0.724914814815 -0.104878888889 0
0.350951639236 0.838116242815 -0.110378488162 0
0.004342358884 0.824159024185 -0.154027032808 0
0.381070511795 0.700454068268 -0.072178003712 0
-0.027321661132 0.702258588016 -0.125983951693 0
0.405265622374 0.594695097788 -0.031665332413 0
-0.057560394900 0.598298308826 -0.091011583137 0
0.241629377052 0.372518141968 0.032608772102 0
0.099801945381 0.364633349891 -0.045415770529 0
0.340454283913 0.101504911013 -0.176905612962 0
0.116836585225 0.005223431612 -0.040226736624 0
0.342288811398 0.072459412516 -0.137887522239 0
0.113112093228 0.000426549810 0.008277138921 0
0.157176364335 1.117781233501 -0.026417050679 0
0.308576146998 1.030308639596 -0.043395331600 0
-0.021420826728 1.017152262532 -0.099660544931 0
0.147795876379 1.006227097489 -0.075107432392 0
0.157724973895 0.867260922839 -0.096651131756 0
0.200770830891 0.646042884348 -0.057162071174 0
0.126834992064 0.645976065191 -0.081940617902 0
0.170550740741 0.725307407407 -0.097063333333 0
0.348288755838 0.841538067946 -0.092048977108 0
-0.012362506368 0.823222082709 -0.161106184568 0
0.386743971224 0.707999111214 -0.047262358098 0
-0.051149002696 0.704658566145 -0.128135877583 0
0.416845975600 0.606325883770 -0.001015562883 0
-0.084851131531 0.602715786117 -0.089924881971 0
0.219840295380 0.369117161982 0.033140433006 0
0.092824735420 0.363748503496 -0.042698760512 0
0.305419891787 0.100402848430 -0.190466973202 0
0.117656138900 0.006210459607 -0.037480366622 0
0.307518635602 0.066970750137 -0.155149725915 0
0.111902833904 0.000955908778 0.010777244548 0
0.138828228448 1.118198017569 -0.022197022343 0
0.291349388948 1.031240979427 -0.031016276453 0
-0.035006323829 1.013387591031 -0.104569470929 0
0.132801236702 1.004850119923 -0.071039761824 0
0.145376111474 0.865883780333 -0.090973046642 0
0.188152859474 0.644187426466 -0.050480415698 0
0.114652659363 0.644335562721 -0.076522453735 0
0.158453703704 0.723955555556 -0.089764444444 0
0.353188321223 0.845962982084 -0.068786733152 0
-0.029370052771 0.821646356963 -0.172907352450 0
0.399586222833 0.720351318329 -0.010595303779 0
-0.076206870117 0.706796448026 -0.137346814517 0
0.437634071050 0.627395959851 0.046346754445 0
-0.117065598174 0.608514421514 -0.096693055998 0
0.202760858040 0.363573684366 0.028567522716 0
0.085298987306 0.361409469203 -0.038572420112 0
0.272220718065 0.097643061436 -0.207387861284 0
0.118417868783 0.005841355508 -0.036614374263 0
0.272799218881 0.064200304976 -0.172023115351 0
0.112760848644 -0.002232282349 0.011263829061 0
0.120430111130 1.116902530610 -0.019077181536 0
0.274370365026 1.031617054401 -0.019793988296 0
-0.048061599667 1.009450634905 -0.108016123546 0
0.118147447107 1.003123813183 -0.066893972892 0
0.133349295486 0.864289566700 -0.085418667298 0
0.177508062374 0.642062127014 -0.044776399641 0
0.103793320487 0.642573486677 -0.070200098146 0
0.147380370370 0.722481481481 -0.082370000000 0
0.356848599168 0.851753630911 -0.040411627017 0
-0.046232695032 0.820199230504 -0.183163282406 0
0.411383474036 0.739322921392 0.035103807018 0
-0.101019271478 0.708455199492 -0.149097999865 0
0.456645516245 0.660528678028 0.105579407614 0
-0.152619120235 0.614980689819 -0.109788250002 0
0.188611684785 0.358232134183 0.022478988126 0
0.078300071430 0.358964797811 -0.034630119787 0
0.245294327515 0.095354327934 -0.217055361712 0
0.119207811857 0.005345470353 -0.036696125855 0
0.245060167145 0.063213471413 -0.180499536065 0
0.114996615432 -0.005089942042 0.010873568819 0
0.103542153679 1.115509986706 -0.016551485258 0
0.258521799199 1.031141752215 -0.010441985274 0
-0.060705156831 1.004924555118 -0.108644206620 0
0.104211551196 1.000688358294 -0.062372819919 0
0.122051510569 0.862111649056 -0.079954915509 0
0.168844052513 0.639489729390 -0.039863148300 0
0.094560627147 0.640563608818 -0.063555100618 0
0.138060000000 0.720555555556 -0.075484814815 0
0.356923808108 0.858244449136 -0.008970770143 0
-0.062228355702 0.816626120695 -0.186154940740 0
0.417995647323 0.764186723256 0.084520793405 0
-0.124833191966 0.707121751983 -0.158985682203 0
0.468716174955 0.703663080677 0.167515300892 0
-0.187324305207 0.617966967270 -0.126975961839 0
0.176170641502 0.353752905314 0.019355353081 0
0.069688445525 0.356427634024 -0.031977578271 0
0.230455147062 0.094197084406 -0.215689317232 0
0.120137089292 0.002509401639 -0.038287043169 0
0.232706296491 0.062748547098 -0.178603744495 0
0.118388921011 -0.012634352197 0.008157746485 0
0.088572566992 1.113040245280 -0.012314708578 0
0.245802713508 1.030493414129 -0.004110881050 0
-0.072551335582 1.001533545006 -0.104355045793 0
0.092102081027 0.998720370883 -0.057049172720 0
0.111207127882 0.860324087603 -0.074436780716 0
0.158423581562 0.636991985124 -0.036029665315 0
0.083543980566 0.638987267457 -0.057698844091 0
0.127359629630 0.718803703704 -0.069646666667 0
0.356819014283 0.866648225614 0.016106250451 0
-0.076639020302 0.813474310080 -0.182352157515 0
0.419938417302 0.794154631182 0.126005829733 0
-0.145294624626 0.705721233888 -0.164340398410 0
0.471797163083 0.755521005175 0.219493660566 0
-0.214610406749 0.618453986895 -0.142820693640 0
0.160805429426 0.350605236617 0.020388412682 0
0.060486405460 0.354185468394 -0.031141340654 0
0.223228445846 0.094919795793 -0.203473478928 0
0.120641222350 -0.001382409441 -0.041903701441 0
0.227367609307 0.068139467866 -0.163037118561 0
0.121850181269 -0.022259610479 0.002279878696 0
0.074524661611 1.110661954597 -0.006621583859 0
0.236737728423 1.030853277012 0.000067160774 0
-0.082756662349 0.999733701599 -0.095806576235 0
0.082555756042 0.998047990004 -0.050801355659 0
0.101559033940 0.859705160979 -0.069114742389 0
0.146695101800 0.635620144907 -0.034218469163 0
0.071444588335 0.638062019321 -0.054513458156 0
0.115274074074 0.717885185185 -0.066365185185 0
0.358163392187 0.877018542518 0.034261895547 0
-0.088623935309 0.812273377577 -0.175120739347 0
0.418739174468 0.825159161125 0.156566748108 0
-0.160236372553 0.705522497778 -0.163956090041 0
0.466226487434 0.807263526371 0.256985709091 0
-0.231261680014 0.617501607654 -0.150940967596 0
0.143147091944 0.350818027672 0.029665864518 0
0.051284744805 0.352653967880 -0.032494321265 0
0.216597465845 0.091795894288 -0.177163549923 0
0.120388794484 -0.005621017178 -0.045990572418 0
0.220613611699 0.065456442105 -0.136426322368 0
0.124149243033 -0.031548646313 -0.004721638185 0
0.061784581848 1.109130357064 0.000494172507 0
0.227579823192 1.031160105915 0.003507504273 0
-0.093920903683 0.998512141014 -0.084856855984 0
0.072421176642 0.997632418077 -0.043795370653 0
0.091181709687 0.859382033279 -0.063513214701 0
0.135078145407 0.634937734435 -0.031833344227 0
0.059899284919 0.637484286958 -0.052379465801 0
0.103711111111 0.717429629630 -0.063447037037 0
0.358236742975 0.887787768018 0.047685997705 0
-0.099958553081 0.811711472493 -0.165699861089 0
0.413891902478 0.853571978674 0.178258126346 0
-0.171665655204 0.704733284028 -0.157794192371 0
0.455464736096 0.850121948690 0.282614879271 0
-0.241124986976 0.614733663917 -0.148022310143 0
0.123498040060 0.354084079324 0.046863339413 0
0.042411239804 0.351641931613 -0.034012820015 0
0.204740060121 0.084443189360 -0.140078074426 0
0.119826176306 -0.009569469285 -0.049500799831 0
0.206583529357 0.059203063400 -0.098497363267 0
0.125603999137 -0.039312094290 -0.011140652807 0
0.050977705296 1.107757703611 0.009582645890 0
0.218438903009 1.029905345533 0.007405273217 0
-0.104842841811 0.995807853521 -0.073607945837 0
0.062408751630 0.995695002507 -0.036413874626 0
0.081080495446 0.857582350302 -0.057686672894 0
0.124194041941 0.633057956008 -0.028776854417 0
0.049477559990 0.635522123834 -0.050954868474 0
0.093311851852 0.715633333333 -0.060648888889 0
0.357354287282 0.896119371048 0.056215377570 0
-0.110121488196 0.809024003716 -0.154542881366 0
0.407208084624 0.874494293600 0.191730146925 0
-0.179091270056 0.700236423253 -0.146981636283 0
0.442879404174 0.878335150592 0.299139119092 0
-0.245591422245 0.607981660072 -0.137046521809 0
0.102768320470 0.357763253091 0.065879405018 0
0.033708830242 0.349550241324 -0.033053832640 0
0.187299233286 0.075060574528 -0.095715894547 0
0.120219202929 -0.011643921533 -0.050116307554 0
0.186175494126 0.050343706445 -0.053796549129 0
0.126907419838 -0.044088513964 -0.014170180710 0
0.041459479997 1.104858134232 0.019402303829 0
0.208047474075 1.027660411814 0.013510364003 0
-0.116018974740 0.991821144373 -0.063517882886 0
0.051694605971 0.992633545877 -0.028475023042 0
0.070646532661 0.854731359182 -0.051260012489 0
0.113450219231 0.630308820832 -0.025015732651 0
0.038994961329 0.632537050938 -0.048079528243 0
0.082620740741 0.712848148148 -0.057031851852 0
0.354047189913 0.901514682492 0.061986494135 0
-0.119757438137 0.804455456213 -0.143183793011 0
0.396853552355 0.886987395159 0.200816862047 0
-0.184503115380 0.693256671495 -0.133614652220 0
0.426296243501 0.896075780426 0.309858392932 0
-0.247408715955 0.598799964721 -0.121472152179 0
0.081015446579 0.362169988531 0.085689256308 0
0.026661433093 0.346449398373 -0.029351030199 0
0.158633533704 0.064528638462 -0.046340943021 0
0.122247438677 -0.009902075720 -0.047798964388 0
0.151719632401 0.041782323115 -0.003864820497 0
0.129247497213 -0.042684752767 -0.012220837334 0
0.031414983732 1.101052365527 0.029141542876 0
