-0.306336000000 0.376241000000 2.697789000000 0
0.050536000000 0.347921000000 2.699966000000 0
-0.123909000000 0.405019000000 2.603223000000 0
-0.140604000000 0.209758000000 2.799910000000 0
-0.271625000000 -0.018332000000 2.662302000000 0
0.009624000000 -0.019085000000 2.662229000000 0
-0.130926000000 -0.002831000000 2.786356000000 0
-0.366385000000 0.116492000000 2.667631000000 0
0.097361000000 0.085480000000 2.669683000000 0
-0.350569000000 -0.169000000000 2.620787000000 0
0.102436000000 -0.199714000000 2.618801000000 0
-0.334618000000 -0.234337000000 2.632541000000 0
0.057749000000 -0.250425000000 2.609158000000 0
-0.282291000000 -0.584082000000 2.721633000000 0
-0.034540000000 -0.593787000000 2.712914000000 0
-0.310609000000 -0.996744000000 2.827639000000 0
-0.049912000000 -1.019452000000 2.742958000000 0
-0.322500000000 -1.037766000000 2.664771000000 0
-0.046995000000 -1.031410000000 2.575034000000 0
-0.104415000000 0.674915000000 2.606316000000 0
-0.310173000000 0.374445000000 2.696566000000 0
0.046894000000 0.350528000000 2.706339000000 0
-0.126072000000 0.406810000000 2.606511000000 0
-0.144645000000 0.208614000000 2.800069000000 0
-0.274128000000 -0.018952000000 2.662337000000 0
0.007014000000 -0.015109000000 2.669100000000 0
-0.136741000000 -0.002812000000 2.789969000000 0
-0.367327000000 0.114199000000 2.664934000000 0
0.093789000000 0.088322000000 2.674031000000 0
-0.353931000000 -0.173580000000 2.633859000000 0
0.091452000000 -0.194344000000 2.610341000000 0
-0.339296000000 -0.237701000000 2.652186000000 0
0.058753000000 -0.252905000000 2.597575000000 0
-0.280341000000 -0.584370000000 2.719201000000 0
-0.034300000000 -0.591621000000 2.711861000000 0
-0.312040000000 -0.995206000000 2.831174000000 0
-0.051285000000 -1.017418000000 2.739026000000 0
-0.319869000000 -1.038871000000 2.668748000000 0
-0.043762000000 -1.028426000000 2.571180000000 0
-0.100034000000 0.675932000000 2.613522000000 0
-0.309393000000 0.374978000000 2.686243000000 0
0.046454000000 0.344828000000 2.711299000000 0
-0.121086000000 0.403672000000 2.603977000000 0
-0.151387000000 0.206752000000 2.797357000000 0
-0.279033000000 -0.020275000000 2.649435000000 0
0.001577000000 -0.015978000000 2.667892000000 0
-0.147129000000 0.000178000000 2.782134000000 0
-0.371870000000 0.114842000000 2.665448000000 0
0.091183000000 0.081373000000 2.686852000000 0
-0.365255000000 -0.173490000000 2.637218000000 0
0.096942000000 -0.198597000000 2.612288000000 0
-0.345851000000 -0.238649000000 2.643494000000 0
0.053661000000 -0.251059000000 2.618284000000 0
-0.278785000000 -0.587162000000 2.704571000000 0
-0.027743000000 -0.590374000000 2.713498000000 0
-0.311434000000 -0.994927000000 2.827011000000 0
-0.051128000000 -1.016036000000 2.737881000000 0
-0.313633000000 -1.043183000000 2.665714000000 0
-0.034044000000 -1.026551000000 2.570705000000 0
-0.099700000000 0.674996000000 2.616296000000 0
-0.310770000000 0.374270000000 2.683390000000 0
0.044303000000 0.345771000000 2.719093000000 0
-0.120135000000 0.406545000000 2.608111000000 0
-0.155160000000 0.203990000000 2.794755000000 0
-0.268911000000 -0.022523000000 2.645477000000 0
0.010906000000 -0.016186000000 2.673113000000 0
-0.141594000000 0.001521000000 2.781999000000 0
-0.366961000000 0.113238000000 2.656600000000 0
0.103103000000 0.084022000000 2.712528000000 0
-0.368353000000 -0.176071000000 2.639830000000 0
0.158816000000 -0.187894000000 2.629217000000 0
-0.346676000000 -0.240102000000 2.630250000000 0
0.111865000000 -0.218188000000 2.589981000000 0
-0.274373000000 -0.587752000000 2.690220000000 0
-0.021512000000 -0.591565000000 2.708641000000 0
-0.317843000000 -0.989029000000 2.829564000000 0
-0.051599000000 -1.016729000000 2.734322000000 0
-0.319336000000 -1.044116000000 2.670462000000 0
-0.027975000000 -1.028445000000 2.568024000000 0
-0.096266000000 0.670738000000 2.609206000000 0
-0.307327000000 0.373775000000 2.676014000000 0
0.045646000000 0.351496000000 2.731493000000 0
-0.113434000000 0.412136000000 2.612890000000 0
-0.154660000000 0.203508000000 2.791401000000 0
-0.245616000000 -0.014386000000 2.632034000000 0
0.030153000000 -0.018428000000 2.687142000000 0
-0.131649000000 0.003603000000 2.780741000000 0
-0.353783000000 0.110737000000 2.650125000000 0
0.110268000000 0.091076000000 2.736279000000 0
-0.360440000000 -0.178522000000 2.633582000000 0
0.250318000000 -0.147163000000 2.649006000000 0
-0.332678000000 -0.233913000000 2.662265000000 0
0.228922000000 -0.199911000000 2.611304000000 0
-0.265165000000 -0.581875000000 2.666715000000 0
-0.012221000000 -0.591182000000 2.714634000000 0
-0.322649000000 -0.985910000000 2.792333000000 0
-0.048796000000 -1.015915000000 2.738982000000 0
-0.309302000000 -1.037471000000 2.632604000000 0
-0.008504000000 -1.028728000000 2.576002000000 0
-0.093975000000 0.673881000000 2.618083000000 0
-0.303180000000 0.377620000000 2.662431000000 0
0.042445000000 0.350188000000 2.751620000000 0
-0.103785000000 0.416420000000 2.620164000000 0
-0.163625000000 0.202006000000 2.786108000000 0
-0.233004000000 -0.009110000000 2.630189000000 0
0.040463000000 -0.013263000000 2.695766000000 0
-0.124912000000 0.006158000000 2.783516000000 0
-0.347777000000 0.114042000000 2.639881000000 0
0.138717000000 0.100415000000 2.769398000000 0
-0.347519000000 -0.174555000000 2.614475000000 0
0.355480000000 -0.073569000000 2.687681000000 0
-0.311478000000 -0.231865000000 2.623322000000 0
0.393790000000 -0.127359000000 2.670347000000 0
-0.264489000000 -0.572086000000 2.626702000000 0
-0.009883000000 -0.587299000000 2.718479000000 0
-0.315202000000 -0.966992000000 2.780995000000 0
-0.043220000000 -1.012458000000 2.739874000000 0
-0.313290000000 -1.028476000000 2.624259000000 0
0.001283000000 -1.024098000000 2.577904000000 0
-0.074909000000 0.664604000000 2.605076000000 0
-0.293130000000 0.376486000000 2.646178000000 0
0.042021000000 0.351633000000 2.769548000000 0
-0.091096000000 0.418867000000 2.625291000000 0
-0.164169000000 0.199993000000 2.779711000000 0
-0.212546000000 -0.005647000000 2.607740000000 0
0.050815000000 -0.014115000000 2.706080000000 0
-0.123609000000 0.008802000000 2.772990000000 0
-0.328330000000 0.113093000000 2.610580000000 0
0.188797000000 0.133342000000 2.821393000000 0
-0.308231000000 -0.174563000000 2.584498000000 0
0.468631000000 0.129508000000 2.747173000000 0
-0.278316000000 -0.234999000000 2.573811000000 0
0.511607000000 0.158137000000 2.702507000000 0
-0.247981000000 -0.561692000000 2.562027000000 0
-0.010276000000 -0.586856000000 2.725440000000 0
-0.322070000000 -0.946395000000 2.731861000000 0
-0.043763000000 -1.011958000000 2.747708000000 0
-0.315567000000 -1.015391000000 2.578409000000 0
0.018913000000 -1.025053000000 2.591982000000 0
-0.057383000000 0.658831000000 2.602328000000 0
-0.283306000000 0.380024000000 2.630328000000 0
0.040243000000 0.354074000000 2.781347000000 0
-0.079939000000 0.420934000000 2.625988000000 0
-0.167145000000 0.203847000000 2.775519000000 0
-0.207545000000 -0.002754000000 2.591741000000 0
0.048736000000 -0.016684000000 2.706752000000 0
-0.129876000000 0.001921000000 2.763123000000 0
-0.316491000000 0.118287000000 2.584046000000 0
0.232610000000 0.174501000000 2.831328000000 0
-0.307882000000 -0.169944000000 2.561131000000 0
0.495439000000 0.288776000000 2.792103000000 0
-0.275574000000 -0.229715000000 2.567851000000 0
0.523418000000 0.313500000000 2.734941000000 0
-0.246128000000 -0.560838000000 2.538855000000 0
-0.010187000000 -0.587732000000 2.724656000000 0
-0.312271000000 -0.965249000000 2.658879000000 0
-0.047856000000 -1.011789000000 2.757611000000 0
-0.288097000000 -1.016281000000 2.500255000000 0
0.025014000000 -1.029973000000 2.606914000000 0
-0.052081000000 0.653552000000 2.584407000000 0
-0.278532000000 0.379110000000 2.609959000000 0
0.031973000000 0.363155000000 2.787430000000 0
-0.077659000000 0.429116000000 2.624089000000 0
-0.166940000000 0.204105000000 2.760067000000 0
-0.191598000000 0.011372000000 2.582420000000 0
0.051666000000 -0.027198000000 2.718202000000 0
-0.130781000000 -0.006636000000 2.759629000000 0
-0.306370000000 0.118091000000 2.568659000000 0
0.264675000000 0.246387000000 2.840595000000 0
-0.299135000000 -0.164435000000 2.518909000000 0
0.437453000000 0.472239000000 2.802026000000 0
-0.274464000000 -0.222573000000 2.544851000000 0
0.459965000000 0.535303000000 2.788694000000 0
-0.246302000000 -0.554249000000 2.525578000000 0
-0.011678000000 -0.587610000000 2.735040000000 0
-0.328058000000 -0.972240000000 2.556046000000 0
-0.037439000000 -1.013592000000 2.749366000000 0
-0.264749000000 -0.995864000000 2.401825000000 0
0.046175000000 -1.023552000000 2.603559000000 0
-0.053206000000 0.655850000000 2.576880000000 0
-0.264527000000 0.386716000000 2.601380000000 0
0.032677000000 0.368600000000 2.800139000000 0
-0.063627000000 0.431536000000 2.627469000000 0
-0.168712000000 0.214309000000 2.764803000000 0
-0.181829000000 0.023908000000 2.568987000000 0
0.050235000000 -0.018690000000 2.722066000000 0
-0.134384000000 0.004853000000 2.750127000000 0
-0.305971000000 0.127630000000 2.559547000000 0
0.286424000000 0.298694000000 2.836454000000 0
-0.290011000000 -0.150314000000 2.490121000000 0
0.388989000000 0.563830000000 2.797587000000 0
-0.264040000000 -0.211605000000 2.505301000000 0
0.378688000000 0.631009000000 2.791079000000 0
-0.251377000000 -0.542089000000 2.525952000000 0
-0.009434000000 -0.577861000000 2.728793000000 0
-0.347265000000 -0.957261000000 2.498266000000 0
-0.029906000000 -1.004205000000 2.740662000000 0
-0.260374000000 -0.967737000000 2.354424000000 0
0.064414000000 -1.012610000000 2.601439000000 0
-0.054558000000 0.657340000000 2.568252000000 0
-0.268756000000 0.384259000000 2.588102000000 0
0.026156000000 0.376366000000 2.790904000000 0
-0.069288000000 0.434125000000 2.615961000000 0
-0.171187000000 0.216905000000 2.755688000000 0
-0.181620000000 0.023997000000 2.561084000000 0
0.049383000000 -0.009848000000 2.717907000000 0
-0.136148000000 0.009322000000 2.743136000000 0
-0.308314000000 0.125850000000 2.543445000000 0
0.288892000000 0.347469000000 2.812560000000 0
-0.286031000000 -0.152243000000 2.478692000000 0
0.323969000000 0.627568000000 2.764192000000 0
-0.249770000000 -0.209178000000 2.488948000000 0
0.313644000000 0.695039000000 2.765809000000 0
-0.260108000000 -0.536720000000 2.524545000000 0
-0.005433000000 -0.573365000000 2.717683000000 0
-0.358282000000 -0.947458000000 2.461418000000 0
-0.031952000000 -0.998881000000 2.741384000000 0
-0.264349000000 -0.948434000000 2.321684000000 0
0.065000000000 -1.012553000000 2.604403000000 0
-0.070393000000 0.663210000000 2.555803000000 0
-0.287744000000 0.377441000000 2.575320000000 0
0.018506000000 0.384267000000 2.760599000000 0
-0.089587000000 0.436803000000 2.591465000000 0
-0.172751000000 0.215508000000 2.737082000000 0
-0.189973000000 0.017843000000 2.538759000000 0
0.049754000000 0.003660000000 2.685154000000 0
-0.135030000000 0.015942000000 2.718769000000 0
-0.318614000000 0.119286000000 2.522967000000 0
0.280690000000 0.362127000000 2.727326000000 0
-0.279715000000 -0.159092000000 2.467998000000 0
0.241853000000 0.644536000000 2.699646000000 0
-0.259098000000 -0.223730000000 2.460348000000 0
0.224667000000 0.709863000000 2.709577000000 0
-0.267346000000 -0.535410000000 2.511348000000 0
-0.013585000000 -0.566915000000 2.700532000000 0
-0.348054000000 -0.951372000000 2.458516000000 0
-0.028102000000 -0.991969000000 2.738575000000 0
-0.262239000000 -0.949624000000 2.313661000000 0
0.059885000000 -1.007745000000 2.595888000000 0
-0.089816000000 0.661021000000 2.537293000000 0
-0.302988000000 0.371294000000 2.569537000000 0
0.010409000000 0.390498000000 2.741518000000 0
-0.107730000000 0.440887000000 2.578562000000 0
-0.172505000000 0.212231000000 2.722132000000 0
-0.199900000000 0.018505000000 2.528001000000 0
0.048037000000 0.009927000000 2.660497000000 0
-0.134624000000 0.021026000000 2.704519000000 0
-0.330903000000 0.114481000000 2.518981000000 0
0.251061000000 0.363618000000 2.638309000000 0
-0.289969000000 -0.160618000000 2.460245000000 0
0.199946000000 0.642921000000 2.624807000000 0
-0.279474000000 -0.227993000000 2.456763000000 0
0.168265000000 0.703147000000 2.619263000000 0
-0.274502000000 -0.532702000000 2.501376000000 0
-0.017689000000 -0.563386000000 2.675893000000 0
-0.335983000000 -0.953123000000 2.459001000000 0
-0.028032000000 -0.986125000000 2.735172000000 0
-0.261949000000 -0.948713000000 2.307840000000 0
0.051454000000 -1.008643000000 2.588457000000 0
-0.123331000000 0.652047000000 2.505904000000 0
-0.324601000000 0.360870000000 2.568019000000 0
0.005341000000 0.389002000000 2.704074000000 0
-0.130961000000 0.434119000000 2.554286000000 0
-0.174999000000 0.207139000000 2.708013000000 0
-0.223416000000 0.005229000000 2.526900000000 0
0.036346000000 0.014804000000 2.634294000000 0
-0.141478000000 0.016997000000 2.695937000000 0
-0.338035000000 0.102648000000 2.518124000000 0
0.202496000000 0.359725000000 2.531966000000 0
-0.311511000000 -0.173211000000 2.454296000000 0
0.157547000000 0.638850000000 2.501237000000 0
-0.287243000000 -0.235945000000 2.442586000000 0
0.125918000000 0.697477000000 2.516207000000 0
-0.283096000000 -0.540091000000 2.492433000000 0
-0.023103000000 -0.564584000000 2.655733000000 0
-0.333939000000 -0.963164000000 2.464990000000 0
-0.034895000000 -0.985139000000 2.728692000000 0
-0.282020000000 -0.959018000000 2.304874000000 0
0.030585000000 -1.013435000000 2.576173000000 0
-0.147345000000 0.647318000000 2.482009000000 0
-0.360155000000 0.343777000000 2.571970000000 0
-0.005255000000 0.385562000000 2.593514000000 0
-0.181883000000 0.407155000000 2.486805000000 0
-0.171095000000 0.213224000000 2.685214000000 0
-0.266125000000 -0.019222000000 2.545385000000 0
0.014218000000 -0.004017000000 2.562063000000 0
-0.134344000000 0.007838000000 2.677019000000 0
-0.371075000000 0.083833000000 2.531650000000 0
0.072594000000 0.303325000000 2.355833000000 0
-0.349865000000 -0.189095000000 2.454850000000 0
0.078905000000 0.565300000000 2.245528000000 0
-0.318078000000 -0.246592000000 2.436269000000 0
0.076803000000 0.631917000000 2.260335000000 0
-0.300090000000 -0.559140000000 2.471324000000 0
-0.041903000000 -0.581647000000 2.636764000000 0
-0.338001000000 -0.984437000000 2.467641000000 0
-0.038864000000 -0.998376000000 2.729805000000 0
-0.353967000000 -0.981563000000 2.300050000000 0
-0.026433000000 -1.034878000000 2.565905000000 0
-0.207634000000 0.646820000000 2.434333000000 0
-0.367147000000 0.345377000000 2.583992000000 0
-0.020873000000 0.361961000000 2.494639000000 0
-0.220644000000 0.373146000000 2.439713000000 0
-0.154915000000 0.228893000000 2.667665000000 0
-0.271189000000 -0.011592000000 2.578584000000 0
0.002747000000 -0.028149000000 2.517048000000 0
-0.106025000000 -0.000769000000 2.668194000000 0
-0.386295000000 0.088859000000 2.536008000000 0
-0.004554000000 0.243161000000 2.262064000000 0
-0.373845000000 -0.185905000000 2.471184000000 0
-0.022405000000 0.382944000000 2.017126000000 0
-0.341602000000 -0.243412000000 2.453435000000 0
-0.030041000000 0.430860000000 1.969091000000 0
-0.302437000000 -0.560800000000 2.465839000000 0
-0.051782000000 -0.592458000000 2.637095000000 0
-0.343014000000 -0.985866000000 2.464630000000 0
-0.039782000000 -1.009746000000 2.726849000000 0
-0.391470000000 -0.980782000000 2.303458000000 0
-0.077062000000 -1.045297000000 2.566547000000 0
-0.237583000000 0.649903000000 2.412467000000 0
-0.395767000000 0.326070000000 2.612581000000 0
-0.080318000000 0.354053000000 2.445630000000 0
-0.287569000000 0.349160000000 2.437052000000 0
-0.162164000000 0.229471000000 2.653939000000 0
-0.282821000000 -0.013571000000 2.586219000000 0
-0.026418000000 -0.044900000000 2.474965000000 0
-0.103468000000 -0.010571000000 2.643223000000 0
-0.403218000000 0.069899000000 2.559008000000 0
-0.070608000000 0.194043000000 2.238623000000 0
-0.374027000000 -0.199831000000 2.479401000000 0
-0.137371000000 0.103695000000 1.979155000000 0
-0.352052000000 -0.261729000000 2.460762000000 0
-0.121843000000 0.040682000000 2.000364000000 0
-0.305327000000 -0.571582000000 2.463934000000 0
-0.053078000000 -0.596853000000 2.635626000000 0
-0.340921000000 -0.997089000000 2.466456000000 0
-0.047679000000 -1.015287000000 2.720552000000 0
-0.407686000000 -0.992420000000 2.311954000000 0
-0.116575000000 -1.046699000000 2.570163000000 0
-0.267886000000 0.620131000000 2.374511000000 0
-0.402019000000 0.299377000000 2.611181000000 0
-0.117941000000 0.343193000000 2.397772000000 0
-0.323565000000 0.328570000000 2.421331000000 0
-0.160656000000 0.213676000000 2.614596000000 0
-0.284240000000 -0.034726000000 2.583468000000 0
-0.044981000000 -0.067276000000 2.439256000000 0
-0.098855000000 -0.028996000000 2.615490000000 0
-0.415083000000 0.043663000000 2.570379000000 0
-0.166389000000 0.127154000000 2.262847000000 0
-0.382578000000 -0.226742000000 2.505389000000 0
-0.205609000000 -0.089775000000 2.090211000000 0
-0.340304000000 -0.275864000000 2.483904000000 0
-0.224928000000 -0.128698000000 2.037549000000 0
-0.312614000000 -0.594947000000 2.470683000000 0
-0.058569000000 -0.614874000000 2.625410000000 0
-0.345755000000 -1.020654000000 2.468645000000 0
-0.051463000000 -1.030541000000 2.722872000000 0
-0.431027000000 -1.013322000000 2.323645000000 0
-0.139630000000 -1.064714000000 2.583556000000 0
-0.302934000000 0.591754000000 2.333507000000 0
-0.404949000000 0.277912000000 2.601368000000 0
-0.136413000000 0.335405000000 2.371702000000 0
-0.339434000000 0.311836000000 2.407443000000 0
-0.160422000000 0.202579000000 2.589401000000 0
-0.287028000000 -0.046567000000 2.567870000000 0
-0.053328000000 -0.082435000000 2.415556000000 0
-0.100589000000 -0.038186000000 2.592289000000 0
-0.420098000000 0.019739000000 2.579946000000 0
-0.151872000000 0.096897000000 2.270625000000 0
-0.387298000000 -0.253901000000 2.529149000000 0
-0.219413000000 -0.109510000000 2.093511000000 0
-0.352676000000 -0.293304000000 2.485441000000 0
-0.238074000000 -0.151600000000 2.043095000000 0
-0.318855000000 -0.610568000000 2.481172000000 0
-0.069775000000 -0.625120000000 2.621973000000 0
-0.341866000000 -1.036866000000 2.472823000000 0
-0.054161000000 -1.038745000000 2.726851000000 0
-0.434782000000 -1.029105000000 2.332621000000 0
-0.147943000000 -1.076431000000 2.592185000000 0
-0.311894000000 0.572366000000 2.304433000000 0
-0.399586000000 0.267256000000 2.598292000000 0
-0.138075000000 0.338917000000 2.364537000000 0
-0.339355000000 0.307428000000 2.403846000000 0
-0.152867000000 0.200916000000 2.579826000000 0
-0.294318000000 -0.054233000000 2.561312000000 0
-0.060598000000 -0.090880000000 2.409215000000 0
-0.107894000000 -0.044869000000 2.585488000000 0
-0.427753000000 0.010856000000 2.593299000000 0
-0.145833000000 0.102269000000 2.262083000000 0
-0.392282000000 -0.260147000000 2.539243000000 0
-0.212153000000 -0.099104000000 2.081324000000 0
-0.358510000000 -0.289831000000 2.487863000000 0
-0.229441000000 -0.137997000000 2.027939000000 0
-0.321339000000 -0.620609000000 2.484495000000 0
-0.079052000000 -0.630486000000 2.625898000000 0
-0.341091000000 -1.047072000000 2.476217000000 0
-0.060621000000 -1.045584000000 2.724301000000 0
-0.434121000000 -1.040042000000 2.336053000000 0
-0.154810000000 -1.081724000000 2.589496000000 0
-0.308251000000 0.568213000000 2.297834000000 0
-0.402320000000 0.274100000000 2.586618000000 0
-0.127435000000 0.341504000000 2.367395000000 0
-0.330818000000 0.311552000000 2.395476000000 0
-0.155345000000 0.206254000000 2.583127000000 0
-0.299529000000 -0.046861000000 2.560263000000 0
-0.058054000000 -0.084257000000 2.421005000000 0
-0.114677000000 -0.040928000000 2.595196000000 0
-0.431233000000 0.014993000000 2.593709000000 0
-0.138432000000 0.116791000000 2.235464000000 0
-0.400922000000 -0.261564000000 2.549806000000 0
-0.188303000000 -0.076141000000 2.036417000000 0
-0.391318000000 -0.328741000000 2.542286000000 0
-0.206711000000 -0.115683000000 1.983889000000 0
-0.322747000000 -0.614986000000 2.480520000000 0
-0.074920000000 -0.624545000000 2.627243000000 0
-0.338426000000 -1.041598000000 2.471266000000 0
-0.064661000000 -1.040074000000 2.725014000000 0
-0.423808000000 -1.035314000000 2.326281000000 0
-0.151479000000 -1.075145000000 2.585076000000 0
-0.296732000000 0.575340000000 2.295490000000 0
-0.391978000000 0.290327000000 2.586681000000 0
-0.100460000000 0.351214000000 2.388001000000 0
-0.307005000000 0.339500000000 2.403892000000 0
-0.152928000000 0.198311000000 2.586696000000 0
-0.297696000000 -0.039556000000 2.563906000000 0
-0.053973000000 -0.074439000000 2.427951000000 0
-0.113474000000 -0.035917000000 2.602312000000 0
-0.427395000000 0.032056000000 2.585366000000 0
-0.124351000000 0.138050000000 2.239844000000 0
-0.411120000000 -0.247327000000 2.554748000000 0
-0.157438000000 -0.050178000000 2.033126000000 0
-0.401520000000 -0.314005000000 2.565861000000 0
-0.178202000000 -0.089877000000 1.981604000000 0
-0.319188000000 -0.608285000000 2.479088000000 0
-0.072438000000 -0.616945000000 2.627137000000 0
-0.337861000000 -1.034740000000 2.468266000000 0
-0.061349000000 -1.032963000000 2.722718000000 0
-0.420901000000 -1.027391000000 2.321976000000 0
-0.145851000000 -1.067709000000 2.581288000000 0
-0.272413000000 0.587855000000 2.307539000000 0
-0.387340000000 0.306957000000 2.588548000000 0
-0.080560000000 0.353110000000 2.409886000000 0
-0.288027000000 0.351047000000 2.411790000000 0
-0.153374000000 0.203996000000 2.605015000000 0
-0.297820000000 -0.038543000000 2.564379000000 0
-0.047389000000 -0.067875000000 2.439776000000 0
-0.115722000000 -0.033131000000 2.611676000000 0
-0.419236000000 0.048553000000 2.575128000000 0
-0.085668000000 0.142789000000 2.255906000000 0
-0.418117000000 -0.231987000000 2.551353000000 0
-0.120298000000 -0.035066000000 2.040414000000 0
-0.403358000000 -0.297545000000 2.563433000000 0
-0.142592000000 -0.072294000000 1.987700000000 0
-0.317694000000 -0.605501000000 2.477844000000 0
-0.065333000000 -0.613825000000 2.627974000000 0
-0.344284000000 -1.031499000000 2.465663000000 0
-0.067313000000 -1.030744000000 2.720187000000 0
-0.421065000000 -1.022429000000 2.316088000000 0
-0.143446000000 -1.062832000000 2.573476000000 0
-0.253048000000 0.602300000000 2.324393000000 0
-0.365713000000 0.316925000000 2.588089000000 0
-0.038758000000 0.352631000000 2.446704000000 0
-0.244937000000 0.362480000000 2.425644000000 0
-0.140854000000 0.200027000000 2.625311000000 0
-0.292029000000 -0.036843000000 2.576872000000 0
-0.030645000000 -0.059196000000 2.475482000000 0
-0.115375000000 -0.035036000000 2.641804000000 0
-0.399417000000 0.057156000000 2.566984000000 0
-0.012033000000 0.132830000000 2.305160000000 0
-0.404839000000 -0.223546000000 2.525542000000 0
-0.054766000000 -0.046594000000 2.089471000000 0
-0.390375000000 -0.290050000000 2.530994000000 0
-0.081544000000 -0.084930000000 2.039723000000 0
-0.312586000000 -0.601811000000 2.481543000000 0
-0.051987000000 -0.613165000000 2.629920000000 0
-0.347523000000 -1.027068000000 2.465279000000 0
-0.063747000000 -1.031712000000 2.713640000000 0
-0.411705000000 -1.015858000000 2.310021000000 0
-0.123828000000 -1.060938000000 2.559088000000 0
-0.198710000000 0.619675000000 2.363028000000 0
-0.346610000000 0.328447000000 2.601836000000 0
-0.006954000000 0.351130000000 2.491008000000 0
-0.209541000000 0.375368000000 2.453307000000 0
-0.133182000000 0.195435000000 2.650499000000 0
-0.302431000000 -0.040047000000 2.577147000000 0
-0.034116000000 -0.048662000000 2.493275000000 0
-0.130774000000 -0.030552000000 2.653760000000 0
-0.388378000000 0.069636000000 2.571931000000 0
0.024785000000 0.124213000000 2.360151000000 0
-0.397454000000 -0.207738000000 2.507308000000 0
-0.005005000000 -0.074896000000 2.158501000000 0
-0.363073000000 -0.266193000000 2.499399000000 0
-0.038806000000 -0.117349000000 2.117065000000 0
-0.304131000000 -0.604882000000 2.492042000000 0
-0.040042000000 -0.606284000000 2.636114000000 0
-0.347024000000 -1.028691000000 2.462446000000 0
-0.060938000000 -1.025409000000 2.715026000000 0
-0.400220000000 -1.012210000000 2.303548000000 0
-0.105879000000 -1.053266000000 2.555169000000 0
-0.181867000000 0.625719000000 2.397337000000 0
-0.327648000000 0.331638000000 2.616169000000 0
0.017110000000 0.346609000000 2.520872000000 0
-0.183044000000 0.373888000000 2.473497000000 0
-0.119181000000 0.195584000000 2.676526000000 0
-0.292127000000 -0.038073000000 2.593212000000 0
-0.020412000000 -0.048703000000 2.521383000000 0
-0.124058000000 -0.034779000000 2.677875000000 0
-0.366372000000 0.073073000000 2.574663000000 0
0.056626000000 0.104042000000 2.422496000000 0
-0.369008000000 -0.205348000000 2.509845000000 0
0.041988000000 -0.116945000000 2.241727000000 0
-0.346110000000 -0.267787000000 2.494396000000 0
0.015451000000 -0.170599000000 2.208884000000 0
-0.295647000000 -0.605583000000 2.512947000000 0
-0.035484000000 -0.607988000000 2.651211000000 0
-0.346415000000 -1.025448000000 2.454081000000 0
-0.051596000000 -1.029892000000 2.714981000000 0
-0.389641000000 -0.997739000000 2.293725000000 0
-0.091455000000 -1.052851000000 2.553011000000 0
-0.157204000000 0.629580000000 2.424934000000 0
-0.302388000000 0.345307000000 2.638983000000 0
0.046076000000 0.342630000000 2.556951000000 0
-0.150398000000 0.380834000000 2.502282000000 0
-0.103858000000 0.197951000000 2.705946000000 0
-0.255105000000 -0.021270000000 2.621280000000 0
0.017334000000 -0.057044000000 2.561293000000 0
-0.091378000000 -0.034137000000 2.713223000000 0
-0.335316000000 0.087286000000 2.584691000000 0
0.098994000000 0.086868000000 2.508041000000 0
-0.336936000000 -0.192808000000 2.522337000000 0
0.102639000000 -0.180408000000 2.403669000000 0
-0.307905000000 -0.252033000000 2.504697000000 0
0.068463000000 -0.231201000000 2.373443000000 0
-0.283881000000 -0.589987000000 2.526828000000 0
-0.033156000000 -0.614354000000 2.669270000000 0
-0.331581000000 -1.012343000000 2.485979000000 0
-0.050728000000 -1.037586000000 2.723077000000 0
-0.368279000000 -0.992423000000 2.322864000000 0
-0.088238000000 -1.056754000000 2.560056000000 0
-0.116087000000 0.634990000000 2.455092000000 0
-0.285163000000 0.353264000000 2.654377000000 0
0.064786000000 0.335973000000 2.580891000000 0
-0.128747000000 0.380525000000 2.520806000000 0
-0.094018000000 0.199804000000 2.728712000000 0
-0.246576000000 -0.021935000000 2.632017000000 0
0.028266000000 -0.054236000000 2.581814000000 0
-0.085809000000 -0.030055000000 2.729558000000 0
-0.324687000000 0.095079000000 2.602837000000 0
0.107391000000 0.073587000000 2.566180000000 0
-0.314489000000 -0.185109000000 2.539200000000 0
0.109347000000 -0.208584000000 2.511090000000 0
-0.307016000000 -0.249927000000 2.519091000000 0
0.081366000000 -0.266180000000 2.487398000000 0
-0.281493000000 -0.582377000000 2.522654000000 0
-0.035786000000 -0.616323000000 2.675901000000 0
-0.304501000000 -1.008272000000 2.542987000000 0
-0.052204000000 -1.039641000000 2.729389000000 0
-0.347114000000 -1.013742000000 2.380186000000 0
-0.083551000000 -1.059182000000 2.565116000000 0
-0.097035000000 0.642333000000 2.486554000000 0
-0.276278000000 0.360702000000 2.666106000000 0
0.074755000000 0.339553000000 2.599083000000 0
-0.116993000000 0.387336000000 2.535840000000 0
-0.088619000000 0.203904000000 2.742331000000 0
-0.259425000000 -0.026689000000 2.649882000000 0
0.013923000000 -0.046099000000 2.586594000000 0
-0.094021000000 -0.027811000000 2.739694000000 0
-0.329776000000 0.103699000000 2.620008000000 0
0.114075000000 0.076546000000 2.616939000000 0
-0.320087000000 -0.175541000000 2.550897000000 0
0.076556000000 -0.208726000000 2.609329000000 0
-0.312309000000 -0.242355000000 2.539190000000 0
0.073768000000 -0.276202000000 2.619368000000 0
-0.271177000000 -0.588036000000 2.537921000000 0
-0.034136000000 -0.611677000000 2.686063000000 0
-0.285979000000 -1.003497000000 2.635400000000 0
-0.047575000000 -1.033367000000 2.751839000000 0
-0.334749000000 -1.038661000000 2.478126000000 0
-0.084742000000 -1.057520000000 2.589404000000 0
-0.093953000000 0.649177000000 2.502960000000 0
-0.272326000000 0.368617000000 2.668725000000 0
0.083213000000 0.339539000000 2.638555000000 0
-0.099382000000 0.395132000000 2.557200000000 0
-0.097960000000 0.203786000000 2.758386000000 0
-0.259027000000 -0.021191000000 2.636870000000 0
0.020548000000 -0.035939000000 2.609999000000 0
-0.106658000000 -0.015618000000 2.747227000000 0
-0.338666000000 0.111530000000 2.640642000000 0
0.114312000000 0.075289000000 2.660656000000 0
-0.327540000000 -0.170058000000 2.579675000000 0
0.098054000000 -0.212506000000 2.654191000000 0
-0.320815000000 -0.237920000000 2.583003000000 0
0.085903000000 -0.279226000000 2.646294000000 0
-0.262723000000 -0.593013000000 2.598497000000 0
-0.016115000000 -0.601466000000 2.700521000000 0
-0.292625000000 -0.987508000000 2.759148000000 0
-0.043750000000 -1.026804000000 2.726074000000 0
-0.325081000000 -1.047705000000 2.605287000000 0
-0.056573000000 -1.036042000000 2.558442000000 0
-0.081722000000 0.653733000000 2.528014000000 0
-0.277067000000 0.367281000000 2.666354000000 0
0.080052000000 0.342341000000 2.663523000000 0
-0.096148000000 0.399370000000 2.569973000000 0
-0.108487000000 0.200717000000 2.763560000000 0
-0.254894000000 -0.017664000000 2.638727000000 0
0.025541000000 -0.031341000000 2.622266000000 0
-0.106641000000 -0.008805000000 2.754349000000 0
-0.339506000000 0.108325000000 2.644691000000 0
0.115644000000 0.077879000000 2.678342000000 0
-0.340730000000 -0.178431000000 2.611999000000 0
0.107653000000 -0.210348000000 2.665679000000 0
-0.325186000000 -0.244265000000 2.602730000000 0
0.092356000000 -0.274086000000 2.646571000000 0
-0.266890000000 -0.589661000000 2.642514000000 0
-0.011406000000 -0.597714000000 2.706370000000 0
-0.297813000000 -0.986534000000 2.796995000000 0
-0.041477000000 -1.022989000000 2.730164000000 0
-0.326982000000 -1.044708000000 2.641705000000 0
-0.047174000000 -1.031988000000 2.562126000000 0
-0.078395000000 0.659953000000 2.553931000000 0
-0.285871000000 0.373511000000 2.668308000000 0
0.070268000000 0.342258000000 2.687085000000 0
-0.098770000000 0.404620000000 2.584188000000 0
-0.126462000000 0.201712000000 2.771680000000 0
-0.249021000000 -0.014760000000 2.633564000000 0
0.031876000000 -0.024750000000 2.643487000000 0
-0.112449000000 -0.005380000000 2.762739000000 0
-0.343405000000 0.113616000000 2.641176000000 0
0.112727000000 0.078227000000 2.695834000000 0
-0.350242000000 -0.174587000000 2.621559000000 0
0.126301000000 -0.208885000000 2.666256000000 0
-0.332420000000 -0.237918000000 2.639812000000 0
0.103858000000 -0.269816000000 2.645153000000 0
-0.268005000000 -0.583158000000 2.690278000000 0
-0.010811000000 -0.593977000000 2.711499000000 0
-0.301088000000 -0.983671000000 2.834584000000 0
-0.049271000000 -1.018761000000 2.731715000000 0
-0.313248000000 -1.039706000000 2.676273000000 0
-0.037529000000 -1.027806000000 2.563993000000 0
-0.083166000000 0.664671000000 2.574558000000 0
-0.294649000000 0.372260000000 2.672702000000 0
0.061311000000 0.338389000000 2.690300000000 0
-0.107654000000 0.401273000000 2.587602000000 0
-0.136156000000 0.200023000000 2.776752000000 0
-0.258545000000 -0.022648000000 2.638139000000 0
0.022378000000 -0.019619000000 2.651350000000 0
-0.124081000000 -0.005792000000 2.768758000000 0
-0.353864000000 0.113226000000 2.639961000000 0
0.107398000000 0.074848000000 2.700258000000 0
-0.345172000000 -0.174934000000 2.618073000000 0
0.128014000000 -0.209723000000 2.653511000000 0
-0.330021000000 -0.237275000000 2.641432000000 0
0.103841000000 -0.273419000000 2.657990000000 0
-0.267980000000 -0.586708000000 2.707951000000 0
-0.015472000000 -0.593833000000 2.711325000000 0
-0.308633000000 -0.990172000000 2.841716000000 0
-0.045262000000 -1.018780000000 2.740675000000 0
-0.313737000000 -1.042671000000 2.681816000000 0
-0.032029000000 -1.031269000000 2.573286000000 0
-0.093427000000 0.660467000000 2.571747000000 0
-0.300746000000 0.372708000000 2.673795000000 0
0.055421000000 0.344276000000 2.696159000000 0
-0.113147000000 0.403517000000 2.590682000000 0
-0.141072000000 0.203993000000 2.781736000000 0
-0.264980000000 -0.024811000000 2.644375000000 0
0.015642000000 -0.015998000000 2.660957000000 0
-0.132456000000 -0.005735000000 2.776661000000 0
-0.359085000000 0.113353000000 2.640980000000 0
0.104272000000 0.080922000000 2.698198000000 0
-0.340860000000 -0.173924000000 2.612504000000 0
0.120990000000 -0.205082000000 2.658285000000 0
-0.328921000000 -0.239861000000 2.625596000000 0
0.093923000000 -0.262505000000 2.633153000000 0
-0.274440000000 -0.585631000000 2.722175000000 0
-0.020541000000 -0.592612000000 2.714289000000 0
-0.313431000000 -0.992553000000 2.845557000000 0
-0.048392000000 -1.017833000000 2.741493000000 0
-0.314346000000 -1.041328000000 2.684404000000 0
-0.033233000000 -1.029528000000 2.574211000000 0
-0.095021000000 0.665990000000 2.580926000000 0
-0.315124000000 0.368393000000 2.683784000000 0
0.042220000000 0.351491000000 2.697324000000 0
-0.130773000000 0.403767000000 2.595388000000 0
-0.147481000000 0.206471000000 2.790032000000 0
-0.268523000000 -0.019431000000 2.654993000000 0
0.012313000000 -0.017148000000 2.670067000000 0
-0.134883000000 -0.003543000000 2.786575000000 0
-0.363221000000 0.107270000000 2.647365000000 0
0.089284000000 0.087687000000 2.693192000000 0
-0.340553000000 -0.177125000000 2.598692000000 0
0.096506000000 -0.197779000000 2.646067000000 0
-0.322868000000 -0.236053000000 2.628296000000 0
0.079096000000 -0.261354000000 2.628267000000 0
-0.282800000000 -0.583250000000 2.720361000000 0
-0.024023000000 -0.591997000000 2.717697000000 0
-0.307441000000 -0.991525000000 2.842973000000 0
-0.049017000000 -1.017343000000 2.745713000000 0
-0.313634000000 -1.039578000000 2.681720000000 0
-0.034851000000 -1.029199000000 2.578355000000 0
-0.116970000000 0.669362000000 2.589718000000 0
