-0.372964000000 0.353420000000 2.754530000000 0
0.040827000000 0.349391000000 2.662134000000 0
-0.188400000000 0.435414000000 2.604661000000 0
-0.151987000000 0.220083000000 2.777124000000 0
-0.348980000000 0.062504000000 2.669857000000 0
-0.012800000000 0.083299000000 2.595183000000 0
-0.151448000000 0.049028000000 2.758420000000 0
-0.415378000000 0.079327000000 2.668300000000 0
0.058421000000 0.058854000000 2.669314000000 0
-0.404527000000 -0.233651000000 2.622276000000 0
0.071836000000 -0.257903000000 2.656498000000 0
-0.359050000000 -0.302419000000 2.622649000000 0
0.028333000000 -0.325129000000 2.636860000000 0
-0.269895000000 -0.517454000000 2.683661000000 0
-0.015876000000 -0.491383000000 2.698127000000 0
-0.306915000000 -0.960770000000 2.792587000000 0
-0.268233000000 -0.873304000000 2.712831000000 0
-0.352125000000 -1.008119000000 2.584518000000 0
-0.104538000000 -0.984976000000 2.621663000000 0
-0.153572000000 0.636343000000 2.591296000000 0
-0.373325000000 0.356760000000 2.769807000000 0
0.037066000000 0.368328000000 2.663872000000 0
-0.196495000000 0.448569000000 2.616346000000 0
-0.147718000000 0.229926000000 2.781430000000 0
-0.347232000000 0.070149000000 2.667329000000 0
-0.009879000000 0.079256000000 2.595671000000 0
-0.151055000000 0.052581000000 2.758157000000 0
-0.410071000000 0.083249000000 2.679671000000 0
0.067428000000 0.079036000000 2.661983000000 0
-0.405662000000 -0.229500000000 2.632070000000 0
0.071157000000 -0.237807000000 2.652502000000 0
-0.369274000000 -0.299138000000 2.607091000000 0
0.033172000000 -0.309310000000 2.636951000000 0
-0.274281000000 -0.513011000000 2.689514000000 0
-0.024611000000 -0.495880000000 2.692304000000 0
-0.308201000000 -0.959886000000 2.783940000000 0
-0.292913000000 -0.867065000000 2.692247000000 0
-0.352737000000 -1.000789000000 2.574364000000 0
-0.125957000000 -0.987734000000 2.620532000000 0
-0.164086000000 0.655909000000 2.581528000000 0
-0.372659000000 0.354038000000 2.779840000000 0
0.033843000000 0.373058000000 2.660800000000 0
-0.201954000000 0.452074000000 2.623326000000 0
-0.145545000000 0.229383000000 2.780372000000 0
-0.347463000000 0.075734000000 2.680528000000 0
-0.015761000000 0.084464000000 2.586066000000 0
-0.145912000000 0.047934000000 2.755684000000 0
-0.406712000000 0.080573000000 2.687836000000 0
0.073098000000 0.084745000000 2.657336000000 0
-0.398587000000 -0.231068000000 2.632523000000 0
0.075259000000 -0.232350000000 2.653864000000 0
-0.349242000000 -0.297055000000 2.629662000000 0
0.036462000000 -0.303930000000 2.640882000000 0
-0.171193000000 -0.491475000000 2.724118000000 0
0.014950000000 -0.466374000000 2.715263000000 0
-0.351674000000 -0.897570000000 2.834921000000 0
-0.222865000000 -0.855287000000 2.759475000000 0
-0.304592000000 -0.972856000000 2.635688000000 0
-0.045301000000 -0.969982000000 2.705674000000 0
-0.162905000000 0.651626000000 2.581591000000 0
-0.369702000000 0.352615000000 2.774728000000 0
0.037572000000 0.372600000000 2.658519000000 0
-0.198321000000 0.450133000000 2.618630000000 0
-0.141998000000 0.229083000000 2.778008000000 0
-0.337903000000 0.069063000000 2.686933000000 0
-0.009025000000 0.082793000000 2.583609000000 0
-0.133865000000 0.049148000000 2.757755000000 0
-0.401915000000 0.075415000000 2.694065000000 0
0.079485000000 0.084836000000 2.654547000000 0
-0.404862000000 -0.235570000000 2.634928000000 0
0.068903000000 -0.231827000000 2.646558000000 0
-0.364097000000 -0.307123000000 2.630957000000 0
0.035407000000 -0.305452000000 2.630597000000 0
-0.272137000000 -0.512826000000 2.685643000000 0
-0.015951000000 -0.490124000000 2.690112000000 0
-0.377652000000 -0.913679000000 2.880443000000 0
-0.295935000000 -0.845733000000 2.760224000000 0
-0.424280000000 -0.996761000000 2.684224000000 0
-0.142574000000 -0.981329000000 2.684907000000 0
-0.162000000000 0.651647000000 2.575366000000 0
-0.364417000000 0.355307000000 2.782090000000 0
0.040331000000 0.371940000000 2.656877000000 0
-0.195380000000 0.453065000000 2.623605000000 0
-0.138324000000 0.228865000000 2.778253000000 0
-0.338249000000 0.078614000000 2.698703000000 0
-0.017345000000 0.097507000000 2.573450000000 0
-0.129597000000 0.062581000000 2.755723000000 0
-0.404159000000 0.083609000000 2.686451000000 0
0.067807000000 0.082321000000 2.665337000000 0
-0.402768000000 -0.229273000000 2.636314000000 0
0.083444000000 -0.234188000000 2.652032000000 0
-0.373884000000 -0.305383000000 2.649369000000 0
0.045914000000 -0.307058000000 2.643156000000 0
-0.277013000000 -0.502555000000 2.684263000000 0
0.023600000000 -0.459025000000 2.709130000000 0
-0.300533000000 -0.917583000000 2.876521000000 0
-0.281016000000 -0.800826000000 2.721165000000 0
-0.373533000000 -1.000560000000 2.688467000000 0
-0.119407000000 -0.943716000000 2.753467000000 0
-0.160066000000 0.650167000000 2.578306000000 0
-0.366494000000 0.358715000000 2.776536000000 0
0.038131000000 0.370561000000 2.650384000000 0
-0.197553000000 0.450644000000 2.614499000000 0
-0.140503000000 0.232034000000 2.776955000000 0
-0.342146000000 0.076028000000 2.671025000000 0
-0.006959000000 0.083608000000 2.589679000000 0
-0.143589000000 0.054272000000 2.755557000000 0
-0.402166000000 0.084086000000 2.686631000000 0
0.071538000000 0.081122000000 2.651668000000 0
-0.406572000000 -0.229410000000 2.637798000000 0
0.068563000000 -0.236270000000 2.642970000000 0
-0.372468000000 -0.304472000000 2.637991000000 0
0.039169000000 -0.313230000000 2.639727000000 0
-0.272939000000 -0.507184000000 2.685230000000 0
-0.011432000000 -0.487533000000 2.687975000000 0
-0.307307000000 -0.922255000000 2.875752000000 0
-0.319189000000 -0.824434000000 2.727324000000 0
-0.354770000000 -1.007810000000 2.680801000000 0
-0.160209000000 -0.972194000000 2.705630000000 0
-0.161538000000 0.654821000000 2.576403000000 0
-0.365759000000 0.357249000000 2.774761000000 0
0.039175000000 0.369772000000 2.649670000000 0
-0.196558000000 0.449409000000 2.613126000000 0
-0.139539000000 0.230980000000 2.775836000000 0
-0.341748000000 0.077605000000 2.668889000000 0
-0.007306000000 0.085675000000 2.584578000000 0
-0.142454000000 0.054836000000 2.751395000000 0
-0.401536000000 0.083988000000 2.681246000000 0
0.072083000000 0.080449000000 2.649573000000 0
-0.406812000000 -0.229992000000 2.636779000000 0
0.074512000000 -0.236866000000 2.647212000000 0
-0.364311000000 -0.300592000000 2.639371000000 0
0.043238000000 -0.312216000000 2.635304000000 0
-0.270172000000 -0.503783000000 2.691407000000 0
0.006999000000 -0.480021000000 2.685068000000 0
-0.306402000000 -0.920698000000 2.877507000000 0
-0.342349000000 -0.775539000000 2.704798000000 0
-0.355324000000 -1.003783000000 2.681849000000 0
-0.201802000000 -0.939718000000 2.734295000000 0
-0.153416000000 0.653325000000 2.572652000000 0
-0.364107000000 0.356883000000 2.773176000000 0
0.040438000000 0.368333000000 2.646733000000 0
-0.195325000000 0.448046000000 2.610543000000 0
-0.138023000000 0.230372000000 2.774163000000 0
-0.336594000000 0.072857000000 2.684177000000 0
-0.010901000000 0.084069000000 2.570938000000 0
-0.130636000000 0.052111000000 2.748944000000 0
-0.404339000000 0.084769000000 2.676866000000 0
0.075750000000 0.079276000000 2.661430000000 0
-0.405743000000 -0.230408000000 2.637617000000 0
0.076034000000 -0.238133000000 2.646569000000 0
-0.371292000000 -0.305237000000 2.634280000000 0
0.044736000000 -0.314051000000 2.639193000000 0
-0.271331000000 -0.508678000000 2.690794000000 0
-0.004310000000 -0.486197000000 2.675649000000 0
-0.310368000000 -0.918935000000 2.890618000000 0
-0.337066000000 -0.796529000000 2.727917000000 0
-0.374159000000 -1.005337000000 2.700765000000 0
-0.188073000000 -0.955814000000 2.730732000000 0
-0.153289000000 0.658747000000 2.586212000000 0
-0.364010000000 0.355985000000 2.767467000000 0
0.040784000000 0.368937000000 2.641970000000 0
-0.195448000000 0.446528000000 2.604259000000 0
-0.137024000000 0.231134000000 2.770479000000 0
-0.338872000000 0.076577000000 2.667133000000 0
-0.004518000000 0.078476000000 2.582110000000 0
-0.139751000000 0.052492000000 2.749684000000 0
-0.400342000000 0.083133000000 2.670006000000 0
0.077613000000 0.079274000000 2.649815000000 0
-0.402792000000 -0.233308000000 2.636451000000 0
0.072720000000 -0.238941000000 2.642850000000 0
-0.367613000000 -0.307799000000 2.633139000000 0
0.043842000000 -0.315481000000 2.632594000000 0
-0.269887000000 -0.508282000000 2.683588000000 0
-0.001399000000 -0.488764000000 2.682733000000 0
-0.313622000000 -0.909537000000 2.900027000000 0
-0.336651000000 -0.796992000000 2.731376000000 0
-0.359279000000 -1.006920000000 2.710263000000 0
-0.188534000000 -0.956953000000 2.738614000000 0
-0.154708000000 0.656576000000 2.578564000000 0
-0.364333000000 0.359639000000 2.768503000000 0
0.040325000000 0.369349000000 2.642275000000 0
-0.195598000000 0.447647000000 2.604093000000 0
-0.137931000000 0.233757000000 2.772505000000 0
-0.340472000000 0.076957000000 2.663500000000 0
-0.005725000000 0.079933000000 2.580069000000 0
-0.141639000000 0.054320000000 2.747147000000 0
-0.403261000000 0.086641000000 2.671492000000 0
0.075741000000 0.079183000000 2.649276000000 0
-0.404909000000 -0.229860000000 2.635260000000 0
0.076110000000 -0.239364000000 2.640908000000 0
-0.365923000000 -0.302424000000 2.638725000000 0
0.045531000000 -0.315905000000 2.638941000000 0
-0.266250000000 -0.507794000000 2.682450000000 0
0.000496000000 -0.487654000000 2.678852000000 0
-0.312591000000 -0.909374000000 2.897741000000 0
-0.347231000000 -0.783596000000 2.714461000000 0
-0.355794000000 -1.006501000000 2.707272000000 0
-0.205271000000 -0.948095000000 2.733583000000 0
-0.159336000000 0.657561000000 2.575026000000 0
-0.362568000000 0.358677000000 2.768661000000 0
0.041171000000 0.367877000000 2.639489000000 0
-0.194655000000 0.447696000000 2.603954000000 0
-0.136746000000 0.231699000000 2.769570000000 0
-0.341081000000 0.082346000000 2.670282000000 0
-0.010357000000 0.080653000000 2.572077000000 0
-0.139165000000 0.055302000000 2.744732000000 0
-0.401642000000 0.085397000000 2.672364000000 0
0.077455000000 0.077775000000 2.646030000000 0
-0.405934000000 -0.230814000000 2.633457000000 0
0.079319000000 -0.240864000000 2.640491000000 0
-0.367227000000 -0.303588000000 2.631684000000 0
0.041765000000 -0.314235000000 2.638517000000 0
-0.267690000000 -0.504304000000 2.678391000000 0
0.017788000000 -0.477130000000 2.678754000000 0
-0.315650000000 -0.901406000000 2.901491000000 0
-0.270567000000 -0.831268000000 2.713426000000 0
-0.363960000000 -1.001128000000 2.713608000000 0
-0.101954000000 -0.969387000000 2.704969000000 0
-0.156961000000 0.662058000000 2.578040000000 0
-0.359087000000 0.360723000000 2.771259000000 0
0.043005000000 0.366509000000 2.636855000000 0
-0.192322000000 0.449375000000 2.605193000000 0
-0.134766000000 0.231150000000 2.767987000000 0
-0.340264000000 0.075047000000 2.664425000000 0
-0.007663000000 0.080763000000 2.572943000000 0
-0.139333000000 0.052826000000 2.743021000000 0
-0.402998000000 0.088591000000 2.675330000000 0
0.076512000000 0.076685000000 2.646469000000 0
-0.406213000000 -0.226383000000 2.631149000000 0
0.068323000000 -0.241088000000 2.633973000000 0
-0.365738000000 -0.297730000000 2.622852000000 0
0.037914000000 -0.317493000000 2.628064000000 0
-0.268586000000 -0.508631000000 2.679539000000 0
-0.031430000000 -0.491754000000 2.683600000000 0
-0.316005000000 -0.913945000000 2.887472000000 0
-0.156616000000 -0.929724000000 2.731288000000 0
-0.364686000000 -1.006462000000 2.696032000000 0
-0.163190000000 -0.951466000000 2.514349000000 0
-0.157243000000 0.657261000000 2.575054000000 0
-0.363028000000 0.356994000000 2.763800000000 0
0.042999000000 0.366971000000 2.642071000000 0
-0.192158000000 0.446960000000 2.602688000000 0
-0.137232000000 0.230040000000 2.768115000000 0
-0.338228000000 0.074586000000 2.664276000000 0
-0.005993000000 0.077234000000 2.571333000000 0
-0.137157000000 0.050736000000 2.742031000000 0
-0.401784000000 0.084339000000 2.667086000000 0
0.079952000000 0.077413000000 2.645093000000 0
-0.405403000000 -0.232116000000 2.635053000000 0
0.068974000000 -0.240364000000 2.634820000000 0
-0.365244000000 -0.303399000000 2.624885000000 0
0.039025000000 -0.316938000000 2.628747000000 0
-0.267181000000 -0.509985000000 2.679617000000 0
-0.026751000000 -0.493895000000 2.681356000000 0
-0.308984000000 -0.932458000000 2.851470000000 0
-0.166491000000 -0.927284000000 2.730459000000 0
-0.362900000000 -1.007497000000 2.653883000000 0
-0.160497000000 -0.953738000000 2.514027000000 0
-0.158657000000 0.655091000000 2.569269000000 0
-0.359944000000 0.359846000000 2.758268000000 0
0.047379000000 0.366373000000 2.640703000000 0
-0.187189000000 0.445845000000 2.596998000000 0
-0.134451000000 0.232642000000 2.767879000000 0
-0.339338000000 0.072379000000 2.657653000000 0
-0.003786000000 0.079978000000 2.577828000000 0
-0.141167000000 0.050559000000 2.743070000000 0
-0.400731000000 0.084428000000 2.671782000000 0
0.076867000000 0.076338000000 2.645790000000 0
-0.405319000000 -0.230352000000 2.628889000000 0
0.072703000000 -0.241170000000 2.634003000000 0
-0.368425000000 -0.303699000000 2.636402000000 0
0.039659000000 -0.316705000000 2.634084000000 0
-0.269190000000 -0.509426000000 2.681689000000 0
-0.030431000000 -0.494756000000 2.679301000000 0
-0.264829000000 -0.947406000000 2.815549000000 0
-0.089877000000 -0.948377000000 2.700718000000 0
-0.316697000000 -1.009804000000 2.613078000000 0
-0.122788000000 -0.954241000000 2.485170000000 0
-0.151782000000 0.657600000000 2.570844000000 0
-0.364248000000 0.357590000000 2.762361000000 0
0.041220000000 0.369131000000 2.638919000000 0
-0.194790000000 0.446342000000 2.599097000000 0
-0.137305000000 0.232747000000 2.767946000000 0
-0.338766000000 0.070537000000 2.664748000000 0
-0.006832000000 0.080126000000 2.571193000000 0
-0.137085000000 0.051440000000 2.742234000000 0
-0.401268000000 0.081790000000 2.676124000000 0
0.078867000000 0.080254000000 2.643193000000 0
-0.400873000000 -0.232255000000 2.629496000000 0
0.074271000000 -0.237027000000 2.632010000000 0
-0.364381000000 -0.306145000000 2.627060000000 0
0.042366000000 -0.313009000000 2.629523000000 0
-0.269229000000 -0.511544000000 2.682821000000 0
-0.028832000000 -0.494410000000 2.680531000000 0
-0.293656000000 -0.955121000000 2.794205000000 0
-0.142979000000 -0.937520000000 2.700225000000 0
-0.352125000000 -1.003265000000 2.589652000000 0
-0.157153000000 -0.943539000000 2.482644000000 0
-0.156665000000 0.661665000000 2.574662000000 0
-0.365233000000 0.355166000000 2.762944000000 0
0.040148000000 0.368837000000 2.639431000000 0
-0.196149000000 0.445428000000 2.600121000000 0
-0.137845000000 0.231103000000 2.767757000000 0
-0.338282000000 0.073091000000 2.667174000000 0
-0.008398000000 0.088622000000 2.567371000000 0
-0.134946000000 0.052205000000 2.739717000000 0
-0.402284000000 0.080992000000 2.668472000000 0
0.080371000000 0.079788000000 2.657092000000 0
-0.399551000000 -0.235668000000 2.633459000000 0
0.088135000000 -0.236168000000 2.616709000000 0
-0.363865000000 -0.309983000000 2.632418000000 0
0.042799000000 -0.300601000000 2.592410000000 0
-0.268119000000 -0.505738000000 2.681149000000 0
-0.021606000000 -0.484372000000 2.676415000000 0
-0.286411000000 -0.950466000000 2.789067000000 0
-0.121722000000 -0.931268000000 2.681395000000 0
-0.348412000000 -0.997370000000 2.585267000000 0
-0.143138000000 -0.928889000000 2.464337000000 0
-0.158929000000 0.658492000000 2.569734000000 0
-0.366429000000 0.355953000000 2.751755000000 0
0.043120000000 0.366242000000 2.642484000000 0
-0.191104000000 0.444294000000 2.594576000000 0
-0.140237000000 0.230335000000 2.765078000000 0
-0.335647000000 0.069950000000 2.656543000000 0
0.001321000000 0.081387000000 2.583424000000 0
-0.139023000000 0.047030000000 2.745186000000 0
-0.399047000000 0.075598000000 2.676316000000 0
0.112221000000 0.082910000000 2.660098000000 0
-0.405130000000 -0.238210000000 2.622863000000 0
0.165700000000 -0.188373000000 2.502222000000 0
-0.362999000000 -0.307642000000 2.637065000000 0
0.104221000000 -0.242395000000 2.492252000000 0
-0.271999000000 -0.509468000000 2.679126000000 0
-0.028634000000 -0.494930000000 2.677767000000 0
-0.304238000000 -0.955476000000 2.778131000000 0
-0.142376000000 -0.938231000000 2.695386000000 0
-0.349891000000 -0.998547000000 2.569231000000 0
-0.145805000000 -0.946014000000 2.477427000000 0
-0.168105000000 0.659312000000 2.578598000000 0
-0.368346000000 0.353494000000 2.743217000000 0
0.043839000000 0.369360000000 2.645095000000 0
-0.190275000000 0.442531000000 2.589557000000 0
-0.140480000000 0.232105000000 2.764709000000 0
-0.335335000000 0.062421000000 2.656561000000 0
0.001371000000 0.078836000000 2.583181000000 0
-0.138335000000 0.046153000000 2.745839000000 0
-0.400779000000 0.074438000000 2.674450000000 0
0.181867000000 0.116858000000 2.615946000000 0
-0.406145000000 -0.237504000000 2.629587000000 0
0.257161000000 0.053575000000 2.316475000000 0
-0.363257000000 -0.307794000000 2.625421000000 0
0.266116000000 0.016875000000 2.243192000000 0
-0.277811000000 -0.515859000000 2.680462000000 0
-0.033409000000 -0.500193000000 2.684587000000 0
-0.286800000000 -0.964060000000 2.774264000000 0
-0.170080000000 -0.937132000000 2.697602000000 0
-0.334093000000 -1.006771000000 2.565655000000 0
-0.160569000000 -0.946592000000 2.479890000000 0
-0.175581000000 0.656534000000 2.570465000000 0
-0.370216000000 0.353477000000 2.732461000000 0
0.043597000000 0.377807000000 2.643341000000 0
-0.191141000000 0.441481000000 2.579376000000 0
-0.139474000000 0.240056000000 2.764295000000 0
-0.324170000000 0.037913000000 2.653461000000 0
0.012286000000 0.051637000000 2.578403000000 0
-0.127048000000 0.036436000000 2.743929000000 0
-0.404035000000 0.073956000000 2.683639000000 0
0.213351000000 0.156261000000 2.581980000000 0
-0.394664000000 -0.233033000000 2.632147000000 0
0.299599000000 0.266268000000 2.303686000000 0
-0.360507000000 -0.307931000000 2.627552000000 0
0.324604000000 0.284358000000 2.227234000000 0
-0.236778000000 -0.543491000000 2.702557000000 0
-0.054894000000 -0.520131000000 2.739438000000 0
-0.324937000000 -0.985223000000 2.785413000000 0
-0.319251000000 -0.834507000000 2.942039000000 0
-0.364964000000 -1.017009000000 2.573361000000 0
-0.236216000000 -0.988377000000 2.811625000000 0
-0.188960000000 0.665021000000 2.562754000000 0
-0.368801000000 0.341703000000 2.720932000000 0
0.039687000000 0.380877000000 2.614261000000 0
-0.200544000000 0.421432000000 2.551873000000 0
-0.130174000000 0.247703000000 2.757550000000 0
-0.306665000000 0.065478000000 2.668889000000 0
0.026806000000 0.055067000000 2.581062000000 0
-0.107019000000 0.046672000000 2.751544000000 0
-0.405337000000 0.057652000000 2.693100000000 0
0.265364000000 0.215877000000 2.546122000000 0
-0.401332000000 -0.250508000000 2.635213000000 0
0.298559000000 0.446749000000 2.336525000000 0
-0.364354000000 -0.324058000000 2.630688000000 0
0.290712000000 0.485034000000 2.263930000000 0
-0.282394000000 -0.521385000000 2.688364000000 0
-0.038276000000 -0.525443000000 2.675406000000 0
-0.302351000000 -0.970485000000 2.775972000000 0
-0.211903000000 -0.864715000000 2.929399000000 0
-0.363249000000 -1.007977000000 2.569904000000 0
-0.175674000000 -1.005196000000 2.766516000000 0
-0.207131000000 0.669751000000 2.559066000000 0
-0.372731000000 0.327688000000 2.715221000000 0
0.019082000000 0.399202000000 2.569809000000 0
-0.228475000000 0.412922000000 2.527675000000 0
-0.123628000000 0.259179000000 2.734574000000 0
-0.270469000000 0.072892000000 2.680464000000 0
0.053030000000 0.033708000000 2.567158000000 0
-0.066895000000 0.040154000000 2.747769000000 0
-0.405890000000 0.041599000000 2.712333000000 0
0.278044000000 0.336122000000 2.460643000000 0
-0.404934000000 -0.269466000000 2.670411000000 0
0.251784000000 0.630907000000 2.356066000000 0
-0.414408000000 -0.331789000000 2.617274000000 0
0.233760000000 0.701214000000 2.316958000000 0
-0.288738000000 -0.517689000000 2.687823000000 0
-0.047546000000 -0.538385000000 2.677891000000 0
-0.293758000000 -0.966505000000 2.778943000000 0
-0.139855000000 -0.898272000000 2.945706000000 0
-0.379886000000 -1.005452000000 2.582363000000 0
-0.168702000000 -1.022537000000 2.768775000000 0
-0.244372000000 0.668170000000 2.541148000000 0
-0.372899000000 0.322589000000 2.721848000000 0
-0.001423000000 0.399587000000 2.532500000000 0
-0.252380000000 0.404536000000 2.516890000000 0
-0.121045000000 0.262069000000 2.716618000000 0
-0.274657000000 0.066765000000 2.689219000000 0
0.036264000000 0.055227000000 2.540155000000 0
-0.062639000000 0.054137000000 2.733186000000 0
-0.410203000000 0.037619000000 2.732037000000 0
0.256256000000 0.380803000000 2.406188000000 0
-0.400464000000 -0.272690000000 2.689197000000 0
0.209893000000 0.686851000000 2.357096000000 0
-0.412259000000 -0.354196000000 2.693079000000 0
0.202762000000 0.768901000000 2.353320000000 0
-0.286133000000 -0.515812000000 2.694854000000 0
-0.050927000000 -0.524868000000 2.673166000000 0
-0.270952000000 -0.965735000000 2.779134000000 0
-0.067718000000 -0.923246000000 2.898505000000 0
-0.381452000000 -1.003956000000 2.594994000000 0
-0.145494000000 -1.021085000000 2.719740000000 0
-0.270074000000 0.667552000000 2.534354000000 0
-0.395962000000 0.307271000000 2.747855000000 0
-0.056949000000 0.399740000000 2.510588000000 0
-0.307423000000 0.382056000000 2.524660000000 0
-0.141721000000 0.268140000000 2.717022000000 0
-0.266960000000 0.061291000000 2.691638000000 0
0.024222000000 0.068346000000 2.506738000000 0
-0.051067000000 0.070896000000 2.710132000000 0
-0.403987000000 0.020340000000 2.737442000000 0
0.182294000000 0.387247000000 2.352122000000 0
-0.397044000000 -0.292393000000 2.725897000000 0
0.183482000000 0.697727000000 2.312280000000 0
-0.416903000000 -0.360193000000 2.683398000000 0
0.170260000000 0.771446000000 2.346747000000 0
-0.288117000000 -0.510999000000 2.699775000000 0
-0.042718000000 -0.513100000000 2.677023000000 0
-0.272496000000 -0.962669000000 2.774030000000 0
-0.042773000000 -0.939065000000 2.845302000000 0
-0.408903000000 -0.994865000000 2.606892000000 0
-0.168618000000 -1.004512000000 2.679596000000 0
-0.290457000000 0.652181000000 2.523803000000 0
-0.396156000000 0.296362000000 2.749802000000 0
-0.095785000000 0.351389000000 2.456353000000 0
-0.341132000000 0.337613000000 2.507896000000 0
-0.148305000000 0.251539000000 2.689131000000 0
-0.276055000000 0.031510000000 2.724200000000 0
-0.041055000000 0.063511000000 2.473649000000 0
-0.065490000000 0.069878000000 2.689070000000 0
-0.402740000000 0.011386000000 2.781161000000 0
0.080124000000 0.379110000000 2.231570000000 0
-0.379364000000 -0.300145000000 2.772740000000 0
0.103015000000 0.685337000000 2.173497000000 0
-0.398747000000 -0.379385000000 2.760792000000 0
0.114564000000 0.762707000000 2.199533000000 0
-0.280835000000 -0.533003000000 2.722789000000 0
-0.030894000000 -0.510383000000 2.698829000000 0
-0.269918000000 -0.988972000000 2.764470000000 0
-0.119549000000 -0.959659000000 2.706291000000 0
-0.442324000000 -1.005224000000 2.631840000000 0
-0.308365000000 -0.924115000000 2.603026000000 0
-0.327828000000 0.629204000000 2.505266000000 0
-0.355374000000 0.353051000000 2.714805000000 0
-0.069463000000 0.368979000000 2.405391000000 0
-0.310088000000 0.384251000000 2.469399000000 0
-0.118150000000 0.279228000000 2.641351000000 0
-0.278697000000 0.048529000000 2.716892000000 0
-0.055121000000 0.065891000000 2.454713000000 0
-0.071384000000 0.091196000000 2.669513000000 0
-0.421608000000 0.088578000000 2.802839000000 0
-0.007687000000 0.353508000000 2.126054000000 0
-0.366247000000 -0.218701000000 2.802732000000 0
0.008905000000 0.642491000000 2.009003000000 0
-0.376080000000 -0.300417000000 2.797921000000 0
0.031863000000 0.717656000000 2.033915000000 0
-0.272913000000 -0.517551000000 2.737032000000 0
-0.023786000000 -0.498126000000 2.698577000000 0
-0.272874000000 -0.975178000000 2.755519000000 0
-0.127926000000 -0.943461000000 2.722985000000 0
-0.449894000000 -0.980337000000 2.628178000000 0
-0.313162000000 -0.906116000000 2.614029000000 0
-0.323463000000 0.650930000000 2.507090000000 0
-0.384163000000 0.357229000000 2.717118000000 0
-0.100631000000 0.405275000000 2.405546000000 0
-0.342883000000 0.401195000000 2.472965000000 0
-0.142989000000 0.302811000000 2.639698000000 0
-0.302186000000 0.069623000000 2.691211000000 0
-0.059223000000 0.096157000000 2.447716000000 0
-0.094412000000 0.123468000000 2.659989000000 0
-0.419483000000 0.090517000000 2.805860000000 0
-0.062800000000 0.260889000000 2.164754000000 0
-0.347479000000 -0.208906000000 2.827743000000 0
-0.161019000000 0.368821000000 1.892682000000 0
-0.354475000000 -0.288738000000 2.808369000000 0
-0.188227000000 0.400122000000 1.821426000000 0
-0.258647000000 -0.490979000000 2.746551000000 0
-0.009516000000 -0.462711000000 2.697380000000 0
-0.278401000000 -0.948525000000 2.741590000000 0
-0.081771000000 -0.914270000000 2.722635000000 0
-0.438613000000 -0.940007000000 2.593814000000 0
-0.255121000000 -0.893848000000 2.591824000000 0
-0.371396000000 0.642706000000 2.491404000000 0
-0.334702000000 0.340752000000 2.799979000000 0
-0.184489000000 0.360135000000 2.403953000000 0
-0.385655000000 0.364265000000 2.554828000000 0
-0.137052000000 0.277521000000 2.644878000000 0
-0.252664000000 0.076585000000 2.746818000000 0
-0.121361000000 0.065227000000 2.427984000000 0
-0.070726000000 0.110987000000 2.633863000000 0
-0.330265000000 0.081634000000 2.914419000000 0
-0.184505000000 0.164423000000 2.191501000000 0
-0.253015000000 -0.216408000000 2.937237000000 0
-0.333514000000 0.005853000000 1.964020000000 0
-0.263855000000 -0.297806000000 2.929868000000 0
-0.378449000000 -0.011226000000 1.897038000000 0
-0.252126000000 -0.499292000000 2.752645000000 0
-0.004214000000 -0.475189000000 2.695199000000 0
-0.283488000000 -0.955749000000 2.731982000000 0
-0.098901000000 -0.922313000000 2.724839000000 0
-0.489407000000 -0.938440000000 2.662152000000 0
-0.310517000000 -0.879564000000 2.693698000000 0
-0.398284000000 0.592279000000 2.449111000000 0
-0.325752000000 0.341670000000 2.809744000000 0
-0.192491000000 0.326183000000 2.407529000000 0
-0.386916000000 0.345800000000 2.565839000000 0
-0.135735000000 0.262866000000 2.652253000000 0
-0.236445000000 0.069381000000 2.780360000000 0
-0.125913000000 0.041430000000 2.454743000000 0
-0.059629000000 0.087510000000 2.656056000000 0
-0.319549000000 0.092093000000 2.943650000000 0
-0.236929000000 0.090824000000 2.238194000000 0
-0.247142000000 -0.204300000000 2.990833000000 0
-0.393093000000 -0.118560000000 2.053912000000 0
-0.258501000000 -0.285955000000 2.991754000000 0
-0.445594000000 -0.153541000000 2.000834000000 0
-0.251178000000 -0.517626000000 2.757356000000 0
-0.003368000000 -0.505238000000 2.689005000000 0
-0.273211000000 -0.972690000000 2.710498000000 0
-0.089186000000 -0.953530000000 2.726872000000 0
-0.483209000000 -0.956676000000 2.653725000000 0
-0.294569000000 -0.919721000000 2.661656000000 0
-0.419888000000 0.563271000000 2.445436000000 0
-0.346794000000 0.341098000000 2.799103000000 0
-0.213213000000 0.318556000000 2.397327000000 0
-0.408406000000 0.327633000000 2.555648000000 0
-0.150458000000 0.272791000000 2.644486000000 0
-0.210377000000 0.048919000000 2.808145000000 0
-0.109123000000 0.048029000000 2.478339000000 0
-0.037901000000 0.080843000000 2.680563000000 0
-0.317070000000 0.099301000000 2.943702000000 0
-0.269290000000 0.060770000000 2.271183000000 0
-0.219308000000 -0.186474000000 3.007675000000 0
-0.416057000000 -0.181160000000 2.124606000000 0
-0.222255000000 -0.268650000000 3.013662000000 0
-0.467600000000 -0.227113000000 2.079561000000 0
-0.255402000000 -0.525607000000 2.755932000000 0
-0.016616000000 -0.520892000000 2.684694000000 0
-0.299266000000 -0.979948000000 2.718336000000 0
-0.128414000000 -0.959310000000 2.755793000000 0
-0.509710000000 -0.955342000000 2.666502000000 0
-0.336550000000 -0.913821000000 2.709012000000 0
-0.441913000000 0.557244000000 2.432955000000 0
-0.345854000000 0.332986000000 2.794547000000 0
-0.226092000000 0.305813000000 2.388721000000 0
-0.415389000000 0.306712000000 2.554292000000 0
-0.151046000000 0.273250000000 2.634541000000 0
-0.201448000000 0.036871000000 2.809342000000 0
-0.118638000000 0.040304000000 2.474446000000 0
-0.039094000000 0.080287000000 2.672228000000 0
-0.293472000000 0.098048000000 2.943940000000 0
-0.292503000000 0.036927000000 2.291892000000 0
-0.176102000000 -0.177882000000 3.017455000000 0
-0.440479000000 -0.220800000000 2.173917000000 0
-0.171887000000 -0.259583000000 3.027685000000 0
-0.497350000000 -0.273105000000 2.145154000000 0
-0.261309000000 -0.528427000000 2.751976000000 0
-0.023551000000 -0.530998000000 2.674139000000 0
-0.279492000000 -0.985764000000 2.735363000000 0
-0.112055000000 -0.945739000000 2.847117000000 0
-0.494328000000 -0.975899000000 2.698938000000 0
-0.320872000000 -0.926172000000 2.787192000000 0
-0.456748000000 0.554570000000 2.424175000000 0
-0.334395000000 0.327069000000 2.796399000000 0
-0.223463000000 0.311996000000 2.387445000000 0
-0.408938000000 0.305606000000 2.557170000000 0
-0.142331000000 0.274603000000 2.630631000000 0
-0.201700000000 0.031298000000 2.803974000000 0
-0.123977000000 0.033721000000 2.467851000000 0
-0.042583000000 0.077621000000 2.664045000000 0
-0.274787000000 0.088784000000 2.937555000000 0
-0.294316000000 0.043096000000 2.296774000000 0
-0.153129000000 -0.187040000000 3.004174000000 0
-0.441246000000 -0.215796000000 2.182812000000 0
-0.146690000000 -0.268739000000 3.013186000000 0
-0.500956000000 -0.263241000000 2.151490000000 0
-0.270430000000 -0.529536000000 2.749458000000 0
-0.033391000000 -0.535730000000 2.677052000000 0
-0.269553000000 -0.987478000000 2.742188000000 0
-0.101090000000 -0.957470000000 2.842329000000 0
-0.485671000000 -0.987423000000 2.712668000000 0
-0.314103000000 -0.940419000000 2.798585000000 0
-0.451918000000 0.556648000000 2.419311000000 0
-0.343627000000 0.323026000000 2.800402000000 0
-0.226821000000 0.312571000000 2.392942000000 0
-0.414018000000 0.298051000000 2.560258000000 0
-0.147271000000 0.279046000000 2.637213000000 0
-0.206862000000 0.027137000000 2.803112000000 0
-0.127118000000 0.033311000000 2.467511000000 0
-0.046861000000 0.074882000000 2.664677000000 0
-0.275201000000 0.087170000000 2.941638000000 0
-0.293276000000 0.046582000000 2.293449000000 0
-0.144032000000 -0.183106000000 3.012795000000 0
-0.439135000000 -0.212230000000 2.180453000000 0
-0.133462000000 -0.264242000000 3.022925000000 0
-0.499262000000 -0.256409000000 2.145376000000 0
-0.276061000000 -0.532210000000 2.750265000000 0
-0.031273000000 -0.535393000000 2.680032000000 0
-0.259143000000 -0.989614000000 2.734159000000 0
-0.137797000000 -0.946751000000 2.850916000000 0
-0.475719000000 -0.996745000000 2.709203000000 0
-0.347188000000 -0.913942000000 2.799366000000 0
-0.449102000000 0.560510000000 2.418751000000 0
-0.343366000000 0.324806000000 2.802008000000 0
-0.210971000000 0.310920000000 2.399448000000 0
-0.405476000000 0.308510000000 2.558853000000 0
-0.144344000000 0.268136000000 2.646127000000 0
-0.218280000000 0.023559000000 2.805189000000 0
-0.125838000000 0.030935000000 2.472886000000 0
-0.053437000000 0.072635000000 2.673044000000 0
-0.298796000000 0.081712000000 2.940490000000 0
-0.277682000000 0.047660000000 2.278537000000 0
-0.194347000000 -0.198864000000 3.015889000000 0
-0.430120000000 -0.202290000000 2.139808000000 0
-0.189585000000 -0.280492000000 3.026455000000 0
-0.493586000000 -0.242946000000 2.106395000000 0
-0.283100000000 -0.535648000000 2.749092000000 0
-0.038794000000 -0.537785000000 2.689857000000 0
-0.253537000000 -0.992561000000 2.738081000000 0
-0.089909000000 -0.970259000000 2.831693000000 0
-0.468876000000 -1.005718000000 2.705916000000 0
-0.304333000000 -0.957335000000 2.793826000000 0
-0.431575000000 0.567118000000 2.425961000000 0
-0.351227000000 0.328645000000 2.803185000000 0
-0.199870000000 0.315488000000 2.407339000000 0
-0.401775000000 0.313831000000 2.557272000000 0
-0.145400000000 0.271177000000 2.656718000000 0
-0.236463000000 0.026249000000 2.808383000000 0
-0.121472000000 0.031324000000 2.483150000000 0
-0.060169000000 0.065687000000 2.688345000000 0
-0.314930000000 0.084137000000 2.941593000000 0
-0.255287000000 0.056745000000 2.265662000000 0
-0.218106000000 -0.197573000000 3.022721000000 0
-0.409838000000 -0.184779000000 2.108255000000 0
-0.213980000000 -0.279137000000 3.034023000000 0
-0.476043000000 -0.210700000000 2.066513000000 0
-0.289372000000 -0.541511000000 2.747581000000 0
-0.041385000000 -0.539979000000 2.691369000000 0
-0.208214000000 -0.992187000000 2.739335000000 0
-0.075234000000 -0.986569000000 2.787162000000 0
-0.419249000000 -1.029446000000 2.698657000000 0
-0.288074000000 -0.980593000000 2.739813000000 0
-0.418446000000 0.580364000000 2.434311000000 0
-0.357444000000 0.319382000000 2.815853000000 0
-0.199737000000 0.324571000000 2.422309000000 0
-0.404086000000 0.327744000000 2.568866000000 0
-0.153977000000 0.256871000000 2.668160000000 0
-0.230581000000 0.031316000000 2.810170000000 0
-0.119410000000 0.033582000000 2.483581000000 0
-0.051759000000 0.050615000000 2.688951000000 0
-0.343470000000 0.062360000000 2.934184000000 0
-0.216353000000 0.071249000000 2.257853000000 0
-0.272989000000 -0.231750000000 2.996230000000 0
-0.372022000000 -0.151706000000 2.071518000000 0
-0.275201000000 -0.313963000000 3.002025000000 0
-0.439460000000 -0.168580000000 2.027193000000 0
-0.295400000000 -0.543435000000 2.747658000000 0
-0.046785000000 -0.538141000000 2.691842000000 0
-0.249492000000 -0.999122000000 2.750110000000 0
-0.111289000000 -0.984513000000 2.771564000000 0
-0.461154000000 -1.020705000000 2.702028000000 0
-0.323022000000 -0.962404000000 2.724035000000 0
-0.392940000000 0.588966000000 2.436972000000 0
-0.356311000000 0.312900000000 2.798352000000 0
-0.136762000000 0.343502000000 2.436914000000 0
-0.359235000000 0.364669000000 2.552264000000 0
-0.144330000000 0.234401000000 2.671775000000 0
-0.264337000000 0.055327000000 2.749569000000 0
-0.076800000000 0.013662000000 2.463005000000 0
-0.060424000000 0.052901000000 2.675692000000 0
-0.404675000000 0.043404000000 2.871090000000 0
-0.137693000000 0.097874000000 2.256714000000 0
-0.398287000000 -0.264402000000 2.894164000000 0
-0.281860000000 -0.090638000000 2.024554000000 0
-0.414644000000 -0.344890000000 2.886986000000 0
-0.350984000000 -0.071737000000 1.983787000000 0
-0.305778000000 -0.531130000000 2.750158000000 0
-0.057691000000 -0.543714000000 2.692346000000 0
-0.277029000000 -0.988212000000 2.753832000000 0
-0.098670000000 -0.994190000000 2.764151000000 0
-0.472074000000 -1.001258000000 2.657055000000 0
-0.279754000000 -0.997095000000 2.642583000000 0
-0.356224000000 0.613482000000 2.467969000000 0
-0.369739000000 0.308253000000 2.796059000000 0
-0.108083000000 0.347851000000 2.464783000000 0
-0.342296000000 0.369717000000 2.553743000000 0
-0.145678000000 0.229804000000 2.692317000000 0
-0.300369000000 0.047761000000 2.710151000000 0
-0.081031000000 0.018729000000 2.445439000000 0
-0.089795000000 0.056305000000 2.658875000000 0
-0.431229000000 0.037089000000 2.850347000000 0
-0.076422000000 0.113316000000 2.276142000000 0
-0.435585000000 -0.271383000000 2.862321000000 0
-0.204618000000 -0.045172000000 2.016858000000 0
-0.452359000000 -0.351271000000 2.850752000000 0
-0.244811000000 -0.077408000000 1.952495000000 0
-0.314335000000 -0.533553000000 2.742059000000 0
-0.065693000000 -0.534028000000 2.693945000000 0
-0.262696000000 -0.988556000000 2.750429000000 0
-0.108087000000 -0.987765000000 2.739662000000 0
-0.450235000000 -1.011844000000 2.641500000000 0
-0.278299000000 -0.985604000000 2.603274000000 0
-0.328377000000 0.623833000000 2.485113000000 0
-0.366236000000 0.316059000000 2.815669000000 0
-0.090325000000 0.356961000000 2.496331000000 0
-0.326135000000 0.388006000000 2.578048000000 0
-0.143206000000 0.229947000000 2.715856000000 0
-0.333853000000 0.012405000000 2.739477000000 0
-0.113246000000 0.054691000000 2.477619000000 0
-0.126778000000 0.058247000000 2.694064000000 0
-0.463868000000 0.052964000000 2.786748000000 0
-0.009176000000 0.127088000000 2.324836000000 0
-0.448159000000 -0.253955000000 2.778069000000 0
-0.103099000000 -0.014604000000 2.048053000000 0
-0.450023000000 -0.325835000000 2.737730000000 0
-0.136547000000 -0.043624000000 1.978509000000 0
-0.323371000000 -0.550786000000 2.734974000000 0
-0.067593000000 -0.523292000000 2.683698000000 0
-0.254440000000 -1.003195000000 2.753385000000 0
-0.087622000000 -0.978717000000 2.727863000000 0
-0.440188000000 -1.035955000000 2.643826000000 0
-0.278729000000 -0.980508000000 2.622728000000 0
-0.291011000000 0.638002000000 2.511695000000 0
-0.375537000000 0.329615000000 2.817055000000 0
-0.054864000000 0.372518000000 2.543004000000 0
-0.297020000000 0.416677000000 2.594562000000 0
-0.147408000000 0.233282000000 2.740916000000 0
-0.344180000000 0.044272000000 2.729034000000 0
-0.088965000000 0.062523000000 2.497610000000 0
-0.128328000000 0.055152000000 2.710777000000 0
-0.459744000000 0.070985000000 2.749353000000 0
0.061456000000 0.122576000000 2.447020000000 0
-0.451862000000 -0.233541000000 2.726821000000 0
0.069444000000 -0.033019000000 2.169656000000 0
-0.464312000000 -0.308415000000 2.759013000000 0
0.014624000000 -0.016568000000 2.110314000000 0
-0.318571000000 -0.536204000000 2.711629000000 0
-0.062086000000 -0.510206000000 2.681337000000 0
-0.294712000000 -0.990117000000 2.767820000000 0
-0.130023000000 -0.961267000000 2.722472000000 0
-0.447208000000 -1.017147000000 2.614220000000 0
-0.261689000000 -0.957291000000 2.548614000000 0
-0.246614000000 0.649762000000 2.528721000000 0
-0.395873000000 0.320879000000 2.799863000000 0
-0.052108000000 0.382989000000 2.559563000000 0
-0.301145000000 0.408225000000 2.583888000000 0
-0.153937000000 0.241850000000 2.751477000000 0
-0.344338000000 0.040813000000 2.716467000000 0
-0.062639000000 0.064877000000 2.518752000000 0
-0.127640000000 0.045003000000 2.724722000000 0
-0.449767000000 0.052489000000 2.736076000000 0
0.074217000000 0.122696000000 2.533548000000 0
-0.446000000000 -0.252117000000 2.703952000000 0
0.123176000000 -0.041600000000 2.267406000000 0
-0.443893000000 -0.325021000000 2.665508000000 0
0.107720000000 -0.093535000000 2.205266000000 0
-0.314612000000 -0.536190000000 2.711346000000 0
-0.060622000000 -0.511719000000 2.685198000000 0
-0.313499000000 -0.987818000000 2.787473000000 0
-0.141760000000 -0.961093000000 2.720463000000 0
-0.442392000000 -1.017376000000 2.614005000000 0
-0.246804000000 -0.957125000000 2.529338000000 0
-0.237510000000 0.662849000000 2.542660000000 0
-0.397873000000 0.321106000000 2.786738000000 0
-0.035329000000 0.394500000000 2.579492000000 0
-0.285553000000 0.419256000000 2.584257000000 0
-0.152660000000 0.243904000000 2.754633000000 0
-0.343862000000 0.049827000000 2.709866000000 0
-0.045472000000 0.068349000000 2.537688000000 0
-0.128678000000 0.044809000000 2.736601000000 0
-0.440195000000 0.049225000000 2.717424000000 0
0.074590000000 0.124786000000 2.588034000000 0
-0.436207000000 -0.253875000000 2.656294000000 0
0.158797000000 -0.125487000000 2.411673000000 0
-0.427300000000 -0.335604000000 2.662492000000 0
0.159631000000 -0.146830000000 2.332041000000 0
-0.309736000000 -0.529975000000 2.700498000000 0
-0.053471000000 -0.506841000000 2.690435000000 0
-0.307163000000 -0.985107000000 2.751611000000 0
-0.162691000000 -0.948887000000 2.739728000000 0
-0.419505000000 -1.006600000000 2.565880000000 0
-0.235458000000 -0.953832000000 2.534158000000 0
-0.224707000000 0.667728000000 2.553678000000 0
-0.396222000000 0.324903000000 2.782929000000 0
-0.016222000000 0.388861000000 2.606054000000 0
-0.264025000000 0.430814000000 2.597040000000 0
-0.154947000000 0.233360000000 2.759985000000 0
-0.346689000000 0.049856000000 2.707449000000 0
-0.036365000000 0.072870000000 2.558470000000 0
-0.134080000000 0.044827000000 2.750067000000 0
-0.420046000000 0.053272000000 2.685665000000 0
0.066150000000 0.108861000000 2.649362000000 0
-0.423172000000 -0.257313000000 2.630310000000 0
0.136755000000 -0.200115000000 2.595093000000 0
-0.359998000000 -0.309919000000 2.636550000000 0
0.150978000000 -0.261974000000 2.542475000000 0
-0.302097000000 -0.530346000000 2.688785000000 0
-0.051641000000 -0.504260000000 2.701523000000 0
-0.293080000000 -0.977963000000 2.785333000000 0
-0.099817000000 -0.957591000000 2.745500000000 0
-0.391604000000 -1.020889000000 2.595521000000 0
-0.179184000000 -0.968836000000 2.542638000000 0
-0.194089000000 0.662357000000 2.559709000000 0
-0.392792000000 0.328500000000 2.775255000000 0
-0.000535000000 0.380250000000 2.622832000000 0
-0.245379000000 0.433140000000 2.600419000000 0
-0.154624000000 0.227158000000 2.764040000000 0
-0.343961000000 0.054494000000 2.699040000000 0
-0.024549000000 0.071496000000 2.569765000000 0
-0.134593000000 0.042656000000 2.754434000000 0
-0.411797000000 0.054525000000 2.670827000000 0
0.068045000000 0.091861000000 2.656350000000 0
-0.402795000000 -0.261521000000 2.620213000000 0
0.072663000000 -0.233176000000 2.651425000000 0
-0.359275000000 -0.331541000000 2.620944000000 0
0.056960000000 -0.313303000000 2.640005000000 0
-0.288137000000 -0.528183000000 2.683895000000 0
-0.041756000000 -0.503098000000 2.703375000000 0
-0.322845000000 -0.972608000000 2.788992000000 0
-0.098268000000 -0.955364000000 2.748388000000 0
-0.404493000000 -1.013096000000 2.590818000000 0
-0.162384000000 -0.968064000000 2.540286000000 0
-0.187761000000 0.660972000000 2.571667000000 0
-0.378752000000 0.360921000000 2.759861000000 0
0.031636000000 0.371709000000 2.653834000000 0
-0.202158000000 0.450282000000 2.604693000000 0
-0.152755000000 0.235042000000 2.774010000000 0
-0.354599000000 0.067092000000 2.663118000000 0
-0.017233000000 0.078800000000 2.591900000000 0
-0.158435000000 0.057705000000 2.755181000000 0
-0.420214000000 0.084796000000 2.671658000000 0
0.059265000000 0.076572000000 2.658729000000 0
-0.399394000000 -0.227450000000 2.609193000000 0
0.044860000000 -0.246138000000 2.652728000000 0
-0.366543000000 -0.300027000000 2.587960000000 0
0.027381000000 -0.317491000000 2.690154000000 0
-0.281726000000 -0.517932000000 2.677438000000 0
-0.040583000000 -0.499258000000 2.698905000000 0
-0.304614000000 -0.961766000000 2.788124000000 0
-0.096876000000 -0.951279000000 2.746564000000 0
-0.349906000000 -1.011194000000 2.580557000000 0
-0.124197000000 -0.970603000000 2.531021000000 0
-0.178729000000 0.665638000000 2.586545000000 0
-0.371894000000 0.367078000000 2.780816000000 0
0.034543000000 0.366348000000 2.660049000000 0
-0.196879000000 0.458331000000 2.624962000000 0
-0.151721000000 0.230557000000 2.778313000000 0
-0.354526000000 0.070938000000 2.673983000000 0
-0.020213000000 0.085487000000 2.590029000000 0
-0.154906000000 0.059492000000 2.758035000000 0
-0.425683000000 0.100015000000 2.675969000000 0
0.057304000000 0.073385000000 2.684477000000 0
-0.398105000000 -0.211316000000 2.616723000000 0
0.061737000000 -0.247754000000 2.674175000000 0
-0.363227000000 -0.286022000000 2.616774000000 0
0.023997000000 -0.316000000000 2.647424000000 0
-0.279626000000 -0.513279000000 2.677787000000 0
-0.037239000000 -0.491673000000 2.698051000000 0
-0.300452000000 -0.957249000000 2.788331000000 0
-0.095983000000 -0.943484000000 2.744736000000 0
-0.353194000000 -1.006055000000 2.582382000000 0
-0.129081000000 -0.961381000000 2.529881000000 0
-0.168822000000 0.661248000000 2.596761000000 0
