-0.426118000000 0.219437000000 2.517892000000 0
-0.067543000000 0.239034000000 2.543187000000 0
-0.242857000000 0.275914000000 2.438047000000 0
-0.245999000000 0.098459000000 2.620074000000 0
-0.435965000000 -0.113652000000 2.491457000000 0
-0.012489000000 -0.115487000000 2.537629000000 0
-0.237314000000 -0.113362000000 2.634621000000 0
-0.487576000000 -0.048635000000 2.544020000000 0
0.022215000000 -0.022184000000 2.537638000000 0
-0.489117000000 -0.329349000000 2.461783000000 0
0.028114000000 -0.301199000000 2.449996000000 0
-0.489597000000 -0.396227000000 2.446052000000 0
0.028664000000 -0.368795000000 2.462281000000 0
-0.354805000000 -0.617201000000 2.500710000000 0
-0.106758000000 -0.619054000000 2.515988000000 0
-0.358994000000 -0.998263000000 2.608367000000 0
-0.129188000000 -0.998102000000 2.628395000000 0
-0.351973000000 -1.043766000000 2.447580000000 0
-0.103321000000 -1.046486000000 2.470400000000 0
-0.256593000000 0.514718000000 2.408937000000 0
-0.422193000000 0.217572000000 2.521069000000 0
-0.063513000000 0.240295000000 2.541849000000 0
-0.240661000000 0.277885000000 2.440089000000 0
-0.239433000000 0.096035000000 2.617748000000 0
-0.438889000000 -0.116318000000 2.496099000000 0
-0.014754000000 -0.114530000000 2.535769000000 0
-0.238069000000 -0.115799000000 2.636203000000 0
-0.484995000000 -0.050930000000 2.537620000000 0
0.023343000000 -0.021490000000 2.526489000000 0
-0.487677000000 -0.333969000000 2.463905000000 0
0.024547000000 -0.300617000000 2.439086000000 0
-0.494630000000 -0.400015000000 2.446298000000 0
0.023212000000 -0.369307000000 2.438546000000 0
-0.356363000000 -0.618797000000 2.502382000000 0
-0.106093000000 -0.618784000000 2.507748000000 0
-0.359135000000 -1.000743000000 2.606908000000 0
-0.137373000000 -0.992506000000 2.634906000000 0
-0.354205000000 -1.044904000000 2.445669000000 0
-0.110994000000 -1.047680000000 2.479237000000 0
-0.256881000000 0.512354000000 2.402955000000 0
-0.426121000000 0.218430000000 2.522225000000 0
-0.066976000000 0.238021000000 2.537410000000 0
-0.245323000000 0.276766000000 2.438211000000 0
-0.242988000000 0.095670000000 2.616628000000 0
-0.437623000000 -0.116044000000 2.503146000000 0
-0.012030000000 -0.114602000000 2.521462000000 0
-0.230023000000 -0.114633000000 2.632985000000 0
-0.485924000000 -0.050617000000 2.547535000000 0
0.027456000000 -0.021507000000 2.519220000000 0
-0.491915000000 -0.334261000000 2.474116000000 0
0.021326000000 -0.300795000000 2.430669000000 0
-0.451519000000 -0.389645000000 2.478729000000 0
0.027302000000 -0.369119000000 2.426602000000 0
-0.356453000000 -0.618481000000 2.502990000000 0
-0.106964000000 -0.619111000000 2.504549000000 0
-0.354968000000 -1.000106000000 2.608706000000 0
-0.138834000000 -0.991851000000 2.634415000000 0
-0.358768000000 -1.044757000000 2.447571000000 0
-0.119972000000 -1.047963000000 2.477992000000 0
-0.255481000000 0.513075000000 2.404237000000 0
-0.426366000000 0.213537000000 2.518672000000 0
-0.067699000000 0.239612000000 2.535330000000 0
-0.246279000000 0.274828000000 2.435238000000 0
-0.241476000000 0.094390000000 2.614271000000 0
-0.437779000000 -0.120264000000 2.498746000000 0
-0.012266000000 -0.116019000000 2.518421000000 0
-0.230617000000 -0.116592000000 2.629239000000 0
-0.485132000000 -0.056425000000 2.540513000000 0
0.025781000000 -0.020509000000 2.515115000000 0
-0.486964000000 -0.338370000000 2.459172000000 0
0.022456000000 -0.296768000000 2.416209000000 0
-0.482545000000 -0.381919000000 2.512129000000 0
-0.005183000000 -0.355476000000 2.438790000000 0
-0.359112000000 -0.621542000000 2.500654000000 0
-0.106593000000 -0.621390000000 2.503336000000 0
-0.358133000000 -1.003841000000 2.603913000000 0
-0.127163000000 -0.997614000000 2.625190000000 0
-0.361856000000 -1.047450000000 2.442492000000 0
-0.110222000000 -1.049721000000 2.467170000000 0
-0.249378000000 0.512282000000 2.400732000000 0
-0.426893000000 0.220871000000 2.515683000000 0
-0.067546000000 0.232551000000 2.533934000000 0
-0.244127000000 0.274923000000 2.433073000000 0
-0.247349000000 0.094384000000 2.612040000000 0
-0.438522000000 -0.122139000000 2.496935000000 0
-0.013055000000 -0.116395000000 2.517242000000 0
-0.231549000000 -0.119151000000 2.627746000000 0
-0.487708000000 -0.049807000000 2.521445000000 0
0.026410000000 -0.028328000000 2.523306000000 0
-0.479903000000 -0.333761000000 2.446395000000 0
0.022277000000 -0.296435000000 2.403203000000 0
-0.486208000000 -0.401776000000 2.439007000000 0
0.019574000000 -0.364555000000 2.411733000000 0
-0.360375000000 -0.622835000000 2.497356000000 0
-0.108671000000 -0.622311000000 2.501652000000 0
-0.354742000000 -1.002304000000 2.610436000000 0
-0.127264000000 -0.995403000000 2.633075000000 0
-0.360238000000 -1.050117000000 2.450261000000 0
-0.110577000000 -1.051433000000 2.476376000000 0
-0.243264000000 0.514384000000 2.400003000000 0
-0.424267000000 0.223500000000 2.506336000000 0
-0.065738000000 0.230653000000 2.538054000000 0
-0.237889000000 0.275591000000 2.430844000000 0
-0.250018000000 0.094434000000 2.608801000000 0
-0.440839000000 -0.121146000000 2.476957000000 0
-0.018423000000 -0.115312000000 2.531710000000 0
-0.245162000000 -0.117946000000 2.624125000000 0
-0.489499000000 -0.045929000000 2.511276000000 0
0.018284000000 -0.033424000000 2.529401000000 0
-0.481677000000 -0.326436000000 2.425046000000 0
0.024121000000 -0.294340000000 2.394979000000 0
-0.450268000000 -0.377227000000 2.459020000000 0
0.006375000000 -0.355482000000 2.420809000000 0
-0.361526000000 -0.622037000000 2.492716000000 0
-0.107178000000 -0.620556000000 2.497082000000 0
-0.355737000000 -0.996339000000 2.621870000000 0
-0.136751000000 -0.990866000000 2.634238000000 0
-0.350222000000 -1.050786000000 2.463827000000 0
-0.105542000000 -1.050122000000 2.480983000000 0
-0.239892000000 0.518256000000 2.409130000000 0
-0.419003000000 0.229119000000 2.488565000000 0
-0.063787000000 0.220660000000 2.546443000000 0
-0.225446000000 0.271930000000 2.426498000000 0
-0.258723000000 0.093660000000 2.604672000000 0
-0.446490000000 -0.118434000000 2.466452000000 0
-0.025643000000 -0.116445000000 2.532419000000 0
-0.254773000000 -0.117311000000 2.618773000000 0
-0.495944000000 -0.036120000000 2.497183000000 0
0.013333000000 -0.044653000000 2.543748000000 0
-0.491158000000 -0.314165000000 2.406300000000 0
0.031373000000 -0.290326000000 2.385915000000 0
-0.498597000000 -0.381307000000 2.393766000000 0
0.019679000000 -0.358025000000 2.386682000000 0
-0.363966000000 -0.620914000000 2.488489000000 0
-0.105985000000 -0.619571000000 2.490346000000 0
-0.353215000000 -0.997558000000 2.610308000000 0
-0.137321000000 -0.988234000000 2.631490000000 0
-0.341954000000 -1.048619000000 2.451442000000 0
-0.099492000000 -1.049278000000 2.480444000000 0
-0.217450000000 0.516582000000 2.404587000000 0
-0.416857000000 0.231583000000 2.471324000000 0
-0.065898000000 0.216112000000 2.549992000000 0
-0.219046000000 0.268575000000 2.419828000000 0
-0.266916000000 0.094923000000 2.599236000000 0
-0.451238000000 -0.119683000000 2.457127000000 0
-0.031732000000 -0.118060000000 2.531147000000 0
-0.262479000000 -0.117337000000 2.613084000000 0
-0.498139000000 -0.032290000000 2.473655000000 0
0.006481000000 -0.050087000000 2.561854000000 0
-0.493894000000 -0.311758000000 2.387895000000 0
0.033526000000 -0.282085000000 2.386012000000 0
-0.503271000000 -0.379114000000 2.378117000000 0
0.020602000000 -0.343091000000 2.357173000000 0
-0.361567000000 -0.623020000000 2.483049000000 0
-0.103766000000 -0.620105000000 2.486836000000 0
-0.352266000000 -0.998835000000 2.607517000000 0
-0.124958000000 -0.993215000000 2.617814000000 0
-0.336216000000 -1.050818000000 2.449363000000 0
-0.083901000000 -1.048989000000 2.465577000000 0
-0.217403000000 0.521311000000 2.409518000000 0
-0.409717000000 0.232676000000 2.456971000000 0
-0.066665000000 0.207469000000 2.563177000000 0
-0.207558000000 0.264963000000 2.421780000000 0
-0.273957000000 0.091118000000 2.594993000000 0
-0.446100000000 -0.120186000000 2.434925000000 0
-0.035911000000 -0.124229000000 2.549799000000 0
-0.273571000000 -0.121227000000 2.608680000000 0
-0.494761000000 -0.028742000000 2.451923000000 0
-0.002859000000 -0.059258000000 2.582738000000 0
-0.497932000000 -0.305991000000 2.363178000000 0
0.067333000000 -0.246533000000 2.371186000000 0
-0.505870000000 -0.373515000000 2.353278000000 0
0.065121000000 -0.307941000000 2.340454000000 0
-0.361195000000 -0.624912000000 2.478956000000 0
-0.100575000000 -0.622604000000 2.476398000000 0
-0.360338000000 -1.001153000000 2.602480000000 0
-0.130290000000 -0.989811000000 2.621628000000 0
-0.327853000000 -1.052262000000 2.446579000000 0
-0.075158000000 -1.051722000000 2.476369000000 0
-0.205580000000 0.515817000000 2.416272000000 0
-0.400651000000 0.232111000000 2.434755000000 0
-0.078871000000 0.194072000000 2.591635000000 0
-0.194842000000 0.260168000000 2.432476000000 0
-0.290999000000 0.082287000000 2.586573000000 0
-0.434284000000 -0.123464000000 2.399285000000 0
-0.051225000000 -0.131559000000 2.585477000000 0
-0.295600000000 -0.131179000000 2.600941000000 0
-0.492795000000 -0.021564000000 2.425921000000 0
-0.010269000000 -0.065249000000 2.560551000000 0
-0.505142000000 -0.292421000000 2.335174000000 0
0.203514000000 -0.046229000000 2.371643000000 0
-0.517577000000 -0.354195000000 2.307792000000 0
0.256536000000 -0.040601000000 2.328314000000 0
-0.366164000000 -0.628248000000 2.457585000000 0
-0.094836000000 -0.623489000000 2.462129000000 0
-0.368095000000 -1.000462000000 2.592746000000 0
-0.131219000000 -0.987851000000 2.612900000000 0
-0.314286000000 -1.054760000000 2.443989000000 0
-0.057329000000 -1.051461000000 2.477008000000 0
-0.178088000000 0.497419000000 2.417655000000 0
-0.396805000000 0.227331000000 2.417672000000 0
-0.088129000000 0.182100000000 2.597319000000 0
-0.190499000000 0.248610000000 2.429253000000 0
-0.303073000000 0.077208000000 2.579526000000 0
-0.430531000000 -0.131241000000 2.385993000000 0
-0.061231000000 -0.136027000000 2.598269000000 0
-0.306059000000 -0.139898000000 2.596681000000 0
-0.495028000000 -0.021376000000 2.412657000000 0
-0.021026000000 -0.074604000000 2.563721000000 0
-0.512914000000 -0.285910000000 2.313195000000 0
0.175468000000 0.100263000000 2.458828000000 0
-0.504042000000 -0.353901000000 2.317553000000 0
0.229627000000 0.140955000000 2.447368000000 0
-0.375077000000 -0.633611000000 2.432897000000 0
-0.090040000000 -0.625470000000 2.455959000000 0
-0.356287000000 -0.987450000000 2.609705000000 0
-0.121571000000 -0.991354000000 2.604115000000 0
-0.317411000000 -1.058504000000 2.463375000000 0
-0.041474000000 -1.052338000000 2.470556000000 0
-0.173985000000 0.494526000000 2.422621000000 0
-0.392726000000 0.225622000000 2.415236000000 0
-0.090196000000 0.174357000000 2.603511000000 0
-0.186491000000 0.243170000000 2.432803000000 0
-0.306373000000 0.073381000000 2.579204000000 0
-0.429587000000 -0.142761000000 2.375787000000 0
-0.066114000000 -0.138772000000 2.597909000000 0
-0.310699000000 -0.147161000000 2.589807000000 0
-0.492469000000 -0.019133000000 2.397183000000 0
-0.003000000000 -0.069200000000 2.546447000000 0
-0.517045000000 -0.276365000000 2.288065000000 0
0.127790000000 0.175157000000 2.503290000000 0
-0.501357000000 -0.336421000000 2.317520000000 0
0.146007000000 0.225060000000 2.546858000000 0
-0.379215000000 -0.641756000000 2.427194000000 0
-0.086417000000 -0.630494000000 2.457540000000 0
-0.349371000000 -0.992098000000 2.609363000000 0
-0.135518000000 -0.990982000000 2.613917000000 0
-0.314135000000 -1.065152000000 2.463096000000 0
-0.051104000000 -1.057964000000 2.486010000000 0
-0.182612000000 0.492958000000 2.426505000000 0
-0.402074000000 0.227508000000 2.421051000000 0
-0.089745000000 0.183268000000 2.594526000000 0
-0.195893000000 0.251342000000 2.429456000000 0
-0.303575000000 0.075835000000 2.578572000000 0
-0.427080000000 -0.140508000000 2.374220000000 0
-0.054016000000 -0.136879000000 2.579834000000 0
-0.298821000000 -0.141333000000 2.582804000000 0
-0.494383000000 -0.016122000000 2.399309000000 0
0.048190000000 0.000193000000 2.468802000000 0
-0.512015000000 -0.269279000000 2.288732000000 0
0.085230000000 0.269633000000 2.520344000000 0
-0.506437000000 -0.333262000000 2.264331000000 0
0.063888000000 0.309766000000 2.571864000000 0
-0.371599000000 -0.640526000000 2.430826000000 0
-0.087873000000 -0.633287000000 2.465288000000 0
-0.354564000000 -0.986559000000 2.622625000000 0
-0.144501000000 -0.993180000000 2.620485000000 0
-0.320849000000 -1.064703000000 2.478647000000 0
-0.061941000000 -1.061536000000 2.492096000000 0
-0.194551000000 0.502538000000 2.427144000000 0
-0.417925000000 0.230017000000 2.438663000000 0
-0.081661000000 0.204206000000 2.564600000000 0
-0.213958000000 0.261453000000 2.415035000000 0
-0.290862000000 0.088709000000 2.584972000000 0
-0.440522000000 -0.139436000000 2.399112000000 0
-0.041173000000 -0.122271000000 2.546398000000 0
-0.282563000000 -0.132909000000 2.586100000000 0
-0.499323000000 -0.019509000000 2.426403000000 0
-0.016710000000 0.003040000000 2.408548000000 0
-0.501385000000 -0.258151000000 2.283413000000 0
0.067132000000 0.261347000000 2.468950000000 0
-0.499064000000 -0.326645000000 2.288275000000 0
0.044914000000 0.314332000000 2.506625000000 0
-0.363619000000 -0.636693000000 2.452549000000 0
-0.097316000000 -0.628033000000 2.479821000000 0
-0.363413000000 -0.998209000000 2.614172000000 0
-0.116427000000 -1.000498000000 2.612940000000 0
-0.329033000000 -1.064996000000 2.464739000000 0
-0.053281000000 -1.055482000000 2.468157000000 0
-0.210128000000 0.518257000000 2.422347000000 0
-0.425388000000 0.229134000000 2.461504000000 0
-0.070003000000 0.225315000000 2.518831000000 0
-0.231873000000 0.264003000000 2.394531000000 0
-0.265285000000 0.106348000000 2.591158000000 0
-0.453938000000 -0.131680000000 2.443863000000 0
-0.031875000000 -0.111275000000 2.497841000000 0
-0.258369000000 -0.118468000000 2.590616000000 0
-0.502461000000 -0.021173000000 2.448085000000 0
-0.071010000000 -0.002148000000 2.388319000000 0
-0.498717000000 -0.254321000000 2.297318000000 0
0.035273000000 0.254331000000 2.383277000000 0
-0.497116000000 -0.320916000000 2.280496000000 0
0.031114000000 0.318667000000 2.407025000000 0
-0.360479000000 -0.629280000000 2.467873000000 0
-0.100276000000 -0.619246000000 2.486634000000 0
-0.363600000000 -1.000106000000 2.606775000000 0
-0.134014000000 -0.987692000000 2.627789000000 0
-0.354301000000 -1.058751000000 2.450420000000 0
-0.097057000000 -1.048987000000 2.476628000000 0
-0.229165000000 0.534777000000 2.418842000000 0
-0.447475000000 0.222496000000 2.506168000000 0
-0.088132000000 0.243805000000 2.501814000000 0
-0.271934000000 0.284403000000 2.413960000000 0
-0.258796000000 0.098094000000 2.586442000000 0
-0.445759000000 -0.121210000000 2.469402000000 0
-0.020355000000 -0.099078000000 2.472323000000 0
-0.234462000000 -0.099011000000 2.591135000000 0
-0.498237000000 -0.037530000000 2.508433000000 0
-0.012461000000 0.225771000000 2.248548000000 0
-0.500420000000 -0.266680000000 2.346626000000 0
-0.037782000000 0.500811000000 2.297617000000 0
-0.501422000000 -0.330712000000 2.321739000000 0
0.013736000000 0.545679000000 2.290321000000 0
-0.354632000000 -0.617696000000 2.486013000000 0
-0.106801000000 -0.608747000000 2.495486000000 0
-0.356309000000 -0.994552000000 2.607639000000 0
-0.130962000000 -0.979487000000 2.632539000000 0
-0.364016000000 -1.045835000000 2.448632000000 0
-0.118163000000 -1.038043000000 2.476398000000 0
-0.258952000000 0.528637000000 2.404427000000 0
-0.447568000000 0.213793000000 2.543215000000 0
-0.102653000000 0.237474000000 2.461619000000 0
-0.297200000000 0.271008000000 2.411817000000 0
-0.243376000000 0.096501000000 2.588690000000 0
-0.441327000000 -0.117235000000 2.523082000000 0
-0.026864000000 -0.108684000000 2.425031000000 0
-0.206705000000 -0.099896000000 2.590978000000 0
-0.493629000000 -0.047932000000 2.531250000000 0
-0.064444000000 0.293677000000 2.204431000000 0
-0.501662000000 -0.294860000000 2.395987000000 0
-0.080810000000 0.570127000000 2.153033000000 0
-0.495125000000 -0.356161000000 2.426317000000 0
-0.081927000000 0.632874000000 2.180995000000 0
-0.354415000000 -0.617396000000 2.484924000000 0
-0.107409000000 -0.611980000000 2.505359000000 0
-0.356901000000 -0.990855000000 2.616600000000 0
-0.133913000000 -0.983372000000 2.640198000000 0
-0.398294000000 -1.044494000000 2.463687000000 0
-0.158354000000 -1.038292000000 2.484124000000 0
-0.276363000000 0.522041000000 2.400801000000 0
-0.429919000000 0.229624000000 2.594933000000 0
-0.116212000000 0.234371000000 2.434116000000 0
-0.312391000000 0.279427000000 2.431055000000 0
-0.227874000000 0.100476000000 2.590639000000 0
-0.431720000000 -0.118980000000 2.576498000000 0
-0.050366000000 -0.114650000000 2.386716000000 0
-0.187617000000 -0.104522000000 2.589245000000 0
-0.487869000000 -0.029115000000 2.559849000000 0
-0.122558000000 0.328636000000 2.183899000000 0
-0.484422000000 -0.307261000000 2.506738000000 0
-0.138804000000 0.470721000000 1.939470000000 0
-0.478861000000 -0.374872000000 2.495865000000 0
-0.164279000000 0.499126000000 1.882333000000 0
-0.351040000000 -0.619259000000 2.489980000000 0
-0.103865000000 -0.612620000000 2.509220000000 0
-0.355944000000 -0.990493000000 2.627736000000 0
-0.121269000000 -0.991437000000 2.623283000000 0
-0.420973000000 -1.043345000000 2.482993000000 0
-0.185023000000 -1.033324000000 2.474443000000 0
-0.286428000000 0.524092000000 2.402589000000 0
-0.425352000000 0.219721000000 2.593926000000 0
-0.116226000000 0.234271000000 2.423747000000 0
-0.315341000000 0.267308000000 2.424272000000 0
-0.215982000000 0.102789000000 2.590690000000 0
-0.425891000000 -0.119317000000 2.592206000000 0
-0.060855000000 -0.114812000000 2.372672000000 0
-0.181635000000 -0.103486000000 2.585373000000 0
-0.480491000000 -0.042396000000 2.599014000000 0
-0.141598000000 0.308267000000 2.167520000000 0
-0.471409000000 -0.321078000000 2.546883000000 0
-0.151270000000 0.375172000000 1.892031000000 0
-0.475007000000 -0.388427000000 2.559980000000 0
-0.183185000000 0.378966000000 1.831307000000 0
-0.348417000000 -0.618891000000 2.491960000000 0
-0.103004000000 -0.611184000000 2.509182000000 0
-0.352940000000 -0.990616000000 2.628401000000 0
-0.129935000000 -0.986273000000 2.633271000000 0
-0.425949000000 -1.041681000000 2.486857000000 0
-0.202161000000 -1.028954000000 2.488584000000 0
-0.295437000000 0.526073000000 2.411614000000 0
-0.423554000000 0.215684000000 2.593072000000 0
-0.113254000000 0.229376000000 2.420254000000 0
-0.314490000000 0.261465000000 2.422314000000 0
-0.213688000000 0.099628000000 2.590485000000 0
-0.428173000000 -0.123708000000 2.591153000000 0
-0.060434000000 -0.121421000000 2.376143000000 0
-0.183773000000 -0.109149000000 2.587318000000 0
-0.466289000000 -0.047193000000 2.625555000000 0
-0.141656000000 0.269967000000 2.156565000000 0
-0.471213000000 -0.328734000000 2.587950000000 0
-0.154707000000 0.316765000000 1.876666000000 0
-0.468932000000 -0.397310000000 2.591494000000 0
-0.183183000000 0.329471000000 1.815444000000 0
-0.348253000000 -0.625214000000 2.503442000000 0
-0.104233000000 -0.617195000000 2.511577000000 0
-0.357891000000 -1.005164000000 2.614622000000 0
-0.132965000000 -0.991079000000 2.638858000000 0
-0.434509000000 -1.045122000000 2.471425000000 0
-0.202626000000 -1.035256000000 2.493365000000 0
-0.298990000000 0.518049000000 2.392286000000 0
-0.421849000000 0.216132000000 2.589017000000 0
-0.107670000000 0.224314000000 2.417529000000 0
-0.311076000000 0.257004000000 2.418113000000 0
-0.212354000000 0.099406000000 2.591463000000 0
-0.431186000000 -0.127354000000 2.595676000000 0
-0.062773000000 -0.125882000000 2.381814000000 0
-0.186702000000 -0.114053000000 2.592669000000 0
-0.463239000000 -0.045276000000 2.636154000000 0
-0.108424000000 0.223557000000 2.148702000000 0
-0.476188000000 -0.328908000000 2.615992000000 0
-0.151291000000 0.275911000000 1.872219000000 0
-0.485414000000 -0.388664000000 2.648620000000 0
-0.189831000000 0.288718000000 1.816802000000 0
-0.350308000000 -0.629686000000 2.513203000000 0
-0.107957000000 -0.621528000000 2.516625000000 0
-0.355674000000 -1.013166000000 2.611845000000 0
-0.126895000000 -0.998284000000 2.637091000000 0
-0.434461000000 -1.048883000000 2.468703000000 0
-0.199101000000 -1.040925000000 2.492382000000 0
-0.297580000000 0.524344000000 2.414134000000 0
-0.424955000000 0.217032000000 2.582479000000 0
-0.103858000000 0.223325000000 2.419822000000 0
-0.308673000000 0.257662000000 2.415215000000 0
-0.216591000000 0.098566000000 2.590838000000 0
-0.439710000000 -0.128675000000 2.586239000000 0
-0.060358000000 -0.124424000000 2.392486000000 0
-0.195536000000 -0.113347000000 2.596354000000 0
-0.472797000000 -0.044484000000 2.624381000000 0
-0.074110000000 0.163089000000 2.159204000000 0
-0.486640000000 -0.329118000000 2.624062000000 0
-0.142970000000 0.242121000000 1.894213000000 0
-0.486279000000 -0.397588000000 2.629734000000 0
-0.191159000000 0.243778000000 1.845270000000 0
-0.348691000000 -0.631052000000 2.517593000000 0
-0.112652000000 -0.621311000000 2.522749000000 0
-0.359857000000 -1.015718000000 2.610991000000 0
-0.127792000000 -1.000515000000 2.635844000000 0
-0.431550000000 -1.049402000000 2.463689000000 0
-0.194222000000 -1.041942000000 2.488049000000 0
-0.294993000000 0.524381000000 2.407818000000 0
-0.428489000000 0.218511000000 2.577001000000 0
-0.090100000000 0.242025000000 2.456421000000 0
-0.292946000000 0.279438000000 2.431862000000 0
-0.222350000000 0.097176000000 2.594437000000 0
-0.447274000000 -0.116969000000 2.553067000000 0
-0.042006000000 -0.114957000000 2.421838000000 0
-0.207686000000 -0.103394000000 2.601767000000 0
-0.471410000000 -0.045505000000 2.621384000000 0
-0.024213000000 0.108085000000 2.230068000000 0
-0.500618000000 -0.328168000000 2.580544000000 0
-0.141476000000 0.143855000000 1.970473000000 0
-0.482693000000 -0.394493000000 2.580906000000 0
-0.166795000000 0.166045000000 1.910582000000 0
-0.349696000000 -0.620564000000 2.517013000000 0
-0.114977000000 -0.614802000000 2.519823000000 0
-0.360235000000 -1.002993000000 2.619252000000 0
-0.134203000000 -0.990899000000 2.642287000000 0
-0.410177000000 -1.042933000000 2.464710000000 0
-0.174370000000 -1.039307000000 2.487316000000 0
-0.292705000000 0.524766000000 2.416868000000 0
-0.433686000000 0.218363000000 2.577268000000 0
-0.095605000000 0.240981000000 2.455656000000 0
-0.298623000000 0.277293000000 2.430863000000 0
-0.227104000000 0.098033000000 2.596345000000 0
-0.449953000000 -0.116932000000 2.555272000000 0
-0.047284000000 -0.113668000000 2.416297000000 0
-0.209493000000 -0.103238000000 2.599429000000 0
-0.485719000000 -0.046772000000 2.592553000000 0
-0.002912000000 0.013085000000 2.342922000000 0
-0.515354000000 -0.322400000000 2.520039000000 0
-0.110242000000 -0.036086000000 2.081828000000 0
-0.503059000000 -0.384236000000 2.547343000000 0
-0.159614000000 -0.075288000000 2.054514000000 0
-0.349705000000 -0.620263000000 2.511352000000 0
-0.117060000000 -0.613107000000 2.520037000000 0
-0.363829000000 -1.004424000000 2.606412000000 0
-0.123725000000 -0.994225000000 2.627370000000 0
-0.415711000000 -1.040816000000 2.451633000000 0
-0.170677000000 -1.036979000000 2.472644000000 0
-0.283446000000 0.526470000000 2.419270000000 0
-0.437192000000 0.217686000000 2.563297000000 0
-0.090501000000 0.239583000000 2.468820000000 0
-0.290967000000 0.274669000000 2.427206000000 0
-0.232496000000 0.098513000000 2.600942000000 0
-0.446126000000 -0.112195000000 2.540041000000 0
-0.034614000000 -0.118256000000 2.430095000000 0
-0.209167000000 -0.104375000000 2.601258000000 0
-0.485925000000 -0.047759000000 2.577948000000 0
-0.003283000000 -0.012302000000 2.424125000000 0
-0.522080000000 -0.314961000000 2.482064000000 0
-0.076499000000 -0.162590000000 2.191852000000 0
-0.512060000000 -0.382218000000 2.472240000000 0
-0.096854000000 -0.225618000000 2.173588000000 0
-0.351090000000 -0.618108000000 2.507320000000 0
-0.119027000000 -0.617193000000 2.515750000000 0
-0.357107000000 -0.996475000000 2.624018000000 0
-0.134037000000 -0.993422000000 2.638398000000 0
-0.399448000000 -1.043547000000 2.469215000000 0
-0.167681000000 -1.042985000000 2.482244000000 0
-0.277526000000 0.522511000000 2.411719000000 0
-0.438764000000 0.223736000000 2.555049000000 0
-0.087888000000 0.236851000000 2.475590000000 0
-0.285441000000 0.276820000000 2.425344000000 0
-0.238906000000 0.099593000000 2.601579000000 0
-0.443447000000 -0.112410000000 2.533854000000 0
-0.028857000000 -0.122918000000 2.436532000000 0
-0.208397000000 -0.106796000000 2.602253000000 0
-0.487728000000 -0.041769000000 2.568478000000 0
0.009614000000 -0.014171000000 2.452100000000 0
-0.522159000000 -0.288764000000 2.428023000000 0
-0.036516000000 -0.249945000000 2.296528000000 0
-0.516611000000 -0.348496000000 2.461515000000 0
-0.021893000000 -0.315213000000 2.312235000000 0
-0.354735000000 -0.619083000000 2.501265000000 0
-0.117729000000 -0.620800000000 2.518230000000 0
-0.363414000000 -1.000125000000 2.608723000000 0
-0.130231000000 -0.998583000000 2.636297000000 0
-0.402745000000 -1.043417000000 2.452034000000 0
-0.160572000000 -1.046730000000 2.479027000000 0
-0.274795000000 0.520006000000 2.398256000000 0
-0.434854000000 0.230576000000 2.543864000000 0
-0.079060000000 0.234800000000 2.489155000000 0
-0.271522000000 0.280071000000 2.425448000000 0
-0.242004000000 0.101113000000 2.603594000000 0
-0.449658000000 -0.111867000000 2.528097000000 0
-0.030055000000 -0.126291000000 2.456038000000 0
-0.219153000000 -0.109344000000 2.610676000000 0
-0.496815000000 -0.034581000000 2.542997000000 0
0.014415000000 -0.020647000000 2.501694000000 0
-0.514696000000 -0.293636000000 2.417703000000 0
0.010788000000 -0.295581000000 2.414940000000 0
-0.510782000000 -0.354253000000 2.385597000000 0
0.003901000000 -0.363617000000 2.421583000000 0
-0.355327000000 -0.620014000000 2.498859000000 0
-0.117022000000 -0.623655000000 2.519608000000 0
-0.361977000000 -1.000418000000 2.608697000000 0
-0.125036000000 -1.004201000000 2.628860000000 0
-0.391404000000 -1.045616000000 2.450381000000 0
-0.145495000000 -1.049608000000 2.469197000000 0
-0.270795000000 0.518514000000 2.393489000000 0
-0.432927000000 0.226227000000 2.532513000000 0
-0.074479000000 0.231662000000 2.499572000000 0
-0.262890000000 0.275186000000 2.423702000000 0
-0.243509000000 0.098473000000 2.605445000000 0
-0.450135000000 -0.117911000000 2.512122000000 0
-0.026014000000 -0.120556000000 2.472355000000 0
-0.226775000000 -0.109493000000 2.612108000000 0
-0.496002000000 -0.039555000000 2.529342000000 0
0.013170000000 -0.026848000000 2.510471000000 0
-0.510011000000 -0.299776000000 2.403821000000 0
0.024487000000 -0.307351000000 2.440778000000 0
-0.518290000000 -0.363261000000 2.378891000000 0
0.028633000000 -0.372029000000 2.463581000000 0
-0.353986000000 -0.622771000000 2.499380000000 0
-0.114143000000 -0.622326000000 2.517383000000 0
-0.360843000000 -1.002127000000 2.612772000000 0
-0.128001000000 -1.000908000000 2.632705000000 0
-0.380110000000 -1.049386000000 2.453498000000 0
-0.134083000000 -1.049408000000 2.472757000000 0
-0.260489000000 0.519598000000 2.397816000000 0
