-0.339082000000 0.355216000000 2.788695000000 0
0.049165000000 0.364759000000 2.618551000000 0
-0.190444000000 0.439808000000 2.604306000000 0
-0.112107000000 0.231512000000 2.771379000000 0
-0.326897000000 0.054502000000 2.710139000000 0
-0.012610000000 0.059465000000 2.567928000000 0
-0.115809000000 0.039332000000 2.757634000000 0
-0.390249000000 0.079414000000 2.717368000000 0
0.083479000000 0.078964000000 2.648817000000 0
-0.395030000000 -0.229008000000 2.651456000000 0
0.065734000000 -0.235906000000 2.643030000000 0
-0.376070000000 -0.307183000000 2.669529000000 0
0.030218000000 -0.310259000000 2.640268000000 0
-0.284658000000 -0.529718000000 2.711510000000 0
-0.041541000000 -0.521877000000 2.672453000000 0
-0.289678000000 -0.983600000000 2.772579000000 0
-0.038806000000 -0.968678000000 2.773078000000 0
-0.381403000000 -1.008993000000 2.576313000000 0
-0.121411000000 -1.013513000000 2.576242000000 0
-0.157992000000 0.663885000000 2.586544000000 0
-0.340377000000 0.353016000000 2.790781000000 0
0.045897000000 0.365062000000 2.616359000000 0
-0.194184000000 0.439112000000 2.605139000000 0
-0.113071000000 0.230400000000 2.770358000000 0
-0.327930000000 0.054551000000 2.705120000000 0
-0.009859000000 0.059134000000 2.571573000000 0
-0.118288000000 0.038018000000 2.758231000000 0
-0.388089000000 0.077556000000 2.718663000000 0
0.081876000000 0.078903000000 2.629560000000 0
-0.398663000000 -0.231144000000 2.658759000000 0
0.065883000000 -0.235136000000 2.640499000000 0
-0.367147000000 -0.307138000000 2.664154000000 0
0.031689000000 -0.310152000000 2.639573000000 0
-0.282277000000 -0.529370000000 2.711556000000 0
-0.040237000000 -0.522386000000 2.669849000000 0
-0.301306000000 -0.982517000000 2.775277000000 0
-0.041870000000 -0.968765000000 2.772354000000 0
-0.386134000000 -1.007002000000 2.575819000000 0
-0.118094000000 -1.014241000000 2.573104000000 0
-0.153675000000 0.665209000000 2.593063000000 0
-0.336092000000 0.349713000000 2.797637000000 0
0.047920000000 0.362645000000 2.618350000000 0
-0.192033000000 0.437603000000 2.611169000000 0
-0.109487000000 0.226622000000 2.772754000000 0
-0.324352000000 0.051345000000 2.708619000000 0
-0.007132000000 0.055305000000 2.573043000000 0
-0.114538000000 0.031819000000 2.760009000000 0
-0.386689000000 0.076966000000 2.718720000000 0
0.082173000000 0.076333000000 2.623920000000 0
-0.401119000000 -0.232215000000 2.664085000000 0
0.065025000000 -0.237284000000 2.635597000000 0
-0.366945000000 -0.306862000000 2.671666000000 0
0.034432000000 -0.313811000000 2.637869000000 0
-0.282161000000 -0.531557000000 2.716323000000 0
-0.043052000000 -0.525020000000 2.676712000000 0
-0.287895000000 -0.986225000000 2.771167000000 0
-0.043581000000 -0.972561000000 2.774027000000 0
-0.374885000000 -1.009098000000 2.572451000000 0
-0.122940000000 -1.015643000000 2.575471000000 0
-0.149706000000 0.661420000000 2.601818000000 0
-0.335564000000 0.351180000000 2.800021000000 0
0.046701000000 0.362097000000 2.616908000000 0
-0.193548000000 0.436186000000 2.610671000000 0
-0.108810000000 0.228356000000 2.775179000000 0
-0.326434000000 0.052496000000 2.704203000000 0
-0.006114000000 0.057835000000 2.576174000000 0
-0.117874000000 0.032617000000 2.760341000000 0
-0.386072000000 0.078491000000 2.720249000000 0
0.075639000000 0.074980000000 2.616991000000 0
-0.402477000000 -0.231256000000 2.668422000000 0
0.061665000000 -0.238273000000 2.592989000000 0
-0.363178000000 -0.303316000000 2.660651000000 0
0.037571000000 -0.310323000000 2.625016000000 0
-0.281600000000 -0.528895000000 2.719331000000 0
-0.044522000000 -0.523528000000 2.673522000000 0
-0.300082000000 -0.983809000000 2.769089000000 0
-0.045735000000 -0.971112000000 2.770636000000 0
-0.380655000000 -1.002611000000 2.567265000000 0
-0.120163000000 -1.014394000000 2.570222000000 0
-0.154100000000 0.665566000000 2.600191000000 0
-0.333847000000 0.351208000000 2.797533000000 0
0.048796000000 0.361110000000 2.615154000000 0
-0.192764000000 0.430343000000 2.604969000000 0
-0.104767000000 0.231662000000 2.778805000000 0
-0.322077000000 0.049716000000 2.716746000000 0
-0.009316000000 0.057684000000 2.571342000000 0
-0.110653000000 0.030474000000 2.761170000000 0
-0.385363000000 0.076936000000 2.725726000000 0
0.070608000000 0.074293000000 2.597972000000 0
-0.403412000000 -0.232498000000 2.675318000000 0
0.042423000000 -0.231411000000 2.531889000000 0
-0.362578000000 -0.303540000000 2.666203000000 0
0.017126000000 -0.309242000000 2.541880000000 0
-0.280940000000 -0.532286000000 2.715414000000 0
-0.042979000000 -0.522704000000 2.679549000000 0
-0.300642000000 -0.986800000000 2.768261000000 0
-0.046959000000 -0.970697000000 2.774688000000 0
-0.392668000000 -1.005700000000 2.571404000000 0
-0.131945000000 -1.011705000000 2.578030000000 0
-0.159435000000 0.666798000000 2.600688000000 0
-0.331842000000 0.354258000000 2.813610000000 0
0.043985000000 0.365660000000 2.617652000000 0
-0.197458000000 0.436037000000 2.617393000000 0
-0.104152000000 0.234111000000 2.784596000000 0
-0.316247000000 0.048092000000 2.724738000000 0
-0.011414000000 0.060264000000 2.563638000000 0
-0.102685000000 0.030082000000 2.758067000000 0
-0.387529000000 0.084017000000 2.729067000000 0
0.099974000000 0.102331000000 2.513721000000 0
-0.403556000000 -0.225480000000 2.675591000000 0
-0.038693000000 -0.128300000000 2.350978000000 0
-0.370246000000 -0.300793000000 2.671605000000 0
-0.091994000000 -0.178012000000 2.312440000000 0
-0.280531000000 -0.532604000000 2.714132000000 0
-0.041031000000 -0.518707000000 2.686027000000 0
-0.297029000000 -0.987271000000 2.766757000000 0
-0.047361000000 -0.967722000000 2.776079000000 0
-0.399624000000 -1.005725000000 2.575153000000 0
-0.141993000000 -1.005084000000 2.583135000000 0
-0.159099000000 0.664292000000 2.616585000000 0
-0.332653000000 0.351145000000 2.805798000000 0
0.053401000000 0.372796000000 2.631817000000 0
-0.188966000000 0.438660000000 2.618867000000 0
-0.101379000000 0.235756000000 2.787969000000 0
-0.313443000000 0.042637000000 2.716281000000 0
0.000053000000 0.075324000000 2.576005000000 0
-0.101816000000 0.029036000000 2.761812000000 0
-0.386187000000 0.081038000000 2.726827000000 0
0.095032000000 0.147027000000 2.460483000000 0
-0.403888000000 -0.225834000000 2.672295000000 0
-0.118833000000 0.021978000000 2.270531000000 0
-0.369400000000 -0.299311000000 2.657832000000 0
-0.175349000000 -0.011067000000 2.220417000000 0
-0.278471000000 -0.527478000000 2.713286000000 0
-0.040585000000 -0.509838000000 2.684007000000 0
-0.306234000000 -0.980744000000 2.772810000000 0
-0.041351000000 -0.958426000000 2.776376000000 0
-0.394273000000 -1.001418000000 2.574315000000 0
-0.124201000000 -0.998984000000 2.578716000000 0
-0.157604000000 0.667666000000 2.610969000000 0
-0.329595000000 0.346434000000 2.820246000000 0
0.052698000000 0.377741000000 2.639558000000 0
-0.189930000000 0.443771000000 2.635132000000 0
-0.098675000000 0.232523000000 2.791605000000 0
-0.293612000000 0.060276000000 2.719895000000 0
0.010150000000 0.069357000000 2.556583000000 0
-0.080210000000 0.037313000000 2.751139000000 0
-0.384326000000 0.082441000000 2.725705000000 0
0.076218000000 0.186115000000 2.428960000000 0
-0.404493000000 -0.223033000000 2.668958000000 0
-0.165460000000 0.180628000000 2.232738000000 0
-0.370237000000 -0.298005000000 2.667190000000 0
-0.234883000000 0.194661000000 2.190537000000 0
-0.277664000000 -0.518393000000 2.707773000000 0
-0.036073000000 -0.507879000000 2.686446000000 0
-0.309938000000 -0.970954000000 2.770308000000 0
-0.040925000000 -0.958076000000 2.770491000000 0
-0.414708000000 -0.989790000000 2.579921000000 0
-0.139294000000 -0.992778000000 2.578924000000 0
-0.154125000000 0.665202000000 2.617723000000 0
-0.338885000000 0.367920000000 2.767780000000 0
0.071081000000 0.381949000000 2.660510000000 0
-0.165622000000 0.443450000000 2.601880000000 0
-0.107854000000 0.254634000000 2.797962000000 0
-0.302994000000 0.076492000000 2.668391000000 0
0.028405000000 0.086960000000 2.573049000000 0
-0.100740000000 0.068077000000 2.746279000000 0
-0.386972000000 0.083745000000 2.740640000000 0
0.035385000000 0.269830000000 2.396011000000 0
-0.395872000000 -0.223839000000 2.671054000000 0
-0.213896000000 0.351745000000 2.220859000000 0
-0.369945000000 -0.291681000000 2.632031000000 0
-0.286670000000 0.379302000000 2.193621000000 0
-0.277255000000 -0.498786000000 2.711385000000 0
-0.036312000000 -0.498853000000 2.676209000000 0
-0.309670000000 -0.952273000000 2.766725000000 0
-0.060375000000 -0.954257000000 2.718536000000 0
-0.369636000000 -0.973449000000 2.558076000000 0
-0.116419000000 -0.970828000000 2.508386000000 0
-0.172347000000 0.683994000000 2.618508000000 0
-0.334755000000 0.375092000000 2.771448000000 0
0.064292000000 0.372316000000 2.628167000000 0
-0.174116000000 0.442785000000 2.590173000000 0
-0.106530000000 0.252943000000 2.782082000000 0
-0.307401000000 0.081717000000 2.680515000000 0
0.019897000000 0.084309000000 2.571454000000 0
-0.102367000000 0.067481000000 2.749814000000 0
-0.381951000000 0.090144000000 2.739220000000 0
0.001533000000 0.295112000000 2.355107000000 0
-0.400869000000 -0.219223000000 2.674077000000 0
-0.249113000000 0.429474000000 2.215704000000 0
-0.381017000000 -0.279152000000 2.621050000000 0
-0.327334000000 0.451220000000 2.201349000000 0
-0.274720000000 -0.499094000000 2.710604000000 0
-0.042735000000 -0.498324000000 2.679233000000 0
-0.297007000000 -0.953362000000 2.764533000000 0
-0.049077000000 -0.952313000000 2.739383000000 0
-0.366697000000 -0.974354000000 2.558909000000 0
-0.115704000000 -0.978678000000 2.533363000000 0
-0.165719000000 0.686665000000 2.616802000000 0
-0.337766000000 0.317436000000 2.800117000000 0
0.039765000000 0.372253000000 2.615072000000 0
-0.206882000000 0.421290000000 2.612150000000 0
-0.099789000000 0.219313000000 2.770811000000 0
-0.296872000000 0.039385000000 2.699253000000 0
0.011609000000 0.063925000000 2.546734000000 0
-0.083781000000 0.036622000000 2.739605000000 0
-0.385644000000 0.040721000000 2.736595000000 0
-0.014022000000 0.324354000000 2.336305000000 0
-0.393925000000 -0.263582000000 2.660535000000 0
-0.275373000000 0.455354000000 2.222339000000 0
-0.373401000000 -0.333082000000 2.621217000000 0
-0.355137000000 0.475942000000 2.218976000000 0
-0.283648000000 -0.529874000000 2.721789000000 0
-0.039329000000 -0.519439000000 2.689174000000 0
-0.287933000000 -0.985897000000 2.764076000000 0
-0.092221000000 -0.971930000000 2.736273000000 0
-0.390159000000 -1.002736000000 2.572126000000 0
-0.183698000000 -0.981822000000 2.538503000000 0
-0.156303000000 0.667935000000 2.625631000000 0
-0.334285000000 0.352711000000 2.788032000000 0
0.039594000000 0.366024000000 2.588499000000 0
-0.207089000000 0.414215000000 2.579978000000 0
-0.096861000000 0.249783000000 2.775550000000 0
-0.300709000000 0.034958000000 2.710871000000 0
0.002404000000 0.064136000000 2.548709000000 0
-0.086360000000 0.029954000000 2.743636000000 0
-0.383777000000 0.071285000000 2.757590000000 0
-0.010979000000 0.315077000000 2.310248000000 0
-0.390156000000 -0.234171000000 2.688834000000 0
-0.289789000000 0.438144000000 2.238198000000 0
-0.372312000000 -0.298280000000 2.640162000000 0
-0.369989000000 0.425488000000 2.223872000000 0
-0.286233000000 -0.533291000000 2.723489000000 0
-0.041134000000 -0.521681000000 2.678932000000 0
-0.297898000000 -0.989489000000 2.762368000000 0
-0.053651000000 -0.976361000000 2.732531000000 0
-0.404340000000 -1.002953000000 2.572454000000 0
-0.154888000000 -0.996229000000 2.540346000000 0
-0.175209000000 0.672351000000 2.622963000000 0
-0.306359000000 0.379332000000 2.770620000000 0
0.056656000000 0.370544000000 2.552563000000 0
-0.191330000000 0.409964000000 2.549084000000 0
-0.066297000000 0.282265000000 2.762383000000 0
-0.289957000000 0.049642000000 2.722933000000 0
0.002420000000 0.072256000000 2.541194000000 0
-0.074199000000 0.036710000000 2.740968000000 0
-0.383336000000 0.103022000000 2.776245000000 0
-0.022937000000 0.301786000000 2.285652000000 0
-0.394166000000 -0.201691000000 2.707102000000 0
-0.317819000000 0.387261000000 2.226604000000 0
-0.382352000000 -0.279160000000 2.681482000000 0
-0.400166000000 0.391298000000 2.226266000000 0
-0.278776000000 -0.522665000000 2.717707000000 0
-0.042744000000 -0.511430000000 2.672225000000 0
-0.290105000000 -0.978865000000 2.756663000000 0
-0.040332000000 -0.964973000000 2.735922000000 0
-0.408914000000 -0.991498000000 2.574171000000 0
-0.154102000000 -0.991449000000 2.551710000000 0
-0.184828000000 0.681865000000 2.635362000000 0
-0.312286000000 0.362693000000 2.760938000000 0
0.064449000000 0.364474000000 2.566485000000 0
-0.183707000000 0.400739000000 2.548175000000 0
-0.070788000000 0.269014000000 2.765741000000 0
-0.288627000000 0.050075000000 2.706551000000 0
0.014886000000 0.057779000000 2.542705000000 0
-0.074698000000 0.034853000000 2.738901000000 0
-0.381769000000 0.084812000000 2.778784000000 0
0.003418000000 0.294251000000 2.294993000000 0
-0.391679000000 -0.220275000000 2.710648000000 0
-0.285900000000 0.343445000000 2.186853000000 0
-0.377117000000 -0.301153000000 2.704003000000 0
-0.364178000000 0.338528000000 2.212263000000 0
-0.274188000000 -0.527427000000 2.716936000000 0
-0.043779000000 -0.523797000000 2.673904000000 0
-0.304083000000 -0.982391000000 2.760281000000 0
-0.044044000000 -0.974960000000 2.752742000000 0
-0.408816000000 -0.993706000000 2.569280000000 0
-0.145396000000 -1.008150000000 2.562467000000 0
-0.200973000000 0.670039000000 2.636739000000 0
-0.299853000000 0.365551000000 2.763217000000 0
0.074850000000 0.372352000000 2.564908000000 0
-0.172918000000 0.413306000000 2.551428000000 0
-0.059816000000 0.268120000000 2.760153000000 0
-0.276575000000 0.055317000000 2.712906000000 0
0.024314000000 0.045951000000 2.544373000000 0
-0.062935000000 0.032355000000 2.742481000000 0
-0.383121000000 0.092354000000 2.787289000000 0
0.052238000000 0.320047000000 2.284012000000 0
-0.396111000000 -0.212540000000 2.720694000000 0
-0.197094000000 0.360560000000 2.100284000000 0
-0.379185000000 -0.293098000000 2.716084000000 0
-0.274114000000 0.336540000000 2.083300000000 0
-0.281498000000 -0.526939000000 2.714926000000 0
-0.042934000000 -0.530051000000 2.684761000000 0
-0.300100000000 -0.982672000000 2.756463000000 0
-0.058731000000 -0.982628000000 2.753228000000 0
-0.412132000000 -0.995120000000 2.569722000000 0
-0.163407000000 -1.007676000000 2.563508000000 0
-0.176516000000 0.662298000000 2.662042000000 0
-0.288458000000 0.390608000000 2.776964000000 0
0.095268000000 0.353155000000 2.600533000000 0
-0.139205000000 0.442017000000 2.581187000000 0
-0.070547000000 0.250604000000 2.771146000000 0
-0.279692000000 0.090589000000 2.698529000000 0
0.035439000000 0.071222000000 2.559453000000 0
-0.070852000000 0.059491000000 2.748155000000 0
-0.381914000000 0.120196000000 2.789047000000 0
0.084173000000 0.347750000000 2.314437000000 0
-0.391764000000 -0.185477000000 2.726937000000 0
-0.090899000000 0.418992000000 2.066113000000 0
-0.384198000000 -0.267053000000 2.717690000000 0
-0.144265000000 0.407559000000 2.004317000000 0
-0.285791000000 -0.494232000000 2.703016000000 0
-0.046160000000 -0.505263000000 2.671324000000 0
-0.283983000000 -0.948956000000 2.757671000000 0
-0.064099000000 -0.954966000000 2.756230000000 0
-0.381938000000 -0.972597000000 2.564217000000 0
-0.151300000000 -0.988696000000 2.559159000000 0
-0.208480000000 0.641109000000 2.663715000000 0
-0.287158000000 0.356186000000 2.795741000000 0
0.093159000000 0.361064000000 2.608360000000 0
-0.142527000000 0.448740000000 2.611992000000 0
-0.068052000000 0.223394000000 2.757284000000 0
-0.284518000000 0.078051000000 2.701244000000 0
0.022352000000 0.083058000000 2.543665000000 0
-0.071905000000 0.054144000000 2.736858000000 0
-0.378745000000 0.083097000000 2.775943000000 0
0.083770000000 0.367669000000 2.319871000000 0
-0.394739000000 -0.226000000000 2.719356000000 0
0.001467000000 0.485886000000 2.040139000000 0
-0.381979000000 -0.306198000000 2.705112000000 0
-0.029204000000 0.502116000000 1.965351000000 0
-0.282813000000 -0.495807000000 2.715719000000 0
-0.037394000000 -0.493388000000 2.678091000000 0
-0.273959000000 -0.951601000000 2.759740000000 0
-0.059889000000 -0.948229000000 2.726849000000 0
-0.382664000000 -0.971871000000 2.571722000000 0
-0.155614000000 -0.964434000000 2.531522000000 0
-0.219823000000 0.641009000000 2.655718000000 0
-0.287347000000 0.355347000000 2.811999000000 0
0.062635000000 0.363293000000 2.575617000000 0
-0.171463000000 0.445385000000 2.607763000000 0
-0.071773000000 0.226686000000 2.748011000000 0
-0.276836000000 0.058948000000 2.722058000000 0
0.011235000000 0.055493000000 2.532247000000 0
-0.062145000000 0.030883000000 2.734864000000 0
-0.379286000000 0.083864000000 2.783475000000 0
0.102874000000 0.426345000000 2.297453000000 0
-0.396263000000 -0.222505000000 2.717233000000 0
0.106986000000 0.588005000000 2.028404000000 0
-0.388004000000 -0.298460000000 2.686248000000 0
0.102002000000 0.616188000000 1.951085000000 0
-0.282536000000 -0.518341000000 2.728593000000 0
-0.045593000000 -0.515425000000 2.689907000000 0
-0.287546000000 -0.975243000000 2.759889000000 0
-0.045946000000 -0.970705000000 2.739748000000 0
-0.414309000000 -0.985990000000 2.582706000000 0
-0.165054000000 -0.990499000000 2.558089000000 0
-0.217937000000 0.655592000000 2.621059000000 0
-0.289891000000 0.355966000000 2.811362000000 0
0.048869000000 0.362167000000 2.563489000000 0
-0.185041000000 0.437050000000 2.597634000000 0
-0.071579000000 0.231908000000 2.747566000000 0
-0.268719000000 0.055523000000 2.731401000000 0
0.003352000000 0.053884000000 2.519269000000 0
-0.053318000000 0.030435000000 2.727314000000 0
-0.377221000000 0.085029000000 2.770022000000 0
0.117131000000 0.455796000000 2.300209000000 0
-0.393205000000 -0.222895000000 2.713491000000 0
0.145554000000 0.620042000000 2.034721000000 0
-0.387307000000 -0.302461000000 2.692709000000 0
0.155034000000 0.650166000000 1.958563000000 0
-0.286267000000 -0.521332000000 2.728174000000 0
-0.044325000000 -0.517948000000 2.684696000000 0
-0.280211000000 -0.978333000000 2.757792000000 0
-0.045392000000 -0.972576000000 2.740160000000 0
-0.424598000000 -0.990812000000 2.594774000000 0
-0.178845000000 -0.993162000000 2.568856000000 0
-0.179035000000 0.682728000000 2.632397000000 0
-0.296615000000 0.356255000000 2.809172000000 0
0.044346000000 0.360650000000 2.565886000000 0
-0.190586000000 0.432158000000 2.594127000000 0
-0.075229000000 0.234332000000 2.752223000000 0
-0.267708000000 0.053374000000 2.735539000000 0
-0.000906000000 0.055669000000 2.516823000000 0
-0.052262000000 0.030220000000 2.726010000000 0
-0.380250000000 0.083803000000 2.769771000000 0
0.123198000000 0.463578000000 2.309050000000 0
-0.396662000000 -0.223762000000 2.711093000000 0
0.161507000000 0.636492000000 2.050318000000 0
-0.386073000000 -0.301702000000 2.686383000000 0
0.172677000000 0.671435000000 1.976483000000 0
-0.285133000000 -0.523021000000 2.726619000000 0
-0.044888000000 -0.516413000000 2.686367000000 0
-0.284491000000 -0.980465000000 2.749165000000 0
-0.045009000000 -0.971232000000 2.740256000000 0
-0.431955000000 -0.988584000000 2.588644000000 0
-0.183396000000 -0.991033000000 2.572819000000 0
-0.172923000000 0.690090000000 2.632326000000 0
-0.299134000000 0.358234000000 2.809098000000 0
0.045711000000 0.357935000000 2.571395000000 0
-0.187497000000 0.435528000000 2.597413000000 0
-0.080379000000 0.231241000000 2.753070000000 0
-0.271898000000 0.063051000000 2.724424000000 0
0.010444000000 0.056800000000 2.526260000000 0
-0.057375000000 0.031690000000 2.730745000000 0
-0.372749000000 0.083564000000 2.747639000000 0
0.126520000000 0.469768000000 2.315264000000 0
-0.398814000000 -0.229073000000 2.701807000000 0
0.168691000000 0.640985000000 2.051771000000 0
-0.376132000000 -0.300671000000 2.667797000000 0
0.185687000000 0.673929000000 1.978128000000 0
-0.286915000000 -0.514140000000 2.725966000000 0
-0.043652000000 -0.512859000000 2.684528000000 0
-0.285560000000 -0.971285000000 2.753917000000 0
-0.040951000000 -0.963089000000 2.768489000000 0
-0.420023000000 -0.982163000000 2.582511000000 0
-0.164148000000 -0.996802000000 2.591671000000 0
-0.162972000000 0.691027000000 2.658103000000 0
-0.301106000000 0.357825000000 2.807281000000 0
0.044400000000 0.353905000000 2.571831000000 0
-0.188007000000 0.432749000000 2.595520000000 0
-0.082627000000 0.229376000000 2.753543000000 0
-0.277138000000 0.072144000000 2.715274000000 0
0.015078000000 0.061542000000 2.532182000000 0
-0.063902000000 0.036458000000 2.732624000000 0
-0.382972000000 0.082530000000 2.752751000000 0
0.124055000000 0.469305000000 2.315315000000 0
-0.395381000000 -0.230893000000 2.696970000000 0
0.164831000000 0.641822000000 2.050599000000 0
-0.380350000000 -0.300178000000 2.654886000000 0
0.181491000000 0.672541000000 1.975925000000 0
-0.286997000000 -0.506508000000 2.719273000000 0
-0.041519000000 -0.507522000000 2.678578000000 0
-0.283536000000 -0.964350000000 2.730803000000 0
-0.042846000000 -0.956018000000 2.771388000000 0
-0.408950000000 -0.969790000000 2.552421000000 0
-0.156123000000 -0.993470000000 2.588783000000 0
-0.170512000000 0.690978000000 2.656704000000 0
-0.299576000000 0.355406000000 2.805409000000 0
0.045479000000 0.354717000000 2.569175000000 0
-0.188158000000 0.430045000000 2.592659000000 0
-0.079175000000 0.229961000000 2.752428000000 0
-0.267717000000 0.064534000000 2.726080000000 0
0.010909000000 0.052754000000 2.522970000000 0
-0.053526000000 0.030500000000 2.728875000000 0
-0.376163000000 0.080025000000 2.743443000000 0
0.124595000000 0.467751000000 2.311291000000 0
-0.402701000000 -0.234029000000 2.695943000000 0
0.163734000000 0.639460000000 2.045632000000 0
-0.387978000000 -0.309805000000 2.666984000000 0
0.178420000000 0.676775000000 1.973595000000 0
-0.284675000000 -0.516192000000 2.718096000000 0
-0.041984000000 -0.514400000000 2.686415000000 0
-0.292290000000 -0.973114000000 2.748561000000 0
-0.043913000000 -0.964479000000 2.771205000000 0
-0.427793000000 -0.982236000000 2.577873000000 0
-0.170314000000 -0.996866000000 2.596413000000 0
-0.169576000000 0.690246000000 2.650810000000 0
-0.299331000000 0.352613000000 2.804095000000 0
0.048314000000 0.358319000000 2.569777000000 0
-0.186127000000 0.433718000000 2.594678000000 0
-0.079008000000 0.228121000000 2.748601000000 0
-0.278254000000 0.056719000000 2.714808000000 0
0.016396000000 0.057135000000 2.535347000000 0
-0.063982000000 0.029763000000 2.734931000000 0
-0.380343000000 0.075675000000 2.747709000000 0
0.122844000000 0.463592000000 2.305580000000 0
-0.398092000000 -0.239130000000 2.690800000000 0
0.161151000000 0.634605000000 2.037358000000 0
-0.396967000000 -0.317984000000 2.666753000000 0
0.168754000000 0.675543000000 1.966198000000 0
-0.282423000000 -0.518751000000 2.723155000000 0
-0.042874000000 -0.516667000000 2.681629000000 0
-0.294104000000 -0.975539000000 2.754336000000 0
-0.039903000000 -0.966277000000 2.768844000000 0
-0.413186000000 -0.984952000000 2.571827000000 0
-0.150992000000 -1.002731000000 2.584700000000 0
-0.159536000000 0.689819000000 2.636771000000 0
-0.301011000000 0.359384000000 2.793371000000 0
0.055768000000 0.360067000000 2.572474000000 0
-0.180404000000 0.433971000000 2.585673000000 0
-0.077627000000 0.235170000000 2.751057000000 0
-0.281138000000 0.056210000000 2.710119000000 0
0.017256000000 0.057206000000 2.536956000000 0
-0.067309000000 0.029478000000 2.734753000000 0
-0.384820000000 0.078023000000 2.756504000000 0
0.125825000000 0.452085000000 2.300130000000 0
-0.397920000000 -0.237752000000 2.692559000000 0
0.161247000000 0.622540000000 2.028718000000 0
-0.391444000000 -0.308715000000 2.651090000000 0
0.171582000000 0.656896000000 1.954486000000 0
-0.286274000000 -0.518350000000 2.721062000000 0
-0.044020000000 -0.516847000000 2.681100000000 0
-0.294705000000 -0.974642000000 2.759680000000 0
-0.050037000000 -0.966390000000 2.768498000000 0
-0.410631000000 -0.988096000000 2.575402000000 0
-0.156681000000 -1.001327000000 2.581456000000 0
-0.176992000000 0.693839000000 2.639974000000 0
-0.287184000000 0.360809000000 2.787358000000 0
0.074309000000 0.356059000000 2.571250000000 0
-0.161028000000 0.436875000000 2.583529000000 0
-0.067032000000 0.230873000000 2.745285000000 0
-0.280423000000 0.055719000000 2.710211000000 0
0.016086000000 0.052270000000 2.533873000000 0
-0.066754000000 0.025905000000 2.732584000000 0
-0.382668000000 0.082117000000 2.752349000000 0
0.133058000000 0.426065000000 2.289010000000 0
-0.403164000000 -0.235521000000 2.695675000000 0
0.156427000000 0.595059000000 2.014381000000 0
-0.384998000000 -0.314838000000 2.682400000000 0
0.148305000000 0.648730000000 1.952326000000 0
-0.287081000000 -0.519333000000 2.724828000000 0
-0.044998000000 -0.518080000000 2.686637000000 0
-0.280407000000 -0.976216000000 2.756087000000 0
-0.047445000000 -0.970595000000 2.757265000000 0
-0.401675000000 -0.990355000000 2.575331000000 0
-0.156914000000 -0.999111000000 2.570766000000 0
-0.167095000000 0.687162000000 2.640913000000 0
-0.291168000000 0.353991000000 2.747817000000 0
0.105721000000 0.350906000000 2.598667000000 0
-0.133244000000 0.421204000000 2.563996000000 0
-0.062775000000 0.231931000000 2.755430000000 0
-0.272640000000 0.072841000000 2.677972000000 0
0.045996000000 0.026412000000 2.554114000000 0
-0.069008000000 0.028403000000 2.738000000000 0
-0.389548000000 0.073627000000 2.753371000000 0
0.147712000000 0.289911000000 2.310866000000 0
-0.399916000000 -0.244872000000 2.695615000000 0
0.133731000000 0.477033000000 2.046907000000 0
-0.380827000000 -0.324620000000 2.687057000000 0
0.124477000000 0.504303000000 1.969654000000 0
-0.285980000000 -0.513116000000 2.724347000000 0
-0.048012000000 -0.535458000000 2.690013000000 0
-0.292821000000 -0.969973000000 2.755951000000 0
-0.050916000000 -0.987623000000 2.762831000000 0
-0.381940000000 -0.982384000000 2.557250000000 0
-0.134556000000 -1.019129000000 2.563858000000 0
-0.166442000000 0.685295000000 2.641786000000 0
-0.290747000000 0.354591000000 2.743495000000 0
0.112165000000 0.340137000000 2.612238000000 0
-0.123759000000 0.413199000000 2.564811000000 0
-0.065123000000 0.229098000000 2.765075000000 0
-0.275788000000 0.070852000000 2.671934000000 0
0.047401000000 0.017060000000 2.563858000000 0
-0.076166000000 0.023064000000 2.742013000000 0
-0.391567000000 0.075573000000 2.748780000000 0
0.139680000000 0.203178000000 2.350458000000 0
-0.396007000000 -0.244236000000 2.701173000000 0
0.116851000000 0.334223000000 2.055721000000 0
-0.368308000000 -0.320225000000 2.685180000000 0
0.106510000000 0.365568000000 1.980170000000 0
-0.282958000000 -0.517844000000 2.724622000000 0
-0.046827000000 -0.543316000000 2.689810000000 0
-0.289225000000 -0.974975000000 2.752126000000 0
-0.051506000000 -0.995030000000 2.765283000000 0
-0.368304000000 -0.986103000000 2.549145000000 0
-0.126439000000 -1.028033000000 2.563109000000 0
-0.172776000000 0.677219000000 2.642285000000 0
-0.338326000000 0.311502000000 2.851914000000 0
-0.001019000000 0.392751000000 2.608196000000 0
-0.246759000000 0.427794000000 2.648592000000 0
-0.104082000000 0.227878000000 2.779412000000 0
-0.293657000000 0.043911000000 2.738413000000 0
-0.018768000000 0.067904000000 2.531325000000 0
-0.076964000000 0.034563000000 2.737590000000 0
-0.387591000000 0.041991000000 2.743390000000 0
0.102544000000 0.131939000000 2.518239000000 0
-0.394206000000 -0.276470000000 2.702476000000 0
0.095441000000 0.006413000000 2.222726000000 0
-0.371659000000 -0.354894000000 2.690693000000 0
0.136066000000 0.007285000000 2.150989000000 0
-0.283835000000 -0.529387000000 2.726055000000 0
-0.043683000000 -0.515091000000 2.671256000000 0
-0.294232000000 -0.986414000000 2.754025000000 0
-0.038791000000 -0.966304000000 2.749663000000 0
-0.429337000000 -0.993811000000 2.582939000000 0
-0.167012000000 -0.997863000000 2.576049000000 0
-0.157197000000 0.662612000000 2.626182000000 0
-0.342419000000 0.300334000000 2.851997000000 0
-0.016419000000 0.390606000000 2.596359000000 0
-0.262164000000 0.415808000000 2.643495000000 0
-0.106951000000 0.225369000000 2.774181000000 0
-0.301734000000 0.028667000000 2.743151000000 0
-0.034502000000 0.065714000000 2.528116000000 0
-0.084966000000 0.028227000000 2.735703000000 0
-0.384727000000 0.033134000000 2.734177000000 0
0.086177000000 0.115793000000 2.564437000000 0
-0.388912000000 -0.286632000000 2.700472000000 0
0.094639000000 -0.148826000000 2.381929000000 0
-0.391047000000 -0.368605000000 2.691916000000 0
0.117785000000 -0.188818000000 2.313648000000 0
-0.286238000000 -0.541293000000 2.725965000000 0
-0.042859000000 -0.518896000000 2.672537000000 0
-0.273213000000 -0.998439000000 2.750702000000 0
-0.039526000000 -0.967574000000 2.764416000000 0
-0.416771000000 -1.011388000000 2.586989000000 0
-0.173436000000 -1.003070000000 2.595933000000 0
-0.166362000000 0.661730000000 2.615060000000 0
-0.345772000000 0.297406000000 2.846918000000 0
-0.014739000000 0.384748000000 2.596790000000 0
-0.260821000000 0.412956000000 2.640328000000 0
-0.110154000000 0.219747000000 2.772263000000 0
-0.307442000000 0.020578000000 2.740287000000 0
-0.036574000000 0.061324000000 2.530536000000 0
-0.090596000000 0.024135000000 2.737279000000 0
-0.386912000000 0.024880000000 2.732648000000 0
0.071511000000 0.100077000000 2.573458000000 0
-0.387907000000 -0.299043000000 2.704399000000 0
0.074121000000 -0.222322000000 2.531304000000 0
-0.393674000000 -0.380886000000 2.696291000000 0
0.064028000000 -0.302522000000 2.515074000000 0
-0.286765000000 -0.548481000000 2.725984000000 0
-0.042785000000 -0.524642000000 2.673465000000 0
-0.281164000000 -1.005448000000 2.756228000000 0
-0.041739000000 -0.973374000000 2.765128000000 0
-0.419784000000 -1.018261000000 2.588302000000 0
-0.172677000000 -1.008582000000 2.594265000000 0
-0.168177000000 0.654629000000 2.605127000000 0
-0.342499000000 0.290739000000 2.851737000000 0
-0.017593000000 0.395572000000 2.600297000000 0
-0.262625000000 0.420044000000 2.651367000000 0
-0.108583000000 0.218963000000 2.766581000000 0
-0.306577000000 0.020022000000 2.744138000000 0
-0.040928000000 0.058888000000 2.527470000000 0
-0.089884000000 0.024622000000 2.735972000000 0
-0.384881000000 0.022744000000 2.729190000000 0
0.064263000000 0.109546000000 2.611434000000 0
-0.386764000000 -0.299147000000 2.688576000000 0
0.056712000000 -0.214479000000 2.626202000000 0
-0.385226000000 -0.381333000000 2.694939000000 0
0.037698000000 -0.294298000000 2.634253000000 0
-0.286778000000 -0.551476000000 2.719637000000 0
-0.038776000000 -0.525263000000 2.676283000000 0
-0.276276000000 -1.006507000000 2.770632000000 0
-0.042223000000 -0.974152000000 2.767118000000 0
-0.419574000000 -1.028085000000 2.607603000000 0
-0.175783000000 -1.007370000000 2.597893000000 0
-0.169222000000 0.640007000000 2.583537000000 0
-0.346106000000 0.312887000000 2.860696000000 0
-0.019977000000 0.401272000000 2.604564000000 0
-0.263529000000 0.435381000000 2.657167000000 0
-0.115634000000 0.231246000000 2.775036000000 0
-0.315472000000 0.030343000000 2.748701000000 0
-0.049729000000 0.074913000000 2.533251000000 0
-0.098804000000 0.036653000000 2.741029000000 0
-0.388753000000 0.053669000000 2.721163000000 0
0.065160000000 0.116817000000 2.622416000000 0
-0.397569000000 -0.268170000000 2.683395000000 0
0.063891000000 -0.207197000000 2.632305000000 0
-0.366340000000 -0.342287000000 2.701528000000 0
0.041727000000 -0.286590000000 2.630562000000 0
-0.285094000000 -0.540984000000 2.716709000000 0
-0.036796000000 -0.510833000000 2.669850000000 0
-0.286317000000 -0.995610000000 2.772188000000 0
-0.045960000000 -0.956712000000 2.774118000000 0
-0.426324000000 -1.015499000000 2.606113000000 0
-0.173448000000 -0.994525000000 2.601214000000 0
-0.163391000000 0.640810000000 2.571048000000 0
-0.351127000000 0.323031000000 2.860553000000 0
-0.023574000000 0.406098000000 2.604458000000 0
-0.267008000000 0.442653000000 2.655949000000 0
-0.121043000000 0.238688000000 2.776486000000 0
-0.317654000000 0.040525000000 2.751192000000 0
-0.054865000000 0.088461000000 2.532860000000 0
-0.101091000000 0.045881000000 2.740452000000 0
-0.392309000000 0.066458000000 2.717109000000 0
0.064096000000 0.123269000000 2.625037000000 0
-0.405626000000 -0.255257000000 2.686195000000 0
0.060014000000 -0.200173000000 2.626335000000 0
-0.358475000000 -0.322833000000 2.688942000000 0
0.041145000000 -0.280064000000 2.634007000000 0
-0.284604000000 -0.530060000000 2.713151000000 0
-0.039993000000 -0.497273000000 2.667665000000 0
-0.300422000000 -0.983324000000 2.776909000000 0
-0.009057000000 -0.939073000000 2.784368000000 0
-0.440937000000 -1.001745000000 2.611094000000 0
-0.140333000000 -0.992097000000 2.618436000000 0
-0.166676000000 0.647590000000 2.569346000000 0
-0.335545000000 0.341314000000 2.829766000000 0
0.016915000000 0.376805000000 2.596767000000 0
-0.224891000000 0.439303000000 2.626291000000 0
-0.109261000000 0.230533000000 2.769406000000 0
-0.319856000000 0.058467000000 2.737869000000 0
-0.038601000000 0.074742000000 2.538731000000 0
-0.103603000000 0.042631000000 2.743151000000 0
-0.388492000000 0.073410000000 2.717075000000 0
0.061756000000 0.086542000000 2.628576000000 0
-0.404676000000 -0.244813000000 2.670993000000 0
0.060909000000 -0.235399000000 2.626400000000 0
-0.369884000000 -0.317125000000 2.689914000000 0
0.032134000000 -0.312513000000 2.631175000000 0
-0.285479000000 -0.522606000000 2.708796000000 0
-0.037486000000 -0.500926000000 2.672004000000 0
-0.260760000000 -0.977331000000 2.757568000000 0
-0.034306000000 -0.943970000000 2.788045000000 0
-0.390658000000 -1.002984000000 2.584228000000 0
-0.148164000000 -0.991874000000 2.608267000000 0
-0.155816000000 0.664820000000 2.586160000000 0
-0.341627000000 0.335952000000 2.812095000000 0
0.022505000000 0.375528000000 2.598513000000 0
-0.222263000000 0.431581000000 2.612457000000 0
-0.109216000000 0.230348000000 2.767901000000 0
-0.322081000000 0.043697000000 2.731615000000 0
-0.030690000000 0.063597000000 2.547984000000 0
-0.106389000000 0.027885000000 2.748079000000 0
-0.390521000000 0.062029000000 2.716868000000 0
0.069679000000 0.086926000000 2.629758000000 0
-0.397457000000 -0.252680000000 2.656597000000 0
0.063515000000 -0.233389000000 2.620679000000 0
-0.354092000000 -0.322660000000 2.652157000000 0
0.037530000000 -0.310451000000 2.634232000000 0
-0.282017000000 -0.535457000000 2.708781000000 0
-0.034762000000 -0.513905000000 2.671979000000 0
-0.279770000000 -0.988655000000 2.774889000000 0
-0.044749000000 -0.958332000000 2.782202000000 0
-0.397409000000 -1.015739000000 2.593213000000 0
-0.147395000000 -1.002486000000 2.594871000000 0
-0.158402000000 0.666798000000 2.589906000000 0
-0.338091000000 0.342251000000 2.794458000000 0
0.039541000000 0.368121000000 2.603406000000 0
-0.204110000000 0.430370000000 2.600726000000 0
-0.106148000000 0.230083000000 2.767236000000 0
-0.321186000000 0.047140000000 2.717112000000 0
-0.015511000000 0.056965000000 2.557453000000 0
-0.107846000000 0.028856000000 2.751690000000 0
-0.387698000000 0.064138000000 2.716815000000 0
0.086134000000 0.080302000000 2.632139000000 0
-0.396552000000 -0.249325000000 2.656774000000 0
0.064571000000 -0.238112000000 2.622652000000 0
-0.354236000000 -0.317050000000 2.636277000000 0
0.031471000000 -0.312894000000 2.633115000000 0
-0.280634000000 -0.534082000000 2.714269000000 0
-0.037461000000 -0.521144000000 2.675967000000 0
-0.295572000000 -0.987780000000 2.775090000000 0
-0.044921000000 -0.965930000000 2.784932000000 0
-0.396840000000 -1.010170000000 2.583199000000 0
-0.135891000000 -1.011663000000 2.592029000000 0
-0.157346000000 0.663881000000 2.599293000000 0
-0.335888000000 0.348208000000 2.788788000000 0
0.046799000000 0.363643000000 2.606886000000 0
-0.194798000000 0.433004000000 2.598654000000 0
-0.106732000000 0.229390000000 2.766649000000 0
-0.319254000000 0.047756000000 2.709744000000 0
-0.006428000000 0.059264000000 2.564717000000 0
-0.107664000000 0.031274000000 2.754485000000 0
-0.386358000000 0.071590000000 2.710793000000 0
0.085735000000 0.074596000000 2.616003000000 0
-0.391691000000 -0.242698000000 2.662635000000 0
0.068089000000 -0.242829000000 2.623399000000 0
-0.357887000000 -0.316971000000 2.674390000000 0
0.029165000000 -0.315504000000 2.622575000000 0
-0.278445000000 -0.532613000000 2.712203000000 0
-0.036298000000 -0.521354000000 2.676365000000 0
-0.291715000000 -0.986420000000 2.772593000000 0
-0.050577000000 -0.968950000000 2.772375000000 0
-0.384017000000 -1.009836000000 2.576352000000 0
-0.133345000000 -1.008749000000 2.574526000000 0
-0.161519000000 0.666655000000 2.608835000000 0
-0.337643000000 0.347969000000 2.788060000000 0
0.045089000000 0.358253000000 2.605889000000 0
-0.196104000000 0.428868000000 2.596566000000 0
-0.109182000000 0.227486000000 2.767816000000 0
-0.321424000000 0.043513000000 2.705126000000 0
-0.004772000000 0.056353000000 2.568775000000 0
-0.110991000000 0.031038000000 2.756179000000 0
-0.385472000000 0.070429000000 2.715307000000 0
0.082331000000 0.070029000000 2.618116000000 0
-0.379089000000 -0.241040000000 2.656729000000 0
0.069463000000 -0.246643000000 2.624319000000 0
-0.357887000000 -0.320427000000 2.649971000000 0
0.036547000000 -0.321932000000 2.631069000000 0
-0.278431000000 -0.536856000000 2.712619000000 0
-0.037810000000 -0.526707000000 2.676179000000 0
-0.282798000000 -0.991299000000 2.769422000000 0
-0.050265000000 -0.974652000000 2.770808000000 0
-0.370418000000 -1.015245000000 2.571110000000 0
-0.128109000000 -1.014693000000 2.571020000000 0
-0.157947000000 0.666921000000 2.605906000000 0
