-0.392370000000 0.299875000000 2.681121000000 0
-0.017500000000 0.309154000000 2.677736000000 0
-0.206990000000 0.363192000000 2.612676000000 0
-0.200655000000 0.157191000000 2.749556000000 0
-0.364688000000 -0.048333000000 2.628822000000 0
-0.050817000000 -0.055874000000 2.623931000000 0
-0.206203000000 -0.064771000000 2.745313000000 0
-0.460605000000 0.014206000000 2.704946000000 0
0.026111000000 0.018180000000 2.693944000000 0
-0.410786000000 -0.279102000000 2.614515000000 0
-0.008341000000 -0.284827000000 2.633209000000 0
-0.399632000000 -0.350155000000 2.613925000000 0
-0.016311000000 -0.355693000000 2.642581000000 0
-0.310406000000 -0.601725000000 2.680447000000 0
-0.076979000000 -0.596879000000 2.699142000000 0
-0.330384000000 -1.026858000000 2.741790000000 0
-0.095643000000 -1.022563000000 2.756979000000 0
-0.334021000000 -1.051873000000 2.567236000000 0
-0.092439000000 -1.046443000000 2.582258000000 0
-0.215663000000 0.585123000000 2.605473000000 0
-0.394148000000 0.300494000000 2.677326000000 0
-0.019403000000 0.313733000000 2.681331000000 0
-0.208108000000 0.365171000000 2.612018000000 0
-0.202360000000 0.160472000000 2.750863000000 0
-0.366756000000 -0.047582000000 2.625279000000 0
-0.052797000000 -0.052276000000 2.627203000000 0
-0.210696000000 -0.062670000000 2.745176000000 0
-0.458261000000 0.015392000000 2.706904000000 0
0.029154000000 0.024336000000 2.693966000000 0
-0.412964000000 -0.275844000000 2.611024000000 0
-0.008851000000 -0.277275000000 2.633556000000 0
-0.389807000000 -0.337817000000 2.582805000000 0
-0.013882000000 -0.348860000000 2.628697000000 0
-0.313271000000 -0.599669000000 2.680765000000 0
-0.076441000000 -0.594012000000 2.699852000000 0
-0.322085000000 -1.026162000000 2.734863000000 0
-0.095857000000 -1.020744000000 2.749082000000 0
-0.321995000000 -1.048358000000 2.559890000000 0
-0.088334000000 -1.041277000000 2.574068000000 0
-0.215466000000 0.586223000000 2.609136000000 0
-0.393947000000 0.299726000000 2.676970000000 0
-0.019230000000 0.313484000000 2.681797000000 0
-0.207888000000 0.365382000000 2.612700000000 0
-0.202078000000 0.159208000000 2.749343000000 0
-0.366892000000 -0.053874000000 2.633792000000 0
-0.053294000000 -0.054976000000 2.617954000000 0
-0.204140000000 -0.067330000000 2.744645000000 0
-0.458623000000 0.015225000000 2.709314000000 0
0.029612000000 0.024334000000 2.695095000000 0
-0.413763000000 -0.274132000000 2.608254000000 0
-0.006425000000 -0.277429000000 2.635150000000 0
-0.400959000000 -0.343122000000 2.592451000000 0
-0.014284000000 -0.348810000000 2.639197000000 0
-0.313574000000 -0.605760000000 2.676703000000 0
-0.078095000000 -0.597686000000 2.698388000000 0
-0.316502000000 -1.031608000000 2.736241000000 0
-0.094778000000 -1.023402000000 2.756594000000 0
-0.326979000000 -1.055916000000 2.561864000000 0
-0.097770000000 -1.047176000000 2.581854000000 0
-0.217682000000 0.585514000000 2.617395000000 0
-0.390577000000 0.297882000000 2.678305000000 0
-0.015936000000 0.314018000000 2.681271000000 0
-0.205238000000 0.364283000000 2.612731000000 0
-0.197491000000 0.159044000000 2.750679000000 0
-0.366791000000 -0.050552000000 2.629056000000 0
-0.052940000000 -0.052633000000 2.619618000000 0
-0.206373000000 -0.064113000000 2.743248000000 0
-0.458819000000 0.013315000000 2.699349000000 0
0.028133000000 0.024469000000 2.698525000000 0
-0.416215000000 -0.280629000000 2.611981000000 0
-0.006833000000 -0.275519000000 2.630439000000 0
-0.391169000000 -0.347945000000 2.608165000000 0
-0.013538000000 -0.346967000000 2.625592000000 0
-0.314339000000 -0.602311000000 2.677129000000 0
-0.077738000000 -0.594535000000 2.700924000000 0
-0.322885000000 -1.028614000000 2.732742000000 0
-0.093136000000 -1.020415000000 2.758280000000 0
-0.329248000000 -1.051290000000 2.557947000000 0
-0.092877000000 -1.043965000000 2.583484000000 0
-0.215292000000 0.587734000000 2.611416000000 0
-0.390922000000 0.299515000000 2.676492000000 0
-0.016076000000 0.309741000000 2.679891000000 0
-0.204454000000 0.362167000000 2.610430000000 0
-0.200172000000 0.158520000000 2.750866000000 0
-0.365715000000 -0.049559000000 2.633667000000 0
-0.052067000000 -0.048395000000 2.618843000000 0
-0.203233000000 -0.064040000000 2.744787000000 0
-0.457071000000 0.015330000000 2.702294000000 0
0.029309000000 0.020805000000 2.695963000000 0
-0.411749000000 -0.274819000000 2.605837000000 0
-0.005464000000 -0.279208000000 2.630180000000 0
-0.394935000000 -0.344385000000 2.598687000000 0
-0.014849000000 -0.350480000000 2.627818000000 0
-0.312745000000 -0.599623000000 2.680994000000 0
-0.076937000000 -0.592200000000 2.694504000000 0
-0.327956000000 -1.026081000000 2.733935000000 0
-0.098026000000 -1.016290000000 2.762352000000 0
-0.336518000000 -1.047483000000 2.559073000000 0
-0.098937000000 -1.044109000000 2.588187000000 0
-0.214953000000 0.587802000000 2.615020000000 0
-0.391586000000 0.299411000000 2.678858000000 0
-0.016853000000 0.312331000000 2.684595000000 0
-0.205225000000 0.364634000000 2.615025000000 0
-0.200210000000 0.158483000000 2.751734000000 0
-0.367354000000 -0.048929000000 2.625256000000 0
-0.053389000000 -0.052212000000 2.628644000000 0
-0.211805000000 -0.065130000000 2.745671000000 0
-0.460394000000 0.016053000000 2.706014000000 0
0.029971000000 0.023387000000 2.693671000000 0
-0.413558000000 -0.275343000000 2.614384000000 0
-0.008844000000 -0.275436000000 2.625121000000 0
-0.402592000000 -0.340237000000 2.585371000000 0
-0.013505000000 -0.347209000000 2.624655000000 0
-0.311064000000 -0.601134000000 2.676007000000 0
-0.075321000000 -0.594418000000 2.697074000000 0
-0.322321000000 -1.025894000000 2.741978000000 0
-0.103326000000 -1.018913000000 2.759686000000 0
-0.321586000000 -1.052982000000 2.567697000000 0
-0.092142000000 -1.045320000000 2.585658000000 0
-0.214748000000 0.585573000000 2.610153000000 0
-0.393904000000 0.295699000000 2.681123000000 0
-0.019498000000 0.316685000000 2.683218000000 0
-0.209634000000 0.365151000000 2.615700000000 0
-0.198822000000 0.158682000000 2.751591000000 0
-0.364503000000 -0.053741000000 2.624956000000 0
-0.050542000000 -0.058524000000 2.623778000000 0
-0.207266000000 -0.068590000000 2.743335000000 0
-0.461559000000 0.012267000000 2.708920000000 0
0.030017000000 0.028218000000 2.687589000000 0
-0.413215000000 -0.277557000000 2.613649000000 0
-0.004640000000 -0.271691000000 2.622281000000 0
-0.390887000000 -0.338726000000 2.583102000000 0
-0.013294000000 -0.342735000000 2.629433000000 0
-0.312078000000 -0.606143000000 2.677302000000 0
-0.077213000000 -0.599945000000 2.701749000000 0
-0.320592000000 -1.031932000000 2.736728000000 0
-0.094063000000 -1.025373000000 2.761975000000 0
-0.322567000000 -1.056272000000 2.562052000000 0
-0.089096000000 -1.050278000000 2.587438000000 0
-0.215381000000 0.583823000000 2.610550000000 0
-0.395317000000 0.300294000000 2.686556000000 0
-0.020610000000 0.314851000000 2.689356000000 0
-0.209835000000 0.368232000000 2.622993000000 0
-0.202653000000 0.158245000000 2.753632000000 0
-0.363612000000 -0.043735000000 2.625758000000 0
-0.049620000000 -0.043136000000 2.623622000000 0
-0.205781000000 -0.058368000000 2.743371000000 0
-0.457715000000 0.014176000000 2.710594000000 0
0.047582000000 0.030008000000 2.665909000000 0
-0.415291000000 -0.278753000000 2.618236000000 0
-0.005486000000 -0.257080000000 2.561499000000 0
-0.403633000000 -0.349645000000 2.614797000000 0
-0.001473000000 -0.312304000000 2.515591000000 0
-0.310303000000 -0.594626000000 2.672434000000 0
-0.074581000000 -0.587822000000 2.690171000000 0
-0.331424000000 -1.019332000000 2.736302000000 0
-0.132094000000 -1.001204000000 2.793650000000 0
-0.333265000000 -1.045469000000 2.561884000000 0
-0.114377000000 -1.046132000000 2.624016000000 0
-0.214274000000 0.584458000000 2.611914000000 0
-0.395579000000 0.298805000000 2.686532000000 0
-0.021044000000 0.315611000000 2.694670000000 0
-0.209576000000 0.367179000000 2.624989000000 0
-0.203105000000 0.158602000000 2.757903000000 0
-0.358880000000 -0.046243000000 2.618627000000 0
-0.045443000000 -0.042037000000 2.636936000000 0
-0.208922000000 -0.057112000000 2.746503000000 0
-0.456715000000 0.012249000000 2.710166000000 0
0.061072000000 0.040584000000 2.631206000000 0
-0.409755000000 -0.279330000000 2.615311000000 0
-0.014601000000 -0.193535000000 2.442306000000 0
-0.383972000000 -0.343707000000 2.596226000000 0
-0.053583000000 -0.241645000000 2.405710000000 0
-0.312332000000 -0.595692000000 2.670325000000 0
-0.078885000000 -0.590464000000 2.694192000000 0
-0.332500000000 -1.020660000000 2.732744000000 0
-0.088885000000 -1.017151000000 2.746522000000 0
-0.323227000000 -1.046686000000 2.558546000000 0
-0.074280000000 -1.038885000000 2.572102000000 0
-0.217806000000 0.582515000000 2.615938000000 0
-0.396076000000 0.299331000000 2.687924000000 0
-0.021970000000 0.319439000000 2.704206000000 0
-0.209549000000 0.371035000000 2.632017000000 0
-0.203711000000 0.159128000000 2.759586000000 0
-0.359283000000 -0.066898000000 2.617174000000 0
-0.047847000000 -0.032927000000 2.638382000000 0
-0.210764000000 -0.058275000000 2.746887000000 0
-0.460094000000 0.012718000000 2.706129000000 0
0.060346000000 0.063405000000 2.584846000000 0
-0.398433000000 -0.276729000000 2.612190000000 0
-0.060917000000 -0.053543000000 2.324031000000 0
-0.415766000000 -0.344853000000 2.596956000000 0
-0.096507000000 -0.099790000000 2.281984000000 0
-0.312602000000 -0.606036000000 2.670309000000 0
-0.076686000000 -0.591522000000 2.695504000000 0
-0.314601000000 -1.030406000000 2.739640000000 0
-0.098026000000 -1.017196000000 2.752478000000 0
-0.304941000000 -1.058846000000 2.565841000000 0
-0.078390000000 -1.041415000000 2.578881000000 0
-0.215554000000 0.587426000000 2.619648000000 0
-0.398539000000 0.300412000000 2.691240000000 0
-0.024616000000 0.320997000000 2.710814000000 0
-0.211652000000 0.372667000000 2.637279000000 0
-0.206578000000 0.160146000000 2.763855000000 0
-0.347121000000 -0.069291000000 2.627611000000 0
-0.035651000000 -0.034055000000 2.646065000000 0
-0.197408000000 -0.060824000000 2.755955000000 0
-0.453456000000 0.016938000000 2.695521000000 0
0.041754000000 0.153313000000 2.485273000000 0
-0.394681000000 -0.269864000000 2.610969000000 0
-0.148652000000 0.172027000000 2.248093000000 0
-0.383696000000 -0.339553000000 2.596967000000 0
-0.182475000000 0.171764000000 2.184617000000 0
-0.310579000000 -0.606977000000 2.672663000000 0
-0.077699000000 -0.594287000000 2.703688000000 0
-0.313016000000 -1.032972000000 2.731161000000 0
-0.097331000000 -1.018734000000 2.769716000000 0
-0.306125000000 -1.056987000000 2.556564000000 0
-0.081063000000 -1.046463000000 2.596296000000 0
-0.215088000000 0.589187000000 2.614143000000 0
-0.389015000000 0.294795000000 2.684635000000 0
-0.015400000000 0.317287000000 2.707664000000 0
-0.201789000000 0.366149000000 2.630651000000 0
-0.197398000000 0.157366000000 2.763327000000 0
-0.339449000000 -0.070978000000 2.624791000000 0
-0.029096000000 -0.028749000000 2.647015000000 0
-0.191889000000 -0.056617000000 2.755089000000 0
-0.454673000000 0.014466000000 2.696375000000 0
-0.004466000000 0.225504000000 2.434737000000 0
-0.385898000000 -0.268355000000 2.608386000000 0
-0.197081000000 0.340213000000 2.229308000000 0
-0.383729000000 -0.338831000000 2.594185000000 0
-0.250603000000 0.335588000000 2.181483000000 0
-0.308039000000 -0.604967000000 2.673408000000 0
-0.075916000000 -0.592217000000 2.700671000000 0
-0.319691000000 -1.030238000000 2.735934000000 0
-0.100944000000 -1.017195000000 2.761233000000 0
-0.310367000000 -1.056108000000 2.561716000000 0
-0.085400000000 -1.042878000000 2.587432000000 0
-0.214502000000 0.588216000000 2.619057000000 0
-0.377328000000 0.301135000000 2.686114000000 0
-0.003094000000 0.318262000000 2.702873000000 0
-0.190138000000 0.371058000000 2.630166000000 0
-0.186221000000 0.159694000000 2.758704000000 0
-0.338495000000 -0.077567000000 2.626217000000 0
-0.029036000000 -0.027992000000 2.645551000000 0
-0.190703000000 -0.056029000000 2.755258000000 0
-0.447540000000 0.020734000000 2.694334000000 0
-0.036207000000 0.297167000000 2.416376000000 0
-0.381381000000 -0.263555000000 2.605346000000 0
-0.231389000000 0.462949000000 2.250434000000 0
-0.360856000000 -0.328780000000 2.583034000000 0
-0.291718000000 0.481854000000 2.216137000000 0
-0.310733000000 -0.607823000000 2.676270000000 0
-0.076817000000 -0.594199000000 2.698132000000 0
-0.322245000000 -1.034222000000 2.730596000000 0
-0.090497000000 -1.018494000000 2.766593000000 0
-0.314400000000 -1.056700000000 2.555835000000 0
-0.084219000000 -1.046768000000 2.592613000000 0
-0.214806000000 0.591213000000 2.625139000000 0
-0.376772000000 0.315054000000 2.694986000000 0
-0.002664000000 0.317212000000 2.720751000000 0
-0.185998000000 0.382053000000 2.648338000000 0
-0.192467000000 0.161732000000 2.760719000000 0
-0.331757000000 -0.055672000000 2.618793000000 0
-0.020245000000 -0.027435000000 2.646336000000 0
-0.186568000000 -0.041204000000 2.751715000000 0
-0.454313000000 0.031486000000 2.705858000000 0
-0.059434000000 0.351476000000 2.434141000000 0
-0.387949000000 -0.256870000000 2.611976000000 0
-0.252197000000 0.556997000000 2.303867000000 0
-0.379674000000 -0.323919000000 2.587290000000 0
-0.300165000000 0.598465000000 2.269915000000 0
-0.312949000000 -0.593481000000 2.671258000000 0
-0.081340000000 -0.589079000000 2.694030000000 0
-0.319927000000 -1.018660000000 2.735085000000 0
-0.092426000000 -1.013833000000 2.760075000000 0
-0.311094000000 -1.044953000000 2.560905000000 0
-0.075286000000 -1.041240000000 2.586687000000 0
-0.248814000000 0.578161000000 2.649161000000 0
-0.369258000000 0.313489000000 2.694247000000 0
0.005185000000 0.316209000000 2.702159000000 0
-0.180915000000 0.377061000000 2.634707000000 0
-0.182021000000 0.163916000000 2.760329000000 0
-0.331068000000 -0.054017000000 2.624091000000 0
-0.017875000000 -0.035677000000 2.637122000000 0
-0.179489000000 -0.044071000000 2.750118000000 0
-0.453951000000 0.029047000000 2.709120000000 0
-0.070738000000 0.363599000000 2.418802000000 0
-0.388963000000 -0.261366000000 2.610307000000 0
-0.272496000000 0.583989000000 2.323677000000 0
-0.380027000000 -0.331725000000 2.598347000000 0
-0.328755000000 0.619985000000 2.296982000000 0
-0.315932000000 -0.595194000000 2.669122000000 0
-0.081414000000 -0.593596000000 2.696673000000 0
-0.318132000000 -1.019452000000 2.739127000000 0
-0.090151000000 -1.019028000000 2.758566000000 0
-0.320369000000 -1.048153000000 2.565117000000 0
-0.080406000000 -1.044578000000 2.584324000000 0
-0.260836000000 0.578665000000 2.650381000000 0
-0.377064000000 0.314052000000 2.706340000000 0
-0.002807000000 0.326140000000 2.686083000000 0
-0.195386000000 0.381478000000 2.632136000000 0
-0.181644000000 0.170022000000 2.759847000000 0
-0.341317000000 -0.054428000000 2.635845000000 0
-0.029221000000 -0.022633000000 2.622384000000 0
-0.179875000000 -0.040894000000 2.748589000000 0
-0.453622000000 0.026375000000 2.708663000000 0
-0.081623000000 0.356661000000 2.400634000000 0
-0.388873000000 -0.265817000000 2.613177000000 0
-0.298658000000 0.566046000000 2.312656000000 0
-0.364812000000 -0.329853000000 2.590955000000 0
-0.362804000000 0.593911000000 2.295856000000 0
-0.311452000000 -0.592696000000 2.672943000000 0
-0.079473000000 -0.583412000000 2.689040000000 0
-0.326282000000 -1.018658000000 2.729839000000 0
-0.098129000000 -1.007016000000 2.760540000000 0
-0.337824000000 -1.041564000000 2.555339000000 0
-0.101887000000 -1.036203000000 2.586637000000 0
-0.285344000000 0.578324000000 2.646283000000 0
-0.386541000000 0.288028000000 2.699177000000 0
-0.013760000000 0.326640000000 2.686183000000 0
-0.208499000000 0.365483000000 2.625955000000 0
-0.182549000000 0.160996000000 2.762791000000 0
-0.348742000000 -0.052198000000 2.636594000000 0
-0.036329000000 -0.023358000000 2.623856000000 0
-0.187308000000 -0.041655000000 2.749667000000 0
-0.456275000000 0.000788000000 2.713455000000 0
-0.086348000000 0.271491000000 2.404646000000 0
-0.390960000000 -0.286141000000 2.608949000000 0
-0.341410000000 0.407459000000 2.286443000000 0
-0.363341000000 -0.349671000000 2.589600000000 0
-0.399642000000 0.437460000000 2.256738000000 0
-0.313600000000 -0.593066000000 2.667164000000 0
-0.078312000000 -0.582489000000 2.689648000000 0
-0.326867000000 -1.017110000000 2.737241000000 0
-0.097057000000 -1.005971000000 2.761839000000 0
-0.339211000000 -1.045421000000 2.563591000000 0
-0.098013000000 -1.035569000000 2.587968000000 0
-0.207753000000 0.589634000000 2.630391000000 0
-0.400916000000 0.303693000000 2.709431000000 0
-0.026663000000 0.323306000000 2.696195000000 0
-0.219281000000 0.375394000000 2.639236000000 0
-0.203697000000 0.162995000000 2.765157000000 0
-0.343979000000 -0.042781000000 2.634531000000 0
-0.030833000000 -0.025454000000 2.619193000000 0
-0.181325000000 -0.038328000000 2.746253000000 0
-0.458131000000 0.014938000000 2.721321000000 0
-0.035559000000 0.176417000000 2.440971000000 0
-0.393652000000 -0.270313000000 2.615856000000 0
-0.306502000000 0.237700000000 2.301389000000 0
-0.382240000000 -0.337865000000 2.593951000000 0
-0.368254000000 0.249890000000 2.266583000000 0
-0.311841000000 -0.587372000000 2.668018000000 0
-0.078642000000 -0.581466000000 2.686288000000 0
-0.324979000000 -1.011343000000 2.738561000000 0
-0.094272000000 -1.004348000000 2.762617000000 0
-0.338634000000 -1.039793000000 2.565032000000 0
-0.097842000000 -1.035543000000 2.589059000000 0
-0.217253000000 0.595279000000 2.630754000000 0
-0.404758000000 0.299298000000 2.713429000000 0
-0.030700000000 0.318116000000 2.694690000000 0
-0.224025000000 0.371184000000 2.641129000000 0
-0.207080000000 0.157624000000 2.764895000000 0
-0.348889000000 -0.063454000000 2.646418000000 0
-0.037198000000 -0.040537000000 2.616095000000 0
-0.181207000000 -0.055541000000 2.750236000000 0
-0.460257000000 0.011783000000 2.718601000000 0
-0.003822000000 0.112356000000 2.488022000000 0
-0.396793000000 -0.273265000000 2.617461000000 0
-0.268448000000 0.130715000000 2.329448000000 0
-0.374435000000 -0.337795000000 2.594894000000 0
-0.320964000000 0.081923000000 2.323550000000 0
-0.314665000000 -0.606581000000 2.671137000000 0
-0.078160000000 -0.596394000000 2.696206000000 0
-0.325627000000 -1.031771000000 2.734332000000 0
-0.088429000000 -1.021443000000 2.760454000000 0
-0.347711000000 -1.056939000000 2.561164000000 0
-0.100737000000 -1.047449000000 2.586441000000 0
-0.216760000000 0.588767000000 2.640030000000 0
-0.404307000000 0.295475000000 2.706971000000 0
-0.030232000000 0.319794000000 2.696906000000 0
-0.223024000000 0.370069000000 2.638915000000 0
-0.205814000000 0.156669000000 2.762918000000 0
-0.344880000000 -0.066560000000 2.637035000000 0
-0.032711000000 -0.033428000000 2.630046000000 0
-0.185605000000 -0.054849000000 2.753019000000 0
-0.459482000000 0.009944000000 2.716752000000 0
-0.002382000000 0.115726000000 2.491362000000 0
-0.395041000000 -0.272755000000 2.615714000000 0
-0.255080000000 0.132311000000 2.317728000000 0
-0.382227000000 -0.343069000000 2.607642000000 0
-0.317727000000 0.100615000000 2.302104000000 0
-0.313787000000 -0.604546000000 2.674000000000 0
-0.077560000000 -0.593813000000 2.695249000000 0
-0.321660000000 -1.030564000000 2.731852000000 0
-0.097879000000 -1.018781000000 2.757612000000 0
-0.330200000000 -1.054115000000 2.557265000000 0
-0.096695000000 -1.044445000000 2.583118000000 0
-0.217605000000 0.586176000000 2.639515000000 0
-0.407206000000 0.297204000000 2.710003000000 0
-0.033202000000 0.323473000000 2.702512000000 0
-0.225906000000 0.373869000000 2.644333000000 0
-0.208361000000 0.158357000000 2.764580000000 0
-0.348096000000 -0.057250000000 2.632101000000 0
-0.035408000000 -0.029307000000 2.638533000000 0
-0.193404000000 -0.052245000000 2.754589000000 0
-0.457337000000 0.011337000000 2.714532000000 0
0.018116000000 0.140570000000 2.483043000000 0
-0.395651000000 -0.273494000000 2.620270000000 0
-0.224593000000 0.179016000000 2.300194000000 0
-0.399956000000 -0.344612000000 2.630119000000 0
-0.289481000000 0.154147000000 2.281638000000 0
-0.314820000000 -0.597971000000 2.666038000000 0
-0.078151000000 -0.587669000000 2.697656000000 0
-0.326773000000 -1.022357000000 2.734255000000 0
-0.088825000000 -1.013998000000 2.752700000000 0
-0.328061000000 -1.050313000000 2.560114000000 0
-0.080702000000 -1.036759000000 2.577988000000 0
-0.217303000000 0.589571000000 2.631651000000 0
-0.389388000000 0.304168000000 2.692685000000 0
-0.015144000000 0.310868000000 2.715532000000 0
-0.199612000000 0.371060000000 2.641991000000 0
-0.203139000000 0.155313000000 2.763042000000 0
-0.351525000000 -0.067237000000 2.625971000000 0
-0.039525000000 -0.039438000000 2.647865000000 0
-0.203334000000 -0.059576000000 2.756119000000 0
-0.466364000000 0.024779000000 2.716471000000 0
0.062487000000 0.212992000000 2.452961000000 0
-0.404607000000 -0.260651000000 2.622319000000 0
-0.117310000000 0.339048000000 2.238644000000 0
-0.396781000000 -0.326012000000 2.593336000000 0
-0.167478000000 0.311868000000 2.194852000000 0
-0.314239000000 -0.608233000000 2.673917000000 0
-0.078851000000 -0.598018000000 2.702023000000 0
-0.323721000000 -1.034304000000 2.731138000000 0
-0.089205000000 -1.024008000000 2.759693000000 0
-0.314014000000 -1.057956000000 2.556625000000 0
-0.072066000000 -1.047966000000 2.585795000000 0
-0.216508000000 0.591296000000 2.638138000000 0
-0.378115000000 0.310205000000 2.684384000000 0
-0.005013000000 0.306602000000 2.721887000000 0
-0.184739000000 0.371950000000 2.641342000000 0
-0.198908000000 0.156184000000 2.761579000000 0
-0.346078000000 -0.066034000000 2.625387000000 0
-0.035417000000 -0.039140000000 2.662301000000 0
-0.204538000000 -0.056300000000 2.762608000000 0
-0.469640000000 0.037293000000 2.719284000000 0
0.091888000000 0.304102000000 2.448611000000 0
-0.397106000000 -0.243583000000 2.621980000000 0
-0.006046000000 0.455431000000 2.201368000000 0
-0.407681000000 -0.313048000000 2.606613000000 0
-0.062103000000 0.459193000000 2.156460000000 0
-0.315333000000 -0.606860000000 2.675961000000 0
-0.081060000000 -0.599977000000 2.699014000000 0
-0.324625000000 -1.032597000000 2.735642000000 0
-0.093979000000 -1.024562000000 2.765809000000 0
-0.307859000000 -1.057330000000 2.561816000000 0
-0.068459000000 -1.052441000000 2.593531000000 0
-0.219828000000 0.594596000000 2.638131000000 0
-0.384553000000 0.304511000000 2.688918000000 0
-0.013054000000 0.315186000000 2.683786000000 0
-0.199739000000 0.367506000000 2.618671000000 0
-0.191948000000 0.163714000000 2.758745000000 0
-0.349489000000 -0.063503000000 2.639559000000 0
-0.037392000000 -0.029034000000 2.637703000000 0
-0.192353000000 -0.049675000000 2.758197000000 0
-0.468105000000 0.027796000000 2.715973000000 0
0.125742000000 0.383540000000 2.438128000000 0
-0.407661000000 -0.256892000000 2.620306000000 0
0.075516000000 0.572218000000 2.202053000000 0
-0.395829000000 -0.324068000000 2.597485000000 0
0.055507000000 0.603640000000 2.140526000000 0
-0.324006000000 -0.600526000000 2.671396000000 0
-0.082999000000 -0.591385000000 2.691399000000 0
-0.317889000000 -1.025802000000 2.734666000000 0
-0.093936000000 -1.015135000000 2.763628000000 0
-0.328514000000 -1.051859000000 2.560550000000 0
-0.090988000000 -1.044840000000 2.589797000000 0
-0.221469000000 0.607556000000 2.635810000000 0
-0.391748000000 0.298281000000 2.696156000000 0
-0.023154000000 0.323807000000 2.680100000000 0
-0.211874000000 0.371420000000 2.622973000000 0
-0.191700000000 0.162507000000 2.753974000000 0
-0.347824000000 -0.061876000000 2.634369000000 0
-0.035353000000 -0.030939000000 2.635334000000 0
-0.191500000000 -0.051030000000 2.754381000000 0
-0.466227000000 0.016104000000 2.715659000000 0
0.143272000000 0.437363000000 2.468066000000 0
-0.407015000000 -0.271380000000 2.620209000000 0
0.144048000000 0.651748000000 2.246023000000 0
-0.393130000000 -0.341122000000 2.609409000000 0
0.136798000000 0.674962000000 2.178333000000 0
-0.315625000000 -0.600717000000 2.676872000000 0
-0.080596000000 -0.592026000000 2.688849000000 0
-0.325260000000 -1.026577000000 2.735615000000 0
-0.092446000000 -1.014966000000 2.765537000000 0
-0.328487000000 -1.050602000000 2.560914000000 0
-0.086687000000 -1.046573000000 2.592112000000 0
-0.220232000000 0.606335000000 2.641054000000 0
-0.390759000000 0.294505000000 2.689993000000 0
-0.022595000000 0.323208000000 2.683057000000 0
-0.209773000000 0.369164000000 2.621221000000 0
-0.191027000000 0.160529000000 2.752874000000 0
-0.341548000000 -0.062943000000 2.626589000000 0
-0.029561000000 -0.030661000000 2.641360000000 0
-0.190700000000 -0.051711000000 2.753382000000 0
-0.467957000000 0.012861000000 2.711389000000 0
0.152598000000 0.443252000000 2.481470000000 0
-0.400524000000 -0.272246000000 2.613197000000 0
0.153343000000 0.661176000000 2.262418000000 0
-0.394728000000 -0.343861000000 2.609885000000 0
0.148676000000 0.696255000000 2.199800000000 0
-0.315547000000 -0.600254000000 2.672217000000 0
-0.079878000000 -0.592758000000 2.689200000000 0
-0.316162000000 -1.026545000000 2.728568000000 0
-0.099645000000 -1.014161000000 2.772445000000 0
-0.313519000000 -1.049660000000 2.553735000000 0
-0.086337000000 -1.048845000000 2.600027000000 0
-0.226430000000 0.602706000000 2.640703000000 0
-0.391711000000 0.296041000000 2.684388000000 0
-0.023833000000 0.318730000000 2.680768000000 0
-0.208791000000 0.365154000000 2.614938000000 0
-0.194859000000 0.161567000000 2.754834000000 0
-0.333405000000 -0.062350000000 2.624659000000 0
-0.019917000000 -0.051159000000 2.638664000000 0
-0.181891000000 -0.059769000000 2.751129000000 0
-0.462349000000 0.013410000000 2.714163000000 0
0.155057000000 0.439067000000 2.482591000000 0
-0.396130000000 -0.271606000000 2.614796000000 0
0.163247000000 0.657611000000 2.264269000000 0
-0.397680000000 -0.343515000000 2.614668000000 0
0.158851000000 0.682414000000 2.196898000000 0
-0.319246000000 -0.606305000000 2.666046000000 0
-0.076675000000 -0.605716000000 2.700255000000 0
-0.315214000000 -1.031852000000 2.727640000000 0
-0.099306000000 -1.030420000000 2.763617000000 0
-0.317041000000 -1.057133000000 2.553096000000 0
-0.087516000000 -1.057002000000 2.589655000000 0
-0.224396000000 0.604472000000 2.656020000000 0
-0.388545000000 0.294737000000 2.681787000000 0
-0.019333000000 0.315366000000 2.688407000000 0
-0.203481000000 0.364331000000 2.618798000000 0
-0.194354000000 0.157500000000 2.754260000000 0
-0.327937000000 -0.065039000000 2.619787000000 0
-0.015189000000 -0.052648000000 2.644901000000 0
-0.181117000000 -0.059364000000 2.751580000000 0
-0.457483000000 0.010485000000 2.703733000000 0
0.156001000000 0.423019000000 2.479356000000 0
-0.395058000000 -0.277947000000 2.610398000000 0
0.169584000000 0.629702000000 2.249357000000 0
-0.375144000000 -0.347059000000 2.610909000000 0
0.169284000000 0.675464000000 2.193868000000 0
-0.314868000000 -0.608168000000 2.669105000000 0
-0.080857000000 -0.608433000000 2.703401000000 0
-0.322187000000 -1.033282000000 2.733332000000 0
-0.094199000000 -1.033645000000 2.765985000000 0
-0.315865000000 -1.059719000000 2.559065000000 0
-0.077841000000 -1.059719000000 2.592317000000 0
-0.224306000000 0.605922000000 2.641197000000 0
-0.388866000000 0.294986000000 2.681205000000 0
-0.017847000000 0.316577000000 2.691759000000 0
-0.203377000000 0.365783000000 2.620865000000 0
-0.195035000000 0.157393000000 2.753968000000 0
-0.327963000000 -0.069757000000 2.631867000000 0
-0.015388000000 -0.041418000000 2.641354000000 0
-0.175283000000 -0.055822000000 2.756175000000 0
-0.456578000000 0.010523000000 2.703008000000 0
0.155967000000 0.399980000000 2.470824000000 0
-0.385954000000 -0.273940000000 2.603838000000 0
0.177638000000 0.591503000000 2.228769000000 0
-0.360209000000 -0.338109000000 2.584020000000 0
0.178138000000 0.650507000000 2.187640000000 0
-0.314282000000 -0.606450000000 2.675977000000 0
-0.081925000000 -0.602803000000 2.698030000000 0
-0.322835000000 -1.032654000000 2.732345000000 0
-0.096133000000 -1.028963000000 2.753579000000 0
-0.324838000000 -1.055738000000 2.557498000000 0
-0.091432000000 -1.051906000000 2.578766000000 0
-0.227367000000 0.597265000000 2.654748000000 0
-0.382434000000 0.295792000000 2.679278000000 0
-0.008598000000 0.309846000000 2.697415000000 0
-0.194389000000 0.363185000000 2.623095000000 0
-0.192911000000 0.153801000000 2.754885000000 0
-0.326927000000 -0.069363000000 2.627138000000 0
-0.015361000000 -0.034922000000 2.645494000000 0
-0.178003000000 -0.053736000000 2.755728000000 0
-0.450825000000 0.010525000000 2.699122000000 0
0.159961000000 0.353702000000 2.460534000000 0
-0.382507000000 -0.276455000000 2.603007000000 0
0.195750000000 0.512205000000 2.196225000000 0
-0.358195000000 -0.341599000000 2.584610000000 0
0.202305000000 0.550500000000 2.135696000000 0
-0.313638000000 -0.603117000000 2.677329000000 0
-0.079975000000 -0.598149000000 2.697155000000 0
-0.321127000000 -1.029000000000 2.736217000000 0
-0.099626000000 -1.022825000000 2.761684000000 0
-0.317720000000 -1.053212000000 2.561545000000 0
-0.091698000000 -1.049653000000 2.587542000000 0
-0.222613000000 0.598099000000 2.643396000000 0
-0.381558000000 0.298656000000 2.679710000000 0
-0.008141000000 0.310459000000 2.712044000000 0
-0.191188000000 0.365560000000 2.631314000000 0
-0.195750000000 0.154860000000 2.760919000000 0
-0.335630000000 -0.074581000000 2.622959000000 0
-0.026579000000 -0.029238000000 2.655016000000 0
-0.192863000000 -0.055881000000 2.757961000000 0
-0.459248000000 0.014595000000 2.710539000000 0
0.144656000000 0.210907000000 2.478765000000 0
-0.381090000000 -0.268319000000 2.603385000000 0
0.214672000000 0.254103000000 2.177330000000 0
-0.360502000000 -0.334080000000 2.582773000000 0
0.230917000000 0.264614000000 2.108056000000 0
-0.315818000000 -0.605482000000 2.672749000000 0
-0.080564000000 -0.595822000000 2.693848000000 0
-0.319018000000 -1.030505000000 2.737903000000 0
-0.088874000000 -1.020784000000 2.758948000000 0
-0.308112000000 -1.057260000000 2.563910000000 0
-0.076638000000 -1.047661000000 2.585063000000 0
-0.221947000000 0.596136000000 2.629952000000 0
-0.396336000000 0.291602000000 2.683036000000 0
-0.022559000000 0.313210000000 2.704221000000 0
-0.209238000000 0.362774000000 2.628369000000 0
-0.204609000000 0.153454000000 2.760187000000 0
-0.343223000000 -0.079544000000 2.623732000000 0
-0.035104000000 -0.023518000000 2.646528000000 0
-0.197558000000 -0.053904000000 2.754431000000 0
-0.456077000000 0.002111000000 2.705955000000 0
0.118453000000 0.152009000000 2.499210000000 0
-0.380862000000 -0.283889000000 2.603847000000 0
0.205121000000 0.144983000000 2.198680000000 0
-0.359456000000 -0.351047000000 2.589532000000 0
0.221243000000 0.152347000000 2.128972000000 0
-0.315667000000 -0.606497000000 2.680446000000 0
-0.078960000000 -0.591795000000 2.693830000000 0
-0.316598000000 -1.033146000000 2.734016000000 0
-0.094586000000 -1.016656000000 2.758240000000 0
-0.307361000000 -1.055109000000 2.559258000000 0
-0.091354000000 -1.043205000000 2.583904000000 0
-0.221541000000 0.593098000000 2.640260000000 0
-0.398583000000 0.287738000000 2.686450000000 0
-0.024705000000 0.315924000000 2.693192000000 0
-0.214975000000 0.361717000000 2.624203000000 0
-0.201673000000 0.153472000000 2.757129000000 0
-0.350250000000 -0.086115000000 2.629246000000 0
-0.041865000000 -0.027888000000 2.639452000000 0
-0.199332000000 -0.060611000000 2.753869000000 0
-0.459438000000 -0.000209000000 2.713516000000 0
0.094604000000 0.064671000000 2.593262000000 0
-0.386083000000 -0.284737000000 2.608975000000 0
0.127010000000 -0.119500000000 2.343668000000 0
-0.362230000000 -0.351414000000 2.596381000000 0
0.147506000000 -0.188353000000 2.347193000000 0
-0.317128000000 -0.612914000000 2.682216000000 0
-0.076562000000 -0.595270000000 2.695310000000 0
-0.320860000000 -1.040306000000 2.729361000000 0
-0.088984000000 -1.019935000000 2.761684000000 0
-0.316999000000 -1.059673000000 2.554095000000 0
-0.088206000000 -1.047193000000 2.587430000000 0
-0.221749000000 0.594574000000 2.630579000000 0
-0.398373000000 0.296887000000 2.703017000000 0
-0.024458000000 0.310427000000 2.677938000000 0
-0.217951000000 0.364217000000 2.625724000000 0
-0.201627000000 0.154421000000 2.755847000000 0
-0.361915000000 -0.078784000000 2.636011000000 0
-0.052264000000 -0.029004000000 2.620716000000 0
-0.199869000000 -0.062211000000 2.747475000000 0
-0.455932000000 0.006807000000 2.715306000000 0
0.038717000000 0.022121000000 2.655592000000 0
-0.395183000000 -0.283176000000 2.616427000000 0
0.044992000000 -0.267815000000 2.539596000000 0
-0.391246000000 -0.354267000000 2.626616000000 0
0.021756000000 -0.334773000000 2.527347000000 0
-0.316609000000 -0.609950000000 2.686615000000 0
-0.077793000000 -0.590641000000 2.694424000000 0
-0.307584000000 -1.036426000000 2.740802000000 0
-0.094954000000 -1.015498000000 2.758474000000 0
-0.318135000000 -1.058837000000 2.566175000000 0
-0.097376000000 -1.041692000000 2.584072000000 0
-0.216411000000 0.589043000000 2.623905000000 0
-0.394237000000 0.299524000000 2.696037000000 0
-0.019886000000 0.313200000000 2.678726000000 0
-0.212284000000 0.365101000000 2.620856000000 0
-0.198457000000 0.159005000000 2.757039000000 0
-0.374752000000 -0.053451000000 2.641689000000 0
-0.061870000000 -0.034450000000 2.623256000000 0
-0.210361000000 -0.060147000000 2.750724000000 0
-0.457703000000 0.011998000000 2.719783000000 0
0.020674000000 0.020598000000 2.680222000000 0
-0.414692000000 -0.280820000000 2.621913000000 0
-0.008141000000 -0.283923000000 2.620162000000 0
-0.395855000000 -0.350234000000 2.622226000000 0
-0.017105000000 -0.354789000000 2.628583000000 0
-0.313385000000 -0.598360000000 2.683646000000 0
-0.080420000000 -0.584698000000 2.691461000000 0
-0.330356000000 -1.024244000000 2.740520000000 0
-0.090416000000 -1.008740000000 2.762091000000 0
-0.339699000000 -1.047192000000 2.565894000000 0
-0.093074000000 -1.037654000000 2.588123000000 0
-0.215098000000 0.590050000000 2.611918000000 0
-0.388265000000 0.303912000000 2.693798000000 0
-0.013687000000 0.311271000000 2.677617000000 0
-0.205016000000 0.365835000000 2.618666000000 0
-0.195026000000 0.160716000000 2.756648000000 0
-0.375741000000 -0.048516000000 2.641467000000 0
-0.062302000000 -0.046662000000 2.622806000000 0
-0.211880000000 -0.062814000000 2.750568000000 0
-0.460267000000 0.020269000000 2.723550000000 0
0.020346000000 0.019366000000 2.690095000000 0
-0.423449000000 -0.272669000000 2.627751000000 0
-0.022202000000 -0.281440000000 2.626443000000 0
-0.415276000000 -0.344016000000 2.631772000000 0
-0.031711000000 -0.352180000000 2.617563000000 0
-0.314723000000 -0.599469000000 2.684516000000 0
-0.078274000000 -0.590042000000 2.694552000000 0
-0.324510000000 -1.026846000000 2.730919000000 0
-0.096235000000 -1.014230000000 2.762682000000 0
-0.335034000000 -1.045612000000 2.555861000000 0
-0.098023000000 -1.042125000000 2.588537000000 0
-0.216333000000 0.588719000000 2.615322000000 0
-0.391740000000 0.300431000000 2.690470000000 0
-0.017267000000 0.318553000000 2.682303000000 0
-0.208786000000 0.367796000000 2.619413000000 0
-0.195855000000 0.162635000000 2.757087000000 0
-0.373443000000 -0.049632000000 2.631031000000 0
-0.059448000000 -0.048426000000 2.629741000000 0
-0.215907000000 -0.062038000000 2.749295000000 0
-0.462836000000 0.018234000000 2.717018000000 0
0.025056000000 0.029766000000 2.696635000000 0
-0.421283000000 -0.272953000000 2.624428000000 0
-0.012192000000 -0.268620000000 2.628317000000 0
-0.406943000000 -0.343007000000 2.632176000000 0
-0.014658000000 -0.336338000000 2.604201000000 0
-0.313188000000 -0.600173000000 2.686359000000 0
-0.076589000000 -0.592283000000 2.697118000000 0
-0.323347000000 -1.026042000000 2.744949000000 0
-0.093549000000 -1.017602000000 2.758077000000 0
-0.324396000000 -1.050056000000 2.570220000000 0
-0.086181000000 -1.042891000000 2.583680000000 0
-0.212781000000 0.586464000000 2.612283000000 0
