-0.333319000000 0.346552000000 2.817376000000 0
0.053772000000 0.375442000000 2.646785000000 0
-0.185671000000 0.452276000000 2.643392000000 0
-0.106896000000 0.225235000000 2.783691000000 0
-0.311354000000 0.063909000000 2.720489000000 0
0.000622000000 0.075664000000 2.573663000000 0
-0.099536000000 0.046693000000 2.763855000000 0
-0.380876000000 0.088137000000 2.721924000000 0
0.086717000000 0.099031000000 2.672521000000 0
-0.381742000000 -0.215989000000 2.703993000000 0
0.073197000000 -0.203524000000 2.639461000000 0
-0.392748000000 -0.297697000000 2.704144000000 0
0.048680000000 -0.281152000000 2.652513000000 0
-0.279255000000 -0.517980000000 2.700430000000 0
-0.001806000000 -0.505357000000 2.650521000000 0
0.041802000000 -0.696493000000 2.973961000000 0
-0.370714000000 -0.748335000000 2.771484000000 0
-0.042798000000 -0.895232000000 2.943558000000 0
-0.252720000000 -0.931604000000 2.763206000000 0
-0.152641000000 0.663490000000 2.616794000000 0
-0.334902000000 0.331832000000 2.849707000000 0
0.032522000000 0.391481000000 2.646686000000 0
-0.209092000000 0.456769000000 2.671352000000 0
-0.107971000000 0.224269000000 2.786049000000 0
-0.309622000000 0.055119000000 2.737290000000 0
-0.014871000000 0.084686000000 2.560450000000 0
-0.093917000000 0.050412000000 2.759500000000 0
-0.381963000000 0.088090000000 2.719893000000 0
0.082990000000 0.116910000000 2.669932000000 0
-0.378195000000 -0.214955000000 2.683135000000 0
0.076619000000 -0.187282000000 2.644854000000 0
-0.351705000000 -0.292994000000 2.680767000000 0
0.052455000000 -0.266002000000 2.648921000000 0
-0.284256000000 -0.521167000000 2.702890000000 0
-0.001318000000 -0.500777000000 2.645627000000 0
0.040394000000 -0.692350000000 2.976866000000 0
-0.372702000000 -0.738697000000 2.769045000000 0
-0.042712000000 -0.892281000000 2.950425000000 0
-0.256323000000 -0.923105000000 2.763754000000 0
-0.149415000000 0.651384000000 2.614779000000 0
-0.347121000000 0.325254000000 2.868364000000 0
0.008175000000 0.408667000000 2.652534000000 0
-0.235202000000 0.460824000000 2.688523000000 0
-0.117868000000 0.231091000000 2.792890000000 0
-0.313637000000 0.057961000000 2.741757000000 0
-0.026133000000 0.097336000000 2.555167000000 0
-0.097294000000 0.061322000000 2.756867000000 0
-0.386130000000 0.086539000000 2.723281000000 0
0.085105000000 0.137741000000 2.667919000000 0
-0.375149000000 -0.217258000000 2.677781000000 0
0.076627000000 -0.168749000000 2.646124000000 0
-0.342670000000 -0.288483000000 2.651906000000 0
0.060278000000 -0.249531000000 2.644017000000 0
-0.280373000000 -0.516342000000 2.703375000000 0
-0.001788000000 -0.489465000000 2.648555000000 0
0.040176000000 -0.689269000000 2.981060000000 0
-0.373865000000 -0.731075000000 2.762342000000 0
-0.041841000000 -0.889176000000 2.951245000000 0
-0.255239000000 -0.914121000000 2.761568000000 0
-0.147129000000 0.645020000000 2.602826000000 0
-0.354844000000 0.322053000000 2.871365000000 0
-0.004155000000 0.415387000000 2.652090000000 0
-0.249457000000 0.457832000000 2.687774000000 0
-0.121949000000 0.236061000000 2.797303000000 0
-0.314388000000 0.056809000000 2.746185000000 0
-0.029454000000 0.103411000000 2.557330000000 0
-0.097947000000 0.062524000000 2.759025000000 0
-0.387778000000 0.084214000000 2.718720000000 0
0.079919000000 0.143981000000 2.667032000000 0
-0.379691000000 -0.222338000000 2.672861000000 0
0.079069000000 -0.165519000000 2.648284000000 0
-0.343397000000 -0.293678000000 2.692630000000 0
0.057815000000 -0.244991000000 2.642824000000 0
-0.283373000000 -0.514927000000 2.698296000000 0
-0.006274000000 -0.485303000000 2.652472000000 0
0.036130000000 -0.686123000000 2.978250000000 0
-0.374498000000 -0.739226000000 2.750951000000 0
-0.044488000000 -0.886492000000 2.947727000000 0
-0.250855000000 -0.918921000000 2.749929000000 0
-0.153659000000 0.636538000000 2.590119000000 0
-0.328308000000 0.351984000000 2.823208000000 0
0.063425000000 0.365152000000 2.661503000000 0
-0.172141000000 0.452894000000 2.653866000000 0
-0.106937000000 0.220842000000 2.792924000000 0
-0.312133000000 0.061182000000 2.709346000000 0
0.008209000000 0.080467000000 2.582719000000 0
-0.103155000000 0.050041000000 2.766339000000 0
-0.379850000000 0.090368000000 2.724720000000 0
0.091927000000 0.082754000000 2.676949000000 0
-0.383301000000 -0.218974000000 2.708705000000 0
0.080370000000 -0.224785000000 2.641638000000 0
-0.396814000000 -0.300214000000 2.704864000000 0
0.032828000000 -0.291725000000 2.649133000000 0
-0.279654000000 -0.516969000000 2.703225000000 0
-0.006423000000 -0.506012000000 2.654281000000 0
0.040326000000 -0.686048000000 2.983919000000 0
-0.373991000000 -0.751962000000 2.773304000000 0
-0.043713000000 -0.885833000000 2.959378000000 0
-0.256322000000 -0.935022000000 2.758415000000 0
-0.151867000000 0.650788000000 2.614251000000 0
-0.331246000000 0.347595000000 2.820444000000 0
0.060988000000 0.370150000000 2.661010000000 0
-0.176519000000 0.452364000000 2.652126000000 0
-0.106696000000 0.221712000000 2.791271000000 0
-0.312951000000 0.062602000000 2.717178000000 0
0.004458000000 0.076394000000 2.582692000000 0
-0.102850000000 0.048031000000 2.769037000000 0
-0.378815000000 0.085164000000 2.726256000000 0
0.095341000000 0.090074000000 2.680550000000 0
-0.380764000000 -0.222577000000 2.708718000000 0
0.075831000000 -0.215453000000 2.644656000000 0
-0.396693000000 -0.303391000000 2.712293000000 0
0.039756000000 -0.289586000000 2.645233000000 0
-0.277409000000 -0.518846000000 2.702009000000 0
-0.005257000000 -0.507871000000 2.650513000000 0
0.041701000000 -0.686254000000 2.984687000000 0
-0.375234000000 -0.748554000000 2.772794000000 0
-0.038827000000 -0.887028000000 2.956692000000 0
-0.259613000000 -0.933036000000 2.759509000000 0
-0.148714000000 0.655041000000 2.613458000000 0
-0.331520000000 0.349054000000 2.827083000000 0
0.055626000000 0.367661000000 2.655187000000 0
-0.181336000000 0.451888000000 2.653537000000 0
-0.109089000000 0.221138000000 2.791275000000 0
-0.311098000000 0.062148000000 2.721939000000 0
0.002011000000 0.076508000000 2.577782000000 0
-0.099446000000 0.049113000000 2.767518000000 0
-0.382222000000 0.094267000000 2.717804000000 0
0.085633000000 0.088308000000 2.677336000000 0
-0.383992000000 -0.212693000000 2.707536000000 0
0.077593000000 -0.216764000000 2.642702000000 0
-0.384495000000 -0.295044000000 2.703590000000 0
0.042026000000 -0.290271000000 2.654064000000 0
-0.277372000000 -0.519604000000 2.701340000000 0
-0.006284000000 -0.507799000000 2.652418000000 0
0.041810000000 -0.684993000000 2.985124000000 0
-0.369258000000 -0.757878000000 2.776817000000 0
-0.037515000000 -0.886235000000 2.957060000000 0
-0.249927000000 -0.939651000000 2.759584000000 0
-0.151021000000 0.654339000000 2.614714000000 0
-0.337933000000 0.348999000000 2.821060000000 0
0.051990000000 0.371095000000 2.655992000000 0
-0.186620000000 0.450091000000 2.647472000000 0
-0.112201000000 0.224962000000 2.793129000000 0
-0.311030000000 0.064831000000 2.725058000000 0
-0.000086000000 0.072835000000 2.575809000000 0
-0.098927000000 0.048384000000 2.767320000000 0
-0.381603000000 0.088359000000 2.725947000000 0
0.086148000000 0.092981000000 2.675286000000 0
-0.379586000000 -0.217347000000 2.710849000000 0
0.077860000000 -0.211335000000 2.643478000000 0
-0.396442000000 -0.298044000000 2.709661000000 0
0.044918000000 -0.286523000000 2.651157000000 0
-0.274844000000 -0.519974000000 2.699229000000 0
-0.002738000000 -0.507967000000 2.653378000000 0
0.042897000000 -0.683993000000 2.985415000000 0
-0.372178000000 -0.753609000000 2.767124000000 0
-0.033588000000 -0.885931000000 2.954599000000 0
-0.253442000000 -0.936362000000 2.758106000000 0
-0.152860000000 0.659548000000 2.614263000000 0
-0.330326000000 0.347152000000 2.830671000000 0
0.054321000000 0.369860000000 2.653733000000 0
-0.183441000000 0.451800000000 2.655395000000 0
-0.107167000000 0.221464000000 2.791647000000 0
-0.316751000000 0.065755000000 2.717183000000 0
0.001889000000 0.075711000000 2.585293000000 0
-0.107296000000 0.048037000000 2.770649000000 0
-0.382773000000 0.092045000000 2.727755000000 0
0.088557000000 0.092980000000 2.677970000000 0
-0.384006000000 -0.212261000000 2.704648000000 0
0.071880000000 -0.209452000000 2.640629000000 0
-0.399230000000 -0.293230000000 2.701540000000 0
0.039655000000 -0.284726000000 2.650263000000 0
-0.278455000000 -0.517261000000 2.701397000000 0
-0.000059000000 -0.505071000000 2.652776000000 0
0.041304000000 -0.682613000000 2.984552000000 0
-0.369277000000 -0.749984000000 2.768791000000 0
-0.037426000000 -0.884000000000 2.955857000000 0
-0.250901000000 -0.932947000000 2.759281000000 0
-0.153749000000 0.655861000000 2.622257000000 0
-0.337981000000 0.349742000000 2.817073000000 0
0.054276000000 0.371674000000 2.657608000000 0
-0.184034000000 0.451185000000 2.646024000000 0
-0.112122000000 0.225356000000 2.791856000000 0
-0.312171000000 0.067219000000 2.720382000000 0
0.001725000000 0.072094000000 2.577307000000 0
-0.101137000000 0.048341000000 2.766777000000 0
-0.380608000000 0.089848000000 2.723285000000 0
0.087398000000 0.094821000000 2.677950000000 0
-0.385811000000 -0.214562000000 2.711845000000 0
0.080493000000 -0.207539000000 2.641153000000 0
-0.398155000000 -0.295614000000 2.703151000000 0
0.041304000000 -0.280075000000 2.641643000000 0
-0.277966000000 -0.517576000000 2.702877000000 0
-0.002808000000 -0.507313000000 2.655307000000 0
0.042678000000 -0.682407000000 2.985334000000 0
-0.367447000000 -0.760009000000 2.769092000000 0
-0.036136000000 -0.883847000000 2.957251000000 0
-0.245698000000 -0.940658000000 2.758065000000 0
-0.151300000000 0.663269000000 2.628719000000 0
-0.333621000000 0.349663000000 2.818784000000 0
0.057687000000 0.367004000000 2.656447000000 0
-0.180015000000 0.448455000000 2.645888000000 0
-0.109007000000 0.223159000000 2.792982000000 0
-0.311976000000 0.062308000000 2.720931000000 0
0.002953000000 0.074137000000 2.580557000000 0
-0.100992000000 0.047822000000 2.769096000000 0
-0.382358000000 0.090686000000 2.724614000000 0
0.088728000000 0.089629000000 2.676739000000 0
-0.391660000000 -0.214088000000 2.718843000000 0
0.087498000000 -0.213534000000 2.643609000000 0
-0.360253000000 -0.287118000000 2.696989000000 0
0.071962000000 -0.294336000000 2.648810000000 0
-0.284524000000 -0.519539000000 2.700203000000 0
0.002522000000 -0.507703000000 2.652523000000 0
0.038268000000 -0.679455000000 2.983039000000 0
-0.368343000000 -0.754899000000 2.757964000000 0
-0.040402000000 -0.881429000000 2.958626000000 0
-0.249036000000 -0.937326000000 2.749917000000 0
-0.142611000000 0.660036000000 2.621806000000 0
-0.334256000000 0.350806000000 2.815693000000 0
0.061259000000 0.362956000000 2.663388000000 0
-0.174636000000 0.448744000000 2.647830000000 0
-0.111318000000 0.220611000000 2.794060000000 0
-0.314068000000 0.064489000000 2.708944000000 0
0.009864000000 0.069331000000 2.590329000000 0
-0.107152000000 0.047001000000 2.771582000000 0
-0.378909000000 0.085892000000 2.725125000000 0
0.100646000000 0.082436000000 2.674932000000 0
-0.433621000000 -0.218166000000 2.721566000000 0
0.134737000000 -0.222520000000 2.638915000000 0
-0.433944000000 -0.297783000000 2.700156000000 0
0.153946000000 -0.302588000000 2.634730000000 0
-0.281598000000 -0.519190000000 2.704421000000 0
-0.003365000000 -0.512943000000 2.652428000000 0
0.042067000000 -0.680483000000 2.985472000000 0
-0.387712000000 -0.735709000000 2.763858000000 0
-0.037962000000 -0.882030000000 2.961970000000 0
-0.279488000000 -0.925021000000 2.758682000000 0
-0.145954000000 0.656182000000 2.622216000000 0
-0.334903000000 0.352319000000 2.802360000000 0
0.067032000000 0.367508000000 2.668221000000 0
-0.170277000000 0.444262000000 2.635950000000 0
-0.107392000000 0.228412000000 2.799936000000 0
-0.305968000000 0.070243000000 2.695813000000 0
0.025697000000 0.066498000000 2.600896000000 0
-0.104676000000 0.046774000000 2.773110000000 0
-0.408840000000 0.082861000000 2.732428000000 0
0.140244000000 0.089864000000 2.645443000000 0
-0.550995000000 -0.194763000000 2.697084000000 0
0.259451000000 -0.189833000000 2.567396000000 0
-0.571047000000 -0.274036000000 2.686544000000 0
0.285099000000 -0.267364000000 2.556062000000 0
-0.280934000000 -0.514018000000 2.703217000000 0
-0.004648000000 -0.515089000000 2.656343000000 0
0.040682000000 -0.679413000000 2.984236000000 0
-0.378381000000 -0.754372000000 2.769619000000 0
-0.043244000000 -0.879568000000 2.962484000000 0
-0.264495000000 -0.939733000000 2.753812000000 0
-0.154736000000 0.662479000000 2.624407000000 0
-0.334060000000 0.353727000000 2.787399000000 0
0.076160000000 0.371675000000 2.681695000000 0
-0.159524000000 0.442131000000 2.629380000000 0
-0.104817000000 0.234542000000 2.806441000000 0
-0.311441000000 0.071687000000 2.699272000000 0
0.024257000000 0.067892000000 2.619790000000 0
-0.114187000000 0.043579000000 2.784974000000 0
-0.503919000000 0.129329000000 2.719128000000 0
0.224929000000 0.145141000000 2.579628000000 0
-0.762805000000 -0.036517000000 2.647870000000 0
0.441906000000 -0.050140000000 2.459668000000 0
-0.793306000000 -0.110984000000 2.629933000000 0
0.498531000000 -0.109944000000 2.455846000000 0
-0.278233000000 -0.513451000000 2.700525000000 0
-0.007972000000 -0.513964000000 2.654345000000 0
0.041173000000 -0.679032000000 2.983945000000 0
-0.385670000000 -0.747359000000 2.766751000000 0
-0.039595000000 -0.879932000000 2.957597000000 0
-0.275280000000 -0.934633000000 2.748828000000 0
-0.147211000000 0.673933000000 2.643925000000 0
-0.330576000000 0.354946000000 2.784846000000 0
0.080607000000 0.369493000000 2.682412000000 0
-0.154101000000 0.441621000000 2.628028000000 0
-0.102416000000 0.234057000000 2.806024000000 0
-0.309496000000 0.071636000000 2.704042000000 0
0.027540000000 0.068883000000 2.630394000000 0
-0.113756000000 0.042554000000 2.792833000000 0
-0.562343000000 0.204582000000 2.698402000000 0
0.264391000000 0.201751000000 2.534478000000 0
-0.855327000000 0.116609000000 2.621311000000 0
0.530738000000 0.109796000000 2.392616000000 0
-0.928237000000 0.089904000000 2.593591000000 0
0.589452000000 0.063769000000 2.357521000000 0
-0.270008000000 -0.514187000000 2.699379000000 0
-0.002451000000 -0.513016000000 2.655971000000 0
0.045103000000 -0.680898000000 2.986915000000 0
-0.355424000000 -0.777339000000 2.779694000000 0
-0.033045000000 -0.882162000000 2.955865000000 0
-0.235417000000 -0.955446000000 2.741554000000 0
-0.149026000000 0.673437000000 2.655525000000 0
-0.329429000000 0.348051000000 2.758157000000 0
0.086664000000 0.368921000000 2.679372000000 0
-0.146431000000 0.426401000000 2.604467000000 0
-0.099163000000 0.238683000000 2.804378000000 0
-0.302157000000 0.071990000000 2.694918000000 0
0.036160000000 0.059781000000 2.628451000000 0
-0.108333000000 0.050975000000 2.789969000000 0
-0.607158000000 0.291205000000 2.686797000000 0
0.306886000000 0.296336000000 2.501352000000 0
-0.916179000000 0.301932000000 2.610091000000 0
0.573973000000 0.287999000000 2.327894000000 0
-0.989278000000 0.269196000000 2.590537000000 0
0.648415000000 0.280054000000 2.293359000000 0
-0.279242000000 -0.517224000000 2.695616000000 0
-0.005319000000 -0.523677000000 2.650715000000 0
0.040111000000 -0.678324000000 2.981665000000 0
-0.374791000000 -0.753401000000 2.793827000000 0
-0.038255000000 -0.880192000000 2.955466000000 0
-0.270819000000 -0.942044000000 2.759442000000 0
-0.143878000000 0.686292000000 2.657124000000 0
-0.329663000000 0.361278000000 2.722304000000 0
0.080427000000 0.380981000000 2.659290000000 0
-0.147397000000 0.424486000000 2.568568000000 0
-0.105438000000 0.262682000000 2.791044000000 0
-0.316102000000 0.087996000000 2.686737000000 0
0.024468000000 0.066716000000 2.635898000000 0
-0.127207000000 0.065525000000 2.790938000000 0
-0.613481000000 0.427122000000 2.679934000000 0
0.308637000000 0.428049000000 2.479323000000 0
-0.896670000000 0.540413000000 2.580347000000 0
0.532561000000 0.541059000000 2.279236000000 0
-0.972815000000 0.567364000000 2.563826000000 0
0.593918000000 0.555427000000 2.226073000000 0
-0.274040000000 -0.507568000000 2.684047000000 0
-0.000342000000 -0.510985000000 2.646323000000 0
0.035773000000 -0.672731000000 2.978157000000 0
-0.370694000000 -0.745917000000 2.778272000000 0
-0.035440000000 -0.875238000000 2.939451000000 0
-0.263112000000 -0.933072000000 2.747005000000 0
-0.159920000000 0.703748000000 2.671303000000 0
-0.313988000000 0.358787000000 2.704933000000 0
0.085878000000 0.377292000000 2.644071000000 0
-0.136391000000 0.415783000000 2.549895000000 0
-0.094431000000 0.264286000000 2.779514000000 0
-0.306769000000 0.086144000000 2.681214000000 0
0.033660000000 0.057376000000 2.633193000000 0
-0.119104000000 0.061417000000 2.787112000000 0
-0.571218000000 0.496988000000 2.676315000000 0
0.288509000000 0.500707000000 2.471458000000 0
-0.824867000000 0.660964000000 2.571371000000 0
0.474088000000 0.674667000000 2.277712000000 0
-0.889547000000 0.709977000000 2.556823000000 0
0.517479000000 0.699014000000 2.211971000000 0
-0.270865000000 -0.510607000000 2.690658000000 0
0.006027000000 -0.518012000000 2.645913000000 0
0.041242000000 -0.673960000000 2.983350000000 0
-0.367256000000 -0.751358000000 2.772297000000 0
-0.032471000000 -0.876357000000 2.948993000000 0
-0.259841000000 -0.938956000000 2.743188000000 0
-0.152250000000 0.712431000000 2.669882000000 0
-0.315197000000 0.379416000000 2.705827000000 0
0.076241000000 0.398639000000 2.636546000000 0
-0.145074000000 0.432298000000 2.545576000000 0
-0.096689000000 0.289082000000 2.779211000000 0
-0.300058000000 0.100637000000 2.679659000000 0
0.039500000000 0.073788000000 2.624846000000 0
-0.109967000000 0.079374000000 2.781920000000 0
-0.543532000000 0.559400000000 2.673926000000 0
0.252989000000 0.563645000000 2.471980000000 0
-0.755855000000 0.769235000000 2.562171000000 0
0.394361000000 0.777100000000 2.282106000000 0
-0.801490000000 0.836143000000 2.546741000000 0
0.436999000000 0.824964000000 2.230255000000 0
-0.270188000000 -0.495156000000 2.685889000000 0
-0.018163000000 -0.507004000000 2.654363000000 0
0.036360000000 -0.668824000000 2.978517000000 0
-0.382143000000 -0.765354000000 2.757018000000 0
-0.041160000000 -0.869192000000 2.940810000000 0
-0.266877000000 -0.945232000000 2.713016000000 0
-0.146690000000 0.727782000000 2.672709000000 0
-0.319698000000 0.413350000000 2.729567000000 0
0.058542000000 0.409839000000 2.628937000000 0
-0.162599000000 0.462129000000 2.557906000000 0
-0.104815000000 0.305537000000 2.780564000000 0
-0.307782000000 0.121586000000 2.704039000000 0
0.027122000000 0.105633000000 2.622736000000 0
-0.110097000000 0.099914000000 2.790612000000 0
-0.498138000000 0.631611000000 2.656331000000 0
0.188630000000 0.620989000000 2.476178000000 0
-0.619877000000 0.896407000000 2.530534000000 0
0.251273000000 0.881254000000 2.305593000000 0
-0.645438000000 0.971972000000 2.509702000000 0
0.279089000000 0.937927000000 2.252565000000 0
-0.266806000000 -0.472646000000 2.682181000000 0
-0.007658000000 -0.475735000000 2.646983000000 0
0.031114000000 -0.662724000000 2.973519000000 0
-0.379073000000 -0.715495000000 2.766692000000 0
-0.045376000000 -0.860565000000 2.922659000000 0
-0.269758000000 -0.901336000000 2.733646000000 0
-0.139237000000 0.717141000000 2.692927000000 0
-0.322545000000 0.418011000000 2.748138000000 0
0.043481000000 0.411823000000 2.620023000000 0
-0.179678000000 0.469372000000 2.566919000000 0
-0.107817000000 0.305630000000 2.780136000000 0
-0.313350000000 0.125954000000 2.716988000000 0
0.016340000000 0.114629000000 2.615987000000 0
-0.110521000000 0.108437000000 2.791805000000 0
-0.457142000000 0.654119000000 2.645347000000 0
0.146534000000 0.643852000000 2.478700000000 0
-0.528568000000 0.935072000000 2.517929000000 0
0.171480000000 0.919009000000 2.323981000000 0
-0.524657000000 1.014888000000 2.497643000000 0
0.098442000000 0.950362000000 2.302078000000 0
-0.263535000000 -0.468188000000 2.680956000000 0
-0.003286000000 -0.466271000000 2.642139000000 0
0.031271000000 -0.660745000000 2.973831000000 0
-0.379469000000 -0.703198000000 2.752213000000 0
-0.041490000000 -0.858401000000 2.917118000000 0
-0.270145000000 -0.889843000000 2.724091000000 0
-0.128981000000 0.704384000000 2.700075000000 0
-0.322032000000 0.426403000000 2.763603000000 0
0.042953000000 0.422336000000 2.625107000000 0
-0.180077000000 0.493225000000 2.585178000000 0
-0.109612000000 0.303778000000 2.776441000000 0
-0.308588000000 0.138894000000 2.731370000000 0
0.009761000000 0.126538000000 2.598983000000 0
-0.099308000000 0.124319000000 2.786448000000 0
-0.425897000000 0.665510000000 2.636725000000 0
0.116101000000 0.659817000000 2.475744000000 0
-0.427620000000 0.950857000000 2.501064000000 0
0.055579000000 0.942392000000 2.347997000000 0
-0.411373000000 1.031127000000 2.491571000000 0
0.039713000000 1.016112000000 2.314667000000 0
-0.260209000000 -0.455932000000 2.682835000000 0
-0.006928000000 -0.454332000000 2.635154000000 0
0.029924000000 -0.656170000000 2.975224000000 0
-0.381434000000 -0.687596000000 2.758026000000 0
-0.043455000000 -0.852183000000 2.913801000000 0
-0.274656000000 -0.875280000000 2.727172000000 0
-0.111024000000 0.708350000000 2.681766000000 0
-0.315512000000 0.426822000000 2.793796000000 0
0.033769000000 0.419066000000 2.617413000000 0
-0.189269000000 0.498631000000 2.604442000000 0
-0.106241000000 0.297331000000 2.777709000000 0
-0.309327000000 0.138870000000 2.742126000000 0
-0.001405000000 0.119497000000 2.587744000000 0
-0.096933000000 0.121384000000 2.782461000000 0
-0.379409000000 0.656804000000 2.634158000000 0
0.080458000000 0.664142000000 2.475228000000 0
-0.338046000000 0.939074000000 2.505535000000 0
-0.045363000000 0.939826000000 2.397134000000 0
-0.289009000000 0.999284000000 2.477829000000 0
-0.119107000000 0.968617000000 2.374106000000 0
-0.258815000000 -0.458472000000 2.681281000000 0
-0.008212000000 -0.457365000000 2.632638000000 0
0.029523000000 -0.651266000000 2.980373000000 0
-0.383988000000 -0.684824000000 2.762325000000 0
-0.037463000000 -0.849081000000 2.917439000000 0
-0.278855000000 -0.874000000000 2.735158000000 0
-0.099447000000 0.705531000000 2.658137000000 0
-0.318685000000 0.424665000000 2.810820000000 0
0.020450000000 0.413781000000 2.614871000000 0
-0.200036000000 0.498757000000 2.615942000000 0
-0.112548000000 0.290852000000 2.778909000000 0
-0.316431000000 0.135552000000 2.738564000000 0
-0.006273000000 0.131894000000 2.587521000000 0
-0.103936000000 0.126643000000 2.781114000000 0
-0.364436000000 0.640954000000 2.628041000000 0
0.066606000000 0.664224000000 2.482847000000 0
-0.320784000000 0.928367000000 2.513107000000 0
-0.076956000000 0.931034000000 2.405879000000 0
-0.272748000000 0.986700000000 2.480134000000 0
-0.149553000000 0.964882000000 2.386349000000 0
-0.267045000000 -0.456786000000 2.681108000000 0
-0.007209000000 -0.449653000000 2.639663000000 0
0.025182000000 -0.643580000000 2.980232000000 0
-0.380871000000 -0.686435000000 2.758303000000 0
-0.043428000000 -0.842566000000 2.922999000000 0
-0.270315000000 -0.872928000000 2.734302000000 0
-0.097672000000 0.698057000000 2.645190000000 0
-0.320628000000 0.414459000000 2.835540000000 0
0.001777000000 0.416372000000 2.611024000000 0
-0.222334000000 0.487970000000 2.627926000000 0
-0.108587000000 0.292111000000 2.789598000000 0
-0.305297000000 0.119821000000 2.739433000000 0
-0.021316000000 0.150671000000 2.545970000000 0
-0.089443000000 0.137326000000 2.751456000000 0
-0.352431000000 0.621141000000 2.639595000000 0
0.062311000000 0.667037000000 2.486022000000 0
-0.319697000000 0.907063000000 2.518312000000 0
-0.098295000000 0.925182000000 2.414612000000 0
-0.273907000000 0.965273000000 2.482087000000 0
-0.152742000000 0.987093000000 2.414709000000 0
-0.268891000000 -0.459379000000 2.683619000000 0
-0.011191000000 -0.441203000000 2.645657000000 0
0.025590000000 -0.640880000000 2.983789000000 0
-0.367910000000 -0.704688000000 2.760074000000 0
-0.050811000000 -0.840060000000 2.938307000000 0
-0.244850000000 -0.882818000000 2.733537000000 0
-0.108665000000 0.695918000000 2.660831000000 0
-0.318977000000 0.384467000000 2.840454000000 0
-0.008840000000 0.413305000000 2.601860000000 0
-0.237238000000 0.465275000000 2.628806000000 0
-0.099724000000 0.280741000000 2.785249000000 0
-0.297762000000 0.098266000000 2.752871000000 0
-0.031769000000 0.132609000000 2.535860000000 0
-0.083324000000 0.130201000000 2.746526000000 0
-0.347396000000 0.595106000000 2.648786000000 0
0.050108000000 0.669956000000 2.489751000000 0
-0.334395000000 0.880908000000 2.524563000000 0
-0.123958000000 0.921971000000 2.430823000000 0
-0.297192000000 0.942512000000 2.484336000000 0
-0.194979000000 0.960875000000 2.446311000000 0
-0.274699000000 -0.476185000000 2.683568000000 0
0.014681000000 -0.455621000000 2.638813000000 0
0.026174000000 -0.635132000000 2.990122000000 0
-0.346461000000 -0.702840000000 2.773807000000 0
-0.043664000000 -0.838457000000 2.953243000000 0
-0.228679000000 -0.885418000000 2.754543000000 0
-0.123931000000 0.678972000000 2.658991000000 0
-0.318373000000 0.374780000000 2.832509000000 0
-0.000550000000 0.410751000000 2.604452000000 0
-0.231625000000 0.456846000000 2.623630000000 0
-0.094974000000 0.276508000000 2.785623000000 0
-0.296780000000 0.093428000000 2.742918000000 0
-0.027413000000 0.136267000000 2.531658000000 0
-0.082665000000 0.128008000000 2.741236000000 0
-0.349850000000 0.593180000000 2.650573000000 0
0.058782000000 0.666062000000 2.490057000000 0
-0.333987000000 0.875497000000 2.519491000000 0
-0.096595000000 0.927163000000 2.420621000000 0
-0.296399000000 0.939594000000 2.483768000000 0
-0.166137000000 0.971331000000 2.417381000000 0
-0.279624000000 -0.476789000000 2.685922000000 0
-0.018030000000 -0.459458000000 2.652022000000 0
0.023409000000 -0.626624000000 2.994927000000 0
-0.387013000000 -0.707866000000 2.761150000000 0
-0.048511000000 -0.830588000000 2.966557000000 0
-0.269411000000 -0.890647000000 2.742720000000 0
-0.183526000000 0.661732000000 2.602391000000 0
-0.304618000000 0.343509000000 2.790154000000 0
0.017947000000 0.387880000000 2.585348000000 0
-0.212374000000 0.431811000000 2.592008000000 0
-0.083040000000 0.247773000000 2.755836000000 0
-0.309039000000 0.076487000000 2.753958000000 0
-0.019001000000 0.090394000000 2.567654000000 0
-0.092843000000 0.078586000000 2.771251000000 0
-0.352016000000 0.592910000000 2.658885000000 0
0.070602000000 0.657080000000 2.505114000000 0
-0.351826000000 0.874770000000 2.526369000000 0
-0.055719000000 0.922241000000 2.401488000000 0
-0.319532000000 0.940054000000 2.487736000000 0
-0.125459000000 0.966112000000 2.404473000000 0
-0.274705000000 -0.508971000000 2.689355000000 0
-0.015054000000 -0.495451000000 2.666773000000 0
0.033711000000 -0.628208000000 3.006255000000 0
-0.387975000000 -0.740167000000 2.770732000000 0
-0.018788000000 -0.838079000000 2.978382000000 0
-0.270360000000 -0.923600000000 2.760847000000 0
-0.201480000000 0.595846000000 2.502869000000 0
-0.313438000000 0.413614000000 2.771201000000 0
0.035107000000 0.405688000000 2.605307000000 0
-0.187198000000 0.476899000000 2.581127000000 0
-0.101978000000 0.290237000000 2.769095000000 0
-0.310212000000 0.119140000000 2.737329000000 0
-0.001338000000 0.094832000000 2.585570000000 0
-0.097845000000 0.106206000000 2.779480000000 0
-0.402289000000 0.651223000000 2.644493000000 0
0.102629000000 0.659285000000 2.497898000000 0
-0.417559000000 0.930359000000 2.512793000000 0
0.040298000000 0.940656000000 2.386359000000 0
-0.385755000000 0.997479000000 2.477003000000 0
-0.026646000000 0.974536000000 2.352184000000 0
-0.267579000000 -0.478925000000 2.683545000000 0
0.013898000000 -0.475435000000 2.638681000000 0
0.029214000000 -0.623677000000 3.000916000000 0
-0.370303000000 -0.688394000000 2.768302000000 0
-0.025254000000 -0.830396000000 2.957568000000 0
-0.269198000000 -0.880950000000 2.751625000000 0
-0.167285000000 0.612405000000 2.460943000000 0
-0.320864000000 0.426823000000 2.768462000000 0
0.036322000000 0.405875000000 2.614830000000 0
-0.184777000000 0.479985000000 2.580065000000 0
-0.110037000000 0.299683000000 2.778413000000 0
-0.311446000000 0.134998000000 2.721675000000 0
0.008645000000 0.096993000000 2.598703000000 0
-0.104547000000 0.113211000000 2.783008000000 0
-0.444968000000 0.649119000000 2.649400000000 0
0.136142000000 0.640906000000 2.497399000000 0
-0.489892000000 0.925364000000 2.524956000000 0
0.123406000000 0.918043000000 2.367599000000 0
-0.492451000000 1.000915000000 2.492047000000 0
0.154327000000 0.989230000000 2.339782000000 0
-0.262801000000 -0.467534000000 2.680660000000 0
-0.001922000000 -0.472747000000 2.636724000000 0
0.027180000000 -0.621991000000 2.999749000000 0
-0.382144000000 -0.694872000000 2.762644000000 0
-0.027943000000 -0.827211000000 2.950506000000 0
-0.279102000000 -0.885479000000 2.737552000000 0
-0.158707000000 0.616423000000 2.457960000000 0
-0.327290000000 0.432971000000 2.757856000000 0
0.038949000000 0.402434000000 2.618692000000 0
-0.182445000000 0.472461000000 2.570615000000 0
-0.114787000000 0.308109000000 2.784736000000 0
-0.306997000000 0.141397000000 2.722020000000 0
0.011567000000 0.103539000000 2.595098000000 0
-0.100254000000 0.112200000000 2.780746000000 0
-0.501418000000 0.632355000000 2.662564000000 0
0.181871000000 0.611923000000 2.496864000000 0
-0.584640000000 0.895793000000 2.529592000000 0
0.233433000000 0.881079000000 2.359374000000 0
-0.625306000000 0.965212000000 2.511575000000 0
0.258230000000 0.930642000000 2.298333000000 0
-0.263298000000 -0.460695000000 2.681507000000 0
-0.012120000000 -0.468297000000 2.639514000000 0
0.026811000000 -0.619093000000 2.998542000000 0
-0.372205000000 -0.718887000000 2.771072000000 0
-0.031961000000 -0.823511000000 2.950191000000 0
-0.258379000000 -0.901416000000 2.734944000000 0
-0.157323000000 0.614360000000 2.454133000000 0
-0.327890000000 0.386334000000 2.749461000000 0
0.056138000000 0.396060000000 2.627128000000 0
-0.174597000000 0.448326000000 2.571929000000 0
-0.103533000000 0.279742000000 2.781610000000 0
-0.306069000000 0.128238000000 2.709573000000 0
0.021538000000 0.098638000000 2.605541000000 0
-0.103628000000 0.101399000000 2.782656000000 0
-0.561832000000 0.534438000000 2.697457000000 0
0.254283000000 0.545404000000 2.493700000000 0
-0.718522000000 0.760297000000 2.560724000000 0
0.409723000000 0.751774000000 2.327838000000 0
-0.766332000000 0.821504000000 2.533058000000 0
0.442046000000 0.811048000000 2.280517000000 0
-0.259199000000 -0.471205000000 2.683527000000 0
-0.006136000000 -0.476447000000 2.646096000000 0
0.032520000000 -0.620744000000 3.003374000000 0
-0.386822000000 -0.702720000000 2.762899000000 0
-0.026681000000 -0.826405000000 2.961215000000 0
-0.280730000000 -0.892129000000 2.741748000000 0
-0.146470000000 0.603301000000 2.465403000000 0
-0.320464000000 0.366691000000 2.739516000000 0
0.079950000000 0.397765000000 2.635817000000 0
-0.156045000000 0.445656000000 2.573641000000 0
-0.089837000000 0.265797000000 2.775394000000 0
-0.293837000000 0.104287000000 2.701046000000 0
0.038223000000 0.074067000000 2.612458000000 0
-0.095076000000 0.077186000000 2.783530000000 0
-0.593977000000 0.434447000000 2.729867000000 0
0.309456000000 0.470445000000 2.489060000000 0
-0.788942000000 0.607761000000 2.567510000000 0
0.511230000000 0.619661000000 2.311773000000 0
-0.844862000000 0.653108000000 2.527336000000 0
0.575129000000 0.650942000000 2.270111000000 0
-0.274440000000 -0.491727000000 2.687804000000 0
-0.014332000000 -0.504310000000 2.655426000000 0
0.032849000000 -0.618828000000 3.002738000000 0
-0.390369000000 -0.736113000000 2.776367000000 0
-0.029887000000 -0.826510000000 2.980134000000 0
-0.283923000000 -0.924198000000 2.746842000000 0
-0.146736000000 0.604198000000 2.477406000000 0
-0.323454000000 0.353436000000 2.740387000000 0
0.089340000000 0.380480000000 2.647407000000 0
-0.146652000000 0.439527000000 2.583616000000 0
-0.091075000000 0.243758000000 2.773412000000 0
-0.283641000000 0.086332000000 2.694278000000 0
0.050281000000 0.057091000000 2.612633000000 0
-0.086477000000 0.060651000000 2.780943000000 0
-0.601929000000 0.316775000000 2.750223000000 0
0.327478000000 0.368682000000 2.498612000000 0
-0.832046000000 0.427878000000 2.581367000000 0
0.574199000000 0.426824000000 2.326686000000 0
-0.894336000000 0.457463000000 2.536177000000 0
0.654613000000 0.429281000000 2.308658000000 0
-0.278409000000 -0.506122000000 2.697352000000 0
-0.002973000000 -0.521516000000 2.659066000000 0
0.038512000000 -0.620342000000 3.007640000000 0
-0.400021000000 -0.721491000000 2.769189000000 0
-0.026966000000 -0.828184000000 2.998009000000 0
-0.304862000000 -0.917360000000 2.756601000000 0
-0.145846000000 0.615642000000 2.514672000000 0
-0.325368000000 0.355128000000 2.765234000000 0
0.085178000000 0.381313000000 2.662560000000 0
-0.150094000000 0.457414000000 2.616694000000 0
-0.096651000000 0.233708000000 2.773334000000 0
-0.281019000000 0.083547000000 2.697188000000 0
0.049697000000 0.060718000000 2.601631000000 0
-0.080183000000 0.059012000000 2.775333000000 0
-0.536917000000 0.167944000000 2.752918000000 0
0.269973000000 0.200475000000 2.548145000000 0
-0.810789000000 0.126439000000 2.617960000000 0
0.533656000000 0.117968000000 2.411739000000 0
-0.851548000000 0.108250000000 2.548640000000 0
0.577625000000 0.050319000000 2.394777000000 0
-0.276242000000 -0.506334000000 2.699589000000 0
-0.010309000000 -0.520376000000 2.658151000000 0
0.040046000000 -0.621222000000 3.010277000000 0
-0.393952000000 -0.749097000000 2.759488000000 0
-0.027203000000 -0.828559000000 3.002068000000 0
-0.287124000000 -0.938002000000 2.737553000000 0
-0.161642000000 0.669400000000 2.629801000000 0
-0.329409000000 0.356168000000 2.767816000000 0
0.079469000000 0.372575000000 2.656797000000 0
-0.156416000000 0.445148000000 2.608430000000 0
-0.100738000000 0.235276000000 2.782473000000 0
-0.291383000000 0.076307000000 2.688222000000 0
0.039835000000 0.063164000000 2.592583000000 0
-0.090215000000 0.052907000000 2.765862000000 0
-0.466331000000 0.114036000000 2.747099000000 0
0.219702000000 0.144917000000 2.577353000000 0
-0.710127000000 -0.052124000000 2.673897000000 0
0.412708000000 -0.072587000000 2.488780000000 0
-0.775804000000 -0.097754000000 2.653852000000 0
0.471483000000 -0.117427000000 2.452279000000 0
-0.274933000000 -0.510835000000 2.697380000000 0
-0.009776000000 -0.518057000000 2.660480000000 0
0.040212000000 -0.621490000000 3.010753000000 0
-0.381023000000 -0.757626000000 2.781090000000 0
-0.026182000000 -0.829161000000 3.004193000000 0
-0.268608000000 -0.943186000000 2.758535000000 0
-0.154303000000 0.670649000000 2.626349000000 0
-0.337709000000 0.350253000000 2.777593000000 0
0.069864000000 0.368894000000 2.662213000000 0
-0.165860000000 0.446296000000 2.621095000000 0
-0.110125000000 0.226551000000 2.782472000000 0
-0.304257000000 0.069332000000 2.683552000000 0
0.024268000000 0.067800000000 2.578222000000 0
-0.100367000000 0.049292000000 2.754766000000 0
-0.410946000000 0.077926000000 2.732227000000 0
0.136718000000 0.094361000000 2.620429000000 0
-0.529676000000 -0.208409000000 2.703819000000 0
0.225122000000 -0.203052000000 2.595491000000 0
-0.505447000000 -0.274132000000 2.660335000000 0
0.246878000000 -0.282573000000 2.594765000000 0
-0.280577000000 -0.513912000000 2.694078000000 0
-0.003376000000 -0.512458000000 2.656841000000 0
0.036560000000 -0.619674000000 3.007131000000 0
-0.368859000000 -0.759465000000 2.780023000000 0
-0.028889000000 -0.827710000000 3.003151000000 0
-0.250388000000 -0.942032000000 2.765441000000 0
-0.149203000000 0.664779000000 2.608495000000 0
-0.323591000000 0.353468000000 2.786717000000 0
0.082549000000 0.352966000000 2.664955000000 0
-0.147756000000 0.449330000000 2.634598000000 0
-0.105181000000 0.214423000000 2.777577000000 0
-0.308509000000 0.063733000000 2.667122000000 0
0.027737000000 0.066566000000 2.589946000000 0
-0.111095000000 0.047633000000 2.755510000000 0
-0.381608000000 0.077604000000 2.719645000000 0
0.100697000000 0.064148000000 2.650090000000 0
-0.414387000000 -0.236469000000 2.717372000000 0
0.101406000000 -0.251584000000 2.644276000000 0
-0.407788000000 -0.318606000000 2.720077000000 0
0.114827000000 -0.331968000000 2.631800000000 0
-0.284013000000 -0.516552000000 2.694633000000 0
-0.003642000000 -0.516741000000 2.656189000000 0
0.036237000000 -0.619093000000 3.005583000000 0
-0.390128000000 -0.734963000000 2.769199000000 0
-0.030960000000 -0.826608000000 3.006358000000 0
-0.283454000000 -0.925207000000 2.766657000000 0
-0.146617000000 0.648182000000 2.608520000000 0
-0.323007000000 0.350931000000 2.816289000000 0
0.060833000000 0.362432000000 2.636539000000 0
-0.172618000000 0.455661000000 2.644060000000 0
-0.106585000000 0.216335000000 2.769756000000 0
-0.311965000000 0.053394000000 2.705137000000 0
0.002476000000 0.073587000000 2.564626000000 0
-0.100647000000 0.047744000000 2.753680000000 0
-0.383121000000 0.087314000000 2.716212000000 0
0.084822000000 0.076073000000 2.659903000000 0
-0.381318000000 -0.226608000000 2.703191000000 0
0.067833000000 -0.237286000000 2.644493000000 0
-0.401749000000 -0.305570000000 2.715233000000 0
0.028640000000 -0.309196000000 2.653994000000 0
-0.280776000000 -0.526385000000 2.686055000000 0
-0.004216000000 -0.511296000000 2.657030000000 0
0.034998000000 -0.618183000000 3.004840000000 0
-0.376109000000 -0.750711000000 2.775943000000 0
-0.020401000000 -0.829075000000 2.998986000000 0
-0.259106000000 -0.934742000000 2.771341000000 0
-0.145507000000 0.649785000000 2.600769000000 0
-0.333973000000 0.347814000000 2.794179000000 0
0.062770000000 0.370025000000 2.646269000000 0
-0.174562000000 0.451539000000 2.629628000000 0
-0.108361000000 0.222272000000 2.772775000000 0
-0.312845000000 0.068050000000 2.695552000000 0
0.011079000000 0.061271000000 2.577008000000 0
-0.106544000000 0.045325000000 2.758542000000 0
-0.371434000000 0.077252000000 2.711598000000 0
0.092608000000 0.087902000000 2.676985000000 0
-0.389896000000 -0.233018000000 2.701729000000 0
0.082293000000 -0.220801000000 2.640898000000 0
-0.404789000000 -0.314108000000 2.701592000000 0
0.043140000000 -0.293177000000 2.646011000000 0
-0.277882000000 -0.520454000000 2.688874000000 0
0.002027000000 -0.513484000000 2.660559000000 0
0.036546000000 -0.615064000000 3.008167000000 0
-0.379747000000 -0.742758000000 2.767544000000 0
-0.018389000000 -0.825990000000 2.999766000000 0
-0.266497000000 -0.929119000000 2.772296000000 0
-0.146829000000 0.650420000000 2.585528000000 0
-0.332743000000 0.355913000000 2.798845000000 0
0.062710000000 0.370719000000 2.646616000000 0
-0.173413000000 0.456041000000 2.632002000000 0
-0.109465000000 0.226543000000 2.775802000000 0
-0.314308000000 0.070754000000 2.698935000000 0
0.008609000000 0.064467000000 2.577652000000 0
-0.107465000000 0.048087000000 2.760141000000 0
-0.374357000000 0.087504000000 2.715455000000 0
0.099708000000 0.089611000000 2.665022000000 0
-0.401784000000 -0.220601000000 2.701452000000 0
0.081492000000 -0.218573000000 2.641207000000 0
-0.410521000000 -0.302519000000 2.698205000000 0
0.047818000000 -0.293793000000 2.643553000000 0
-0.280810000000 -0.517484000000 2.690864000000 0
-0.006214000000 -0.512089000000 2.659063000000 0
0.035713000000 -0.613805000000 3.007566000000 0
-0.393855000000 -0.727232000000 2.774007000000 0
-0.020014000000 -0.824524000000 2.999173000000 0
-0.286983000000 -0.917326000000 2.778623000000 0
-0.143882000000 0.654258000000 2.592894000000 0
-0.334539000000 0.353915000000 2.801798000000 0
0.057554000000 0.370720000000 2.641308000000 0
-0.179195000000 0.455027000000 2.631819000000 0
-0.111233000000 0.225570000000 2.773831000000 0
-0.314759000000 0.068843000000 2.705443000000 0
0.002076000000 0.068544000000 2.568914000000 0
-0.104968000000 0.048099000000 2.756444000000 0
-0.377668000000 0.086580000000 2.717216000000 0
0.086751000000 0.089845000000 2.668496000000 0
-0.392477000000 -0.220943000000 2.689023000000 0
0.073183000000 -0.216762000000 2.631179000000 0
-0.415554000000 -0.300067000000 2.686955000000 0
0.038046000000 -0.290337000000 2.643408000000 0
-0.279831000000 -0.517987000000 2.688735000000 0
-0.008478000000 -0.508900000000 2.656594000000 0
0.035622000000 -0.612861000000 3.006937000000 0
-0.388033000000 -0.744655000000 2.757202000000 0
-0.018495000000 -0.823962000000 2.997645000000 0
-0.272410000000 -0.929591000000 2.760043000000 0
-0.143224000000 0.655559000000 2.591373000000 0
-0.333857000000 0.352283000000 2.807069000000 0
0.055603000000 0.372182000000 2.640631000000 0
-0.181660000000 0.455416000000 2.635465000000 0
-0.110413000000 0.225229000000 2.774659000000 0
-0.317246000000 0.067008000000 2.704297000000 0
-0.001895000000 0.074833000000 2.564592000000 0
-0.106603000000 0.049039000000 2.752780000000 0
-0.382154000000 0.089750000000 2.714414000000 0
0.081988000000 0.091955000000 2.665486000000 0
-0.387163000000 -0.216540000000 2.683053000000 0
0.072150000000 -0.214206000000 2.634005000000 0
-0.401601000000 -0.297074000000 2.672890000000 0
0.038454000000 -0.288940000000 2.642765000000 0
-0.276799000000 -0.516872000000 2.691082000000 0
-0.011047000000 -0.504153000000 2.656713000000 0
0.038473000000 -0.612223000000 3.009321000000 0
-0.376800000000 -0.759896000000 2.759595000000 0
-0.016475000000 -0.823132000000 3.000564000000 0
-0.252603000000 -0.939163000000 2.755503000000 0
-0.146407000000 0.650824000000 2.584598000000 0
-0.332989000000 0.352757000000 2.811392000000 0
0.054029000000 0.373642000000 2.639470000000 0
-0.183511000000 0.456222000000 2.637612000000 0
-0.109676000000 0.226301000000 2.775893000000 0
-0.314205000000 0.067551000000 2.711072000000 0
-0.001659000000 0.075582000000 2.565211000000 0
-0.102678000000 0.049004000000 2.755298000000 0
-0.381745000000 0.091655000000 2.715453000000 0
0.084098000000 0.093937000000 2.664306000000 0
-0.385513000000 -0.214812000000 2.687426000000 0
0.068737000000 -0.211687000000 2.631444000000 0
-0.357862000000 -0.292425000000 2.684416000000 0
0.045442000000 -0.287691000000 2.653308000000 0
-0.276284000000 -0.516199000000 2.693967000000 0
-0.004877000000 -0.502195000000 2.658232000000 0
0.040106000000 -0.611211000000 3.011195000000 0
-0.379255000000 -0.746204000000 2.758555000000 0
-0.014688000000 -0.822169000000 3.002661000000 0
-0.259450000000 -0.928441000000 2.762393000000 0
-0.150046000000 0.649936000000 2.582032000000 0
