-0.325605000000 0.208639000000 2.798165000000 0
0.061701000000 0.215083000000 2.775876000000 0
-0.139839000000 0.244993000000 2.659538000000 0
-0.120446000000 0.107471000000 2.956771000000 0
-0.274045000000 -0.184249000000 2.804626000000 0
0.000128000000 -0.192311000000 2.796906000000 0
-0.131411000000 -0.194785000000 3.004544000000 0
-0.356305000000 -0.067566000000 2.773233000000 0
0.055204000000 -0.059957000000 2.729352000000 0
-0.322011000000 -0.361480000000 2.701964000000 0
0.050809000000 -0.363467000000 2.706930000000 0
-0.293708000000 -0.430618000000 2.700737000000 0
0.012135000000 -0.425519000000 2.722307000000 0
-0.002495000000 -0.652997000000 2.747718000000 0
-0.300383000000 -0.646901000000 2.770823000000 0
-0.084344000000 -1.055963000000 2.817060000000 0
-0.265141000000 -1.051209000000 2.866644000000 0
0.062996000000 -1.101681000000 2.725294000000 0
-0.418287000000 -1.085232000000 2.779414000000 0
-0.150410000000 0.537796000000 2.695771000000 0
-0.324978000000 0.209813000000 2.791673000000 0
0.062429000000 0.218519000000 2.772075000000 0
-0.138435000000 0.243727000000 2.653473000000 0
-0.120303000000 0.114563000000 2.954511000000 0
-0.273644000000 -0.183476000000 2.800870000000 0
0.000558000000 -0.193330000000 2.797503000000 0
-0.134239000000 -0.193976000000 3.003054000000 0
-0.358944000000 -0.066403000000 2.778023000000 0
0.055487000000 -0.056976000000 2.730968000000 0
-0.324852000000 -0.359051000000 2.703352000000 0
0.055047000000 -0.359749000000 2.704349000000 0
-0.293629000000 -0.426851000000 2.700052000000 0
0.030530000000 -0.425408000000 2.730241000000 0
-0.006678000000 -0.655397000000 2.749540000000 0
-0.299922000000 -0.647552000000 2.767294000000 0
-0.086242000000 -1.059915000000 2.812178000000 0
-0.259919000000 -1.050599000000 2.866501000000 0
0.061610000000 -1.103256000000 2.720083000000 0
-0.411113000000 -1.087608000000 2.777108000000 0
-0.150441000000 0.537204000000 2.695382000000 0
-0.323958000000 0.206472000000 2.795146000000 0
0.062785000000 0.221628000000 2.767863000000 0
-0.140747000000 0.241820000000 2.652907000000 0
-0.114531000000 0.116891000000 2.955134000000 0
-0.268361000000 -0.181154000000 2.806533000000 0
0.005418000000 -0.191983000000 2.791596000000 0
-0.120606000000 -0.192676000000 3.002640000000 0
-0.363618000000 -0.069075000000 2.779959000000 0
0.052499000000 -0.053959000000 2.726925000000 0
-0.327728000000 -0.361310000000 2.703779000000 0
0.065009000000 -0.357097000000 2.705867000000 0
-0.299498000000 -0.430417000000 2.700639000000 0
0.037686000000 -0.425919000000 2.715849000000 0
-0.006722000000 -0.654377000000 2.742110000000 0
-0.298331000000 -0.643838000000 2.766049000000 0
-0.083491000000 -1.058118000000 2.812742000000 0
-0.251321000000 -1.041028000000 2.884029000000 0
0.058788000000 -1.102659000000 2.712777000000 0
-0.402901000000 -1.084449000000 2.798248000000 0
-0.154550000000 0.537091000000 2.690174000000 0
-0.327378000000 0.206858000000 2.795082000000 0
0.059352000000 0.220976000000 2.767064000000 0
-0.144400000000 0.244614000000 2.653161000000 0
-0.117907000000 0.112813000000 2.952431000000 0
-0.274190000000 -0.180664000000 2.800488000000 0
-0.000199000000 -0.190221000000 2.788958000000 0
-0.128795000000 -0.190413000000 2.998446000000 0
-0.362780000000 -0.069303000000 2.774013000000 0
0.053972000000 -0.055064000000 2.725409000000 0
-0.332462000000 -0.363800000000 2.702444000000 0
0.063820000000 -0.358608000000 2.702301000000 0
-0.299021000000 -0.430494000000 2.698416000000 0
0.025153000000 -0.417777000000 2.726519000000 0
-0.009429000000 -0.652532000000 2.739988000000 0
-0.301155000000 -0.644644000000 2.768559000000 0
-0.084128000000 -1.056118000000 2.813658000000 0
-0.260284000000 -1.046446000000 2.872359000000 0
0.058917000000 -1.100642000000 2.714784000000 0
-0.413400000000 -1.084172000000 2.786613000000 0
-0.142520000000 0.534507000000 2.707706000000 0
-0.324297000000 0.205810000000 2.791174000000 0
0.062870000000 0.219385000000 2.769690000000 0
-0.138893000000 0.243142000000 2.652323000000 0
-0.117645000000 0.111694000000 2.952166000000 0
-0.273690000000 -0.183438000000 2.798885000000 0
0.000426000000 -0.192900000000 2.790734000000 0
-0.130654000000 -0.190608000000 2.998664000000 0
-0.368523000000 -0.069854000000 2.779302000000 0
0.052129000000 -0.056018000000 2.723588000000 0
-0.331874000000 -0.362997000000 2.704185000000 0
0.053452000000 -0.359921000000 2.699931000000 0
-0.300855000000 -0.430755000000 2.698783000000 0
0.015939000000 -0.422584000000 2.715703000000 0
-0.007916000000 -0.654023000000 2.738317000000 0
-0.300504000000 -0.646731000000 2.766318000000 0
-0.084601000000 -1.057216000000 2.812100000000 0
-0.267338000000 -1.049621000000 2.868636000000 0
0.058120000000 -1.102479000000 2.713093000000 0
-0.418382000000 -1.084989000000 2.778331000000 0
-0.145789000000 0.536472000000 2.701284000000 0
-0.330995000000 0.203016000000 2.794883000000 0
0.055585000000 0.219845000000 2.766303000000 0
-0.148488000000 0.241874000000 2.652653000000 0
-0.120642000000 0.110682000000 2.952068000000 0
-0.273864000000 -0.183127000000 2.803883000000 0
-0.000138000000 -0.193459000000 2.787678000000 0
-0.125158000000 -0.193769000000 2.999320000000 0
-0.367010000000 -0.072970000000 2.777308000000 0
0.051378000000 -0.056015000000 2.725590000000 0
-0.329741000000 -0.365992000000 2.704545000000 0
0.053105000000 -0.359204000000 2.700706000000 0
-0.295952000000 -0.432250000000 2.697419000000 0
0.025804000000 -0.423898000000 2.726239000000 0
-0.008328000000 -0.654787000000 2.742240000000 0
-0.302540000000 -0.646543000000 2.766454000000 0
-0.086318000000 -1.058915000000 2.809230000000 0
-0.266855000000 -1.049012000000 2.869574000000 0
0.058264000000 -1.102874000000 2.712361000000 0
-0.419856000000 -1.084811000000 2.782801000000 0
-0.147715000000 0.534276000000 2.696703000000 0
-0.331536000000 0.206559000000 2.770926000000 0
0.055762000000 0.226083000000 2.783712000000 0
-0.135079000000 0.244959000000 2.648541000000 0
-0.138668000000 0.118022000000 2.951047000000 0
-0.271287000000 -0.178147000000 2.789508000000 0
0.002514000000 -0.189654000000 2.803494000000 0
-0.145020000000 -0.189465000000 3.000104000000 0
-0.362745000000 -0.069675000000 2.776541000000 0
0.052151000000 -0.046272000000 2.727850000000 0
-0.326591000000 -0.361896000000 2.703780000000 0
0.042547000000 -0.348023000000 2.698721000000 0
-0.293522000000 -0.428737000000 2.699160000000 0
0.015696000000 -0.415767000000 2.715225000000 0
-0.009351000000 -0.652346000000 2.742734000000 0
-0.302093000000 -0.641581000000 2.767543000000 0
-0.083077000000 -1.056693000000 2.813136000000 0
-0.256331000000 -1.039873000000 2.882251000000 0
0.063404000000 -1.099830000000 2.718782000000 0
-0.406209000000 -1.082725000000 2.793252000000 0
-0.159723000000 0.538650000000 2.696317000000 0
-0.332975000000 0.206135000000 2.789093000000 0
0.053742000000 0.230982000000 2.769688000000 0
-0.148007000000 0.249113000000 2.651297000000 0
-0.124527000000 0.117729000000 2.951002000000 0
-0.273730000000 -0.174725000000 2.799584000000 0
0.000294000000 -0.186311000000 2.791077000000 0
-0.130614000000 -0.185786000000 2.999128000000 0
-0.363137000000 -0.068930000000 2.781613000000 0
0.044303000000 -0.042203000000 2.726010000000 0
-0.329840000000 -0.360272000000 2.709561000000 0
0.024640000000 -0.342461000000 2.700734000000 0
-0.300234000000 -0.428098000000 2.699278000000 0
0.008442000000 -0.415330000000 2.703955000000 0
-0.009212000000 -0.647570000000 2.744055000000 0
-0.302344000000 -0.639380000000 2.766587000000 0
-0.083165000000 -1.052560000000 2.810414000000 0
-0.258060000000 -1.037800000000 2.881432000000 0
0.062607000000 -1.094878000000 2.714602000000 0
-0.409261000000 -1.079735000000 2.794255000000 0
-0.157934000000 0.540012000000 2.697813000000 0
-0.333412000000 0.208581000000 2.768198000000 0
0.053777000000 0.231599000000 2.778112000000 0
-0.138109000000 0.246994000000 2.643984000000 0
-0.138597000000 0.124163000000 2.948202000000 0
-0.270930000000 -0.172705000000 2.788702000000 0
0.002891000000 -0.184933000000 2.801648000000 0
-0.143824000000 -0.182731000000 2.998858000000 0
-0.360607000000 -0.065985000000 2.780143000000 0
0.051106000000 -0.040600000000 2.731531000000 0
-0.329598000000 -0.357002000000 2.708714000000 0
0.036756000000 -0.340564000000 2.707659000000 0
-0.294315000000 -0.422002000000 2.698098000000 0
0.008276000000 -0.409383000000 2.701712000000 0
-0.007701000000 -0.646777000000 2.746354000000 0
-0.301544000000 -0.636948000000 2.767773000000 0
-0.082719000000 -1.051614000000 2.812447000000 0
-0.266798000000 -1.040096000000 2.868538000000 0
0.065627000000 -1.094076000000 2.720737000000 0
-0.416817000000 -1.075971000000 2.776736000000 0
-0.158837000000 0.546023000000 2.684382000000 0
-0.327081000000 0.211612000000 2.837387000000 0
0.054422000000 0.228573000000 2.768745000000 0
-0.160192000000 0.266792000000 2.681982000000 0
-0.103120000000 0.098032000000 2.957479000000 0
-0.274331000000 -0.179992000000 2.822911000000 0
-0.004332000000 -0.184856000000 2.774204000000 0
-0.103110000000 -0.181643000000 2.999270000000 0
-0.387780000000 -0.056376000000 2.808099000000 0
0.054744000000 -0.045632000000 2.734519000000 0
-0.463924000000 -0.341954000000 2.748856000000 0
0.102189000000 -0.343308000000 2.734857000000 0
-0.482299000000 -0.412899000000 2.734301000000 0
0.159090000000 -0.390207000000 2.722796000000 0
-0.006810000000 -0.647053000000 2.739921000000 0
-0.304770000000 -0.636580000000 2.765081000000 0
-0.084131000000 -1.050715000000 2.810398000000 0
-0.266320000000 -1.040062000000 2.863124000000 0
0.051926000000 -1.095653000000 2.702282000000 0
-0.422218000000 -1.074820000000 2.781223000000 0
-0.157224000000 0.538234000000 2.690648000000 0
-0.322029000000 0.184559000000 2.878322000000 0
0.038675000000 0.239908000000 2.746514000000 0
-0.190261000000 0.264276000000 2.701319000000 0
-0.072201000000 0.083987000000 2.948692000000 0
-0.249797000000 -0.170069000000 2.834448000000 0
0.007187000000 -0.190582000000 2.740462000000 0
-0.051305000000 -0.181093000000 2.979021000000 0
-0.430092000000 -0.060467000000 2.807759000000 0
0.100288000000 -0.029922000000 2.756014000000 0
-0.609859000000 -0.303252000000 2.807559000000 0
0.246214000000 -0.294125000000 2.768786000000 0
-0.653896000000 -0.363595000000 2.806136000000 0
0.253304000000 -0.343737000000 2.713369000000 0
-0.011143000000 -0.650567000000 2.732801000000 0
-0.304988000000 -0.631389000000 2.764303000000 0
-0.085601000000 -1.052918000000 2.813166000000 0
-0.267927000000 -1.036978000000 2.853821000000 0
0.038311000000 -1.100022000000 2.692140000000 0
-0.430640000000 -1.067188000000 2.784309000000 0
-0.152168000000 0.525814000000 2.694935000000 0
-0.329976000000 0.219735000000 2.809825000000 0
0.056673000000 0.220364000000 2.777479000000 0
-0.147255000000 0.257705000000 2.667630000000 0
-0.122608000000 0.109665000000 2.959371000000 0
-0.273513000000 -0.183129000000 2.799697000000 0
0.000715000000 -0.185462000000 2.790266000000 0
-0.129409000000 -0.186545000000 2.998806000000 0
-0.488645000000 -0.008694000000 2.813834000000 0
0.155142000000 -0.038169000000 2.748566000000 0
-0.725819000000 -0.195249000000 2.845659000000 0
0.379072000000 -0.242158000000 2.766191000000 0
-0.762828000000 -0.235580000000 2.896514000000 0
0.396061000000 -0.295423000000 2.815758000000 0
0.000150000000 -0.645363000000 2.736247000000 0
-0.304285000000 -0.632402000000 2.762364000000 0
-0.085126000000 -1.046828000000 2.810021000000 0
-0.269148000000 -1.036589000000 2.858735000000 0
0.059939000000 -1.094940000000 2.715885000000 0
-0.425949000000 -1.069517000000 2.777807000000 0
-0.146242000000 0.544129000000 2.696159000000 0
-0.346608000000 0.225415000000 2.781400000000 0
0.041212000000 0.229061000000 2.770171000000 0
-0.156668000000 0.248787000000 2.645664000000 0
-0.146689000000 0.138513000000 2.954494000000 0
-0.276344000000 -0.181124000000 2.800064000000 0
-0.002562000000 -0.185204000000 2.782124000000 0
-0.126050000000 -0.178445000000 2.994555000000 0
-0.566698000000 0.060898000000 2.820117000000 0
0.236302000000 0.032599000000 2.751524000000 0
-0.833490000000 -0.077541000000 2.855989000000 0
0.483704000000 -0.131654000000 2.810203000000 0
-0.895065000000 -0.095811000000 2.894164000000 0
0.547232000000 -0.167717000000 2.794513000000 0
-0.013008000000 -0.649229000000 2.735039000000 0
-0.305819000000 -0.633252000000 2.759910000000 0
-0.085329000000 -1.052372000000 2.813362000000 0
-0.267132000000 -1.036440000000 2.859067000000 0
0.051331000000 -1.097712000000 2.706177000000 0
-0.421400000000 -1.072043000000 2.774487000000 0
-0.161118000000 0.549445000000 2.701016000000 0
-0.336868000000 0.243882000000 2.797635000000 0
0.049751000000 0.230593000000 2.767749000000 0
-0.152553000000 0.264966000000 2.653999000000 0
-0.133439000000 0.140125000000 2.956795000000 0
-0.269331000000 -0.170352000000 2.805551000000 0
0.002178000000 -0.180759000000 2.767206000000 0
-0.104805000000 -0.168423000000 2.988169000000 0
-0.608528000000 0.189988000000 2.792106000000 0
0.315100000000 0.160497000000 2.730187000000 0
-0.908223000000 0.158935000000 2.815074000000 0
0.611080000000 0.105510000000 2.756282000000 0
-0.978588000000 0.184034000000 2.816282000000 0
0.667855000000 0.081707000000 2.798622000000 0
-0.022017000000 -0.646671000000 2.729158000000 0
-0.303308000000 -0.626445000000 2.749147000000 0
-0.081103000000 -1.050772000000 2.813421000000 0
-0.266679000000 -1.029186000000 2.850868000000 0
0.043212000000 -1.094372000000 2.691499000000 0
-0.418725000000 -1.065316000000 2.762568000000 0
-0.154329000000 0.552017000000 2.701085000000 0
-0.324843000000 0.253384000000 2.800317000000 0
0.057479000000 0.230602000000 2.770110000000 0
-0.140949000000 0.269164000000 2.656286000000 0
-0.124342000000 0.145523000000 2.959721000000 0
-0.268953000000 -0.165340000000 2.804215000000 0
0.003461000000 -0.175485000000 2.772856000000 0
-0.109171000000 -0.163202000000 2.990997000000 0
-0.596635000000 0.268792000000 2.748937000000 0
0.327118000000 0.255739000000 2.711708000000 0
-0.896774000000 0.303296000000 2.741836000000 0
0.628739000000 0.273080000000 2.718675000000 0
-0.960651000000 0.336680000000 2.761531000000 0
0.701974000000 0.271119000000 2.703996000000 0
-0.027294000000 -0.636918000000 2.743135000000 0
-0.299481000000 -0.610605000000 2.748610000000 0
-0.079856000000 -1.044746000000 2.812430000000 0
-0.273229000000 -1.015130000000 2.846384000000 0
0.054516000000 -1.081309000000 2.699171000000 0
-0.429264000000 -1.045415000000 2.762980000000 0
-0.149613000000 0.548984000000 2.712473000000 0
-0.318036000000 0.256318000000 2.789421000000 0
0.050167000000 0.249311000000 2.767909000000 0
-0.140576000000 0.273404000000 2.648495000000 0
-0.124556000000 0.165392000000 2.957870000000 0
-0.264534000000 -0.151531000000 2.799873000000 0
0.007678000000 -0.166349000000 2.768629000000 0
-0.104900000000 -0.153771000000 2.986780000000 0
-0.553345000000 0.369268000000 2.699757000000 0
0.273355000000 0.368794000000 2.658008000000 0
-0.817564000000 0.499374000000 2.637352000000 0
0.541096000000 0.492291000000 2.597205000000 0
-0.890104000000 0.514029000000 2.627064000000 0
0.609078000000 0.496917000000 2.627859000000 0
-0.028370000000 -0.626556000000 2.740883000000 0
-0.293453000000 -0.604130000000 2.747451000000 0
-0.078682000000 -1.036350000000 2.799419000000 0
-0.269334000000 -1.011036000000 2.835398000000 0
0.057218000000 -1.069118000000 2.686823000000 0
-0.425179000000 -1.038580000000 2.750700000000 0
-0.137029000000 0.556656000000 2.717166000000 0
-0.312684000000 0.265327000000 2.796463000000 0
0.047944000000 0.253293000000 2.774140000000 0
-0.138612000000 0.282147000000 2.655485000000 0
-0.123361000000 0.168769000000 2.962973000000 0
-0.260584000000 -0.151964000000 2.801735000000 0
0.011325000000 -0.164479000000 2.767030000000 0
-0.098575000000 -0.152908000000 2.986598000000 0
-0.506670000000 0.413658000000 2.667396000000 0
0.225795000000 0.415742000000 2.638972000000 0
-0.729943000000 0.592939000000 2.573653000000 0
0.445283000000 0.597333000000 2.540840000000 0
-0.787206000000 0.637805000000 2.556605000000 0
0.504702000000 0.638632000000 2.559453000000 0
-0.025131000000 -0.625838000000 2.734223000000 0
-0.289446000000 -0.601693000000 2.743975000000 0
-0.079103000000 -1.035315000000 2.791704000000 0
-0.269853000000 -1.008174000000 2.834962000000 0
0.053622000000 -1.069097000000 2.675674000000 0
-0.425334000000 -1.034839000000 2.749319000000 0
-0.136917000000 0.574045000000 2.717627000000 0
-0.310053000000 0.269758000000 2.791085000000 0
0.043443000000 0.262476000000 2.769196000000 0
-0.140511000000 0.280279000000 2.649146000000 0
-0.122962000000 0.187612000000 2.963376000000 0
-0.261589000000 -0.144602000000 2.800160000000 0
0.011005000000 -0.153005000000 2.769877000000 0
-0.102676000000 -0.145559000000 2.987692000000 0
-0.463492000000 0.449746000000 2.651226000000 0
0.178331000000 0.449494000000 2.619764000000 0
-0.639015000000 0.668111000000 2.544695000000 0
0.336253000000 0.670157000000 2.492452000000 0
-0.685382000000 0.718270000000 2.514418000000 0
0.390619000000 0.720399000000 2.482316000000 0
-0.021853000000 -0.616103000000 2.730848000000 0
-0.285417000000 -0.593198000000 2.741317000000 0
-0.073161000000 -1.025089000000 2.793985000000 0
-0.268938000000 -1.000393000000 2.829692000000 0
0.059490000000 -1.059622000000 2.678090000000 0
-0.423675000000 -1.025625000000 2.742285000000 0
-0.132662000000 0.579273000000 2.719711000000 0
-0.308337000000 0.277464000000 2.802355000000 0
0.040901000000 0.275023000000 2.771326000000 0
-0.144973000000 0.295477000000 2.656782000000 0
-0.118186000000 0.190705000000 2.966526000000 0
-0.257068000000 -0.133100000000 2.799942000000 0
0.014926000000 -0.145321000000 2.765802000000 0
-0.095600000000 -0.137609000000 2.985226000000 0
-0.421088000000 0.470869000000 2.645943000000 0
0.129375000000 0.473980000000 2.606489000000 0
-0.543375000000 0.715236000000 2.527289000000 0
0.233594000000 0.719912000000 2.474564000000 0
-0.583606000000 0.767686000000 2.492459000000 0
0.255366000000 0.788422000000 2.454191000000 0
-0.021739000000 -0.606550000000 2.727493000000 0
-0.285041000000 -0.582928000000 2.735794000000 0
-0.070826000000 -1.015628000000 2.791793000000 0
-0.264115000000 -0.988971000000 2.828423000000 0
0.060989000000 -1.049826000000 2.674851000000 0
-0.418759000000 -1.016742000000 2.741622000000 0
-0.130479000000 0.589502000000 2.722000000000 0
-0.309233000000 0.311918000000 2.802325000000 0
0.034992000000 0.288309000000 2.774450000000 0
-0.145056000000 0.320887000000 2.658315000000 0
-0.127464000000 0.212402000000 2.967440000000 0
-0.263536000000 -0.114137000000 2.792847000000 0
0.009086000000 -0.117230000000 2.761818000000 0
-0.104150000000 -0.114684000000 2.979977000000 0
-0.369574000000 0.510441000000 2.629365000000 0
0.059269000000 0.498342000000 2.606331000000 0
-0.420197000000 0.781757000000 2.526162000000 0
0.078447000000 0.766458000000 2.485615000000 0
-0.434213000000 0.852000000000 2.504900000000 0
0.082605000000 0.827253000000 2.442379000000 0
-0.022616000000 -0.585567000000 2.723035000000 0
-0.281814000000 -0.560414000000 2.727152000000 0
-0.068907000000 -0.993345000000 2.796949000000 0
-0.260728000000 -0.966399000000 2.819999000000 0
0.060539000000 -1.029601000000 2.677997000000 0
-0.414644000000 -0.994513000000 2.732023000000 0
-0.134369000000 0.594148000000 2.728017000000 0
-0.291580000000 0.309896000000 2.852342000000 0
0.041123000000 0.332996000000 2.759191000000 0
-0.161426000000 0.351261000000 2.682426000000 0
-0.071854000000 0.221681000000 2.970214000000 0
-0.239334000000 -0.092373000000 2.810588000000 0
0.026101000000 -0.102697000000 2.741792000000 0
-0.055832000000 -0.106691000000 2.973510000000 0
-0.327325000000 0.484671000000 2.651133000000 0
0.011170000000 0.542882000000 2.593783000000 0
-0.330384000000 0.751692000000 2.529752000000 0
-0.036085000000 0.816943000000 2.500507000000 0
-0.346565000000 0.824318000000 2.536555000000 0
-0.047951000000 0.887044000000 2.477535000000 0
-0.019659000000 -0.570371000000 2.710777000000 0
-0.271609000000 -0.542753000000 2.724413000000 0
-0.066919000000 -0.975615000000 2.796989000000 0
-0.262371000000 -0.948913000000 2.818424000000 0
0.050512000000 -1.016828000000 2.667637000000 0
-0.421627000000 -0.971008000000 2.738614000000 0
-0.113818000000 0.604181000000 2.709754000000 0
-0.277325000000 0.398047000000 2.864113000000 0
0.035947000000 0.385243000000 2.721463000000 0
-0.171672000000 0.421872000000 2.674887000000 0
-0.051432000000 0.291056000000 2.950686000000 0
-0.235150000000 -0.018594000000 2.815646000000 0
0.012941000000 -0.010350000000 2.698692000000 0
-0.023964000000 -0.029546000000 2.940955000000 0
-0.279509000000 0.549724000000 2.645753000000 0
-0.071256000000 0.588429000000 2.587616000000 0
-0.228002000000 0.820552000000 2.555654000000 0
-0.175925000000 0.855011000000 2.541830000000 0
-0.206249000000 0.889607000000 2.537193000000 0
-0.180873000000 0.926100000000 2.519368000000 0
-0.027216000000 -0.499209000000 2.695424000000 0
-0.264815000000 -0.462504000000 2.702739000000 0
-0.057315000000 -0.902962000000 2.795259000000 0
-0.258713000000 -0.868433000000 2.797992000000 0
0.031108000000 -0.946639000000 2.645279000000 0
-0.425231000000 -0.886107000000 2.733342000000 0
-0.152171000000 0.595852000000 2.524374000000 0
-0.341559000000 0.335762000000 2.766578000000 0
-0.025152000000 0.299983000000 2.935990000000 0
-0.127904000000 0.375077000000 2.745893000000 0
-0.270340000000 0.184313000000 2.971630000000 0
-0.310157000000 -0.065277000000 2.695233000000 0
-0.069013000000 -0.054624000000 2.825737000000 0
-0.284563000000 -0.090078000000 2.938445000000 0
-0.277387000000 0.559132000000 2.639098000000 0
-0.015744000000 0.398637000000 2.690140000000 0
-0.182188000000 0.823199000000 2.569715000000 0
-0.090193000000 0.652887000000 2.574285000000 0
-0.152741000000 0.890530000000 2.556224000000 0
-0.129128000000 0.716259000000 2.567164000000 0
-0.007192000000 -0.507619000000 2.708348000000 0
-0.274438000000 -0.539555000000 2.698412000000 0
-0.061347000000 -0.911935000000 2.794863000000 0
-0.265513000000 -0.936696000000 2.825253000000 0
0.107434000000 -0.945471000000 2.743790000000 0
-0.364743000000 -0.984223000000 2.683427000000 0
-0.242797000000 0.529175000000 2.593584000000 0
-0.317746000000 0.245501000000 2.783451000000 0
-0.012046000000 0.107880000000 2.938644000000 0
-0.094674000000 0.250598000000 2.777142000000 0
-0.276037000000 0.030289000000 2.939029000000 0
-0.310283000000 -0.178969000000 2.664409000000 0
-0.083747000000 -0.139006000000 2.814008000000 0
-0.307546000000 -0.172185000000 2.910110000000 0
-0.307679000000 0.485170000000 2.672389000000 0
-0.023239000000 0.268660000000 2.729116000000 0
-0.160918000000 0.715041000000 2.578743000000 0
-0.021337000000 0.529966000000 2.607195000000 0
-0.153704000000 0.787442000000 2.561753000000 0
-0.046542000000 0.593928000000 2.577935000000 0
0.001713000000 -0.606786000000 2.742642000000 0
-0.269245000000 -0.642393000000 2.737572000000 0
-0.073640000000 -1.013502000000 2.795492000000 0
-0.275923000000 -1.045447000000 2.844305000000 0
0.100608000000 -1.048969000000 2.770995000000 0
-0.370030000000 -1.083116000000 2.696166000000 0
-0.212051000000 0.471703000000 2.671418000000 0
-0.328878000000 0.195192000000 2.769867000000 0
-0.032807000000 0.040663000000 2.923225000000 0
-0.105277000000 0.182781000000 2.759931000000 0
-0.299299000000 -0.018075000000 2.932118000000 0
-0.317991000000 -0.251378000000 2.678779000000 0
-0.086090000000 -0.225155000000 2.823103000000 0
-0.308574000000 -0.250856000000 2.924407000000 0
-0.344049000000 0.447190000000 2.687585000000 0
-0.014381000000 0.219877000000 2.728170000000 0
-0.315476000000 0.712985000000 2.576095000000 0
0.021623000000 0.488051000000 2.624826000000 0
-0.296325000000 0.783027000000 2.558488000000 0
0.015680000000 0.556327000000 2.595063000000 0
-0.005496000000 -0.680973000000 2.766092000000 0
-0.288279000000 -0.725779000000 2.758824000000 0
-0.095974000000 -1.086607000000 2.800205000000 0
-0.218025000000 -1.121357000000 2.870499000000 0
0.078989000000 -1.126179000000 2.793708000000 0
-0.325458000000 -1.177777000000 2.738230000000 0
-0.159733000000 0.453294000000 2.724832000000 0
-0.269023000000 0.209115000000 2.908783000000 0
0.054740000000 0.284846000000 2.734064000000 0
-0.178363000000 0.311284000000 2.730634000000 0
-0.022298000000 0.101655000000 2.928966000000 0
-0.225997000000 -0.145880000000 2.837038000000 0
0.010888000000 -0.162023000000 2.699487000000 0
-0.006781000000 -0.175214000000 2.944305000000 0
-0.363231000000 0.388000000000 2.734462000000 0
0.053870000000 0.233857000000 2.472028000000 0
-0.407651000000 0.639285000000 2.594174000000 0
0.074008000000 0.497391000000 2.594267000000 0
-0.397639000000 0.709433000000 2.570475000000 0
0.073034000000 0.569445000000 2.574522000000 0
-0.026944000000 -0.636676000000 2.715023000000 0
-0.294533000000 -0.602702000000 2.740747000000 0
-0.071701000000 -1.039929000000 2.811318000000 0
-0.259747000000 -1.008540000000 2.830043000000 0
0.027212000000 -1.085017000000 2.668476000000 0
-0.430856000000 -1.033771000000 2.782031000000 0
-0.213807000000 0.521789000000 2.757557000000 0
-0.304061000000 0.265143000000 2.818460000000 0
0.045291000000 0.279229000000 2.752781000000 0
-0.153435000000 0.299862000000 2.658860000000 0
-0.092516000000 0.175238000000 2.956171000000 0
-0.255814000000 -0.126018000000 2.787774000000 0
0.014397000000 -0.140127000000 2.742143000000 0
-0.086742000000 -0.132984000000 2.966067000000 0
-0.470986000000 0.426665000000 2.689736000000 0
0.155116000000 0.473448000000 2.608764000000 0
-0.498897000000 0.689268000000 2.570665000000 0
0.185622000000 0.738989000000 2.497076000000 0
-0.516913000000 0.759550000000 2.552818000000 0
0.198806000000 0.810727000000 2.480874000000 0
-0.026864000000 -0.614749000000 2.719592000000 0
-0.293748000000 -0.585543000000 2.728185000000 0
-0.062690000000 -1.019654000000 2.812638000000 0
-0.265261000000 -0.990063000000 2.825351000000 0
0.052024000000 -1.060136000000 2.680645000000 0
-0.419301000000 -1.021701000000 2.738800000000 0
-0.238702000000 0.504928000000 2.717566000000 0
-0.305802000000 0.239375000000 2.799823000000 0
0.060882000000 0.261990000000 2.758795000000 0
-0.138280000000 0.280341000000 2.651708000000 0
-0.096888000000 0.151086000000 2.950398000000 0
-0.264806000000 -0.143203000000 2.786077000000 0
0.008135000000 -0.156655000000 2.761226000000 0
-0.109679000000 -0.146537000000 2.976725000000 0
-0.542666000000 0.336683000000 2.729493000000 0
0.254923000000 0.385510000000 2.626090000000 0
-0.698210000000 0.526937000000 2.576122000000 0
0.406246000000 0.593134000000 2.492272000000 0
-0.722493000000 0.585961000000 2.537274000000 0
0.448713000000 0.641113000000 2.453839000000 0
-0.026311000000 -0.628864000000 2.724493000000 0
-0.299924000000 -0.604024000000 2.734372000000 0
-0.068767000000 -1.034601000000 2.810888000000 0
-0.272013000000 -1.006068000000 2.841474000000 0
0.052472000000 -1.074183000000 2.684577000000 0
-0.420008000000 -1.041683000000 2.746347000000 0
-0.173942000000 0.520478000000 2.720986000000 0
-0.331766000000 0.241339000000 2.786923000000 0
0.049873000000 0.251304000000 2.763372000000 0
-0.148789000000 0.271163000000 2.645788000000 0
-0.126865000000 0.153159000000 2.951125000000 0
-0.272905000000 -0.152359000000 2.786150000000 0
0.000427000000 -0.162322000000 2.764122000000 0
-0.119628000000 -0.150828000000 2.978310000000 0
-0.597033000000 0.256709000000 2.761580000000 0
0.288569000000 0.292889000000 2.651391000000 0
-0.807019000000 0.367906000000 2.593302000000 0
0.522012000000 0.411650000000 2.524205000000 0
-0.864782000000 0.359229000000 2.546711000000 0
0.592112000000 0.426354000000 2.502934000000 0
-0.025441000000 -0.631639000000 2.730450000000 0
-0.301308000000 -0.611629000000 2.742134000000 0
-0.070083000000 -1.038812000000 2.808591000000 0
-0.274700000000 -1.015382000000 2.842955000000 0
0.057925000000 -1.075922000000 2.688353000000 0
-0.424167000000 -1.048623000000 2.749280000000 0
-0.176890000000 0.531199000000 2.716952000000 0
-0.334514000000 0.229808000000 2.794035000000 0
0.051883000000 0.239430000000 2.760147000000 0
-0.153273000000 0.262597000000 2.648693000000 0
-0.123689000000 0.137152000000 2.950396000000 0
-0.270410000000 -0.161342000000 2.788361000000 0
0.003013000000 -0.174173000000 2.769109000000 0
-0.119018000000 -0.159914000000 2.982011000000 0
-0.589957000000 0.151344000000 2.791410000000 0
0.303116000000 0.189932000000 2.683686000000 0
-0.829516000000 0.136479000000 2.625977000000 0
0.569828000000 0.189022000000 2.566035000000 0
-0.883944000000 0.093236000000 2.598585000000 0
0.615084000000 0.143647000000 2.527621000000 0
-0.022246000000 -0.643887000000 2.734677000000 0
-0.304645000000 -0.622834000000 2.742736000000 0
-0.078577000000 -1.050115000000 2.810141000000 0
-0.274019000000 -1.024600000000 2.850139000000 0
0.050000000000 -1.090001000000 2.691409000000 0
-0.420271000000 -1.061738000000 2.752920000000 0
-0.174590000000 0.536510000000 2.676018000000 0
-0.331316000000 0.222709000000 2.785155000000 0
0.055758000000 0.237481000000 2.762810000000 0
-0.146379000000 0.262332000000 2.646317000000 0
-0.124009000000 0.126934000000 2.944315000000 0
-0.274941000000 -0.170834000000 2.793958000000 0
-0.001585000000 -0.178450000000 2.771285000000 0
-0.121147000000 -0.164599000000 2.985610000000 0
-0.515797000000 0.038646000000 2.810189000000 0
0.224548000000 0.042072000000 2.719629000000 0
-0.720909000000 -0.132303000000 2.708887000000 0
0.458610000000 -0.093717000000 2.628344000000 0
-0.745665000000 -0.202502000000 2.702416000000 0
0.479245000000 -0.163729000000 2.644319000000 0
-0.015058000000 -0.644451000000 2.741989000000 0
-0.300254000000 -0.630312000000 2.753861000000 0
-0.076840000000 -1.050746000000 2.812671000000 0
-0.274764000000 -1.033844000000 2.855849000000 0
0.058647000000 -1.090622000000 2.701885000000 0
-0.423364000000 -1.067238000000 2.760859000000 0
-0.178693000000 0.528803000000 2.673386000000 0
-0.332082000000 0.227333000000 2.798559000000 0
0.053589000000 0.232076000000 2.756371000000 0
-0.153402000000 0.269885000000 2.652577000000 0
-0.120024000000 0.116015000000 2.940407000000 0
-0.273563000000 -0.172965000000 2.796076000000 0
-0.000183000000 -0.180450000000 2.773655000000 0
-0.120087000000 -0.172338000000 2.988083000000 0
-0.456023000000 -0.004773000000 2.814775000000 0
0.130581000000 -0.018883000000 2.732088000000 0
-0.599212000000 -0.240421000000 2.733143000000 0
0.346310000000 -0.201142000000 2.677874000000 0
-0.600077000000 -0.314888000000 2.739189000000 0
0.325662000000 -0.268996000000 2.654377000000 0
-0.013088000000 -0.644994000000 2.749457000000 0
-0.299235000000 -0.630086000000 2.759160000000 0
-0.079826000000 -1.052778000000 2.805559000000 0
-0.276768000000 -1.035191000000 2.855461000000 0
0.063859000000 -1.090172000000 2.704680000000 0
-0.430497000000 -1.064607000000 2.767584000000 0
-0.172598000000 0.524584000000 2.675066000000 0
-0.337254000000 0.221757000000 2.809092000000 0
0.047392000000 0.228119000000 2.758580000000 0
-0.161748000000 0.271964000000 2.661699000000 0
-0.122423000000 0.102408000000 2.939800000000 0
-0.276721000000 -0.174028000000 2.795937000000 0
-0.003067000000 -0.171950000000 2.775819000000 0
-0.124945000000 -0.172363000000 2.989285000000 0
-0.406416000000 -0.033798000000 2.797588000000 0
0.085719000000 -0.032740000000 2.731976000000 0
-0.504950000000 -0.303041000000 2.760690000000 0
0.219818000000 -0.285056000000 2.688202000000 0
-0.470145000000 -0.358496000000 2.724691000000 0
0.191060000000 -0.353857000000 2.683505000000 0
-0.008960000000 -0.643260000000 2.745961000000 0
-0.300262000000 -0.625330000000 2.761861000000 0
-0.078832000000 -1.050282000000 2.803756000000 0
-0.277025000000 -1.031678000000 2.852583000000 0
0.063440000000 -1.089229000000 2.701471000000 0
-0.434672000000 -1.058870000000 2.771169000000 0
-0.175014000000 0.541187000000 2.670260000000 0
-0.307463000000 0.170285000000 2.888322000000 0
0.046757000000 0.227624000000 2.740726000000 0
-0.183309000000 0.264178000000 2.712773000000 0
-0.058063000000 0.054623000000 2.931944000000 0
-0.252955000000 -0.185194000000 2.839017000000 0
-0.001662000000 -0.189515000000 2.728886000000 0
-0.045458000000 -0.188497000000 2.970760000000 0
-0.363189000000 -0.060104000000 2.766054000000 0
0.066458000000 -0.037970000000 2.726404000000 0
-0.329797000000 -0.343523000000 2.709460000000 0
0.013294000000 -0.320016000000 2.678778000000 0
-0.315739000000 -0.415864000000 2.697140000000 0
-0.013386000000 -0.388192000000 2.663850000000 0
-0.008365000000 -0.662735000000 2.744537000000 0
-0.293989000000 -0.640811000000 2.769308000000 0
-0.083507000000 -1.067349000000 2.811845000000 0
-0.272793000000 -1.048219000000 2.855672000000 0
0.038404000000 -1.110687000000 2.687426000000 0
-0.440516000000 -1.069712000000 2.795444000000 0
-0.176924000000 0.509714000000 2.666656000000 0
-0.320581000000 0.172185000000 2.898935000000 0
0.014807000000 0.255004000000 2.722301000000 0
-0.219131000000 0.268569000000 2.710612000000 0
-0.058678000000 0.082515000000 2.928039000000 0
-0.246934000000 -0.173111000000 2.829901000000 0
-0.005979000000 -0.191964000000 2.699976000000 0
-0.031121000000 -0.200483000000 2.944347000000 0
-0.378127000000 -0.055111000000 2.771077000000 0
0.067043000000 -0.006897000000 2.720929000000 0
-0.358677000000 -0.342061000000 2.724701000000 0
0.019093000000 -0.290870000000 2.677004000000 0
-0.353842000000 -0.415695000000 2.712980000000 0
0.024434000000 -0.363876000000 2.662029000000 0
-0.019177000000 -0.662646000000 2.749074000000 0
-0.306715000000 -0.637553000000 2.768767000000 0
-0.081349000000 -1.069576000000 2.815645000000 0
-0.263080000000 -1.044001000000 2.851139000000 0
0.044635000000 -1.108736000000 2.693930000000 0
-0.436957000000 -1.070005000000 2.814936000000 0
-0.170536000000 0.525029000000 2.642649000000 0
-0.282814000000 0.146276000000 2.936322000000 0
0.019879000000 0.244491000000 2.714342000000 0
-0.211675000000 0.264403000000 2.746498000000 0
-0.024065000000 0.048057000000 2.906602000000 0
-0.227842000000 -0.166042000000 2.837625000000 0
-0.017444000000 -0.193770000000 2.663673000000 0
0.004604000000 -0.203400000000 2.908302000000 0
-0.393622000000 -0.048642000000 2.785607000000 0
0.085766000000 -0.017445000000 2.720267000000 0
-0.371005000000 -0.327326000000 2.692482000000 0
0.046609000000 -0.305633000000 2.672700000000 0
-0.367132000000 -0.401898000000 2.695061000000 0
0.050793000000 -0.375839000000 2.647476000000 0
-0.013722000000 -0.659852000000 2.749945000000 0
-0.305660000000 -0.636903000000 2.783286000000 0
-0.078678000000 -1.067822000000 2.806782000000 0
-0.261801000000 -1.046779000000 2.846267000000 0
0.038968000000 -1.104727000000 2.676330000000 0
-0.439929000000 -1.067170000000 2.837609000000 0
-0.168003000000 0.507411000000 2.655327000000 0
-0.318322000000 0.162398000000 2.903325000000 0
0.012785000000 0.248081000000 2.720101000000 0
-0.221552000000 0.254463000000 2.710432000000 0
-0.053648000000 0.081460000000 2.932950000000 0
-0.226496000000 -0.164082000000 2.825192000000 0
0.012615000000 -0.193854000000 2.693912000000 0
-0.013318000000 -0.212360000000 2.937648000000 0
-0.411710000000 -0.056667000000 2.768340000000 0
0.080283000000 -0.017134000000 2.714017000000 0
-0.426784000000 -0.347542000000 2.702551000000 0
0.104486000000 -0.306271000000 2.643464000000 0
-0.430582000000 -0.420253000000 2.685780000000 0
0.102436000000 -0.380845000000 2.639323000000 0
-0.016586000000 -0.662511000000 2.753839000000 0
-0.309047000000 -0.624465000000 2.778845000000 0
-0.078580000000 -1.071929000000 2.803064000000 0
-0.259146000000 -1.033362000000 2.843670000000 0
0.053173000000 -1.105953000000 2.686001000000 0
-0.436787000000 -1.056753000000 2.832872000000 0
-0.171070000000 0.518621000000 2.639942000000 0
-0.312394000000 0.149603000000 2.912307000000 0
0.012052000000 0.240659000000 2.719986000000 0
-0.222085000000 0.255369000000 2.723348000000 0
-0.049706000000 0.057920000000 2.920668000000 0
-0.220288000000 -0.160560000000 2.840977000000 0
0.011822000000 -0.176691000000 2.695511000000 0
0.000029000000 -0.208248000000 2.939000000000 0
-0.411060000000 -0.059480000000 2.762354000000 0
0.079995000000 -0.026311000000 2.713098000000 0
-0.457554000000 -0.344979000000 2.680578000000 0
0.118432000000 -0.315714000000 2.641493000000 0
-0.470312000000 -0.418315000000 2.687036000000 0
0.127206000000 -0.389870000000 2.644042000000 0
-0.020917000000 -0.659414000000 2.749552000000 0
-0.306797000000 -0.609852000000 2.777052000000 0
-0.078566000000 -1.068182000000 2.808494000000 0
-0.260479000000 -1.019197000000 2.841708000000 0
0.025101000000 -1.103316000000 2.666230000000 0
-0.438747000000 -1.039913000000 2.838258000000 0
-0.167821000000 0.511064000000 2.644584000000 0
-0.315775000000 0.132540000000 2.912986000000 0
0.017011000000 0.229599000000 2.738694000000 0
-0.216573000000 0.251571000000 2.736808000000 0
-0.056331000000 0.031973000000 2.920480000000 0
-0.210019000000 -0.148898000000 2.835646000000 0
0.020572000000 -0.188750000000 2.692346000000 0
0.005573000000 -0.209827000000 2.936790000000 0
-0.412724000000 -0.071925000000 2.756001000000 0
0.083810000000 -0.036341000000 2.712949000000 0
-0.457934000000 -0.353764000000 2.662311000000 0
0.116186000000 -0.325751000000 2.639130000000 0
-0.476806000000 -0.424455000000 2.677456000000 0
0.140128000000 -0.394031000000 2.620495000000 0
-0.023199000000 -0.654135000000 2.750185000000 0
-0.308218000000 -0.613364000000 2.778723000000 0
-0.073208000000 -1.063539000000 2.811636000000 0
-0.263589000000 -1.023562000000 2.839010000000 0
0.050170000000 -1.097504000000 2.685762000000 0
-0.441464000000 -1.044633000000 2.827317000000 0
-0.154473000000 0.499312000000 2.652191000000 0
-0.314902000000 0.146807000000 2.906768000000 0
0.016637000000 0.235845000000 2.725942000000 0
-0.217518000000 0.249147000000 2.719443000000 0
-0.052280000000 0.056977000000 2.927778000000 0
-0.225331000000 -0.173883000000 2.830848000000 0
0.011466000000 -0.202575000000 2.695205000000 0
-0.010775000000 -0.225998000000 2.938883000000 0
-0.401412000000 -0.071596000000 2.758927000000 0
0.077391000000 -0.034950000000 2.721471000000 0
-0.420914000000 -0.364471000000 2.684649000000 0
0.097077000000 -0.328108000000 2.648365000000 0
-0.427025000000 -0.438791000000 2.679965000000 0
0.101885000000 -0.401100000000 2.663586000000 0
-0.015763000000 -0.671499000000 2.754906000000 0
-0.312466000000 -0.632379000000 2.775070000000 0
-0.081957000000 -1.080029000000 2.806000000000 0
-0.251964000000 -1.037390000000 2.853774000000 0
0.050578000000 -1.115962000000 2.690400000000 0
-0.428717000000 -1.066174000000 2.841529000000 0
-0.162544000000 0.510134000000 2.651350000000 0
