-0.448926000000 0.308744000000 2.707387000000 0
-0.074455000000 0.320428000000 2.691271000000 0
-0.266404000000 0.370231000000 2.630158000000 0
-0.253909000000 0.170550000000 2.775705000000 0
-0.454012000000 -0.044776000000 2.691044000000 0
-0.061527000000 -0.041610000000 2.689667000000 0
-0.257301000000 -0.049399000000 2.809813000000 0
-0.510992000000 0.031695000000 2.701454000000 0
-0.013712000000 0.043473000000 2.675485000000 0
-0.459308000000 -0.252655000000 2.622254000000 0
-0.049152000000 -0.250071000000 2.626752000000 0
-0.451496000000 -0.320024000000 2.598301000000 0
-0.064254000000 -0.313209000000 2.595787000000 0
-0.378671000000 -0.598147000000 2.708627000000 0
-0.135785000000 -0.593365000000 2.748747000000 0
-0.355335000000 -1.025282000000 2.752343000000 0
-0.240098000000 -1.007206000000 2.801236000000 0
-0.361926000000 -1.043584000000 2.577044000000 0
-0.216836000000 -1.034963000000 2.628619000000 0
-0.258222000000 0.587566000000 2.615001000000 0
-0.449645000000 0.311730000000 2.710298000000 0
-0.075307000000 0.319549000000 2.689443000000 0
-0.267486000000 0.371487000000 2.630884000000 0
-0.255230000000 0.171357000000 2.775834000000 0
-0.456157000000 -0.048429000000 2.696376000000 0
-0.063884000000 -0.050841000000 2.683246000000 0
-0.256060000000 -0.055512000000 2.809220000000 0
-0.509989000000 0.035454000000 2.698754000000 0
-0.012367000000 0.043935000000 2.676085000000 0
-0.464231000000 -0.250385000000 2.625272000000 0
-0.048218000000 -0.248849000000 2.629293000000 0
-0.461929000000 -0.319928000000 2.607057000000 0
-0.059871000000 -0.316189000000 2.606870000000 0
-0.377214000000 -0.604008000000 2.711608000000 0
-0.140082000000 -0.599553000000 2.755453000000 0
-0.354785000000 -1.031339000000 2.753856000000 0
-0.181073000000 -1.027201000000 2.773803000000 0
-0.365654000000 -1.049224000000 2.578727000000 0
-0.180834000000 -1.034785000000 2.597591000000 0
-0.263795000000 0.588531000000 2.611106000000 0
-0.447018000000 0.312116000000 2.709003000000 0
-0.072576000000 0.321708000000 2.690933000000 0
-0.264555000000 0.372940000000 2.631111000000 0
-0.252448000000 0.172440000000 2.775560000000 0
-0.453643000000 -0.044734000000 2.690260000000 0
-0.061239000000 -0.052992000000 2.687532000000 0
-0.256743000000 -0.055125000000 2.808349000000 0
-0.511625000000 0.036699000000 2.702581000000 0
-0.011760000000 0.045752000000 2.676113000000 0
-0.465727000000 -0.247354000000 2.622781000000 0
-0.049970000000 -0.246813000000 2.630225000000 0
-0.455468000000 -0.314470000000 2.599044000000 0
-0.063209000000 -0.316185000000 2.616603000000 0
-0.378820000000 -0.601619000000 2.713012000000 0
-0.141978000000 -0.600310000000 2.755203000000 0
-0.357607000000 -1.029054000000 2.754837000000 0
-0.211002000000 -1.024523000000 2.768607000000 0
-0.363841000000 -1.046526000000 2.579440000000 0
-0.200572000000 -1.031779000000 2.592691000000 0
-0.255395000000 0.589198000000 2.615410000000 0
-0.446063000000 0.312183000000 2.705812000000 0
-0.071404000000 0.319093000000 2.691409000000 0
-0.262428000000 0.370745000000 2.628949000000 0
-0.253103000000 0.172173000000 2.776241000000 0
-0.454646000000 -0.047108000000 2.690361000000 0
-0.062302000000 -0.052365000000 2.680614000000 0
-0.255571000000 -0.054565000000 2.804974000000 0
-0.509255000000 0.037205000000 2.698235000000 0
-0.012979000000 0.043405000000 2.675743000000 0
-0.469640000000 -0.249636000000 2.628521000000 0
-0.046911000000 -0.248622000000 2.628034000000 0
-0.455590000000 -0.315707000000 2.603812000000 0
-0.060371000000 -0.317697000000 2.613174000000 0
-0.376774000000 -0.603294000000 2.712295000000 0
-0.139376000000 -0.599367000000 2.757850000000 0
-0.360610000000 -1.031135000000 2.752188000000 0
-0.222065000000 -1.021021000000 2.774297000000 0
-0.368960000000 -1.047804000000 2.576802000000 0
-0.210168000000 -1.030209000000 2.598563000000 0
-0.263975000000 0.586438000000 2.605092000000 0
-0.445590000000 0.307880000000 2.698542000000 0
-0.070798000000 0.318303000000 2.691683000000 0
-0.260993000000 0.367499000000 2.624862000000 0
-0.252779000000 0.170427000000 2.774221000000 0
-0.457941000000 -0.047747000000 2.692388000000 0
-0.065512000000 -0.050851000000 2.685581000000 0
-0.259702000000 -0.055316000000 2.808435000000 0
-0.508963000000 0.032929000000 2.693129000000 0
-0.011539000000 0.042842000000 2.675784000000 0
-0.471143000000 -0.254855000000 2.626530000000 0
-0.053387000000 -0.248000000000 2.627357000000 0
-0.459697000000 -0.319911000000 2.598068000000 0
-0.053259000000 -0.318893000000 2.615211000000 0
-0.377057000000 -0.603767000000 2.708486000000 0
-0.136789000000 -0.598541000000 2.757143000000 0
-0.359674000000 -1.030604000000 2.757559000000 0
-0.231678000000 -1.016959000000 2.785824000000 0
-0.367270000000 -1.051035000000 2.582536000000 0
-0.213001000000 -1.033166000000 2.611191000000 0
-0.262867000000 0.585970000000 2.612060000000 0
-0.446998000000 0.307747000000 2.696118000000 0
-0.072222000000 0.319142000000 2.689954000000 0
-0.262405000000 0.367014000000 2.622143000000 0
-0.253973000000 0.171738000000 2.773830000000 0
-0.455993000000 -0.042051000000 2.689862000000 0
-0.063683000000 -0.053507000000 2.685600000000 0
-0.258722000000 -0.053997000000 2.807184000000 0
-0.507139000000 0.031524000000 2.693526000000 0
-0.009580000000 0.044058000000 2.671860000000 0
-0.471306000000 -0.255722000000 2.621402000000 0
-0.052814000000 -0.248241000000 2.630767000000 0
-0.456238000000 -0.320774000000 2.594670000000 0
-0.063586000000 -0.315617000000 2.608012000000 0
-0.375304000000 -0.600700000000 2.708461000000 0
-0.142130000000 -0.599531000000 2.753531000000 0
-0.356728000000 -1.026556000000 2.765039000000 0
-0.222758000000 -1.019982000000 2.793791000000 0
-0.363466000000 -1.050057000000 2.590367000000 0
-0.209598000000 -1.039245000000 2.618965000000 0
-0.255239000000 0.591072000000 2.606941000000 0
-0.449183000000 0.310850000000 2.697937000000 0
-0.074364000000 0.319142000000 2.689771000000 0
-0.264502000000 0.368286000000 2.622749000000 0
-0.256872000000 0.173590000000 2.775222000000 0
-0.457392000000 -0.044113000000 2.687047000000 0
-0.064957000000 -0.046826000000 2.693655000000 0
-0.263239000000 -0.053401000000 2.809689000000 0
-0.512282000000 0.034462000000 2.695726000000 0
-0.014385000000 0.042237000000 2.679644000000 0
-0.467214000000 -0.251047000000 2.618554000000 0
-0.050910000000 -0.250901000000 2.632336000000 0
-0.456796000000 -0.317225000000 2.592376000000 0
-0.066593000000 -0.312819000000 2.599267000000 0
-0.372555000000 -0.600217000000 2.707531000000 0
-0.134317000000 -0.595991000000 2.748644000000 0
-0.354017000000 -1.026943000000 2.757143000000 0
-0.228107000000 -1.014416000000 2.780647000000 0
-0.355114000000 -1.047359000000 2.581957000000 0
-0.203085000000 -1.033300000000 2.607080000000 0
-0.256982000000 0.588143000000 2.608239000000 0
-0.449222000000 0.313454000000 2.699388000000 0
-0.074387000000 0.319930000000 2.690346000000 0
-0.264439000000 0.371510000000 2.624929000000 0
-0.257443000000 0.173548000000 2.773169000000 0
-0.454936000000 -0.044173000000 2.686189000000 0
-0.062530000000 -0.051071000000 2.691273000000 0
-0.260401000000 -0.054490000000 2.808141000000 0
-0.506619000000 0.034599000000 2.693332000000 0
-0.011508000000 0.042698000000 2.673605000000 0
-0.472304000000 -0.255562000000 2.623139000000 0
-0.054384000000 -0.251284000000 2.628504000000 0
-0.456121000000 -0.319874000000 2.595293000000 0
-0.059465000000 -0.317278000000 2.600357000000 0
-0.375663000000 -0.601062000000 2.709979000000 0
-0.133215000000 -0.598428000000 2.751488000000 0
-0.359104000000 -1.028120000000 2.757381000000 0
-0.264922000000 -1.005306000000 2.796247000000 0
-0.361050000000 -1.047651000000 2.582102000000 0
-0.225024000000 -1.036800000000 2.627355000000 0
-0.265715000000 0.587949000000 2.612844000000 0
-0.451301000000 0.311633000000 2.693529000000 0
-0.076422000000 0.320785000000 2.690981000000 0
-0.265654000000 0.369899000000 2.621422000000 0
-0.259850000000 0.174351000000 2.772881000000 0
-0.458144000000 -0.044310000000 2.690707000000 0
-0.065674000000 -0.047569000000 2.687108000000 0
-0.260878000000 -0.053630000000 2.808275000000 0
-0.511824000000 0.031481000000 2.695659000000 0
-0.015515000000 0.042041000000 2.663689000000 0
-0.471040000000 -0.259408000000 2.623548000000 0
-0.057126000000 -0.254645000000 2.622145000000 0
-0.457186000000 -0.323856000000 2.594774000000 0
-0.066290000000 -0.317518000000 2.588436000000 0
-0.375371000000 -0.600533000000 2.706076000000 0
-0.131681000000 -0.595802000000 2.747741000000 0
-0.362040000000 -1.027578000000 2.754600000000 0
-0.274954000000 -0.997028000000 2.805974000000 0
-0.367491000000 -1.047649000000 2.579455000000 0
-0.231103000000 -1.036800000000 2.639831000000 0
-0.272462000000 0.590419000000 2.606057000000 0
-0.453205000000 0.310358000000 2.684278000000 0
-0.078518000000 0.320460000000 2.695817000000 0
-0.265100000000 0.368561000000 2.618791000000 0
-0.264572000000 0.174171000000 2.771842000000 0
-0.464171000000 -0.042824000000 2.684308000000 0
-0.071882000000 -0.043445000000 2.697155000000 0
-0.271945000000 -0.052250000000 2.809939000000 0
-0.516840000000 0.031267000000 2.686333000000 0
-0.021768000000 0.040683000000 2.674620000000 0
-0.474835000000 -0.259263000000 2.615083000000 0
-0.060089000000 -0.255354000000 2.628336000000 0
-0.452816000000 -0.324044000000 2.592902000000 0
-0.070715000000 -0.320232000000 2.599159000000 0
-0.377257000000 -0.598185000000 2.709190000000 0
-0.131286000000 -0.592804000000 2.743049000000 0
-0.370649000000 -1.024882000000 2.761972000000 0
-0.295532000000 -0.977218000000 2.843791000000 0
-0.367640000000 -1.046485000000 2.586951000000 0
-0.231112000000 -1.044046000000 2.693817000000 0
-0.277096000000 0.588296000000 2.599087000000 0
-0.454214000000 0.309421000000 2.682840000000 0
-0.079675000000 0.325552000000 2.692114000000 0
-0.267426000000 0.369929000000 2.615695000000 0
-0.262958000000 0.177112000000 2.770659000000 0
-0.467471000000 -0.041554000000 2.694364000000 0
-0.075190000000 -0.037385000000 2.681940000000 0
-0.267475000000 -0.046514000000 2.807501000000 0
-0.514623000000 0.030256000000 2.679370000000 0
-0.021751000000 0.047105000000 2.665539000000 0
-0.472183000000 -0.262085000000 2.619426000000 0
-0.057457000000 -0.249315000000 2.624090000000 0
-0.459001000000 -0.331241000000 2.604693000000 0
-0.070087000000 -0.315475000000 2.598857000000 0
-0.377654000000 -0.595896000000 2.707361000000 0
-0.136749000000 -0.588268000000 2.741245000000 0
-0.368164000000 -1.023137000000 2.755065000000 0
-0.275008000000 -0.981089000000 2.848372000000 0
-0.376502000000 -1.042870000000 2.579996000000 0
-0.234219000000 -1.039451000000 2.687008000000 0
-0.277075000000 0.586891000000 2.595926000000 0
-0.461394000000 0.306339000000 2.674161000000 0
-0.087125000000 0.327975000000 2.683084000000 0
-0.275297000000 0.365791000000 2.604213000000 0
-0.268564000000 0.181356000000 2.768988000000 0
-0.467015000000 -0.046054000000 2.685426000000 0
-0.074522000000 -0.047764000000 2.686924000000 0
-0.271263000000 -0.055916000000 2.805453000000 0
-0.517586000000 0.025041000000 2.660956000000 0
-0.019409000000 0.050581000000 2.652628000000 0
-0.470626000000 -0.269211000000 2.605886000000 0
-0.060901000000 -0.248368000000 2.625604000000 0
-0.457048000000 -0.337597000000 2.588213000000 0
-0.073362000000 -0.309611000000 2.590005000000 0
-0.378126000000 -0.601445000000 2.714338000000 0
-0.140948000000 -0.594302000000 2.758639000000 0
-0.361127000000 -1.029317000000 2.753535000000 0
-0.204197000000 -1.018295000000 2.792254000000 0
-0.362917000000 -1.045477000000 2.577911000000 0
-0.190317000000 -1.034248000000 2.617151000000 0
-0.275794000000 0.585828000000 2.580708000000 0
-0.463842000000 0.306557000000 2.667570000000 0
-0.089351000000 0.324851000000 2.674415000000 0
-0.277383000000 0.360524000000 2.594222000000 0
-0.271966000000 0.184591000000 2.768093000000 0
-0.460043000000 -0.047042000000 2.684834000000 0
-0.067699000000 -0.039342000000 2.692824000000 0
-0.266107000000 -0.052934000000 2.808030000000 0
-0.515868000000 0.022223000000 2.647371000000 0
-0.023202000000 0.044119000000 2.646586000000 0
-0.477582000000 -0.274814000000 2.585755000000 0
-0.058331000000 -0.254333000000 2.590145000000 0
-0.458923000000 -0.344277000000 2.585853000000 0
-0.073605000000 -0.318139000000 2.560670000000 0
-0.375539000000 -0.598017000000 2.725654000000 0
-0.138017000000 -0.589199000000 2.763756000000 0
-0.353483000000 -1.026722000000 2.750668000000 0
-0.224825000000 -1.009421000000 2.791649000000 0
-0.352516000000 -1.036946000000 2.574592000000 0
-0.201735000000 -1.025746000000 2.617555000000 0
-0.285258000000 0.579363000000 2.552890000000 0
-0.466308000000 0.301352000000 2.654706000000 0
-0.091720000000 0.317788000000 2.660945000000 0
-0.279493000000 0.350445000000 2.578881000000 0
-0.275209000000 0.183523000000 2.761450000000 0
-0.454823000000 -0.045492000000 2.688656000000 0
-0.062437000000 -0.039209000000 2.695712000000 0
-0.260718000000 -0.046237000000 2.811722000000 0
-0.518486000000 0.013790000000 2.633438000000 0
-0.023344000000 0.035013000000 2.625873000000 0
-0.481661000000 -0.281450000000 2.549218000000 0
-0.054775000000 -0.265042000000 2.558085000000 0
-0.462538000000 -0.350243000000 2.540549000000 0
-0.078127000000 -0.330204000000 2.538544000000 0
-0.382470000000 -0.596230000000 2.730208000000 0
-0.149275000000 -0.589766000000 2.775121000000 0
-0.349342000000 -1.023916000000 2.759994000000 0
-0.234506000000 -1.010129000000 2.805618000000 0
-0.352312000000 -1.036398000000 2.584086000000 0
-0.216599000000 -1.026435000000 2.630914000000 0
-0.282948000000 0.565764000000 2.517832000000 0
-0.465616000000 0.281969000000 2.617559000000 0
-0.090955000000 0.296899000000 2.623106000000 0
-0.277982000000 0.313597000000 2.534780000000 0
-0.276074000000 0.186786000000 2.747213000000 0
-0.453852000000 -0.059441000000 2.699760000000 0
-0.062125000000 -0.052546000000 2.723382000000 0
-0.265211000000 -0.054698000000 2.830965000000 0
-0.503125000000 -0.010788000000 2.584755000000 0
-0.026478000000 0.009660000000 2.584039000000 0
-0.465893000000 -0.311347000000 2.504253000000 0
-0.070374000000 -0.294075000000 2.520628000000 0
-0.455961000000 -0.382557000000 2.502281000000 0
-0.100673000000 -0.353145000000 2.492951000000 0
-0.382264000000 -0.609306000000 2.756468000000 0
-0.139544000000 -0.602626000000 2.801320000000 0
-0.357410000000 -1.038452000000 2.745697000000 0
-0.256809000000 -1.016312000000 2.804925000000 0
-0.350461000000 -1.033628000000 2.569525000000 0
-0.215360000000 -1.029551000000 2.634001000000 0
-0.285021000000 0.538909000000 2.464048000000 0
-0.464720000000 0.261124000000 2.598440000000 0
-0.090017000000 0.275771000000 2.601264000000 0
-0.277255000000 0.282465000000 2.512064000000 0
-0.275002000000 0.181295000000 2.737834000000 0
-0.452548000000 -0.066829000000 2.718966000000 0
-0.060190000000 -0.064444000000 2.729232000000 0
-0.259543000000 -0.056638000000 2.843337000000 0
-0.494522000000 -0.034027000000 2.556758000000 0
-0.034504000000 -0.016504000000 2.566143000000 0
-0.455484000000 -0.338796000000 2.482461000000 0
-0.081652000000 -0.320378000000 2.492893000000 0
-0.432682000000 -0.405838000000 2.469864000000 0
-0.110665000000 -0.384791000000 2.479383000000 0
-0.385563000000 -0.617683000000 2.770430000000 0
-0.146162000000 -0.613186000000 2.818190000000 0
-0.355792000000 -1.045861000000 2.744397000000 0
-0.239924000000 -1.031204000000 2.781185000000 0
-0.356526000000 -1.035208000000 2.568346000000 0
-0.212340000000 -1.021992000000 2.607224000000 0
-0.284213000000 0.490540000000 2.415990000000 0
-0.462314000000 0.209667000000 2.552058000000 0
-0.088036000000 0.225660000000 2.568938000000 0
-0.270892000000 0.210877000000 2.471961000000 0
-0.279889000000 0.165004000000 2.714916000000 0
-0.457779000000 -0.101532000000 2.720218000000 0
-0.067759000000 -0.081830000000 2.759624000000 0
-0.275960000000 -0.059409000000 2.854347000000 0
-0.477130000000 -0.090849000000 2.520164000000 0
-0.049034000000 -0.072048000000 2.531578000000 0
-0.431357000000 -0.399047000000 2.450456000000 0
-0.094083000000 -0.383345000000 2.476762000000 0
-0.406920000000 -0.465071000000 2.435730000000 0
-0.123338000000 -0.447740000000 2.463692000000 0
-0.379748000000 -0.642809000000 2.799862000000 0
-0.153033000000 -0.633716000000 2.840932000000 0
-0.352026000000 -1.067063000000 2.735514000000 0
-0.248463000000 -1.050095000000 2.791720000000 0
-0.337444000000 -1.039773000000 2.561874000000 0
-0.207069000000 -1.039358000000 2.620608000000 0
-0.286108000000 0.407292000000 2.334749000000 0
-0.480268000000 0.157356000000 2.515122000000 0
-0.107248000000 0.191517000000 2.532823000000 0
-0.287796000000 0.154074000000 2.437642000000 0
-0.298819000000 0.146423000000 2.684690000000 0
-0.465052000000 -0.120123000000 2.730437000000 0
-0.073945000000 -0.103637000000 2.759066000000 0
-0.279533000000 -0.061082000000 2.852583000000 0
-0.464529000000 -0.146100000000 2.503101000000 0
-0.055097000000 -0.107609000000 2.516069000000 0
-0.415855000000 -0.457416000000 2.442359000000 0
-0.097494000000 -0.423596000000 2.479584000000 0
-0.383927000000 -0.519990000000 2.426918000000 0
-0.119358000000 -0.490244000000 2.463665000000 0
-0.376617000000 -0.655513000000 2.817460000000 0
-0.143196000000 -0.645063000000 2.858020000000 0
-0.362717000000 -1.072826000000 2.714714000000 0
-0.320082000000 -1.031107000000 2.790332000000 0
-0.351283000000 -1.030390000000 2.543902000000 0
-0.223208000000 -1.049862000000 2.644141000000 0
-0.252243000000 0.336786000000 2.292644000000 0
-0.467134000000 0.097782000000 2.504349000000 0
-0.093384000000 0.125591000000 2.517115000000 0
-0.275059000000 0.079821000000 2.427902000000 0
-0.285372000000 0.105559000000 2.673756000000 0
-0.477264000000 -0.147525000000 2.728498000000 0
-0.087645000000 -0.141855000000 2.775633000000 0
-0.295107000000 -0.074676000000 2.848226000000 0
-0.454582000000 -0.207073000000 2.492502000000 0
-0.062232000000 -0.178016000000 2.507778000000 0
-0.398124000000 -0.520403000000 2.442943000000 0
-0.110368000000 -0.494909000000 2.474892000000 0
-0.365926000000 -0.583085000000 2.428532000000 0
-0.143095000000 -0.555992000000 2.455628000000 0
-0.336150000000 -0.673324000000 2.838985000000 0
-0.113737000000 -0.652066000000 2.924375000000 0
-0.367765000000 -1.084348000000 2.716674000000 0
-0.310393000000 -0.941809000000 2.674824000000 0
-0.336643000000 -1.037036000000 2.549638000000 0
-0.217284000000 -1.070718000000 2.751122000000 0
-0.242921000000 0.230378000000 2.231822000000 0
-0.443725000000 0.004240000000 2.483805000000 0
-0.071778000000 0.035062000000 2.520279000000 0
-0.246842000000 -0.017068000000 2.421818000000 0
-0.273971000000 0.023233000000 2.664413000000 0
-0.495030000000 -0.204643000000 2.705425000000 0
-0.132089000000 -0.238617000000 2.850945000000 0
-0.340177000000 -0.141808000000 2.863208000000 0
-0.438107000000 -0.302421000000 2.490153000000 0
-0.073478000000 -0.270920000000 2.498252000000 0
-0.378711000000 -0.619919000000 2.468574000000 0
-0.126981000000 -0.590164000000 2.493946000000 0
-0.353556000000 -0.685768000000 2.454276000000 0
-0.152546000000 -0.656608000000 2.483700000000 0
-0.310778000000 -0.716050000000 2.878928000000 0
-0.063712000000 -0.658396000000 3.030522000000 0
-0.384258000000 -1.108922000000 2.720334000000 0
-0.297805000000 -0.821720000000 2.708923000000 0
-0.221001000000 -1.112552000000 2.653686000000 0
-0.227598000000 -0.980775000000 2.738595000000 0
-0.251270000000 0.111503000000 2.228511000000 0
-0.439134000000 -0.050014000000 2.467646000000 0
-0.067620000000 -0.023457000000 2.511203000000 0
-0.241287000000 -0.080628000000 2.413067000000 0
-0.273551000000 -0.018458000000 2.650357000000 0
-0.487205000000 -0.245730000000 2.683803000000 0
-0.128954000000 -0.273983000000 2.841645000000 0
-0.336434000000 -0.175115000000 2.842246000000 0
-0.429617000000 -0.356613000000 2.489330000000 0
-0.077268000000 -0.330677000000 2.501912000000 0
-0.370910000000 -0.675758000000 2.488949000000 0
-0.128451000000 -0.651103000000 2.504626000000 0
-0.345619000000 -0.742666000000 2.481397000000 0
-0.155822000000 -0.717545000000 2.501521000000 0
-0.411368000000 -0.752945000000 2.931038000000 0
-0.146869000000 -0.663957000000 3.138495000000 0
-0.384498000000 -1.119664000000 2.708113000000 0
-0.317492000000 -0.772718000000 2.759076000000 0
-0.249723000000 -1.171389000000 2.809447000000 0
-0.292262000000 -0.943199000000 2.796598000000 0
-0.274658000000 0.022476000000 2.211362000000 0
-0.442203000000 -0.100808000000 2.471312000000 0
-0.070288000000 -0.063810000000 2.501898000000 0
-0.245027000000 -0.139799000000 2.419731000000 0
-0.273793000000 -0.033986000000 2.641516000000 0
-0.485582000000 -0.304120000000 2.684676000000 0
-0.110860000000 -0.288231000000 2.800378000000 0
-0.324492000000 -0.204752000000 2.815055000000 0
-0.421813000000 -0.403943000000 2.498827000000 0
-0.081537000000 -0.368667000000 2.501773000000 0
-0.369016000000 -0.721500000000 2.498853000000 0
-0.124751000000 -0.687303000000 2.517042000000 0
-0.349132000000 -0.790411000000 2.504266000000 0
-0.146918000000 -0.755542000000 2.522076000000 0
-0.538895000000 -0.729397000000 3.018068000000 0
-0.155581000000 -0.668422000000 3.156729000000 0
-0.425368000000 -1.133891000000 2.926437000000 0
-0.385916000000 -0.782558000000 2.812028000000 0
-0.556049000000 -1.193726000000 3.028664000000 0
-0.392892000000 -0.948419000000 2.871608000000 0
-0.273027000000 -0.011613000000 2.214842000000 0
-0.436992000000 -0.165611000000 2.484939000000 0
-0.069469000000 -0.097604000000 2.515390000000 0
-0.236422000000 -0.196092000000 2.441323000000 0
-0.277655000000 -0.065542000000 2.647403000000 0
-0.421898000000 -0.336620000000 2.739786000000 0
-0.052819000000 -0.279053000000 2.860297000000 0
-0.274200000000 -0.218065000000 2.869988000000 0
-0.416920000000 -0.465628000000 2.511192000000 0
-0.082263000000 -0.399096000000 2.508983000000 0
-0.371405000000 -0.779829000000 2.536721000000 0
-0.115608000000 -0.714943000000 2.532934000000 0
-0.358632000000 -0.850142000000 2.544852000000 0
-0.139760000000 -0.781994000000 2.542640000000 0
-0.476532000000 -0.649207000000 3.190682000000 0
-0.135664000000 -0.697643000000 3.200684000000 0
-0.520017000000 -1.038841000000 3.367303000000 0
-0.347558000000 -0.797931000000 2.840207000000 0
-0.453168000000 -1.112357000000 3.221582000000 0
-0.365481000000 -0.963970000000 2.896936000000 0
-0.272667000000 -0.093199000000 2.233081000000 0
-0.432011000000 -0.201198000000 2.499929000000 0
-0.062432000000 -0.139865000000 2.516493000000 0
-0.234193000000 -0.232073000000 2.445394000000 0
-0.263734000000 -0.111930000000 2.659649000000 0
-0.423366000000 -0.338526000000 2.791642000000 0
-0.043008000000 -0.287166000000 2.873779000000 0
-0.259809000000 -0.213584000000 2.893924000000 0
-0.417214000000 -0.499524000000 2.527218000000 0
-0.084084000000 -0.439009000000 2.514043000000 0
-0.372341000000 -0.811417000000 2.556958000000 0
-0.125525000000 -0.747154000000 2.573242000000 0
-0.352758000000 -0.880552000000 2.553768000000 0
-0.147969000000 -0.779855000000 2.633244000000 0
-0.475250000000 -0.602301000000 3.264762000000 0
-0.151234000000 -0.734115000000 3.179149000000 0
-0.528257000000 -0.983643000000 3.456253000000 0
-0.363736000000 -0.748899000000 2.805619000000 0
-0.474488000000 -1.064933000000 3.309252000000 0
-0.396463000000 -0.920339000000 2.831024000000 0
-0.274360000000 -0.169354000000 2.251611000000 0
-0.416998000000 -0.273637000000 2.548784000000 0
-0.073612000000 -0.127145000000 2.513412000000 0
-0.236596000000 -0.239917000000 2.451946000000 0
-0.234916000000 -0.185576000000 2.693311000000 0
-0.408226000000 -0.437245000000 2.811661000000 0
-0.034226000000 -0.333917000000 2.870851000000 0
-0.256987000000 -0.277992000000 2.879394000000 0
-0.411240000000 -0.571233000000 2.530264000000 0
-0.084705000000 -0.424694000000 2.530183000000 0
-0.372491000000 -0.877502000000 2.591374000000 0
-0.144088000000 -0.697034000000 2.676269000000 0
-0.367833000000 -0.941365000000 2.624133000000 0
-0.170195000000 -0.756596000000 2.706996000000 0
-0.442456000000 -0.645803000000 3.303700000000 0
-0.164901000000 -0.779259000000 3.182833000000 0
-0.536277000000 -1.020103000000 3.493429000000 0
-0.395190000000 -0.630890000000 2.851391000000 0
-0.441861000000 -1.105607000000 3.371433000000 0
-0.484019000000 -0.783128000000 2.844961000000 0
-0.269124000000 -0.211825000000 2.244805000000 0
-0.427275000000 -0.229924000000 2.513974000000 0
-0.076878000000 -0.096530000000 2.506705000000 0
-0.247771000000 -0.179295000000 2.423010000000 0
-0.236627000000 -0.195127000000 2.669663000000 0
-0.412499000000 -0.527679000000 2.755951000000 0
-0.033508000000 -0.434210000000 2.797007000000 0
-0.253707000000 -0.368810000000 2.804620000000 0
-0.417268000000 -0.525360000000 2.528646000000 0
-0.079859000000 -0.392411000000 2.513312000000 0
-0.376343000000 -0.828367000000 2.592325000000 0
-0.111333000000 -0.701493000000 2.545259000000 0
-0.366251000000 -0.891244000000 2.625761000000 0
-0.127512000000 -0.771351000000 2.550866000000 0
-0.409550000000 -0.775916000000 3.225661000000 0
-0.160398000000 -0.800082000000 3.205143000000 0
-0.545901000000 -1.053351000000 3.524557000000 0
-0.378737000000 -0.718795000000 2.843729000000 0
-0.495527000000 -1.188078000000 3.422482000000 0
-0.471864000000 -0.866808000000 2.866699000000 0
-0.242315000000 -0.115864000000 2.214899000000 0
-0.435978000000 -0.201836000000 2.509511000000 0
-0.092667000000 -0.050990000000 2.506771000000 0
-0.251971000000 -0.156030000000 2.425235000000 0
-0.260864000000 -0.131323000000 2.671249000000 0
-0.404559000000 -0.440406000000 2.712734000000 0
-0.034095000000 -0.339620000000 2.794316000000 0
-0.258818000000 -0.299584000000 2.821140000000 0
-0.419982000000 -0.495984000000 2.515644000000 0
-0.083190000000 -0.345481000000 2.505604000000 0
-0.377121000000 -0.801620000000 2.553366000000 0
-0.109871000000 -0.653306000000 2.540323000000 0
-0.361239000000 -0.859640000000 2.592797000000 0
-0.125508000000 -0.720022000000 2.562178000000 0
-0.399785000000 -0.794887000000 3.117486000000 0
-0.157824000000 -0.762433000000 3.160866000000 0
-0.522085000000 -1.009524000000 3.469444000000 0
-0.365368000000 -0.710046000000 2.787930000000 0
-0.480980000000 -1.161939000000 3.390779000000 0
-0.444087000000 -0.866360000000 2.809780000000 0
-0.239512000000 -0.094254000000 2.203446000000 0
-0.426481000000 -0.144023000000 2.496214000000 0
-0.053621000000 -0.120753000000 2.528763000000 0
-0.230592000000 -0.178259000000 2.436927000000 0
-0.255498000000 -0.109975000000 2.673421000000 0
-0.454460000000 -0.397775000000 2.707410000000 0
-0.069842000000 -0.393295000000 2.785547000000 0
-0.282670000000 -0.328870000000 2.843657000000 0
-0.424525000000 -0.436829000000 2.515573000000 0
-0.084070000000 -0.411346000000 2.501508000000 0
-0.389427000000 -0.742773000000 2.548096000000 0
-0.118219000000 -0.716764000000 2.539522000000 0
-0.370888000000 -0.812265000000 2.548853000000 0
-0.138379000000 -0.785776000000 2.537475000000 0
-0.465576000000 -0.855991000000 3.015322000000 0
-0.108541000000 -0.831191000000 3.090081000000 0
-0.143073000000 -1.138895000000 3.044611000000 0
-0.176754000000 -1.202557000000 3.295834000000 0
-0.251304000000 -1.254188000000 3.122723000000 0
-0.116643000000 -1.291228000000 3.155719000000 0
-0.245236000000 0.078445000000 2.304696000000 0
-0.436529000000 -0.072508000000 2.497773000000 0
-0.061968000000 -0.073786000000 2.515858000000 0
-0.245361000000 -0.105299000000 2.424025000000 0
-0.257135000000 -0.078900000000 2.669742000000 0
-0.466099000000 -0.357949000000 2.691950000000 0
-0.081719000000 -0.394218000000 2.762607000000 0
-0.288087000000 -0.321167000000 2.832597000000 0
-0.430156000000 -0.364253000000 2.503778000000 0
-0.078503000000 -0.364645000000 2.497976000000 0
-0.393870000000 -0.669691000000 2.519744000000 0
-0.121338000000 -0.668232000000 2.527359000000 0
-0.378909000000 -0.739922000000 2.523880000000 0
-0.133858000000 -0.739057000000 2.526668000000 0
-0.538877000000 -0.806855000000 2.995242000000 0
-0.175119000000 -0.844852000000 3.044536000000 0
-0.133636000000 -0.949774000000 2.979296000000 0
0.012700000000 -0.462556000000 2.985600000000 0
-0.180871000000 -1.093774000000 3.069524000000 0
0.131457000000 -0.501725000000 3.109981000000 0
-0.224866000000 0.171433000000 2.310735000000 0
-0.446763000000 -0.023675000000 2.500583000000 0
-0.072067000000 -0.013435000000 2.511693000000 0
-0.256432000000 -0.032511000000 2.418391000000 0
-0.263013000000 -0.058543000000 2.664341000000 0
-0.464343000000 -0.314527000000 2.701460000000 0
-0.075286000000 -0.339223000000 2.747076000000 0
-0.278337000000 -0.268709000000 2.828445000000 0
-0.437805000000 -0.317467000000 2.503879000000 0
-0.072804000000 -0.306822000000 2.493575000000 0
-0.401008000000 -0.624560000000 2.527424000000 0
-0.111554000000 -0.614151000000 2.509764000000 0
-0.386833000000 -0.695060000000 2.525936000000 0
-0.137190000000 -0.681268000000 2.506386000000 0
-0.503264000000 -0.780071000000 2.985588000000 0
-0.234477000000 -0.852629000000 2.914387000000 0
-0.228874000000 -1.110910000000 2.973101000000 0
-0.174383000000 -1.190160000000 3.173928000000 0
-0.347422000000 -1.212335000000 3.055366000000 0
-0.179009000000 -1.298152000000 3.034556000000 0
-0.253293000000 0.231968000000 2.311290000000 0
-0.449546000000 0.034019000000 2.505959000000 0
-0.074621000000 0.040561000000 2.509639000000 0
-0.260828000000 0.013532000000 2.422141000000 0
-0.263288000000 0.015369000000 2.669534000000 0
-0.465064000000 -0.251784000000 2.707815000000 0
-0.074243000000 -0.268432000000 2.740034000000 0
-0.275158000000 -0.195175000000 2.824235000000 0
-0.449218000000 -0.262975000000 2.512015000000 0
-0.067288000000 -0.256272000000 2.500781000000 0
-0.409997000000 -0.573398000000 2.530969000000 0
-0.109411000000 -0.566748000000 2.510332000000 0
-0.392933000000 -0.643228000000 2.528530000000 0
-0.140889000000 -0.630953000000 2.502581000000 0
-0.508509000000 -0.703571000000 3.000208000000 0
-0.283561000000 -0.784060000000 2.866647000000 0
-0.319378000000 -1.088697000000 2.971790000000 0
-0.183913000000 -1.113727000000 3.124115000000 0
-0.459273000000 -1.163113000000 3.049248000000 0
-0.234833000000 -1.226958000000 2.998839000000 0
-0.252765000000 0.213095000000 2.257903000000 0
-0.456975000000 0.104393000000 2.524774000000 0
-0.082232000000 0.118255000000 2.525244000000 0
-0.269060000000 0.099616000000 2.436885000000 0
-0.268173000000 0.067326000000 2.682179000000 0
-0.461587000000 -0.194245000000 2.731050000000 0
-0.071776000000 -0.220430000000 2.768703000000 0
-0.273364000000 -0.153509000000 2.856491000000 0
-0.469174000000 -0.195896000000 2.535764000000 0
-0.057175000000 -0.180967000000 2.508478000000 0
-0.421982000000 -0.509680000000 2.540585000000 0
-0.110180000000 -0.493835000000 2.504611000000 0
-0.399136000000 -0.572903000000 2.566162000000 0
-0.125809000000 -0.563239000000 2.494021000000 0
-0.499461000000 -0.656398000000 3.019072000000 0
-0.283296000000 -0.743489000000 2.855914000000 0
-0.406766000000 -1.076259000000 3.014086000000 0
-0.331373000000 -1.137058000000 3.022323000000 0
-0.572700000000 -1.112327000000 2.966410000000 0
-0.335705000000 -1.205276000000 2.859732000000 0
-0.264237000000 0.246951000000 2.291179000000 0
-0.458684000000 0.152034000000 2.533568000000 0
-0.083813000000 0.161542000000 2.531055000000 0
-0.271727000000 0.152156000000 2.443534000000 0
-0.268791000000 0.100355000000 2.685444000000 0
-0.463561000000 -0.151135000000 2.732275000000 0
-0.072478000000 -0.174770000000 2.755763000000 0
-0.271765000000 -0.115755000000 2.853870000000 0
-0.485508000000 -0.147332000000 2.555719000000 0
-0.052699000000 -0.137840000000 2.515821000000 0
-0.435679000000 -0.461367000000 2.549299000000 0
-0.104492000000 -0.451569000000 2.509993000000 0
-0.407766000000 -0.527480000000 2.554121000000 0
-0.120670000000 -0.520953000000 2.500120000000 0
-0.497562000000 -0.622679000000 2.999066000000 0
-0.286770000000 -0.699275000000 2.858997000000 0
-0.414410000000 -1.044273000000 3.014698000000 0
-0.360242000000 -1.107390000000 2.745222000000 0
-0.542592000000 -1.073910000000 2.897228000000 0
-0.348896000000 -1.062022000000 2.575159000000 0
-0.268123000000 0.328086000000 2.320867000000 0
-0.464556000000 0.191707000000 2.542208000000 0
-0.089654000000 0.200211000000 2.541224000000 0
-0.277365000000 0.197152000000 2.452825000000 0
-0.275209000000 0.129612000000 2.690830000000 0
-0.476329000000 -0.117853000000 2.709648000000 0
-0.085792000000 -0.147811000000 2.734938000000 0
-0.284920000000 -0.089182000000 2.833597000000 0
-0.499621000000 -0.106245000000 2.571139000000 0
-0.045950000000 -0.098001000000 2.540055000000 0
-0.451799000000 -0.420486000000 2.560113000000 0
-0.105381000000 -0.409087000000 2.510909000000 0
-0.431762000000 -0.488900000000 2.569672000000 0
-0.119140000000 -0.477228000000 2.492449000000 0
-0.511283000000 -0.599562000000 2.962194000000 0
-0.298923000000 -0.670072000000 2.850485000000 0
-0.419976000000 -1.016768000000 3.012219000000 0
-0.391505000000 -1.055990000000 2.684967000000 0
-0.519171000000 -1.055341000000 2.871575000000 0
-0.363543000000 -0.993056000000 2.522592000000 0
-0.270662000000 0.401245000000 2.361679000000 0
-0.468140000000 0.237030000000 2.563379000000 0
-0.093458000000 0.251448000000 2.568908000000 0
-0.280124000000 0.260221000000 2.478695000000 0
-0.279335000000 0.154014000000 2.702150000000 0
-0.472510000000 -0.096258000000 2.687074000000 0
-0.080870000000 -0.112657000000 2.707222000000 0
-0.281113000000 -0.069604000000 2.811491000000 0
-0.514819000000 -0.057565000000 2.596853000000 0
-0.039281000000 -0.043765000000 2.568823000000 0
-0.453141000000 -0.367824000000 2.581076000000 0
-0.091296000000 -0.354668000000 2.538039000000 0
-0.397379000000 -0.383381000000 2.623760000000 0
-0.114973000000 -0.422580000000 2.538796000000 0
-0.516617000000 -0.591599000000 2.887504000000 0
-0.273740000000 -0.644814000000 2.821254000000 0
-0.426087000000 -0.994407000000 3.007711000000 0
-0.380908000000 -1.053613000000 2.741894000000 0
-0.502603000000 -1.055396000000 2.860968000000 0
-0.368530000000 -1.023217000000 2.568600000000 0
-0.275606000000 0.474696000000 2.410896000000 0
-0.469437000000 0.266206000000 2.589849000000 0
-0.094549000000 0.273924000000 2.584848000000 0
-0.283648000000 0.295231000000 2.502101000000 0
-0.278173000000 0.165894000000 2.712944000000 0
-0.475851000000 -0.076713000000 2.675223000000 0
-0.083592000000 -0.089459000000 2.680401000000 0
-0.280677000000 -0.064489000000 2.795973000000 0
-0.529624000000 -0.024469000000 2.621634000000 0
-0.035786000000 -0.018748000000 2.581046000000 0
-0.472838000000 -0.332111000000 2.584551000000 0
-0.084180000000 -0.328650000000 2.551684000000 0
-0.473559000000 -0.400382000000 2.607175000000 0
-0.104213000000 -0.397244000000 2.559857000000 0
-0.439956000000 -0.622139000000 2.770222000000 0
-0.213888000000 -0.625135000000 2.816489000000 0
-0.429231000000 -0.983411000000 3.003175000000 0
-0.386891000000 -1.013422000000 2.751659000000 0
-0.455678000000 -1.078466000000 2.856979000000 0
-0.318085000000 -1.016970000000 2.589298000000 0
-0.278578000000 0.520978000000 2.443393000000 0
-0.472119000000 0.285971000000 2.597520000000 0
-0.097189000000 0.290318000000 2.603277000000 0
-0.283736000000 0.319268000000 2.517130000000 0
-0.285158000000 0.175353000000 2.718374000000 0
-0.478262000000 -0.068825000000 2.666503000000 0
-0.085778000000 -0.070948000000 2.663671000000 0
-0.281099000000 -0.058405000000 2.784151000000 0
-0.529176000000 -0.001917000000 2.643965000000 0
-0.037421000000 -0.000632000000 2.595055000000 0
-0.476636000000 -0.308703000000 2.606041000000 0
-0.079562000000 -0.309802000000 2.564164000000 0
-0.452404000000 -0.375397000000 2.594292000000 0
-0.098665000000 -0.377715000000 2.550156000000 0
-0.379775000000 -0.623106000000 2.721150000000 0
-0.150247000000 -0.612306000000 2.775533000000 0
-0.425003000000 -0.959738000000 2.984841000000 0
-0.370603000000 -0.981362000000 2.787428000000 0
-0.425127000000 -1.068491000000 2.845985000000 0
-0.260646000000 -1.050854000000 2.668312000000 0
-0.282346000000 0.542079000000 2.474425000000 0
-0.476127000000 0.302457000000 2.613609000000 0
-0.101355000000 0.308206000000 2.625340000000 0
-0.286700000000 0.339610000000 2.537474000000 0
-0.290498000000 0.188125000000 2.733052000000 0
-0.465219000000 -0.049381000000 2.655558000000 0
-0.072721000000 -0.050448000000 2.654943000000 0
-0.268782000000 -0.049714000000 2.774870000000 0
-0.528932000000 0.018800000000 2.669187000000 0
-0.032231000000 0.022654000000 2.629880000000 0
-0.487809000000 -0.282981000000 2.611062000000 0
-0.073851000000 -0.280853000000 2.582002000000 0
-0.479849000000 -0.351588000000 2.590988000000 0
-0.099661000000 -0.342294000000 2.554943000000 0
-0.391988000000 -0.603522000000 2.685446000000 0
-0.156153000000 -0.596238000000 2.750625000000 0
-0.422558000000 -0.933395000000 2.959579000000 0
-0.372055000000 -0.965912000000 2.790972000000 0
-0.435221000000 -1.045136000000 2.823705000000 0
-0.287485000000 -1.030648000000 2.650383000000 0
-0.286062000000 0.573050000000 2.517303000000 0
-0.476040000000 0.304076000000 2.622788000000 0
-0.101295000000 0.311362000000 2.634536000000 0
-0.286867000000 0.345109000000 2.548028000000 0
-0.289724000000 0.186259000000 2.737688000000 0
-0.472518000000 -0.060582000000 2.664179000000 0
-0.080368000000 -0.048046000000 2.653370000000 0
-0.273086000000 -0.056226000000 2.778332000000 0
-0.531394000000 0.024753000000 2.678926000000 0
-0.033053000000 0.029563000000 2.647527000000 0
-0.484871000000 -0.270426000000 2.611803000000 0
-0.065788000000 -0.269968000000 2.592661000000 0
-0.486844000000 -0.340385000000 2.595212000000 0
-0.086190000000 -0.332747000000 2.564096000000 0
-0.388643000000 -0.610989000000 2.692898000000 0
-0.158963000000 -0.600519000000 2.736912000000 0
-0.424221000000 -0.942002000000 2.965045000000 0
-0.364554000000 -0.975690000000 2.780261000000 0
-0.435529000000 -1.053057000000 2.828491000000 0
-0.292410000000 -1.032618000000 2.629720000000 0
-0.282397000000 0.578529000000 2.530938000000 0
-0.475792000000 0.306716000000 2.635605000000 0
-0.100909000000 0.314949000000 2.640088000000 0
-0.288328000000 0.352572000000 2.559355000000 0
-0.286778000000 0.183603000000 2.740074000000 0
-0.474229000000 -0.055517000000 2.665737000000 0
-0.081948000000 -0.047049000000 2.655733000000 0
-0.274962000000 -0.054883000000 2.780259000000 0
-0.536221000000 0.028162000000 2.683398000000 0
-0.033941000000 0.033989000000 2.650325000000 0
-0.482856000000 -0.261968000000 2.606013000000 0
-0.064028000000 -0.265166000000 2.599212000000 0
-0.476167000000 -0.328567000000 2.579687000000 0
-0.086124000000 -0.326321000000 2.568467000000 0
-0.388149000000 -0.607711000000 2.690601000000 0
-0.155255000000 -0.599412000000 2.727251000000 0
-0.424294000000 -0.938951000000 2.962399000000 0
-0.358190000000 -0.975145000000 2.777679000000 0
-0.433975000000 -1.050030000000 2.825740000000 0
-0.285503000000 -1.034449000000 2.628320000000 0
-0.280804000000 0.587101000000 2.546261000000 0
-0.476057000000 0.306914000000 2.637365000000 0
-0.101345000000 0.316401000000 2.648578000000 0
-0.287552000000 0.356783000000 2.566384000000 0
-0.288261000000 0.180094000000 2.739570000000 0
-0.475346000000 -0.056238000000 2.656053000000 0
-0.082889000000 -0.051793000000 2.659837000000 0
-0.280240000000 -0.056709000000 2.777529000000 0
-0.533572000000 0.030808000000 2.686380000000 0
-0.037887000000 0.037281000000 2.645348000000 0
-0.494951000000 -0.257665000000 2.605508000000 0
-0.071415000000 -0.259626000000 2.600961000000 0
-0.487969000000 -0.321852000000 2.573813000000 0
-0.084768000000 -0.322273000000 2.568244000000 0
-0.385595000000 -0.610446000000 2.678108000000 0
-0.151387000000 -0.601850000000 2.730622000000 0
-0.424855000000 -0.936131000000 2.956116000000 0
-0.361200000000 -0.972374000000 2.790546000000 0
-0.428974000000 -1.050322000000 2.821760000000 0
-0.276613000000 -1.042580000000 2.652617000000 0
-0.289122000000 0.588744000000 2.565514000000 0
-0.478128000000 0.309076000000 2.643209000000 0
-0.103231000000 0.317257000000 2.646394000000 0
-0.291053000000 0.359738000000 2.569077000000 0
-0.288568000000 0.179788000000 2.738855000000 0
-0.474894000000 -0.055152000000 2.634597000000 0
-0.083312000000 -0.040378000000 2.656984000000 0
-0.285848000000 -0.049937000000 2.765200000000 0
-0.528209000000 0.031463000000 2.675887000000 0
-0.035891000000 0.041379000000 2.645116000000 0
-0.503866000000 -0.260990000000 2.615235000000 0
-0.068661000000 -0.252232000000 2.594923000000 0
-0.491945000000 -0.318341000000 2.573496000000 0
-0.081859000000 -0.314279000000 2.561022000000 0
-0.387788000000 -0.605358000000 2.669819000000 0
-0.158902000000 -0.594428000000 2.723880000000 0
-0.424423000000 -0.930798000000 2.948470000000 0
-0.359203000000 -0.970534000000 2.781533000000 0
-0.426821000000 -1.045344000000 2.814374000000 0
-0.280614000000 -1.034516000000 2.637179000000 0
-0.292411000000 0.592516000000 2.559204000000 0
-0.479399000000 0.310439000000 2.647842000000 0
-0.104605000000 0.320204000000 2.640131000000 0
-0.294773000000 0.361990000000 2.568372000000 0
-0.286595000000 0.181830000000 2.737748000000 0
-0.472870000000 -0.060024000000 2.648748000000 0
-0.080677000000 -0.045661000000 2.642837000000 0
-0.274861000000 -0.055877000000 2.765358000000 0
-0.532270000000 0.034237000000 2.669974000000 0
-0.033099000000 0.047331000000 2.639550000000 0
-0.495225000000 -0.254501000000 2.607801000000 0
-0.066611000000 -0.242673000000 2.581400000000 0
-0.488562000000 -0.321758000000 2.583196000000 0
-0.089774000000 -0.307664000000 2.561078000000 0
-0.386377000000 -0.609851000000 2.681197000000 0
-0.159569000000 -0.598544000000 2.725029000000 0
-0.425755000000 -0.939906000000 2.953985000000 0
-0.363000000000 -0.972967000000 2.782680000000 0
-0.434229000000 -1.051537000000 2.817696000000 0
-0.292943000000 -1.034107000000 2.632807000000 0
-0.300955000000 0.592378000000 2.570945000000 0
-0.484505000000 0.308666000000 2.646755000000 0
-0.109948000000 0.323755000000 2.636531000000 0
-0.301177000000 0.363208000000 2.566285000000 0
-0.289294000000 0.182349000000 2.734694000000 0
-0.475376000000 -0.057107000000 2.646513000000 0
-0.083262000000 -0.040056000000 2.649976000000 0
-0.280295000000 -0.050432000000 2.767845000000 0
-0.534582000000 0.033448000000 2.663640000000 0
-0.039185000000 0.052593000000 2.637650000000 0
-0.486217000000 -0.249922000000 2.594238000000 0
-0.069592000000 -0.237100000000 2.586584000000 0
-0.472867000000 -0.315493000000 2.567865000000 0
-0.088402000000 -0.302101000000 2.562204000000 0
-0.387030000000 -0.606470000000 2.678121000000 0
-0.160342000000 -0.595602000000 2.718733000000 0
-0.427119000000 -0.937577000000 2.949528000000 0
-0.358967000000 -0.971346000000 2.784035000000 0
-0.432801000000 -1.048918000000 2.812856000000 0
-0.290075000000 -1.033810000000 2.634168000000 0
-0.300386000000 0.593300000000 2.562093000000 0
-0.482971000000 0.308817000000 2.642460000000 0
-0.108193000000 0.321530000000 2.640220000000 0
-0.297649000000 0.362909000000 2.566372000000 0
-0.290460000000 0.180384000000 2.733241000000 0
-0.476803000000 -0.055456000000 2.647016000000 0
-0.084597000000 -0.040282000000 2.646726000000 0
-0.280547000000 -0.049535000000 2.766479000000 0
-0.534095000000 0.034098000000 2.658023000000 0
-0.039074000000 0.050373000000 2.635468000000 0
-0.490392000000 -0.252195000000 2.600184000000 0
-0.070675000000 -0.238889000000 2.584995000000 0
-0.478109000000 -0.311732000000 2.561743000000 0
-0.083678000000 -0.305440000000 2.561012000000 0
-0.385691000000 -0.605979000000 2.671997000000 0
-0.157673000000 -0.594896000000 2.716455000000 0
-0.427217000000 -0.934997000000 2.945717000000 0
-0.362443000000 -0.966806000000 2.784657000000 0
-0.432398000000 -1.047362000000 2.809866000000 0
-0.288477000000 -1.034169000000 2.639401000000 0
-0.301827000000 0.588218000000 2.553495000000 0
