-0.502763000000 0.217552000000 2.466180000000 0
-0.145454000000 0.245418000000 2.432215000000 0
-0.336282000000 0.272419000000 2.354722000000 0
-0.305270000000 0.106536000000 2.544866000000 0
-0.495910000000 -0.108058000000 2.465650000000 0
-0.069320000000 -0.116076000000 2.428443000000 0
-0.272039000000 -0.107294000000 2.567283000000 0
-0.550987000000 -0.047020000000 2.510071000000 0
-0.039840000000 -0.005451000000 2.419565000000 0
-0.567430000000 -0.323467000000 2.429150000000 0
-0.048570000000 -0.268519000000 2.301408000000 0
-0.527259000000 -0.378969000000 2.434280000000 0
-0.064263000000 -0.334872000000 2.309860000000 0
-0.392072000000 -0.614564000000 2.479467000000 0
-0.178637000000 -0.616762000000 2.479985000000 0
-0.402896000000 -1.001390000000 2.563517000000 0
-0.198130000000 -1.000666000000 2.575133000000 0
-0.418461000000 -1.036332000000 2.400700000000 0
-0.209210000000 -1.040282000000 2.413021000000 0
-0.334092000000 0.525464000000 2.333678000000 0
-0.497376000000 0.217049000000 2.466704000000 0
-0.139260000000 0.243716000000 2.441377000000 0
-0.328182000000 0.274011000000 2.360507000000 0
-0.302267000000 0.102699000000 2.546556000000 0
-0.491480000000 -0.109538000000 2.460866000000 0
-0.064154000000 -0.113634000000 2.432521000000 0
-0.269783000000 -0.106781000000 2.567125000000 0
-0.548414000000 -0.049171000000 2.501470000000 0
-0.034279000000 -0.007760000000 2.420745000000 0
-0.567366000000 -0.321328000000 2.405015000000 0
-0.053093000000 -0.265890000000 2.291336000000 0
-0.531700000000 -0.376314000000 2.425627000000 0
-0.064081000000 -0.332916000000 2.280980000000 0
-0.391326000000 -0.614630000000 2.478407000000 0
-0.175355000000 -0.615592000000 2.480973000000 0
-0.400355000000 -1.000019000000 2.569011000000 0
-0.199623000000 -0.997250000000 2.583756000000 0
-0.413382000000 -1.037890000000 2.406627000000 0
-0.206679000000 -1.040285000000 2.422292000000 0
-0.331286000000 0.524127000000 2.340472000000 0
-0.494460000000 0.221877000000 2.466799000000 0
-0.135756000000 0.241537000000 2.443455000000 0
-0.323572000000 0.274417000000 2.361034000000 0
-0.302031000000 0.104835000000 2.549213000000 0
-0.486928000000 -0.107113000000 2.461581000000 0
-0.059446000000 -0.115058000000 2.436599000000 0
-0.266058000000 -0.106402000000 2.569583000000 0
-0.546367000000 -0.043952000000 2.498177000000 0
-0.035088000000 -0.009973000000 2.412591000000 0
-0.558134000000 -0.308194000000 2.382483000000 0
-0.059586000000 -0.264829000000 2.279191000000 0
-0.560961000000 -0.371113000000 2.355031000000 0
-0.091399000000 -0.320302000000 2.254069000000 0
-0.387770000000 -0.613381000000 2.478503000000 0
-0.172335000000 -0.616170000000 2.481419000000 0
-0.399347000000 -0.998599000000 2.569545000000 0
-0.202473000000 -1.001403000000 2.568041000000 0
-0.411051000000 -1.036640000000 2.407100000000 0
-0.208699000000 -1.037605000000 2.404874000000 0
-0.326636000000 0.523394000000 2.336219000000 0
-0.489355000000 0.225773000000 2.478939000000 0
-0.130842000000 0.241407000000 2.450224000000 0
-0.319514000000 0.281970000000 2.373367000000 0
-0.297425000000 0.101139000000 2.550697000000 0
-0.484790000000 -0.104105000000 2.465724000000 0
-0.057840000000 -0.113816000000 2.433367000000 0
-0.262094000000 -0.104577000000 2.569908000000 0
-0.538548000000 -0.041867000000 2.501010000000 0
-0.033073000000 -0.010337000000 2.410173000000 0
-0.558710000000 -0.301466000000 2.375443000000 0
-0.084079000000 -0.248931000000 2.255135000000 0
-0.560287000000 -0.362461000000 2.343859000000 0
-0.115437000000 -0.307654000000 2.238146000000 0
-0.385312000000 -0.610955000000 2.479712000000 0
-0.169911000000 -0.614505000000 2.478748000000 0
-0.405235000000 -0.995647000000 2.571532000000 0
-0.207052000000 -0.996699000000 2.575517000000 0
-0.418974000000 -1.033672000000 2.409243000000 0
-0.214433000000 -1.037035000000 2.413372000000 0
-0.319571000000 0.523054000000 2.347836000000 0
-0.488988000000 0.223884000000 2.480193000000 0
-0.130543000000 0.238946000000 2.450362000000 0
-0.319390000000 0.278269000000 2.373291000000 0
-0.296914000000 0.100417000000 2.553561000000 0
-0.485671000000 -0.102367000000 2.467126000000 0
-0.058959000000 -0.115895000000 2.433050000000 0
-0.262602000000 -0.105931000000 2.570449000000 0
-0.538214000000 -0.043803000000 2.500291000000 0
-0.032540000000 -0.012909000000 2.412312000000 0
-0.558566000000 -0.307237000000 2.383279000000 0
-0.092108000000 -0.242602000000 2.247399000000 0
-0.531364000000 -0.358609000000 2.346655000000 0
-0.132840000000 -0.294737000000 2.228871000000 0
-0.387183000000 -0.610359000000 2.478454000000 0
-0.169357000000 -0.615610000000 2.475199000000 0
-0.401195000000 -0.994917000000 2.571913000000 0
-0.206463000000 -0.993219000000 2.588561000000 0
-0.416080000000 -1.033745000000 2.409914000000 0
-0.212600000000 -1.040722000000 2.428316000000 0
-0.315816000000 0.524652000000 2.354823000000 0
-0.486530000000 0.226172000000 2.482625000000 0
-0.128166000000 0.237593000000 2.450306000000 0
-0.317119000000 0.279852000000 2.375072000000 0
-0.295315000000 0.099784000000 2.553212000000 0
-0.487425000000 -0.101689000000 2.469108000000 0
-0.061005000000 -0.117013000000 2.432239000000 0
-0.263742000000 -0.107403000000 2.570997000000 0
-0.540319000000 -0.040470000000 2.501924000000 0
-0.033257000000 -0.014861000000 2.410016000000 0
-0.558570000000 -0.308671000000 2.396545000000 0
-0.106961000000 -0.239932000000 2.244848000000 0
-0.529048000000 -0.363046000000 2.366675000000 0
-0.136256000000 -0.284871000000 2.201921000000 0
-0.387722000000 -0.610242000000 2.478983000000 0
-0.170154000000 -0.616172000000 2.473519000000 0
-0.401370000000 -0.995921000000 2.567757000000 0
-0.201848000000 -0.997983000000 2.573675000000 0
-0.417052000000 -1.032744000000 2.405366000000 0
-0.210439000000 -1.039697000000 2.411938000000 0
-0.308048000000 0.522767000000 2.350365000000 0
-0.484864000000 0.227729000000 2.476635000000 0
-0.125681000000 0.236339000000 2.453973000000 0
-0.312207000000 0.279764000000 2.373526000000 0
-0.296593000000 0.100145000000 2.552767000000 0
-0.487708000000 -0.103103000000 2.465828000000 0
-0.060508000000 -0.119727000000 2.440304000000 0
-0.266891000000 -0.111111000000 2.573645000000 0
-0.536531000000 -0.036440000000 2.515133000000 0
-0.047070000000 -0.017279000000 2.395357000000 0
-0.557796000000 -0.305489000000 2.414873000000 0
-0.117260000000 -0.248732000000 2.239170000000 0
-0.572285000000 -0.370448000000 2.397819000000 0
-0.153022000000 -0.296751000000 2.205470000000 0
-0.390003000000 -0.611797000000 2.479216000000 0
-0.171303000000 -0.619133000000 2.467796000000 0
-0.400340000000 -0.997135000000 2.569899000000 0
-0.205358000000 -0.996352000000 2.583391000000 0
-0.412354000000 -1.035043000000 2.407445000000 0
-0.207730000000 -1.045154000000 2.423437000000 0
-0.307270000000 0.524740000000 2.357177000000 0
-0.485283000000 0.223670000000 2.479710000000 0
-0.126721000000 0.237343000000 2.450620000000 0
-0.315252000000 0.278157000000 2.373550000000 0
-0.293900000000 0.098731000000 2.552391000000 0
-0.490052000000 -0.104275000000 2.469279000000 0
-0.063829000000 -0.119633000000 2.430217000000 0
-0.265881000000 -0.110954000000 2.570031000000 0
-0.539981000000 -0.040479000000 2.513329000000 0
-0.047319000000 -0.015381000000 2.389608000000 0
-0.560770000000 -0.315181000000 2.429947000000 0
-0.118779000000 -0.248836000000 2.237166000000 0
-0.546019000000 -0.366162000000 2.473579000000 0
-0.150808000000 -0.296556000000 2.199519000000 0
-0.388162000000 -0.612695000000 2.481622000000 0
-0.173828000000 -0.619104000000 2.467267000000 0
-0.400368000000 -0.997106000000 2.575936000000 0
-0.205415000000 -0.998966000000 2.574614000000 0
-0.416688000000 -1.036279000000 2.414159000000 0
-0.214061000000 -1.043722000000 2.413696000000 0
-0.305447000000 0.523215000000 2.353705000000 0
-0.486508000000 0.219677000000 2.479172000000 0
-0.128195000000 0.236645000000 2.448770000000 0
-0.317371000000 0.274987000000 2.372013000000 0
-0.293664000000 0.097210000000 2.552198000000 0
-0.489785000000 -0.107488000000 2.467165000000 0
-0.063221000000 -0.121868000000 2.431621000000 0
-0.266481000000 -0.114944000000 2.569771000000 0
-0.537266000000 -0.044483000000 2.520855000000 0
-0.044843000000 -0.016135000000 2.391768000000 0
-0.554478000000 -0.319920000000 2.437749000000 0
-0.115118000000 -0.251042000000 2.240283000000 0
-0.553619000000 -0.369013000000 2.485807000000 0
-0.152207000000 -0.296183000000 2.204128000000 0
-0.391990000000 -0.615070000000 2.484150000000 0
-0.175986000000 -0.621430000000 2.470167000000 0
-0.399886000000 -1.002104000000 2.567565000000 0
-0.198656000000 -1.002793000000 2.574398000000 0
-0.415630000000 -1.036878000000 2.404729000000 0
-0.208106000000 -1.046294000000 2.413181000000 0
-0.308290000000 0.524774000000 2.358328000000 0
-0.489186000000 0.223932000000 2.480738000000 0
-0.130912000000 0.240429000000 2.449627000000 0
-0.320190000000 0.280789000000 2.374168000000 0
-0.296502000000 0.099523000000 2.550846000000 0
-0.492013000000 -0.107649000000 2.469330000000 0
-0.066225000000 -0.118376000000 2.424418000000 0
-0.266405000000 -0.111206000000 2.566984000000 0
-0.537588000000 -0.041207000000 2.523962000000 0
-0.047933000000 -0.011959000000 2.386983000000 0
-0.563274000000 -0.320174000000 2.452894000000 0
-0.111753000000 -0.254269000000 2.242949000000 0
-0.544291000000 -0.376824000000 2.486818000000 0
-0.151040000000 -0.288900000000 2.198478000000 0
-0.391203000000 -0.614875000000 2.477693000000 0
-0.175963000000 -0.619068000000 2.466465000000 0
-0.400572000000 -1.000894000000 2.565541000000 0
-0.204757000000 -0.999529000000 2.572466000000 0
-0.419447000000 -1.037334000000 2.403404000000 0
-0.216336000000 -1.043495000000 2.411514000000 0
-0.312075000000 0.525178000000 2.354266000000 0
-0.490276000000 0.224034000000 2.483255000000 0
-0.132269000000 0.236874000000 2.447673000000 0
-0.322071000000 0.278018000000 2.373974000000 0
-0.297888000000 0.098754000000 2.552616000000 0
-0.494379000000 -0.109438000000 2.480720000000 0
-0.070928000000 -0.117820000000 2.417106000000 0
-0.264687000000 -0.112520000000 2.568359000000 0
-0.541005000000 -0.042539000000 2.515904000000 0
-0.050507000000 -0.016598000000 2.386289000000 0
-0.562467000000 -0.323292000000 2.449085000000 0
-0.122324000000 -0.250036000000 2.231059000000 0
-0.545229000000 -0.380429000000 2.483124000000 0
-0.152028000000 -0.304229000000 2.201038000000 0
-0.391504000000 -0.616279000000 2.479575000000 0
-0.173762000000 -0.619086000000 2.461735000000 0
-0.399040000000 -1.001506000000 2.571003000000 0
-0.201420000000 -0.995132000000 2.582731000000 0
-0.424585000000 -1.039201000000 2.410071000000 0
-0.217094000000 -1.045089000000 2.423887000000 0
-0.312804000000 0.522940000000 2.352240000000 0
-0.492752000000 0.224830000000 2.475261000000 0
-0.133367000000 0.234148000000 2.456405000000 0
-0.319115000000 0.277755000000 2.374274000000 0
-0.305075000000 0.097094000000 2.552593000000 0
-0.497275000000 -0.114214000000 2.473584000000 0
-0.070603000000 -0.115058000000 2.436456000000 0
-0.273475000000 -0.117173000000 2.575334000000 0
-0.546483000000 -0.040373000000 2.510477000000 0
-0.048121000000 -0.019097000000 2.401090000000 0
-0.566341000000 -0.319669000000 2.439229000000 0
-0.118868000000 -0.207313000000 2.193613000000 0
-0.549971000000 -0.373565000000 2.478569000000 0
-0.165950000000 -0.256859000000 2.186614000000 0
-0.393525000000 -0.618770000000 2.475667000000 0
-0.171414000000 -0.619045000000 2.456685000000 0
-0.397279000000 -1.002340000000 2.574032000000 0
-0.202235000000 -0.991723000000 2.586981000000 0
-0.413559000000 -1.043539000000 2.412755000000 0
-0.205341000000 -1.046683000000 2.429050000000 0
-0.312272000000 0.518117000000 2.345038000000 0
-0.487300000000 0.236002000000 2.446782000000 0
-0.129613000000 0.231062000000 2.487223000000 0
-0.297519000000 0.282435000000 2.376237000000 0
-0.319949000000 0.100514000000 2.552407000000 0
-0.500455000000 -0.116060000000 2.412357000000 0
-0.077754000000 -0.110273000000 2.481045000000 0
-0.308470000000 -0.113859000000 2.565932000000 0
-0.557769000000 -0.022492000000 2.478796000000 0
0.005376000000 0.009238000000 2.413855000000 0
-0.572482000000 -0.301840000000 2.420688000000 0
-0.077752000000 -0.006030000000 2.140935000000 0
-0.577370000000 -0.368859000000 2.406370000000 0
-0.117308000000 -0.057817000000 2.119167000000 0
-0.394431000000 -0.616896000000 2.471480000000 0
-0.170315000000 -0.616213000000 2.455535000000 0
-0.399886000000 -0.999721000000 2.572629000000 0
-0.210159000000 -0.990156000000 2.579612000000 0
-0.375587000000 -1.042316000000 2.412730000000 0
-0.175083000000 -1.045010000000 2.425556000000 0
-0.286878000000 0.514825000000 2.336664000000 0
-0.479544000000 0.240757000000 2.417927000000 0
-0.129680000000 0.223985000000 2.501077000000 0
-0.280855000000 0.275430000000 2.368228000000 0
-0.332188000000 0.105116000000 2.549864000000 0
-0.513970000000 -0.123640000000 2.400986000000 0
-0.097210000000 -0.103534000000 2.497602000000 0
-0.332768000000 -0.115719000000 2.566972000000 0
-0.568582000000 -0.011412000000 2.446216000000 0
0.014058000000 0.013673000000 2.414908000000 0
-0.600539000000 -0.292552000000 2.414373000000 0
-0.029212000000 0.121837000000 2.155094000000 0
-0.566707000000 -0.347221000000 2.438605000000 0
-0.064925000000 0.086939000000 2.107901000000 0
-0.398063000000 -0.621029000000 2.462297000000 0
-0.175109000000 -0.612607000000 2.456752000000 0
-0.403428000000 -1.002546000000 2.568278000000 0
-0.203591000000 -0.987679000000 2.580549000000 0
-0.367736000000 -1.046746000000 2.410973000000 0
-0.159094000000 -1.041248000000 2.428487000000 0
-0.257618000000 0.514415000000 2.331701000000 0
-0.468556000000 0.244756000000 2.395766000000 0
-0.129684000000 0.219710000000 2.514669000000 0
-0.265045000000 0.274935000000 2.367100000000 0
-0.338816000000 0.105448000000 2.541644000000 0
-0.517910000000 -0.124371000000 2.378515000000 0
-0.113224000000 -0.103654000000 2.517178000000 0
-0.354644000000 -0.115638000000 2.562135000000 0
-0.575054000000 0.001407000000 2.431353000000 0
0.036650000000 0.017416000000 2.457773000000 0
-0.613272000000 -0.274875000000 2.379069000000 0
0.062124000000 0.220400000000 2.261117000000 0
-0.587019000000 -0.337790000000 2.370533000000 0
0.039839000000 0.234596000000 2.197695000000 0
-0.402880000000 -0.621187000000 2.457543000000 0
-0.180861000000 -0.611831000000 2.453905000000 0
-0.404085000000 -1.002346000000 2.564931000000 0
-0.200744000000 -0.987840000000 2.576533000000 0
-0.352324000000 -1.045626000000 2.411894000000 0
-0.143328000000 -1.039282000000 2.428109000000 0
-0.228236000000 0.504195000000 2.325082000000 0
-0.454867000000 0.246813000000 2.366351000000 0
-0.133540000000 0.211799000000 2.524855000000 0
-0.248464000000 0.269759000000 2.361813000000 0
-0.348258000000 0.104993000000 2.527725000000 0
-0.511440000000 -0.116623000000 2.357330000000 0
-0.125744000000 -0.115467000000 2.543517000000 0
-0.371104000000 -0.114302000000 2.559193000000 0
-0.562730000000 0.012907000000 2.430940000000 0
0.040314000000 0.011512000000 2.511525000000 0
-0.636490000000 -0.245021000000 2.346732000000 0
0.162551000000 0.247258000000 2.419110000000 0
-0.616926000000 -0.304771000000 2.374437000000 0
0.173959000000 0.309540000000 2.392443000000 0
-0.424407000000 -0.619488000000 2.441487000000 0
-0.181830000000 -0.615086000000 2.446521000000 0
-0.401818000000 -0.993227000000 2.570424000000 0
-0.197550000000 -0.992368000000 2.565799000000 0
-0.341614000000 -1.040852000000 2.421830000000 0
-0.124746000000 -1.040507000000 2.423128000000 0
-0.180606000000 0.480348000000 2.313546000000 0
-0.441326000000 0.243461000000 2.345699000000 0
-0.131919000000 0.197538000000 2.523909000000 0
-0.233852000000 0.251992000000 2.351300000000 0
-0.353577000000 0.105985000000 2.521540000000 0
-0.515280000000 -0.115172000000 2.349499000000 0
-0.140567000000 -0.127289000000 2.556551000000 0
-0.386160000000 -0.115995000000 2.558725000000 0
-0.561270000000 0.018169000000 2.418457000000 0
0.005744000000 -0.028827000000 2.539556000000 0
-0.664590000000 -0.228429000000 2.331961000000 0
0.214977000000 0.158097000000 2.523793000000 0
-0.635353000000 -0.290082000000 2.339995000000 0
0.246555000000 0.217627000000 2.537188000000 0
-0.443525000000 -0.622137000000 2.426528000000 0
-0.185490000000 -0.619324000000 2.440540000000 0
-0.400677000000 -0.985608000000 2.577750000000 0
-0.208520000000 -0.995488000000 2.562139000000 0
-0.346210000000 -1.040836000000 2.429575000000 0
-0.127217000000 -1.044928000000 2.424597000000 0
-0.155954000000 0.465390000000 2.304992000000 0
-0.430438000000 0.233315000000 2.330055000000 0
-0.132803000000 0.167640000000 2.521628000000 0
-0.223338000000 0.224516000000 2.343533000000 0
-0.361244000000 0.095068000000 2.513412000000 0
-0.515409000000 -0.121260000000 2.344301000000 0
-0.149451000000 -0.150342000000 2.564884000000 0
-0.393916000000 -0.125085000000 2.558013000000 0
-0.576040000000 0.019583000000 2.395947000000 0
-0.022648000000 -0.073848000000 2.549414000000 0
-0.676985000000 -0.236409000000 2.331707000000 0
0.239252000000 0.011006000000 2.613109000000 0
-0.649346000000 -0.299307000000 2.332216000000 0
0.297993000000 0.042056000000 2.630596000000 0
-0.454636000000 -0.632887000000 2.409759000000 0
-0.188884000000 -0.630927000000 2.422068000000 0
-0.402181000000 -0.995165000000 2.560819000000 0
-0.215880000000 -0.995335000000 2.574690000000 0
-0.350166000000 -1.049865000000 2.411572000000 0
-0.136136000000 -1.057116000000 2.441286000000 0
-0.131618000000 0.437976000000 2.297581000000 0
-0.424589000000 0.210993000000 2.328105000000 0
-0.128492000000 0.134295000000 2.517957000000 0
-0.217943000000 0.193584000000 2.340101000000 0
-0.359839000000 0.071346000000 2.512023000000 0
-0.530053000000 -0.142187000000 2.346983000000 0
-0.162473000000 -0.178471000000 2.563768000000 0
-0.406334000000 -0.147472000000 2.559383000000 0
-0.564566000000 -0.003390000000 2.413951000000 0
-0.064592000000 -0.128079000000 2.517691000000 0
-0.701617000000 -0.243822000000 2.342084000000 0
0.188599000000 -0.219377000000 2.614200000000 0
-0.679930000000 -0.303888000000 2.367425000000 0
0.243164000000 -0.250864000000 2.641618000000 0
-0.461418000000 -0.655684000000 2.389295000000 0
-0.191258000000 -0.646836000000 2.395739000000 0
-0.393527000000 -1.001194000000 2.570483000000 0
-0.217544000000 -0.998023000000 2.576826000000 0
-0.360545000000 -1.072214000000 2.422696000000 0
-0.144215000000 -1.071214000000 2.445531000000 0
-0.116933000000 0.403518000000 2.293694000000 0
-0.428125000000 0.209247000000 2.349650000000 0
-0.122395000000 0.111985000000 2.512959000000 0
-0.221964000000 0.184144000000 2.345541000000 0
-0.355809000000 0.057408000000 2.520633000000 0
-0.541993000000 -0.143827000000 2.363539000000 0
-0.160460000000 -0.200029000000 2.549823000000 0
-0.402805000000 -0.161634000000 2.565425000000 0
-0.575357000000 -0.004130000000 2.430894000000 0
-0.077141000000 -0.154583000000 2.486474000000 0
-0.700077000000 -0.250658000000 2.350797000000 0
0.138143000000 -0.344842000000 2.500646000000 0
-0.674774000000 -0.310467000000 2.373227000000 0
0.191495000000 -0.373108000000 2.533433000000 0
-0.468494000000 -0.661968000000 2.381494000000 0
-0.197039000000 -0.660097000000 2.379583000000 0
-0.392619000000 -1.003146000000 2.567657000000 0
-0.221369000000 -1.000865000000 2.579836000000 0
-0.372066000000 -1.079103000000 2.420074000000 0
-0.156153000000 -1.082328000000 2.449133000000 0
-0.116045000000 0.390622000000 2.301950000000 0
-0.432359000000 0.215733000000 2.374539000000 0
-0.114971000000 0.097587000000 2.496633000000 0
-0.229678000000 0.181167000000 2.344955000000 0
-0.348364000000 0.053762000000 2.530199000000 0
-0.559401000000 -0.142506000000 2.389384000000 0
-0.158227000000 -0.208401000000 2.524086000000 0
-0.396162000000 -0.168442000000 2.571396000000 0
-0.592427000000 0.000980000000 2.426900000000 0
-0.108559000000 -0.163239000000 2.416566000000 0
-0.698109000000 -0.258211000000 2.355109000000 0
0.044528000000 -0.378550000000 2.299484000000 0
-0.674941000000 -0.314129000000 2.387618000000 0
0.099925000000 -0.418644000000 2.292846000000 0
-0.475030000000 -0.662528000000 2.381554000000 0
-0.195972000000 -0.667191000000 2.377475000000 0
-0.391471000000 -1.001279000000 2.568854000000 0
-0.223742000000 -1.004316000000 2.583367000000 0
-0.382092000000 -1.080302000000 2.421748000000 0
-0.159680000000 -1.088650000000 2.453921000000 0
-0.114546000000 0.392279000000 2.313446000000 0
-0.436618000000 0.231386000000 2.397649000000 0
-0.112303000000 0.102601000000 2.486159000000 0
-0.237736000000 0.195864000000 2.349345000000 0
-0.342831000000 0.060037000000 2.536800000000 0
-0.564651000000 -0.136548000000 2.400747000000 0
-0.151563000000 -0.198524000000 2.495321000000 0
-0.383534000000 -0.157468000000 2.565693000000 0
-0.593443000000 0.014972000000 2.449874000000 0
-0.152886000000 -0.098013000000 2.306539000000 0
-0.685951000000 -0.242952000000 2.360126000000 0
-0.133633000000 -0.229493000000 2.050649000000 0
-0.658688000000 -0.298763000000 2.389490000000 0
-0.120270000000 -0.227892000000 1.983275000000 0
-0.477361000000 -0.656467000000 2.396288000000 0
-0.199595000000 -0.664564000000 2.381509000000 0
-0.390644000000 -0.998567000000 2.575910000000 0
-0.223194000000 -1.001214000000 2.588694000000 0
-0.388045000000 -1.075791000000 2.427578000000 0
-0.165691000000 -1.086434000000 2.456772000000 0
-0.118332000000 0.411555000000 2.324384000000 0
-0.430189000000 0.248175000000 2.414110000000 0
-0.102487000000 0.117609000000 2.485973000000 0
-0.231794000000 0.219763000000 2.359506000000 0
-0.331393000000 0.067527000000 2.537095000000 0
-0.560332000000 -0.123640000000 2.404275000000 0
-0.144961000000 -0.188384000000 2.486144000000 0
-0.374277000000 -0.145142000000 2.563553000000 0
-0.585531000000 0.032834000000 2.466031000000 0
-0.168233000000 -0.025774000000 2.266160000000 0
-0.673872000000 -0.221119000000 2.367201000000 0
-0.170706000000 -0.079498000000 1.984787000000 0
-0.697194000000 -0.281006000000 2.342909000000 0
-0.176012000000 -0.091721000000 1.917386000000 0
-0.476282000000 -0.644804000000 2.407142000000 0
-0.201078000000 -0.657033000000 2.386299000000 0
-0.389278000000 -0.990253000000 2.580091000000 0
-0.220124000000 -0.995694000000 2.590657000000 0
-0.387501000000 -1.064765000000 2.430367000000 0
-0.166952000000 -1.079802000000 2.456228000000 0
-0.127734000000 0.433358000000 2.331384000000 0
-0.438451000000 0.258712000000 2.432636000000 0
-0.106486000000 0.126748000000 2.477185000000 0
-0.244677000000 0.231579000000 2.362890000000 0
-0.331039000000 0.075469000000 2.544012000000 0
-0.561712000000 -0.109714000000 2.427855000000 0
-0.140712000000 -0.171073000000 2.477064000000 0
-0.364279000000 -0.133884000000 2.572369000000 0
-0.587946000000 0.039907000000 2.490175000000 0
-0.181216000000 0.011249000000 2.243496000000 0
-0.691555000000 -0.206576000000 2.385523000000 0
-0.205836000000 -0.026652000000 1.959950000000 0
-0.663068000000 -0.268245000000 2.375229000000 0
-0.214390000000 -0.037567000000 1.892659000000 0
-0.466162000000 -0.630704000000 2.422541000000 0
-0.202528000000 -0.642755000000 2.386887000000 0
-0.391047000000 -0.986777000000 2.578699000000 0
-0.219168000000 -0.986699000000 2.582441000000 0
-0.383675000000 -1.052578000000 2.425113000000 0
-0.173153000000 -1.067851000000 2.443626000000 0
-0.150797000000 0.453456000000 2.335622000000 0
-0.437962000000 0.255768000000 2.436145000000 0
-0.103886000000 0.123797000000 2.460162000000 0
-0.248330000000 0.230086000000 2.355339000000 0
-0.324323000000 0.071059000000 2.538558000000 0
-0.549043000000 -0.103042000000 2.435964000000 0
-0.126238000000 -0.166628000000 2.460877000000 0
-0.344003000000 -0.129919000000 2.568948000000 0
-0.581180000000 0.038176000000 2.514071000000 0
-0.188057000000 0.017122000000 2.224650000000 0
-0.683799000000 -0.212122000000 2.415565000000 0
-0.232749000000 -0.032875000000 1.944675000000 0
-0.675664000000 -0.280342000000 2.416153000000 0
-0.242208000000 -0.042200000000 1.877266000000 0
-0.458850000000 -0.624624000000 2.426737000000 0
-0.195560000000 -0.641346000000 2.390665000000 0
-0.391275000000 -0.985701000000 2.574631000000 0
-0.217237000000 -0.985039000000 2.586166000000 0
-0.389152000000 -1.048748000000 2.419734000000 0
-0.176990000000 -1.067214000000 2.446166000000 0
-0.194384000000 0.473341000000 2.329348000000 0
-0.456287000000 0.253642000000 2.458330000000 0
-0.111325000000 0.155549000000 2.427036000000 0
-0.282308000000 0.240848000000 2.345560000000 0
-0.307707000000 0.087376000000 2.546644000000 0
-0.544909000000 -0.107973000000 2.472492000000 0
-0.122411000000 -0.161048000000 2.426595000000 0
-0.320523000000 -0.133769000000 2.569619000000 0
-0.585778000000 0.020934000000 2.515531000000 0
-0.181618000000 -0.007828000000 2.220737000000 0
-0.678075000000 -0.240423000000 2.435831000000 0
-0.212906000000 -0.041491000000 1.936016000000 0
-0.657027000000 -0.305242000000 2.427119000000 0
-0.257086000000 -0.072075000000 1.893200000000 0
-0.444384000000 -0.626622000000 2.432569000000 0
-0.194120000000 -0.643204000000 2.399373000000 0
-0.393806000000 -0.991067000000 2.578985000000 0
-0.211194000000 -0.988983000000 2.591625000000 0
-0.404628000000 -1.054577000000 2.424641000000 0
-0.190240000000 -1.070405000000 2.447043000000 0
-0.211480000000 0.496094000000 2.335499000000 0
-0.472991000000 0.247189000000 2.473884000000 0
-0.120877000000 0.188858000000 2.426838000000 0
-0.301666000000 0.264221000000 2.357664000000 0
-0.306172000000 0.088718000000 2.541544000000 0
-0.544232000000 -0.110452000000 2.474720000000 0
-0.120489000000 -0.149834000000 2.426565000000 0
-0.318760000000 -0.130562000000 2.570669000000 0
-0.585297000000 0.000480000000 2.511334000000 0
-0.161635000000 -0.015508000000 2.249485000000 0
-0.660787000000 -0.273595000000 2.455359000000 0
-0.208153000000 -0.075065000000 1.969774000000 0
-0.678737000000 -0.338593000000 2.442184000000 0
-0.239253000000 -0.114730000000 1.923085000000 0
-0.438008000000 -0.625939000000 2.439293000000 0
-0.187758000000 -0.636795000000 2.407113000000 0
-0.392968000000 -0.991403000000 2.584977000000 0
-0.208240000000 -0.988527000000 2.587891000000 0
-0.405648000000 -1.054502000000 2.430607000000 0
-0.189190000000 -1.065359000000 2.440559000000 0
-0.234550000000 0.506244000000 2.340126000000 0
-0.480970000000 0.243187000000 2.478214000000 0
-0.129860000000 0.206701000000 2.407570000000 0
-0.319724000000 0.267867000000 2.349607000000 0
-0.299489000000 0.098167000000 2.537825000000 0
-0.524202000000 -0.106740000000 2.480338000000 0
-0.104199000000 -0.132296000000 2.400513000000 0
-0.291601000000 -0.118742000000 2.559085000000 0
-0.566567000000 -0.012767000000 2.518874000000 0
-0.109155000000 -0.042454000000 2.298088000000 0
-0.630762000000 -0.286595000000 2.452453000000 0
-0.183341000000 -0.182453000000 2.056404000000 0
-0.596602000000 -0.338614000000 2.481565000000 0
-0.209825000000 -0.218735000000 2.004417000000 0
-0.419325000000 -0.618940000000 2.450680000000 0
-0.184347000000 -0.627210000000 2.425783000000 0
-0.398126000000 -0.997426000000 2.565200000000 0
-0.205773000000 -0.987804000000 2.588044000000 0
-0.424423000000 -1.046608000000 2.407522000000 0
-0.211128000000 -1.056135000000 2.435483000000 0
-0.271803000000 0.523736000000 2.342473000000 0
-0.482605000000 0.233728000000 2.475558000000 0
-0.130713000000 0.215718000000 2.401753000000 0
-0.324257000000 0.265249000000 2.344861000000 0
-0.292726000000 0.100045000000 2.535510000000 0
-0.511260000000 -0.106938000000 2.478015000000 0
-0.092011000000 -0.130147000000 2.393640000000 0
-0.277667000000 -0.115875000000 2.554191000000 0
-0.559529000000 -0.023644000000 2.520810000000 0
-0.081366000000 -0.044217000000 2.336908000000 0
-0.615601000000 -0.298374000000 2.453191000000 0
-0.132869000000 -0.257288000000 2.149450000000 0
-0.596171000000 -0.355691000000 2.485711000000 0
-0.141734000000 -0.310980000000 2.107510000000 0
-0.408065000000 -0.618463000000 2.460449000000 0
-0.181449000000 -0.626373000000 2.438899000000 0
-0.399786000000 -0.999784000000 2.566944000000 0
-0.205820000000 -0.992859000000 2.586920000000 0
-0.429533000000 -1.044654000000 2.408595000000 0
-0.220918000000 -1.054374000000 2.432128000000 0
-0.289481000000 0.529843000000 2.352311000000 0
-0.484178000000 0.227330000000 2.474385000000 0
-0.132626000000 0.221498000000 2.397071000000 0
-0.328445000000 0.263150000000 2.341668000000 0
-0.288863000000 0.101489000000 2.533847000000 0
-0.497484000000 -0.106574000000 2.484263000000 0
-0.083339000000 -0.132444000000 2.378231000000 0
-0.260258000000 -0.115998000000 2.548165000000 0
-0.547168000000 -0.032407000000 2.522156000000 0
-0.051897000000 -0.035882000000 2.366223000000 0
-0.593785000000 -0.306550000000 2.449269000000 0
-0.068243000000 -0.291268000000 2.235261000000 0
-0.610606000000 -0.370273000000 2.429857000000 0
-0.059889000000 -0.359019000000 2.243033000000 0
-0.395357000000 -0.618646000000 2.469655000000 0
-0.179613000000 -0.627560000000 2.444731000000 0
-0.404193000000 -1.003176000000 2.563859000000 0
-0.203852000000 -0.994143000000 2.592532000000 0
-0.440105000000 -1.041265000000 2.405013000000 0
-0.231194000000 -1.054284000000 2.438883000000 0
-0.307114000000 0.532957000000 2.355632000000 0
