-0.449887000000 0.284832000000 2.383390000000 0
-0.132278000000 0.278985000000 2.460972000000 0
-0.266423000000 0.333049000000 2.325083000000 0
-0.312703000000 0.155578000000 2.501172000000 0
-0.418146000000 -0.038341000000 2.337888000000 0
-0.115829000000 -0.034336000000 2.429782000000 0
-0.300320000000 -0.041198000000 2.493706000000 0
-0.482138000000 0.011678000000 2.351226000000 0
-0.079803000000 0.010321000000 2.502846000000 0
-0.460251000000 -0.242161000000 2.218206000000 0
-0.034612000000 -0.266000000000 2.437946000000 0
-0.444575000000 -0.299948000000 2.203651000000 0
-0.042191000000 -0.325262000000 2.453033000000 0
-0.356523000000 -0.527165000000 2.437538000000 0
-0.110116000000 -0.520379000000 2.425812000000 0
-0.372518000000 -0.918716000000 2.522586000000 0
-0.025775000000 -0.905610000000 2.498508000000 0
-0.331230000000 -0.949966000000 2.386478000000 0
0.020583000000 -0.921341000000 2.361358000000 0
-0.260481000000 0.535185000000 2.337097000000 0
-0.432580000000 0.277062000000 2.395445000000 0
-0.109554000000 0.288137000000 2.445048000000 0
-0.257363000000 0.331776000000 2.320020000000 0
-0.279684000000 0.157923000000 2.504200000000 0
-0.409482000000 -0.040214000000 2.358747000000 0
-0.098684000000 -0.033073000000 2.415405000000 0
-0.274708000000 -0.035939000000 2.500127000000 0
-0.472092000000 0.003295000000 2.367207000000 0
-0.056212000000 0.017138000000 2.477002000000 0
-0.473026000000 -0.262042000000 2.253763000000 0
-0.030818000000 -0.253988000000 2.381501000000 0
-0.457125000000 -0.317357000000 2.231753000000 0
-0.031160000000 -0.311843000000 2.402706000000 0
-0.343286000000 -0.529840000000 2.440530000000 0
-0.096707000000 -0.520715000000 2.404840000000 0
-0.366572000000 -0.920957000000 2.525888000000 0
-0.015813000000 -0.903212000000 2.494019000000 0
-0.341276000000 -0.952971000000 2.386096000000 0
0.016833000000 -0.928852000000 2.354436000000 0
-0.264822000000 0.534273000000 2.328409000000 0
-0.420064000000 0.275032000000 2.406923000000 0
-0.094385000000 0.291297000000 2.431369000000 0
-0.251928000000 0.330354000000 2.317182000000 0
-0.257606000000 0.160216000000 2.506037000000 0
-0.399152000000 -0.035144000000 2.379157000000 0
-0.083395000000 -0.036765000000 2.391444000000 0
-0.245734000000 -0.034466000000 2.500123000000 0
-0.458918000000 0.000126000000 2.390338000000 0
-0.041999000000 0.018533000000 2.445970000000 0
-0.469824000000 -0.267298000000 2.282195000000 0
-0.033360000000 -0.257031000000 2.360414000000 0
-0.469886000000 -0.328802000000 2.278402000000 0
-0.030791000000 -0.316624000000 2.375877000000 0
-0.330600000000 -0.528032000000 2.444372000000 0
-0.085856000000 -0.522082000000 2.396378000000 0
-0.363188000000 -0.918288000000 2.530626000000 0
-0.010382000000 -0.904659000000 2.489864000000 0
-0.358289000000 -0.950087000000 2.388600000000 0
0.003984000000 -0.936378000000 2.348464000000 0
-0.247550000000 0.532105000000 2.318584000000 0
-0.404033000000 0.277666000000 2.413360000000 0
-0.077463000000 0.293020000000 2.420071000000 0
-0.240831000000 0.331882000000 2.314317000000 0
-0.236792000000 0.162937000000 2.504281000000 0
-0.381458000000 -0.029533000000 2.381201000000 0
-0.065684000000 -0.040018000000 2.386953000000 0
-0.225628000000 -0.033684000000 2.498972000000 0
-0.445573000000 0.002216000000 2.417115000000 0
-0.022211000000 0.020446000000 2.436300000000 0
-0.465185000000 -0.273293000000 2.331592000000 0
-0.015783000000 -0.257535000000 2.356997000000 0
-0.468625000000 -0.331158000000 2.310693000000 0
-0.020630000000 -0.317241000000 2.371442000000 0
-0.317023000000 -0.525122000000 2.442801000000 0
-0.072480000000 -0.522991000000 2.401680000000 0
-0.362489000000 -0.911204000000 2.541162000000 0
-0.010073000000 -0.908038000000 2.494659000000 0
-0.360844000000 -0.947335000000 2.400100000000 0
0.001485000000 -0.940340000000 2.353132000000 0
-0.232784000000 0.536051000000 2.318779000000 0
-0.375774000000 0.278289000000 2.425829000000 0
-0.050098000000 0.294378000000 2.401226000000 0
-0.222947000000 0.333760000000 2.312028000000 0
-0.200378000000 0.163182000000 2.499217000000 0
-0.359772000000 -0.027206000000 2.401327000000 0
-0.044982000000 -0.039307000000 2.376495000000 0
-0.193429000000 -0.035538000000 2.503458000000 0
-0.412225000000 0.001371000000 2.441084000000 0
0.005908000000 0.021125000000 2.422221000000 0
-0.433167000000 -0.284715000000 2.396353000000 0
0.005627000000 -0.260260000000 2.350755000000 0
-0.428679000000 -0.343248000000 2.377623000000 0
-0.003012000000 -0.316946000000 2.373320000000 0
-0.301688000000 -0.524119000000 2.441784000000 0
-0.057265000000 -0.522610000000 2.414056000000 0
-0.354154000000 -0.911201000000 2.532427000000 0
-0.002929000000 -0.908547000000 2.508404000000 0
-0.366320000000 -0.942722000000 2.390776000000 0
-0.006970000000 -0.943652000000 2.367132000000 0
-0.210395000000 0.533260000000 2.307861000000 0
-0.360016000000 0.280644000000 2.425914000000 0
-0.035049000000 0.294664000000 2.392314000000 0
-0.210054000000 0.332146000000 2.306571000000 0
-0.183137000000 0.166998000000 2.498005000000 0
-0.344833000000 -0.024828000000 2.409167000000 0
-0.030883000000 -0.039682000000 2.376446000000 0
-0.176059000000 -0.034629000000 2.507093000000 0
-0.389634000000 0.003541000000 2.452019000000 0
0.020116000000 0.020521000000 2.404455000000 0
-0.396073000000 -0.284920000000 2.418238000000 0
0.018849000000 -0.262568000000 2.339250000000 0
-0.388652000000 -0.345850000000 2.423668000000 0
0.004987000000 -0.319085000000 2.359516000000 0
-0.290092000000 -0.522810000000 2.442577000000 0
-0.042925000000 -0.521942000000 2.417008000000 0
-0.348198000000 -0.910994000000 2.524664000000 0
0.002273000000 -0.909515000000 2.509448000000 0
-0.363843000000 -0.938703000000 2.382558000000 0
-0.004919000000 -0.944053000000 2.368161000000 0
-0.202613000000 0.539204000000 2.311581000000 0
-0.345415000000 0.286451000000 2.418086000000 0
-0.019741000000 0.288259000000 2.388722000000 0
-0.192177000000 0.329436000000 2.299537000000 0
-0.173598000000 0.168746000000 2.495697000000 0
-0.325489000000 -0.026816000000 2.405589000000 0
-0.010687000000 -0.036198000000 2.379754000000 0
-0.158692000000 -0.031614000000 2.507205000000 0
-0.367369000000 0.009954000000 2.450082000000 0
0.039599000000 0.015551000000 2.380636000000 0
-0.371221000000 -0.277973000000 2.417570000000 0
0.032911000000 -0.266910000000 2.316257000000 0
-0.384800000000 -0.338057000000 2.415970000000 0
0.021511000000 -0.318190000000 2.348466000000 0
-0.278812000000 -0.522580000000 2.437026000000 0
-0.028238000000 -0.521939000000 2.411957000000 0
-0.342366000000 -0.910081000000 2.518292000000 0
0.005313000000 -0.909377000000 2.509769000000 0
-0.355378000000 -0.937805000000 2.375924000000 0
0.003164000000 -0.945194000000 2.368633000000 0
-0.176109000000 0.536080000000 2.300683000000 0
-0.323615000000 0.283180000000 2.408789000000 0
0.002875000000 0.289571000000 2.391697000000 0
-0.166646000000 0.325790000000 2.295083000000 0
-0.153098000000 0.170178000000 2.495700000000 0
-0.288716000000 -0.028793000000 2.409878000000 0
0.026790000000 -0.038275000000 2.394969000000 0
-0.125354000000 -0.027087000000 2.517024000000 0
-0.344602000000 0.006152000000 2.441025000000 0
0.077724000000 0.022585000000 2.355094000000 0
-0.332581000000 -0.281133000000 2.401216000000 0
0.078070000000 -0.235189000000 2.221621000000 0
-0.352133000000 -0.337222000000 2.417609000000 0
0.055455000000 -0.291246000000 2.209655000000 0
-0.267123000000 -0.521600000000 2.415954000000 0
-0.005145000000 -0.526389000000 2.414268000000 0
-0.336214000000 -0.907129000000 2.501945000000 0
0.015699000000 -0.917952000000 2.498203000000 0
-0.348176000000 -0.936679000000 2.359852000000 0
0.017508000000 -0.948380000000 2.355804000000 0
-0.144607000000 0.532942000000 2.294068000000 0
-0.319209000000 0.277953000000 2.399111000000 0
0.007526000000 0.291114000000 2.399508000000 0
-0.157312000000 0.324209000000 2.294071000000 0
-0.151269000000 0.168148000000 2.494704000000 0
-0.276182000000 -0.041437000000 2.414216000000 0
0.038586000000 -0.025658000000 2.391229000000 0
-0.111081000000 -0.021400000000 2.516736000000 0
-0.335758000000 0.001160000000 2.429851000000 0
0.104211000000 0.037763000000 2.333942000000 0
-0.316835000000 -0.280287000000 2.364498000000 0
0.112928000000 -0.183195000000 2.147013000000 0
-0.325163000000 -0.337951000000 2.344436000000 0
0.076425000000 -0.227595000000 2.124804000000 0
-0.265086000000 -0.520803000000 2.392532000000 0
0.001222000000 -0.522571000000 2.415158000000 0
-0.334216000000 -0.905691000000 2.481318000000 0
0.019596000000 -0.915107000000 2.495026000000 0
-0.355414000000 -0.934450000000 2.340143000000 0
0.015726000000 -0.944306000000 2.352411000000 0
-0.129836000000 0.523057000000 2.280940000000 0
-0.315744000000 0.280307000000 2.385443000000 0
0.009931000000 0.280463000000 2.414850000000 0
-0.143444000000 0.319577000000 2.295142000000 0
-0.161481000000 0.164375000000 2.495722000000 0
-0.274372000000 -0.057560000000 2.396735000000 0
0.037491000000 -0.013919000000 2.423059000000 0
-0.129779000000 -0.023283000000 2.523574000000 0
-0.337018000000 0.004558000000 2.402823000000 0
0.142994000000 0.064755000000 2.302796000000 0
-0.317460000000 -0.274225000000 2.334876000000 0
0.157499000000 -0.099221000000 2.066956000000 0
-0.309900000000 -0.332726000000 2.317057000000 0
0.158070000000 -0.137289000000 2.018505000000 0
-0.264259000000 -0.525398000000 2.381337000000 0
0.002958000000 -0.518382000000 2.415796000000 0
-0.333541000000 -0.910092000000 2.470847000000 0
0.020185000000 -0.911830000000 2.491309000000 0
-0.338213000000 -0.942278000000 2.328901000000 0
0.036514000000 -0.938416000000 2.349066000000 0
-0.097467000000 0.507914000000 2.276267000000 0
-0.310164000000 0.286107000000 2.344672000000 0
-0.001996000000 0.270972000000 2.452988000000 0
-0.119231000000 0.315341000000 2.299134000000 0
-0.193718000000 0.164811000000 2.490021000000 0
-0.286798000000 -0.064795000000 2.357162000000 0
0.008317000000 -0.010449000000 2.456206000000 0
-0.177644000000 -0.025160000000 2.514276000000 0
-0.353034000000 0.016376000000 2.350646000000 0
0.204193000000 0.138455000000 2.332349000000 0
-0.332974000000 -0.255752000000 2.273619000000 0
0.250972000000 0.114117000000 2.053766000000 0
-0.315011000000 -0.310100000000 2.250800000000 0
0.230401000000 0.075426000000 2.010443000000 0
-0.268863000000 -0.532415000000 2.368978000000 0
-0.007643000000 -0.514513000000 2.415328000000 0
-0.333769000000 -0.916862000000 2.462725000000 0
0.020742000000 -0.911432000000 2.464832000000 0
-0.305268000000 -0.955218000000 2.325163000000 0
0.066927000000 -0.925267000000 2.327419000000 0
-0.079653000000 0.500211000000 2.271550000000 0
-0.298170000000 0.287455000000 2.324431000000 0
-0.011731000000 0.269491000000 2.481144000000 0
-0.101457000000 0.308217000000 2.308420000000 0
-0.210880000000 0.171492000000 2.492752000000 0
-0.292954000000 -0.061819000000 2.329328000000 0
-0.014755000000 -0.016836000000 2.472287000000 0
-0.207542000000 -0.028301000000 2.501814000000 0
-0.363667000000 0.025155000000 2.308725000000 0
0.230847000000 0.189245000000 2.391400000000 0
-0.335965000000 -0.245709000000 2.238984000000 0
0.273439000000 0.223319000000 2.115676000000 0
-0.331010000000 -0.299885000000 2.210045000000 0
0.319062000000 0.234948000000 2.075922000000 0
-0.280106000000 -0.534215000000 2.355714000000 0
-0.022249000000 -0.517688000000 2.422353000000 0
-0.340672000000 -0.915122000000 2.465453000000 0
0.014584000000 -0.914243000000 2.469133000000 0
-0.295159000000 -0.960051000000 2.334622000000 0
0.081512000000 -0.923247000000 2.340112000000 0
-0.064575000000 0.503823000000 2.302067000000 0
-0.289018000000 0.297651000000 2.298821000000 0
-0.041201000000 0.267716000000 2.505454000000 0
-0.092042000000 0.308281000000 2.320531000000 0
-0.241479000000 0.179745000000 2.481131000000 0
-0.303998000000 -0.046224000000 2.297843000000 0
-0.056830000000 -0.030086000000 2.494067000000 0
-0.252004000000 -0.032774000000 2.485689000000 0
-0.377356000000 0.052806000000 2.251291000000 0
0.223140000000 0.257576000000 2.499748000000 0
-0.355556000000 -0.211159000000 2.178742000000 0
0.333940000000 0.362159000000 2.271271000000 0
-0.335955000000 -0.263312000000 2.152419000000 0
0.358649000000 0.396113000000 2.226174000000 0
-0.303612000000 -0.530815000000 2.346352000000 0
-0.059048000000 -0.523632000000 2.428459000000 0
-0.344972000000 -0.910740000000 2.467788000000 0
0.008676000000 -0.916684000000 2.469986000000 0
-0.276069000000 -0.956545000000 2.347952000000 0
0.098696000000 -0.913262000000 2.355568000000 0
-0.051635000000 0.513084000000 2.317724000000 0
-0.291725000000 0.301901000000 2.281413000000 0
-0.062569000000 0.262330000000 2.503251000000 0
-0.096403000000 0.301974000000 2.316533000000 0
-0.263484000000 0.184855000000 2.468232000000 0
-0.318051000000 -0.033118000000 2.287583000000 0
-0.086582000000 -0.042122000000 2.502518000000 0
-0.280406000000 -0.034180000000 2.479291000000 0
-0.382526000000 0.060576000000 2.223308000000 0
0.188756000000 0.281223000000 2.582861000000 0
-0.368879000000 -0.202941000000 2.148315000000 0
0.341633000000 0.416753000000 2.399801000000 0
-0.343974000000 -0.254185000000 2.124846000000 0
0.338763000000 0.459518000000 2.355529000000 0
-0.322813000000 -0.526882000000 2.347435000000 0
-0.088415000000 -0.528412000000 2.430107000000 0
-0.350352000000 -0.908432000000 2.467695000000 0
-0.001171000000 -0.917084000000 2.476190000000 0
-0.270016000000 -0.950181000000 2.353634000000 0
0.097320000000 -0.907645000000 2.369340000000 0
-0.055925000000 0.516322000000 2.324886000000 0
-0.293660000000 0.299501000000 2.271110000000 0
-0.080888000000 0.251031000000 2.507040000000 0
-0.101211000000 0.295045000000 2.319351000000 0
-0.280326000000 0.178222000000 2.456885000000 0
-0.331472000000 -0.028788000000 2.270639000000 0
-0.119935000000 -0.056110000000 2.503795000000 0
-0.310347000000 -0.036462000000 2.464714000000 0
-0.390356000000 0.064702000000 2.201843000000 0
0.133901000000 0.273961000000 2.657435000000 0
-0.377186000000 -0.198321000000 2.129234000000 0
0.314545000000 0.419569000000 2.513238000000 0
-0.363478000000 -0.248224000000 2.095785000000 0
0.319880000000 0.471280000000 2.480154000000 0
-0.344634000000 -0.528123000000 2.346583000000 0
-0.113051000000 -0.534815000000 2.432482000000 0
-0.357337000000 -0.910272000000 2.467420000000 0
-0.022832000000 -0.922063000000 2.484455000000 0
-0.265672000000 -0.947147000000 2.360441000000 0
0.085551000000 -0.909761000000 2.387974000000 0
-0.062809000000 0.508996000000 2.330750000000 0
-0.290280000000 0.293705000000 2.266986000000 0
-0.115793000000 0.230606000000 2.531427000000 0
-0.107878000000 0.287777000000 2.344949000000 0
-0.304075000000 0.159853000000 2.443882000000 0
-0.348644000000 -0.040550000000 2.240103000000 0
-0.170139000000 -0.065187000000 2.499690000000 0
-0.352462000000 -0.036971000000 2.435405000000 0
-0.400320000000 0.070520000000 2.188845000000 0
0.061319000000 0.227089000000 2.722856000000 0
-0.403076000000 -0.189858000000 2.114867000000 0
0.275073000000 0.382311000000 2.663758000000 0
-0.389065000000 -0.247147000000 2.097014000000 0
0.290867000000 0.441370000000 2.656036000000 0
-0.365707000000 -0.539434000000 2.331123000000 0
-0.135033000000 -0.537194000000 2.427811000000 0
-0.362220000000 -0.918034000000 2.463223000000 0
-0.028453000000 -0.920546000000 2.477637000000 0
-0.255854000000 -0.949926000000 2.369012000000 0
0.091411000000 -0.897547000000 2.398199000000 0
-0.037802000000 0.470419000000 2.384997000000 0
-0.283813000000 0.284551000000 2.269480000000 0
-0.122727000000 0.214858000000 2.543326000000 0
-0.105629000000 0.274246000000 2.356242000000 0
-0.308876000000 0.149190000000 2.443974000000 0
-0.358663000000 -0.045295000000 2.227261000000 0
-0.193734000000 -0.076302000000 2.495016000000 0
-0.370849000000 -0.037769000000 2.422107000000 0
-0.410883000000 0.073676000000 2.188183000000 0
0.034988000000 0.177317000000 2.745664000000 0
-0.425076000000 -0.187370000000 2.124413000000 0
0.254462000000 0.332552000000 2.733569000000 0
-0.399739000000 -0.240119000000 2.105110000000 0
0.264231000000 0.391962000000 2.746686000000 0
-0.377746000000 -0.545467000000 2.313407000000 0
-0.143711000000 -0.539334000000 2.409547000000 0
-0.357616000000 -0.921543000000 2.451110000000 0
-0.031599000000 -0.918862000000 2.474280000000 0
-0.249276000000 -0.949836000000 2.358004000000 0
0.092012000000 -0.894822000000 2.401143000000 0
-0.044893000000 0.459504000000 2.390183000000 0
-0.278660000000 0.274994000000 2.271967000000 0
-0.135701000000 0.177283000000 2.548744000000 0
-0.106007000000 0.246180000000 2.365479000000 0
-0.321817000000 0.132164000000 2.436697000000 0
-0.364381000000 -0.051350000000 2.222575000000 0
-0.213992000000 -0.106449000000 2.494977000000 0
-0.383716000000 -0.049180000000 2.416975000000 0
-0.422308000000 0.074682000000 2.192743000000 0
0.004075000000 0.096110000000 2.751006000000 0
-0.436871000000 -0.187068000000 2.133701000000 0
0.234813000000 0.213446000000 2.823142000000 0
-0.430639000000 -0.241520000000 2.105536000000 0
0.250062000000 0.272352000000 2.813419000000 0
-0.385545000000 -0.556719000000 2.292425000000 0
-0.136820000000 -0.546768000000 2.388308000000 0
-0.350445000000 -0.928644000000 2.438168000000 0
-0.029984000000 -0.926101000000 2.462425000000 0
-0.239495000000 -0.953796000000 2.347261000000 0
0.098952000000 -0.902158000000 2.399109000000 0
-0.056676000000 0.441836000000 2.392044000000 0
-0.282344000000 0.243100000000 2.271284000000 0
-0.125679000000 0.129086000000 2.534695000000 0
-0.105641000000 0.198626000000 2.349908000000 0
-0.323659000000 0.101488000000 2.437531000000 0
-0.391442000000 -0.079099000000 2.222251000000 0
-0.226754000000 -0.157198000000 2.480387000000 0
-0.396805000000 -0.084430000000 2.417476000000 0
-0.441581000000 0.054049000000 2.199960000000 0
-0.020358000000 -0.016094000000 2.719124000000 0
-0.458483000000 -0.207270000000 2.147810000000 0
0.202308000000 -0.029623000000 2.865853000000 0
-0.471822000000 -0.265814000000 2.133964000000 0
0.235423000000 0.016599000000 2.889600000000 0
-0.398911000000 -0.588174000000 2.265522000000 0
-0.128488000000 -0.568220000000 2.342825000000 0
-0.355000000000 -0.956238000000 2.418498000000 0
-0.021978000000 -0.942763000000 2.438608000000 0
-0.254712000000 -0.986338000000 2.317290000000 0
0.103650000000 -0.925337000000 2.367050000000 0
-0.045618000000 0.391328000000 2.409301000000 0
-0.285529000000 0.218638000000 2.275065000000 0
-0.108112000000 0.098086000000 2.521883000000 0
-0.103486000000 0.169099000000 2.336628000000 0
-0.314838000000 0.076287000000 2.443219000000 0
-0.409521000000 -0.094600000000 2.227976000000 0
-0.225131000000 -0.182806000000 2.468965000000 0
-0.398313000000 -0.105077000000 2.422744000000 0
-0.455911000000 0.031883000000 2.219142000000 0
-0.014938000000 -0.096435000000 2.665116000000 0
-0.484843000000 -0.229465000000 2.163734000000 0
0.176033000000 -0.191383000000 2.828594000000 0
-0.481416000000 -0.286871000000 2.141602000000 0
0.209253000000 -0.172758000000 2.877035000000 0
-0.405268000000 -0.604366000000 2.251684000000 0
-0.123900000000 -0.578711000000 2.313423000000 0
-0.356881000000 -0.969283000000 2.410728000000 0
-0.023038000000 -0.950549000000 2.424618000000 0
-0.271080000000 -1.006549000000 2.299121000000 0
0.096069000000 -0.943200000000 2.341155000000 0
-0.017186000000 0.354952000000 2.400782000000 0
-0.284439000000 0.203383000000 2.283923000000 0
-0.074709000000 0.067290000000 2.494686000000 0
-0.097677000000 0.142689000000 2.312556000000 0
-0.292708000000 0.058518000000 2.452282000000 0
-0.423643000000 -0.105003000000 2.245385000000 0
-0.205473000000 -0.207508000000 2.449714000000 0
-0.383140000000 -0.127550000000 2.435178000000 0
-0.457507000000 0.019200000000 2.250545000000 0
0.000269000000 -0.158909000000 2.585250000000 0
-0.494679000000 -0.235193000000 2.188026000000 0
0.147490000000 -0.334527000000 2.717502000000 0
-0.488853000000 -0.286660000000 2.154645000000 0
0.174696000000 -0.378640000000 2.750834000000 0
-0.415213000000 -0.615863000000 2.239070000000 0
-0.124879000000 -0.599880000000 2.286792000000 0
-0.360684000000 -0.979588000000 2.398856000000 0
-0.022246000000 -0.964720000000 2.417785000000 0
-0.300401000000 -1.025226000000 2.274397000000 0
0.082534000000 -0.971474000000 2.316879000000 0
0.003857000000 0.335669000000 2.395756000000 0
-0.281936000000 0.222075000000 2.314105000000 0
-0.035552000000 0.054758000000 2.449121000000 0
-0.098698000000 0.150734000000 2.287303000000 0
-0.257241000000 0.059967000000 2.464139000000 0
-0.426807000000 -0.102662000000 2.292012000000 0
-0.162723000000 -0.218923000000 2.420849000000 0
-0.337808000000 -0.142280000000 2.461363000000 0
-0.444482000000 0.022728000000 2.299776000000 0
-0.004460000000 -0.195678000000 2.397348000000 0
-0.481606000000 -0.234824000000 2.238318000000 0
0.080187000000 -0.448497000000 2.377199000000 0
-0.480025000000 -0.295487000000 2.227615000000 0
0.100715000000 -0.505844000000 2.386523000000 0
-0.422607000000 -0.614355000000 2.250716000000 0
-0.109374000000 -0.616274000000 2.282624000000 0
-0.368102000000 -0.979198000000 2.407940000000 0
-0.024125000000 -0.980871000000 2.426159000000 0
-0.342872000000 -1.032763000000 2.274895000000 0
0.062982000000 -1.005419000000 2.312070000000 0
-0.000679000000 0.350357000000 2.367040000000 0
-0.280938000000 0.256197000000 2.328797000000 0
-0.011863000000 0.090721000000 2.413327000000 0
-0.103359000000 0.191136000000 2.268658000000 0
-0.227921000000 0.089108000000 2.465432000000 0
-0.416783000000 -0.070457000000 2.324229000000 0
-0.136373000000 -0.193126000000 2.402834000000 0
-0.301083000000 -0.116530000000 2.474765000000 0
-0.436367000000 0.047197000000 2.323749000000 0
-0.033402000000 -0.114996000000 2.254957000000 0
-0.464225000000 -0.212391000000 2.253454000000 0
0.016185000000 -0.330655000000 2.099600000000 0
-0.464727000000 -0.273962000000 2.251049000000 0
0.031027000000 -0.378746000000 2.064048000000 0
-0.421008000000 -0.583244000000 2.275522000000 0
-0.103571000000 -0.600712000000 2.300876000000 0
-0.372341000000 -0.952525000000 2.424059000000 0
-0.037245000000 -0.971365000000 2.438783000000 0
-0.360042000000 -1.005277000000 2.288883000000 0
0.038199000000 -1.002717000000 2.318234000000 0
0.008676000000 0.396301000000 2.331759000000 0
-0.263989000000 0.293875000000 2.339687000000 0
0.009805000000 0.140314000000 2.431256000000 0
-0.077940000000 0.247122000000 2.288860000000 0
-0.208808000000 0.118919000000 2.465163000000 0
-0.386166000000 -0.033929000000 2.329041000000 0
-0.106879000000 -0.151126000000 2.419152000000 0
-0.274862000000 -0.075444000000 2.484148000000 0
-0.421902000000 0.089978000000 2.357438000000 0
-0.027929000000 0.048779000000 2.192461000000 0
-0.445511000000 -0.164262000000 2.275043000000 0
-0.052029000000 -0.098469000000 1.969477000000 0
-0.451076000000 -0.225541000000 2.271739000000 0
-0.057407000000 -0.132518000000 1.918401000000 0
-0.404799000000 -0.548320000000 2.312880000000 0
-0.098189000000 -0.573528000000 2.326363000000 0
-0.369278000000 -0.926024000000 2.442800000000 0
-0.028326000000 -0.948677000000 2.449585000000 0
-0.346914000000 -0.970944000000 2.306093000000 0
0.041560000000 -0.976611000000 2.324917000000 0
-0.007280000000 0.445334000000 2.314817000000 0
-0.288853000000 0.325061000000 2.357958000000 0
0.009601000000 0.194005000000 2.331906000000 0
-0.136585000000 0.288077000000 2.236178000000 0
-0.173855000000 0.160156000000 2.452725000000 0
-0.356617000000 -0.004670000000 2.370519000000 0
-0.055175000000 -0.094278000000 2.339554000000 0
-0.192699000000 -0.044490000000 2.469086000000 0
-0.412756000000 0.107406000000 2.425082000000 0
-0.037499000000 0.172933000000 2.077802000000 0
-0.405699000000 -0.130950000000 2.300351000000 0
-0.096143000000 0.255216000000 1.828379000000 0
-0.409648000000 -0.191279000000 2.288440000000 0
-0.105143000000 0.275275000000 1.770815000000 0
-0.348412000000 -0.520067000000 2.378106000000 0
-0.087546000000 -0.550370000000 2.386230000000 0
-0.375658000000 -0.909561000000 2.469502000000 0
-0.018627000000 -0.933107000000 2.484023000000 0
-0.375683000000 -0.942827000000 2.327728000000 0
-0.029750000000 -0.970929000000 2.343836000000 0
-0.040089000000 0.508932000000 2.285905000000 0
-0.303611000000 0.333543000000 2.412796000000 0
-0.024269000000 0.233444000000 2.284704000000 0
-0.194129000000 0.322495000000 2.247643000000 0
-0.156718000000 0.170503000000 2.448004000000 0
-0.335142000000 -0.018830000000 2.409887000000 0
-0.051508000000 -0.065856000000 2.278752000000 0
-0.144444000000 -0.037185000000 2.448196000000 0
-0.393413000000 0.090219000000 2.448630000000 0
-0.058132000000 0.243516000000 2.025268000000 0
-0.379523000000 -0.147945000000 2.318506000000 0
-0.120999000000 0.431408000000 1.839280000000 0
-0.372166000000 -0.207597000000 2.304923000000 0
-0.131630000000 0.481554000000 1.805084000000 0
-0.324632000000 -0.522615000000 2.397630000000 0
-0.068564000000 -0.531902000000 2.413069000000 0
-0.362766000000 -0.910469000000 2.492056000000 0
-0.007403000000 -0.918604000000 2.499798000000 0
-0.426011000000 -0.935594000000 2.363310000000 0
-0.071300000000 -0.956782000000 2.374633000000 0
-0.056668000000 0.524474000000 2.272390000000 0
-0.292688000000 0.320695000000 2.427659000000 0
-0.006585000000 0.260192000000 2.287291000000 0
-0.185799000000 0.335894000000 2.261144000000 0
-0.130420000000 0.169875000000 2.445578000000 0
-0.310946000000 -0.025489000000 2.406076000000 0
-0.027304000000 -0.045085000000 2.268166000000 0
-0.118480000000 -0.023253000000 2.439574000000 0
-0.367983000000 0.071497000000 2.474844000000 0
-0.050561000000 0.283327000000 2.027433000000 0
-0.353462000000 -0.163212000000 2.333073000000 0
-0.127123000000 0.513665000000 1.899055000000 0
-0.361350000000 -0.221826000000 2.315777000000 0
-0.136561000000 0.571923000000 1.881334000000 0
-0.299165000000 -0.517499000000 2.423224000000 0
-0.052279000000 -0.520108000000 2.417320000000 0
-0.351725000000 -0.905269000000 2.510818000000 0
0.010255000000 -0.905927000000 2.506951000000 0
-0.418478000000 -0.925112000000 2.382924000000 0
-0.053198000000 -0.945259000000 2.381918000000 0
-0.043291000000 0.532740000000 2.283288000000 0
-0.286364000000 0.317762000000 2.411375000000 0
0.017928000000 0.277727000000 2.301457000000 0
-0.164311000000 0.339523000000 2.256413000000 0
-0.115987000000 0.179903000000 2.448328000000 0
-0.289908000000 -0.029948000000 2.396960000000 0
0.007097000000 -0.030801000000 2.289057000000 0
-0.102294000000 -0.020145000000 2.450581000000 0
-0.341594000000 0.063478000000 2.464902000000 0
-0.029218000000 0.280995000000 2.040034000000 0
-0.314597000000 -0.181150000000 2.340595000000 0
-0.116909000000 0.526501000000 1.950251000000 0
-0.324276000000 -0.241483000000 2.332644000000 0
-0.124655000000 0.587485000000 1.954481000000 0
-0.274822000000 -0.513364000000 2.440622000000 0
-0.030946000000 -0.516818000000 2.410167000000 0
-0.338796000000 -0.901523000000 2.518345000000 0
0.014667000000 -0.903500000000 2.506068000000 0
-0.389970000000 -0.920133000000 2.383284000000 0
-0.032908000000 -0.941892000000 2.373897000000 0
-0.036394000000 0.545531000000 2.292818000000 0
-0.281426000000 0.312045000000 2.405124000000 0
0.028720000000 0.281067000000 2.306239000000 0
-0.155105000000 0.334270000000 2.253689000000 0
-0.107133000000 0.182258000000 2.451771000000 0
-0.284097000000 -0.033444000000 2.400691000000 0
0.016289000000 -0.026656000000 2.302821000000 0
-0.098583000000 -0.021375000000 2.460767000000 0
-0.337218000000 0.056223000000 2.449078000000 0
-0.016110000000 0.260490000000 2.045362000000 0
-0.302557000000 -0.193503000000 2.337873000000 0
-0.119498000000 0.499553000000 1.955414000000 0
-0.316248000000 -0.253582000000 2.337469000000 0
-0.124296000000 0.560750000000 1.960793000000 0
-0.270454000000 -0.515288000000 2.436558000000 0
-0.025113000000 -0.516841000000 2.411984000000 0
-0.337858000000 -0.902216000000 2.517455000000 0
0.018392000000 -0.903596000000 2.508568000000 0
-0.385120000000 -0.922468000000 2.381210000000 0
-0.023868000000 -0.941817000000 2.374553000000 0
-0.034550000000 0.547769000000 2.299011000000 0
-0.284588000000 0.305856000000 2.401331000000 0
0.027943000000 0.282574000000 2.307998000000 0
-0.156884000000 0.326850000000 2.250883000000 0
-0.106402000000 0.184524000000 2.455431000000 0
-0.284941000000 -0.033166000000 2.402024000000 0
0.016961000000 -0.027680000000 2.308851000000 0
-0.100316000000 -0.022425000000 2.465020000000 0
-0.336865000000 0.047461000000 2.446705000000 0
-0.006661000000 0.217819000000 2.050765000000 0
-0.303472000000 -0.200825000000 2.327028000000 0
-0.116209000000 0.443970000000 1.932703000000 0
-0.311276000000 -0.261801000000 2.322778000000 0
-0.117894000000 0.505543000000 1.930987000000 0
-0.268890000000 -0.516824000000 2.432884000000 0
-0.021987000000 -0.516583000000 2.419557000000 0
-0.335233000000 -0.903653000000 2.515120000000 0
0.019627000000 -0.904542000000 2.512060000000 0
-0.380672000000 -0.924923000000 2.378410000000 0
-0.020828000000 -0.941079000000 2.377023000000 0
-0.036086000000 0.546769000000 2.305760000000 0
-0.292766000000 0.309641000000 2.404858000000 0
0.023583000000 0.283950000000 2.326164000000 0
-0.158044000000 0.329624000000 2.260517000000 0
-0.118222000000 0.186964000000 2.467175000000 0
-0.290888000000 -0.039487000000 2.407160000000 0
0.014165000000 -0.021100000000 2.326782000000 0
-0.109443000000 -0.024529000000 2.478042000000 0
-0.342104000000 0.048122000000 2.429962000000 0
0.015740000000 0.127888000000 2.109278000000 0
-0.306337000000 -0.204563000000 2.321136000000 0
-0.089612000000 0.266362000000 1.893181000000 0
-0.316671000000 -0.264343000000 2.310338000000 0
-0.099401000000 0.314006000000 1.855349000000 0
-0.274548000000 -0.520351000000 2.421579000000 0
-0.027594000000 -0.516222000000 2.420580000000 0
-0.337691000000 -0.906154000000 2.510857000000 0
0.013591000000 -0.904789000000 2.510694000000 0
-0.379214000000 -0.931136000000 2.373531000000 0
-0.020147000000 -0.940177000000 2.373523000000 0
-0.076780000000 0.541352000000 2.262031000000 0
-0.309666000000 0.307042000000 2.403275000000 0
0.013646000000 0.287897000000 2.358200000000 0
-0.160242000000 0.337078000000 2.276176000000 0
-0.141586000000 0.181219000000 2.476190000000 0
-0.301276000000 -0.033793000000 2.390326000000 0
0.011216000000 -0.019714000000 2.345529000000 0
-0.128954000000 -0.021851000000 2.481610000000 0
-0.351736000000 0.043365000000 2.410347000000 0
0.026435000000 0.088935000000 2.180446000000 0
-0.320420000000 -0.214273000000 2.312903000000 0
-0.048963000000 0.059259000000 1.915328000000 0
-0.319186000000 -0.275194000000 2.303728000000 0
-0.060423000000 0.076738000000 1.857361000000 0
-0.281773000000 -0.517105000000 2.411901000000 0
-0.031717000000 -0.514469000000 2.420675000000 0
-0.337807000000 -0.902935000000 2.505688000000 0
0.010248000000 -0.902663000000 2.512028000000 0
-0.363966000000 -0.933174000000 2.365660000000 0
-0.007263000000 -0.937570000000 2.371737000000 0
-0.121477000000 0.542242000000 2.278516000000 0
-0.320869000000 0.307911000000 2.395201000000 0
0.005404000000 0.289733000000 2.383187000000 0
-0.159013000000 0.343924000000 2.286162000000 0
-0.161192000000 0.177688000000 2.478532000000 0
-0.309662000000 -0.028392000000 2.378226000000 0
0.006020000000 -0.019748000000 2.367003000000 0
-0.147811000000 -0.021463000000 2.487433000000 0
-0.359925000000 0.043272000000 2.392889000000 0
0.015422000000 0.057146000000 2.251401000000 0
-0.334828000000 -0.220375000000 2.309527000000 0
-0.009995000000 -0.112745000000 2.033274000000 0
-0.338979000000 -0.279284000000 2.291933000000 0
-0.009493000000 -0.130486000000 1.974265000000 0
-0.292181000000 -0.513571000000 2.408607000000 0
-0.046436000000 -0.515325000000 2.416583000000 0
-0.338089000000 -0.898911000000 2.509636000000 0
0.005049000000 -0.901107000000 2.513137000000 0
-0.350861000000 -0.934275000000 2.368949000000 0
0.001912000000 -0.936849000000 2.372001000000 0
-0.128660000000 0.538458000000 2.276891000000 0
-0.343961000000 0.311049000000 2.380609000000 0
-0.020151000000 0.276605000000 2.410435000000 0
-0.168042000000 0.336152000000 2.292257000000 0
-0.202996000000 0.175453000000 2.486163000000 0
-0.333369000000 -0.031759000000 2.364227000000 0
-0.018756000000 -0.024146000000 2.392800000000 0
-0.186466000000 -0.027561000000 2.492959000000 0
-0.387917000000 0.043132000000 2.380902000000 0
0.008025000000 0.010158000000 2.366575000000 0
-0.350806000000 -0.223570000000 2.297872000000 0
0.034471000000 -0.253177000000 2.269845000000 0
-0.362547000000 -0.284030000000 2.295928000000 0
0.044984000000 -0.310616000000 2.250165000000 0
-0.315506000000 -0.517001000000 2.415760000000 0
-0.068515000000 -0.520411000000 2.412065000000 0
-0.347616000000 -0.902900000000 2.519933000000 0
-0.002085000000 -0.906771000000 2.496407000000 0
-0.342777000000 -0.941207000000 2.379520000000 0
0.011652000000 -0.935433000000 2.354292000000 0
-0.137782000000 0.535543000000 2.290875000000 0
-0.357867000000 0.309959000000 2.372530000000 0
-0.038272000000 0.272232000000 2.430534000000 0
-0.174724000000 0.331534000000 2.299203000000 0
-0.228230000000 0.174495000000 2.491872000000 0
-0.347274000000 -0.034432000000 2.368210000000 0
-0.036298000000 -0.023904000000 2.423335000000 0
-0.211674000000 -0.033838000000 2.508861000000 0
-0.406558000000 0.040856000000 2.371231000000 0
-0.003847000000 0.001275000000 2.444180000000 0
-0.362608000000 -0.228182000000 2.292179000000 0
0.041526000000 -0.278705000000 2.433468000000 0
-0.376624000000 -0.287973000000 2.287119000000 0
0.058596000000 -0.336236000000 2.447460000000 0
-0.337525000000 -0.517471000000 2.422221000000 0
-0.084865000000 -0.521825000000 2.405421000000 0
-0.356291000000 -0.902981000000 2.530992000000 0
-0.005292000000 -0.905525000000 2.490530000000 0
-0.343010000000 -0.942958000000 2.391593000000 0
0.017966000000 -0.932041000000 2.349241000000 0
-0.155433000000 0.531401000000 2.288484000000 0
-0.374088000000 0.304917000000 2.357685000000 0
-0.063082000000 0.266085000000 2.450942000000 0
-0.183854000000 0.323410000000 2.304273000000 0
-0.259556000000 0.171230000000 2.493365000000 0
-0.364455000000 -0.033764000000 2.355507000000 0
-0.061189000000 -0.030805000000 2.444261000000 0
-0.245063000000 -0.035242000000 2.510148000000 0
-0.427070000000 0.034196000000 2.366263000000 0
-0.036683000000 0.000870000000 2.522598000000 0
-0.389860000000 -0.239789000000 2.291444000000 0
0.037991000000 -0.273985000000 2.553072000000 0
-0.406975000000 -0.298973000000 2.292598000000 0
0.062579000000 -0.329631000000 2.562870000000 0
-0.358590000000 -0.518836000000 2.426422000000 0
-0.101343000000 -0.524573000000 2.396587000000 0
-0.366362000000 -0.904932000000 2.534453000000 0
-0.005367000000 -0.905540000000 2.476922000000 0
-0.338275000000 -0.943959000000 2.396996000000 0
0.031009000000 -0.925802000000 2.337376000000 0
-0.174104000000 0.521404000000 2.283627000000 0
-0.389595000000 0.285695000000 2.337725000000 0
-0.095936000000 0.252132000000 2.477606000000 0
-0.193381000000 0.299268000000 2.311274000000 0
-0.297934000000 0.161634000000 2.497743000000 0
-0.389077000000 -0.037229000000 2.348396000000 0
-0.101487000000 -0.047257000000 2.478961000000 0
-0.292804000000 -0.042824000000 2.518309000000 0
-0.450657000000 0.014727000000 2.354678000000 0
-0.073082000000 -0.000131000000 2.592849000000 0
-0.432802000000 -0.266821000000 2.292795000000 0
0.010844000000 -0.268979000000 2.656836000000 0
-0.418858000000 -0.311514000000 2.332859000000 0
0.033456000000 -0.326001000000 2.650983000000 0
-0.383512000000 -0.528136000000 2.430288000000 0
-0.116882000000 -0.530594000000 2.394822000000 0
-0.380916000000 -0.915915000000 2.532374000000 0
-0.012873000000 -0.911537000000 2.464576000000 0
-0.333030000000 -0.950627000000 2.399301000000 0
0.044336000000 -0.920385000000 2.330951000000 0
-0.185809000000 0.508891000000 2.295620000000 0
-0.398820000000 0.274125000000 2.330074000000 0
-0.114008000000 0.248829000000 2.488728000000 0
-0.201319000000 0.285478000000 2.314322000000 0
-0.317400000000 0.160320000000 2.502753000000 0
-0.392155000000 -0.045446000000 2.330843000000 0
-0.126086000000 -0.057501000000 2.500896000000 0
-0.320917000000 -0.049068000000 2.512729000000 0
-0.461918000000 0.002727000000 2.349121000000 0
-0.092570000000 -0.002606000000 2.608403000000 0
-0.448750000000 -0.280354000000 2.288175000000 0
-0.018030000000 -0.271652000000 2.686381000000 0
-0.430539000000 -0.317713000000 2.333669000000 0
0.010742000000 -0.325873000000 2.691796000000 0
-0.386325000000 -0.537191000000 2.436365000000 0
-0.125594000000 -0.537876000000 2.409001000000 0
-0.383151000000 -0.927404000000 2.528695000000 0
-0.032556000000 -0.922795000000 2.472105000000 0
-0.312609000000 -0.956195000000 2.404592000000 0
0.044875000000 -0.924297000000 2.348781000000 0
-0.197021000000 0.499464000000 2.294127000000 0
-0.406169000000 0.284337000000 2.335701000000 0
-0.122629000000 0.250866000000 2.495119000000 0
-0.208509000000 0.295401000000 2.321841000000 0
-0.326516000000 0.162821000000 2.503892000000 0
-0.407507000000 -0.039441000000 2.341096000000 0
-0.131736000000 -0.062247000000 2.493694000000 0
-0.324858000000 -0.045446000000 2.518023000000 0
-0.471675000000 0.013158000000 2.354560000000 0
-0.106507000000 -0.003924000000 2.609166000000 0
-0.464831000000 -0.265989000000 2.275501000000 0
-0.043053000000 -0.280646000000 2.669320000000 0
-0.455159000000 -0.307949000000 2.319579000000 0
-0.014834000000 -0.323440000000 2.703517000000 0
-0.390077000000 -0.536184000000 2.439627000000 0
-0.132219000000 -0.539977000000 2.436071000000 0
-0.380989000000 -0.928565000000 2.521817000000 0
-0.031429000000 -0.925277000000 2.482829000000 0
-0.317407000000 -0.954012000000 2.393301000000 0
0.041527000000 -0.921480000000 2.356853000000 0
-0.201059000000 0.504270000000 2.300581000000 0
-0.419068000000 0.293379000000 2.351716000000 0
-0.129158000000 0.255958000000 2.498280000000 0
-0.222258000000 0.308229000000 2.330996000000 0
-0.331346000000 0.164416000000 2.510057000000 0
-0.420359000000 -0.035983000000 2.345845000000 0
-0.141748000000 -0.052724000000 2.494007000000 0
-0.334669000000 -0.038544000000 2.521405000000 0
-0.486771000000 0.022129000000 2.363873000000 0
-0.113101000000 -0.009353000000 2.585803000000 0
-0.460458000000 -0.255704000000 2.283441000000 0
-0.057877000000 -0.293832000000 2.605171000000 0
-0.445157000000 -0.303950000000 2.318588000000 0
-0.050579000000 -0.350764000000 2.627588000000 0
-0.386086000000 -0.532702000000 2.444134000000 0
-0.134705000000 -0.531051000000 2.451986000000 0
-0.377688000000 -0.924985000000 2.526868000000 0
-0.029368000000 -0.913917000000 2.507830000000 0
-0.313940000000 -0.950696000000 2.398487000000 0
0.041756000000 -0.912883000000 2.380760000000 0
-0.213800000000 0.513008000000 2.312843000000 0
-0.428149000000 0.295118000000 2.364601000000 0
-0.129358000000 0.260076000000 2.492762000000 0
-0.233223000000 0.313979000000 2.332480000000 0
-0.328881000000 0.164631000000 2.514660000000 0
-0.427503000000 -0.035056000000 2.360059000000 0
-0.138520000000 -0.050044000000 2.487025000000 0
-0.328970000000 -0.037453000000 2.528748000000 0
-0.485073000000 0.021650000000 2.373953000000 0
-0.103781000000 -0.009629000000 2.561446000000 0
-0.456597000000 -0.250862000000 2.278727000000 0
-0.048732000000 -0.293547000000 2.539040000000 0
-0.455207000000 -0.306633000000 2.252561000000 0
-0.053912000000 -0.353080000000 2.554073000000 0
-0.381383000000 -0.532398000000 2.448867000000 0
-0.131097000000 -0.528467000000 2.454463000000 0
-0.365304000000 -0.924389000000 2.531848000000 0
-0.040419000000 -0.915398000000 2.507969000000 0
-0.311454000000 -0.950293000000 2.399049000000 0
0.022549000000 -0.918792000000 2.376706000000 0
-0.217172000000 0.509037000000 2.307026000000 0
-0.429601000000 0.291849000000 2.374349000000 0
-0.122036000000 0.264677000000 2.482026000000 0
-0.237704000000 0.311330000000 2.327662000000 0
-0.318298000000 0.168233000000 2.521758000000 0
-0.422127000000 -0.032403000000 2.371784000000 0
-0.126497000000 -0.048638000000 2.482218000000 0
-0.314291000000 -0.036225000000 2.534655000000 0
-0.483502000000 0.017930000000 2.382102000000 0
-0.093999000000 -0.005085000000 2.548656000000 0
-0.458059000000 -0.256018000000 2.290871000000 0
-0.037735000000 -0.281992000000 2.484045000000 0
-0.446951000000 -0.304733000000 2.254808000000 0
-0.044708000000 -0.339343000000 2.505476000000 0
-0.379687000000 -0.529977000000 2.452107000000 0
-0.124068000000 -0.527509000000 2.447426000000 0
-0.368611000000 -0.922993000000 2.530954000000 0
-0.026256000000 -0.912690000000 2.500993000000 0
-0.323020000000 -0.948961000000 2.395110000000 0
0.028791000000 -0.917449000000 2.366257000000 0
-0.226793000000 0.511483000000 2.302462000000 0
