-0.485826000000 0.215155000000 2.472011000000 0
-0.134356000000 0.236155000000 2.396992000000 0
-0.332404000000 0.263248000000 2.340489000000 0
-0.281976000000 0.104055000000 2.532187000000 0
-0.490904000000 -0.114381000000 2.475287000000 0
-0.070805000000 -0.119865000000 2.392132000000 0
-0.257358000000 -0.112475000000 2.552106000000 0
-0.537753000000 -0.048467000000 2.518611000000 0
-0.037068000000 -0.018588000000 2.394573000000 0
-0.573339000000 -0.323872000000 2.439512000000 0
-0.007015000000 -0.297215000000 2.325043000000 0
-0.536841000000 -0.379127000000 2.457822000000 0
-0.016182000000 -0.362050000000 2.345847000000 0
-0.387533000000 -0.620308000000 2.473933000000 0
-0.169574000000 -0.621254000000 2.453208000000 0
-0.402067000000 -1.004945000000 2.566986000000 0
-0.204982000000 -0.994790000000 2.579829000000 0
-0.434278000000 -1.042385000000 2.407195000000 0
-0.226314000000 -1.046228000000 2.422122000000 0
-0.325773000000 0.529850000000 2.338554000000 0
-0.482511000000 0.214111000000 2.470604000000 0
-0.130863000000 0.238281000000 2.397394000000 0
-0.328854000000 0.263554000000 2.339859000000 0
-0.277972000000 0.104888000000 2.531874000000 0
-0.483083000000 -0.114163000000 2.477128000000 0
-0.063014000000 -0.119503000000 2.393813000000 0
-0.249513000000 -0.113040000000 2.553890000000 0
-0.532065000000 -0.051435000000 2.514239000000 0
-0.027872000000 -0.015003000000 2.408095000000 0
-0.551594000000 -0.327855000000 2.429665000000 0
0.015988000000 -0.296096000000 2.353278000000 0
-0.535464000000 -0.392643000000 2.445874000000 0
0.016595000000 -0.363985000000 2.363822000000 0
-0.381764000000 -0.620008000000 2.474315000000 0
-0.165471000000 -0.620808000000 2.457546000000 0
-0.402968000000 -1.003791000000 2.569583000000 0
-0.197775000000 -0.998221000000 2.573010000000 0
-0.434937000000 -1.041677000000 2.409848000000 0
-0.222120000000 -1.044720000000 2.414209000000 0
-0.331363000000 0.529315000000 2.338467000000 0
-0.480007000000 0.211807000000 2.472829000000 0
-0.128227000000 0.243724000000 2.403313000000 0
-0.326136000000 0.267067000000 2.344690000000 0
-0.274146000000 0.104570000000 2.533172000000 0
-0.479544000000 -0.116010000000 2.478839000000 0
-0.058704000000 -0.114820000000 2.399342000000 0
-0.246718000000 -0.112451000000 2.557752000000 0
-0.527024000000 -0.055666000000 2.506406000000 0
-0.024550000000 -0.009482000000 2.407509000000 0
-0.546979000000 -0.334449000000 2.430050000000 0
0.015964000000 -0.289567000000 2.345387000000 0
-0.553792000000 -0.400813000000 2.413624000000 0
0.015290000000 -0.355819000000 2.363571000000 0
-0.380858000000 -0.619943000000 2.472543000000 0
-0.165173000000 -0.618299000000 2.460141000000 0
-0.400021000000 -1.003344000000 2.569764000000 0
-0.203048000000 -0.996310000000 2.571898000000 0
-0.431217000000 -1.042265000000 2.410125000000 0
-0.226359000000 -1.041112000000 2.412455000000 0
-0.327909000000 0.529935000000 2.343238000000 0
-0.474362000000 0.212760000000 2.466188000000 0
-0.119394000000 0.242414000000 2.414050000000 0
-0.314024000000 0.266800000000 2.345685000000 0
-0.272384000000 0.104439000000 2.536835000000 0
-0.473878000000 -0.114980000000 2.463552000000 0
-0.049634000000 -0.116087000000 2.404876000000 0
-0.245210000000 -0.109962000000 2.553741000000 0
-0.524277000000 -0.054192000000 2.504353000000 0
-0.018317000000 -0.012283000000 2.402909000000 0
-0.540073000000 -0.331326000000 2.419105000000 0
-0.004368000000 -0.284284000000 2.302206000000 0
-0.540628000000 -0.399833000000 2.424290000000 0
-0.005145000000 -0.352762000000 2.296681000000 0
-0.380831000000 -0.618645000000 2.474844000000 0
-0.165719000000 -0.619126000000 2.461785000000 0
-0.401468000000 -1.002754000000 2.568919000000 0
-0.200145000000 -0.997957000000 2.571868000000 0
-0.425949000000 -1.040870000000 2.407920000000 0
-0.217947000000 -1.042868000000 2.411747000000 0
-0.323364000000 0.526909000000 2.336845000000 0
-0.471602000000 0.214201000000 2.466054000000 0
-0.115626000000 0.240542000000 2.419287000000 0
-0.308973000000 0.267137000000 2.348160000000 0
-0.271771000000 0.103593000000 2.539217000000 0
-0.472169000000 -0.114967000000 2.461108000000 0
-0.047082000000 -0.116544000000 2.408896000000 0
-0.244896000000 -0.109687000000 2.554742000000 0
-0.525155000000 -0.052626000000 2.498228000000 0
-0.015643000000 -0.013855000000 2.399654000000 0
-0.542281000000 -0.330778000000 2.417402000000 0
-0.027593000000 -0.274296000000 2.272288000000 0
-0.531837000000 -0.397645000000 2.405566000000 0
-0.029077000000 -0.338488000000 2.247842000000 0
-0.376934000000 -0.618825000000 2.475792000000 0
-0.164321000000 -0.619760000000 2.461037000000 0
-0.402912000000 -1.003402000000 2.566576000000 0
-0.203107000000 -0.998152000000 2.571176000000 0
-0.424299000000 -1.040142000000 2.404819000000 0
-0.217947000000 -1.043305000000 2.410821000000 0
-0.315554000000 0.526958000000 2.341406000000 0
-0.467438000000 0.218724000000 2.471455000000 0
-0.112038000000 0.233252000000 2.415963000000 0
-0.306084000000 0.266158000000 2.349536000000 0
-0.269635000000 0.101638000000 2.539899000000 0
-0.469053000000 -0.115006000000 2.458826000000 0
-0.043831000000 -0.118169000000 2.407798000000 0
-0.242023000000 -0.109898000000 2.553057000000 0
-0.522012000000 -0.047971000000 2.497529000000 0
-0.016488000000 -0.021502000000 2.388498000000 0
-0.551956000000 -0.325339000000 2.419998000000 0
-0.049517000000 -0.271897000000 2.246890000000 0
-0.553350000000 -0.392031000000 2.403545000000 0
-0.065311000000 -0.336564000000 2.229889000000 0
-0.381705000000 -0.618591000000 2.476305000000 0
-0.165644000000 -0.621096000000 2.458369000000 0
-0.399022000000 -1.003006000000 2.569797000000 0
-0.203594000000 -0.995562000000 2.581460000000 0
-0.421684000000 -1.041201000000 2.408552000000 0
-0.217980000000 -1.046278000000 2.422736000000 0
-0.305294000000 0.524628000000 2.339780000000 0
-0.463053000000 0.219158000000 2.474293000000 0
-0.108016000000 0.232298000000 2.416192000000 0
-0.302374000000 0.267189000000 2.351718000000 0
-0.265427000000 0.100048000000 2.539687000000 0
-0.468717000000 -0.115051000000 2.458966000000 0
-0.043415000000 -0.119522000000 2.408706000000 0
-0.241841000000 -0.110320000000 2.553588000000 0
-0.521368000000 -0.045733000000 2.498780000000 0
-0.019506000000 -0.022761000000 2.380442000000 0
-0.549480000000 -0.319441000000 2.412505000000 0
-0.065719000000 -0.271809000000 2.242641000000 0
-0.554545000000 -0.386617000000 2.399008000000 0
-0.077435000000 -0.329438000000 2.278166000000 0
-0.381233000000 -0.619127000000 2.475677000000 0
-0.169252000000 -0.621933000000 2.460735000000 0
-0.403027000000 -1.003571000000 2.568111000000 0
-0.203205000000 -1.000810000000 2.570802000000 0
-0.425048000000 -1.041147000000 2.406631000000 0
-0.219794000000 -1.045866000000 2.410591000000 0
-0.298476000000 0.528046000000 2.346209000000 0
-0.459073000000 0.222242000000 2.474498000000 0
-0.103605000000 0.229185000000 2.417978000000 0
-0.297053000000 0.267128000000 2.352498000000 0
-0.263785000000 0.100041000000 2.541201000000 0
-0.470214000000 -0.113771000000 2.456975000000 0
-0.044626000000 -0.121110000000 2.409553000000 0
-0.243941000000 -0.109944000000 2.553071000000 0
-0.525853000000 -0.039591000000 2.504045000000 0
-0.032435000000 -0.027135000000 2.362086000000 0
-0.554827000000 -0.314036000000 2.422325000000 0
-0.066753000000 -0.278566000000 2.226282000000 0
-0.555472000000 -0.381885000000 2.411533000000 0
-0.113289000000 -0.324323000000 2.247756000000 0
-0.379870000000 -0.618736000000 2.477584000000 0
-0.168412000000 -0.622830000000 2.459643000000 0
-0.401122000000 -1.003586000000 2.568440000000 0
-0.202272000000 -0.998350000000 2.580698000000 0
-0.421637000000 -1.040650000000 2.406644000000 0
-0.216255000000 -1.048342000000 2.421708000000 0
-0.292702000000 0.522670000000 2.336998000000 0
-0.460374000000 0.221330000000 2.474038000000 0
-0.104464000000 0.230775000000 2.420755000000 0
-0.297567000000 0.267446000000 2.353554000000 0
-0.264861000000 0.100414000000 2.542403000000 0
-0.469442000000 -0.112577000000 2.459315000000 0
-0.044023000000 -0.122978000000 2.410961000000 0
-0.242953000000 -0.111268000000 2.554967000000 0
-0.519203000000 -0.041281000000 2.508777000000 0
-0.033605000000 -0.024798000000 2.363362000000 0
-0.558606000000 -0.315577000000 2.432890000000 0
-0.071119000000 -0.281258000000 2.239384000000 0
-0.566035000000 -0.379937000000 2.410022000000 0
-0.115665000000 -0.325805000000 2.211969000000 0
-0.384265000000 -0.618189000000 2.477455000000 0
-0.169284000000 -0.623959000000 2.458946000000 0
-0.402196000000 -1.001018000000 2.577135000000 0
-0.207393000000 -1.000537000000 2.575361000000 0
-0.424205000000 -1.041828000000 2.416440000000 0
-0.221630000000 -1.048438000000 2.415751000000 0
-0.294561000000 0.526711000000 2.345453000000 0
-0.464703000000 0.223053000000 2.481013000000 0
-0.109965000000 0.230489000000 2.420141000000 0
-0.304153000000 0.269978000000 2.357842000000 0
-0.268816000000 0.099294000000 2.542916000000 0
-0.473045000000 -0.112994000000 2.457243000000 0
-0.047311000000 -0.119136000000 2.410978000000 0
-0.247047000000 -0.108665000000 2.553962000000 0
-0.520315000000 -0.040598000000 2.515776000000 0
-0.035429000000 -0.024618000000 2.363769000000 0
-0.559201000000 -0.318400000000 2.452014000000 0
-0.077856000000 -0.275807000000 2.230145000000 0
-0.556647000000 -0.379532000000 2.420760000000 0
-0.114158000000 -0.334019000000 2.233890000000 0
-0.382304000000 -0.617598000000 2.478477000000 0
-0.168648000000 -0.621705000000 2.453798000000 0
-0.401062000000 -1.002821000000 2.568295000000 0
-0.198140000000 -0.997234000000 2.575961000000 0
-0.421241000000 -1.039588000000 2.406389000000 0
-0.211225000000 -1.047885000000 2.417103000000 0
-0.294129000000 0.523866000000 2.341648000000 0
-0.465294000000 0.222490000000 2.473189000000 0
-0.109690000000 0.230299000000 2.417647000000 0
-0.303100000000 0.266633000000 2.351149000000 0
-0.269688000000 0.101926000000 2.541908000000 0
-0.474394000000 -0.112961000000 2.459636000000 0
-0.048616000000 -0.120885000000 2.414057000000 0
-0.248543000000 -0.110112000000 2.556751000000 0
-0.519430000000 -0.041580000000 2.506311000000 0
-0.036900000000 -0.026126000000 2.365606000000 0
-0.561324000000 -0.320267000000 2.449111000000 0
-0.083475000000 -0.276446000000 2.231948000000 0
-0.527418000000 -0.377583000000 2.432212000000 0
-0.112455000000 -0.338171000000 2.240346000000 0
-0.385210000000 -0.618473000000 2.473751000000 0
-0.168937000000 -0.623166000000 2.452531000000 0
-0.398043000000 -1.003177000000 2.566781000000 0
-0.202829000000 -0.996063000000 2.581429000000 0
-0.418797000000 -1.041530000000 2.405316000000 0
-0.214082000000 -1.049665000000 2.423401000000 0
-0.292715000000 0.528237000000 2.349247000000 0
-0.467582000000 0.226151000000 2.469545000000 0
-0.110911000000 0.229107000000 2.420794000000 0
-0.302501000000 0.268143000000 2.350658000000 0
-0.274996000000 0.102863000000 2.541864000000 0
-0.476760000000 -0.114894000000 2.471192000000 0
-0.053060000000 -0.117826000000 2.408763000000 0
-0.247283000000 -0.110483000000 2.559335000000 0
-0.524588000000 -0.038259000000 2.502449000000 0
-0.039618000000 -0.027762000000 2.364397000000 0
-0.553359000000 -0.321904000000 2.458241000000 0
-0.083654000000 -0.282914000000 2.237137000000 0
-0.533498000000 -0.374074000000 2.418188000000 0
-0.137783000000 -0.323859000000 2.226462000000 0
-0.387056000000 -0.619575000000 2.466385000000 0
-0.163588000000 -0.621423000000 2.451220000000 0
-0.387466000000 -1.002754000000 2.566333000000 0
-0.204254000000 -0.997791000000 2.567448000000 0
-0.415864000000 -1.044325000000 2.406840000000 0
-0.219645000000 -1.045411000000 2.407861000000 0
-0.296281000000 0.527759000000 2.341893000000 0
-0.476307000000 0.217758000000 2.460757000000 0
-0.118003000000 0.232200000000 2.428972000000 0
-0.307199000000 0.263370000000 2.349080000000 0
-0.283381000000 0.102471000000 2.544472000000 0
-0.477303000000 -0.115472000000 2.469303000000 0
-0.051677000000 -0.121749000000 2.422065000000 0
-0.251111000000 -0.114251000000 2.565657000000 0
-0.529778000000 -0.049078000000 2.489407000000 0
-0.049903000000 -0.026117000000 2.369676000000 0
-0.543684000000 -0.333717000000 2.437083000000 0
-0.101239000000 -0.282175000000 2.244179000000 0
-0.538123000000 -0.400132000000 2.420396000000 0
-0.110472000000 -0.341478000000 2.210738000000 0
-0.385198000000 -0.621480000000 2.454890000000 0
-0.158237000000 -0.624620000000 2.449447000000 0
-0.403272000000 -0.998623000000 2.574273000000 0
-0.204250000000 -0.994229000000 2.583939000000 0
-0.423884000000 -1.047814000000 2.415754000000 0
-0.209128000000 -1.050857000000 2.426643000000 0
-0.304050000000 0.523114000000 2.342936000000 0
-0.479850000000 0.213575000000 2.454369000000 0
-0.121213000000 0.233480000000 2.430224000000 0
-0.309023000000 0.258641000000 2.345114000000 0
-0.286938000000 0.104542000000 2.546111000000 0
-0.482278000000 -0.119874000000 2.460080000000 0
-0.054701000000 -0.118939000000 2.435494000000 0
-0.261568000000 -0.115341000000 2.568315000000 0
-0.531875000000 -0.055269000000 2.471279000000 0
-0.051591000000 -0.026806000000 2.378520000000 0
-0.537468000000 -0.341449000000 2.421734000000 0
-0.098106000000 -0.281899000000 2.247565000000 0
-0.543178000000 -0.408122000000 2.406161000000 0
-0.124052000000 -0.336364000000 2.214691000000 0
-0.388005000000 -0.623823000000 2.452013000000 0
-0.153532000000 -0.623761000000 2.443620000000 0
-0.401211000000 -0.998580000000 2.579286000000 0
-0.203744000000 -0.991246000000 2.582362000000 0
-0.415007000000 -1.051744000000 2.421312000000 0
-0.196621000000 -1.051117000000 2.426358000000 0
-0.307324000000 0.522755000000 2.340311000000 0
-0.481562000000 0.208260000000 2.438074000000 0
-0.122700000000 0.234372000000 2.449759000000 0
-0.301705000000 0.258728000000 2.347223000000 0
-0.296618000000 0.099983000000 2.545738000000 0
-0.481612000000 -0.123794000000 2.441989000000 0
-0.053612000000 -0.119019000000 2.456838000000 0
-0.271847000000 -0.117015000000 2.570054000000 0
-0.531702000000 -0.061869000000 2.435223000000 0
-0.050499000000 -0.025084000000 2.395342000000 0
-0.526831000000 -0.344590000000 2.366815000000 0
-0.098267000000 -0.276134000000 2.256321000000 0
-0.521144000000 -0.412571000000 2.358646000000 0
-0.122796000000 -0.331799000000 2.224381000000 0
-0.391113000000 -0.626256000000 2.450025000000 0
-0.152645000000 -0.624302000000 2.430412000000 0
-0.401201000000 -0.998003000000 2.586106000000 0
-0.202606000000 -0.988270000000 2.578218000000 0
-0.403937000000 -1.055422000000 2.429045000000 0
-0.182080000000 -1.053134000000 2.425431000000 0
-0.311016000000 0.521653000000 2.346659000000 0
-0.479308000000 0.208658000000 2.418954000000 0
-0.124970000000 0.225040000000 2.480409000000 0
-0.287390000000 0.255086000000 2.354446000000 0
-0.313843000000 0.094520000000 2.549773000000 0
-0.490946000000 -0.127629000000 2.425768000000 0
-0.065102000000 -0.121922000000 2.471070000000 0
-0.290833000000 -0.122232000000 2.568506000000 0
-0.495302000000 -0.051598000000 2.335168000000 0
-0.057095000000 -0.033779000000 2.421972000000 0
-0.461598000000 -0.235597000000 2.113578000000 0
-0.104733000000 -0.281074000000 2.278203000000 0
-0.470087000000 -0.301497000000 2.131056000000 0
-0.118688000000 -0.340766000000 2.247177000000 0
-0.403460000000 -0.629581000000 2.441606000000 0
-0.154490000000 -0.626019000000 2.422654000000 0
-0.400720000000 -1.005675000000 2.565547000000 0
-0.202445000000 -0.987295000000 2.577560000000 0
-0.394713000000 -1.057950000000 2.406790000000 0
-0.170688000000 -1.055548000000 2.428210000000 0
-0.304336000000 0.521422000000 2.361350000000 0
-0.475507000000 0.218414000000 2.406635000000 0
-0.133180000000 0.218262000000 2.518046000000 0
-0.275337000000 0.262784000000 2.373276000000 0
-0.333011000000 0.089613000000 2.550248000000 0
-0.489656000000 -0.126938000000 2.395914000000 0
-0.073479000000 -0.123813000000 2.496982000000 0
-0.310066000000 -0.126354000000 2.563829000000 0
-0.492901000000 -0.000365000000 2.244369000000 0
-0.053395000000 -0.037805000000 2.467433000000 0
-0.400442000000 0.005114000000 1.970616000000 0
-0.103951000000 -0.248323000000 2.276002000000 0
-0.377466000000 -0.014832000000 1.909015000000 0
-0.119072000000 -0.301317000000 2.234972000000 0
-0.401769000000 -0.629466000000 2.438633000000 0
-0.159381000000 -0.626306000000 2.421856000000 0
-0.402283000000 -0.999678000000 2.579200000000 0
-0.204387000000 -0.988669000000 2.575098000000 0
-0.376293000000 -1.058356000000 2.424753000000 0
-0.159501000000 -1.056121000000 2.428783000000 0
-0.299088000000 0.523251000000 2.385181000000 0
-0.485425000000 0.211911000000 2.380347000000 0
-0.160255000000 0.232712000000 2.533420000000 0
-0.286675000000 0.271897000000 2.373321000000 0
-0.352068000000 0.088790000000 2.537117000000 0
-0.506023000000 -0.139987000000 2.353340000000 0
-0.114703000000 -0.098623000000 2.522412000000 0
-0.357747000000 -0.124674000000 2.548860000000 0
-0.460938000000 0.170090000000 2.118173000000 0
-0.073061000000 -0.018610000000 2.551250000000 0
-0.320831000000 0.327119000000 1.930013000000 0
-0.049648000000 -0.064384000000 2.273673000000 0
-0.297281000000 0.389313000000 1.912757000000 0
-0.044320000000 -0.076005000000 2.206168000000 0
-0.412837000000 -0.630447000000 2.425328000000 0
-0.168064000000 -0.609636000000 2.425814000000 0
-0.392378000000 -0.993796000000 2.581451000000 0
-0.200353000000 -0.977640000000 2.568456000000 0
-0.345082000000 -1.054872000000 2.433109000000 0
-0.137401000000 -1.038412000000 2.425921000000 0
-0.284660000000 0.533308000000 2.408743000000 0
-0.424209000000 0.218459000000 2.330808000000 0
-0.189455000000 0.218993000000 2.595689000000 0
-0.238508000000 0.262378000000 2.398557000000 0
-0.378720000000 0.090779000000 2.523169000000 0
-0.452057000000 -0.135042000000 2.278759000000 0
-0.153724000000 -0.113576000000 2.585295000000 0
-0.388850000000 -0.133853000000 2.516356000000 0
-0.436119000000 0.289749000000 2.076051000000 0
-0.110367000000 -0.031702000000 2.563710000000 0
-0.286996000000 0.445273000000 1.896629000000 0
0.003681000000 0.064949000000 2.326498000000 0
-0.280364000000 0.513629000000 1.898603000000 0
0.026269000000 0.115530000000 2.285857000000 0
-0.425551000000 -0.623232000000 2.416237000000 0
-0.172523000000 -0.614272000000 2.424131000000 0
-0.393935000000 -0.987972000000 2.567172000000 0
-0.200454000000 -0.982176000000 2.567945000000 0
-0.294890000000 -1.032084000000 2.439826000000 0
-0.107511000000 -1.038864000000 2.440979000000 0
-0.266908000000 0.530459000000 2.441534000000 0
-0.418337000000 0.220809000000 2.328828000000 0
-0.218221000000 0.204633000000 2.620505000000 0
-0.242886000000 0.260701000000 2.422017000000 0
-0.395608000000 0.080922000000 2.516828000000 0
-0.427632000000 -0.132674000000 2.255048000000 0
-0.190316000000 -0.129206000000 2.611554000000 0
-0.409042000000 -0.142161000000 2.500023000000 0
-0.447584000000 0.311336000000 2.080944000000 0
-0.096059000000 -0.012203000000 2.528009000000 0
-0.316808000000 0.416811000000 1.855539000000 0
0.039255000000 0.222780000000 2.453795000000 0
-0.281153000000 0.475341000000 1.850704000000 0
0.033971000000 0.290727000000 2.462493000000 0
-0.423741000000 -0.626956000000 2.389319000000 0
-0.168051000000 -0.615568000000 2.410633000000 0
-0.403936000000 -0.979860000000 2.567873000000 0
-0.199714000000 -0.979025000000 2.564620000000 0
-0.294870000000 -1.032177000000 2.452374000000 0
-0.097304000000 -1.038073000000 2.446307000000 0
-0.258980000000 0.518780000000 2.460811000000 0
-0.410785000000 0.209066000000 2.342263000000 0
-0.167929000000 0.169380000000 2.594813000000 0
-0.218074000000 0.219794000000 2.399638000000 0
-0.380223000000 0.076457000000 2.533039000000 0
-0.455780000000 -0.132489000000 2.276422000000 0
-0.163875000000 -0.172543000000 2.587251000000 0
-0.398086000000 -0.156443000000 2.514215000000 0
-0.428802000000 0.298385000000 2.094475000000 0
-0.040321000000 -0.035648000000 2.488129000000 0
-0.407701000000 0.242193000000 1.821454000000 0
-0.022695000000 0.233108000000 2.562980000000 0
-0.353018000000 0.236761000000 1.780216000000 0
-0.053839000000 0.266041000000 2.614612000000 0
-0.421613000000 -0.645566000000 2.342996000000 0
-0.156160000000 -0.641381000000 2.386966000000 0
-0.397264000000 -0.977855000000 2.557021000000 0
-0.208773000000 -0.992357000000 2.562645000000 0
-0.341694000000 -1.060376000000 2.422579000000 0
-0.115317000000 -1.065390000000 2.444727000000 0
-0.220091000000 0.491402000000 2.487885000000 0
-0.444543000000 0.212876000000 2.343986000000 0
-0.189797000000 0.118930000000 2.580372000000 0
-0.244915000000 0.208519000000 2.401249000000 0
-0.404911000000 0.041926000000 2.507463000000 0
-0.475964000000 -0.149414000000 2.279583000000 0
-0.161361000000 -0.192644000000 2.566956000000 0
-0.400338000000 -0.174182000000 2.512211000000 0
-0.480831000000 0.234468000000 2.087072000000 0
-0.008988000000 -0.029275000000 2.465781000000 0
-0.446895000000 0.090593000000 1.854380000000 0
-0.048938000000 0.223380000000 2.568576000000 0
-0.444046000000 0.022740000000 1.843975000000 0
-0.098259000000 0.236402000000 2.614601000000 0
-0.421337000000 -0.663931000000 2.319969000000 0
-0.155194000000 -0.658290000000 2.371960000000 0
-0.394949000000 -0.982443000000 2.553785000000 0
-0.213734000000 -1.000051000000 2.563240000000 0
-0.358985000000 -1.077153000000 2.420709000000 0
-0.125490000000 -1.080651000000 2.446239000000 0
-0.233151000000 0.459430000000 2.486274000000 0
-0.443075000000 0.198993000000 2.366066000000 0
-0.188655000000 0.113582000000 2.606015000000 0
-0.245385000000 0.206965000000 2.429350000000 0
-0.395134000000 0.024127000000 2.523047000000 0
-0.470733000000 -0.156389000000 2.281022000000 0
-0.162521000000 -0.203007000000 2.574721000000 0
-0.400189000000 -0.183013000000 2.515037000000 0
-0.557902000000 0.091123000000 2.160081000000 0
0.003262000000 0.065112000000 2.438476000000 0
-0.507363000000 -0.068284000000 1.942294000000 0
-0.086320000000 0.279107000000 2.585366000000 0
-0.488467000000 -0.134233000000 1.938548000000 0
-0.132820000000 0.260532000000 2.632410000000 0
-0.420868000000 -0.669868000000 2.305299000000 0
-0.153642000000 -0.657894000000 2.347621000000 0
-0.394397000000 -0.980717000000 2.549201000000 0
-0.215119000000 -0.989656000000 2.554913000000 0
-0.370153000000 -1.081586000000 2.418014000000 0
-0.137572000000 -1.078247000000 2.436125000000 0
-0.242724000000 0.444633000000 2.479639000000 0
-0.488370000000 0.160954000000 2.410138000000 0
-0.156531000000 0.106751000000 2.524789000000 0
-0.283236000000 0.177794000000 2.382103000000 0
-0.368871000000 0.005899000000 2.548694000000 0
-0.533608000000 -0.195910000000 2.355865000000 0
-0.128258000000 -0.207946000000 2.493610000000 0
-0.369917000000 -0.208606000000 2.538874000000 0
-0.605974000000 -0.054624000000 2.328913000000 0
-0.004729000000 0.140921000000 2.318172000000 0
-0.586369000000 -0.235702000000 2.124387000000 0
-0.097467000000 0.338938000000 2.483077000000 0
-0.558078000000 -0.298311000000 2.124861000000 0
-0.121988000000 0.386730000000 2.525914000000 0
-0.417698000000 -0.693918000000 2.296231000000 0
-0.148903000000 -0.678767000000 2.325644000000 0
-0.399164000000 -0.989381000000 2.559240000000 0
-0.220607000000 -0.991037000000 2.558372000000 0
-0.392480000000 -1.100262000000 2.434206000000 0
-0.156971000000 -1.092593000000 2.441712000000 0
-0.269090000000 0.437712000000 2.443692000000 0
-0.506369000000 0.150590000000 2.452416000000 0
-0.151258000000 0.120915000000 2.482556000000 0
-0.315946000000 0.182116000000 2.375640000000 0
-0.346015000000 0.005255000000 2.555778000000 0
-0.543340000000 -0.206248000000 2.413321000000 0
-0.116526000000 -0.205282000000 2.448760000000 0
-0.339894000000 -0.212937000000 2.551210000000 0
-0.608408000000 -0.088704000000 2.445911000000 0
-0.073055000000 0.136886000000 2.234877000000 0
-0.608095000000 -0.310930000000 2.283024000000 0
-0.102912000000 0.393656000000 2.330241000000 0
-0.586039000000 -0.375592000000 2.275763000000 0
-0.098362000000 0.407430000000 2.397397000000 0
-0.424083000000 -0.692983000000 2.296709000000 0
-0.158711000000 -0.686095000000 2.317799000000 0
-0.397881000000 -0.987007000000 2.560677000000 0
-0.218443000000 -0.988644000000 2.566219000000 0
-0.402785000000 -1.098933000000 2.436494000000 0
-0.169388000000 -1.095784000000 2.447530000000 0
-0.291919000000 0.437067000000 2.425640000000 0
-0.516833000000 0.140610000000 2.490273000000 0
-0.163949000000 0.124301000000 2.456535000000 0
-0.343852000000 0.185707000000 2.384475000000 0
-0.336560000000 -0.004697000000 2.552781000000 0
-0.531263000000 -0.199358000000 2.471512000000 0
-0.107351000000 -0.208002000000 2.411083000000 0
-0.302429000000 -0.210668000000 2.560703000000 0
-0.589758000000 -0.109117000000 2.515290000000 0
-0.143402000000 0.194232000000 2.205547000000 0
-0.606927000000 -0.364798000000 2.410827000000 0
-0.156731000000 0.468721000000 2.173018000000 0
-0.579667000000 -0.427491000000 2.403979000000 0
-0.126076000000 0.515708000000 2.212678000000 0
-0.436237000000 -0.680235000000 2.304991000000 0
-0.164412000000 -0.689790000000 2.313331000000 0
-0.391516000000 -0.980839000000 2.558867000000 0
-0.219422000000 -0.986041000000 2.570284000000 0
-0.412009000000 -1.089709000000 2.433568000000 0
-0.180916000000 -1.096706000000 2.450939000000 0
-0.306271000000 0.433034000000 2.388811000000 0
-0.500109000000 0.164837000000 2.549979000000 0
-0.191321000000 0.148390000000 2.386848000000 0
-0.382940000000 0.201129000000 2.382338000000 0
-0.303543000000 0.027429000000 2.550141000000 0
-0.526096000000 -0.199316000000 2.541587000000 0
-0.148686000000 -0.177817000000 2.340274000000 0
-0.280533000000 -0.188726000000 2.547507000000 0
-0.562396000000 -0.086525000000 2.597820000000 0
-0.196549000000 0.266892000000 2.151729000000 0
-0.587002000000 -0.363545000000 2.577703000000 0
-0.231881000000 0.418380000000 1.920313000000 0
-0.575672000000 -0.430743000000 2.568956000000 0
-0.252134000000 0.449711000000 1.862619000000 0
-0.445003000000 -0.663466000000 2.319310000000 0
-0.171130000000 -0.675062000000 2.328427000000 0
-0.384607000000 -0.971791000000 2.560357000000 0
-0.219584000000 -0.980017000000 2.576358000000 0
-0.415616000000 -1.076743000000 2.433882000000 0
-0.190717000000 -1.086677000000 2.450808000000 0
-0.334309000000 0.465514000000 2.390698000000 0
-0.496357000000 0.164452000000 2.556933000000 0
-0.205027000000 0.160857000000 2.363115000000 0
-0.400427000000 0.196773000000 2.375543000000 0
-0.288962000000 0.044513000000 2.545913000000 0
-0.514526000000 -0.201007000000 2.557574000000 0
-0.162628000000 -0.164900000000 2.316137000000 0
-0.270441000000 -0.180291000000 2.536564000000 0
-0.546876000000 -0.080621000000 2.641688000000 0
-0.216232000000 0.252433000000 2.115558000000 0
-0.570217000000 -0.358983000000 2.626888000000 0
-0.266162000000 0.335158000000 1.853045000000 0
-0.582094000000 -0.425438000000 2.639655000000 0
-0.293768000000 0.362362000000 1.796316000000 0
-0.444788000000 -0.668873000000 2.345252000000 0
-0.174654000000 -0.670041000000 2.344505000000 0
-0.382761000000 -0.983051000000 2.578192000000 0
-0.223837000000 -0.983786000000 2.581066000000 0
-0.425365000000 -1.084719000000 2.452411000000 0
-0.211557000000 -1.085428000000 2.448814000000 0
-0.349707000000 0.467176000000 2.371865000000 0
-0.488525000000 0.169741000000 2.560241000000 0
-0.207412000000 0.167417000000 2.350772000000 0
-0.402895000000 0.200803000000 2.373554000000 0
-0.280287000000 0.052539000000 2.539742000000 0
-0.503797000000 -0.201838000000 2.568609000000 0
-0.166674000000 -0.160339000000 2.307738000000 0
-0.261593000000 -0.177784000000 2.533867000000 0
-0.554690000000 -0.056402000000 2.681407000000 0
-0.228877000000 0.245913000000 2.098628000000 0
-0.549700000000 -0.336893000000 2.682139000000 0
-0.283444000000 0.286337000000 1.826434000000 0
-0.549208000000 -0.405571000000 2.684011000000 0
-0.316318000000 0.315688000000 1.773726000000 0
-0.441638000000 -0.671942000000 2.362350000000 0
-0.181195000000 -0.669713000000 2.359704000000 0
-0.383588000000 -0.987663000000 2.594227000000 0
-0.215476000000 -0.993836000000 2.584615000000 0
-0.432049000000 -1.088111000000 2.469590000000 0
-0.230094000000 -1.087773000000 2.447012000000 0
-0.348899000000 0.468885000000 2.361383000000 0
-0.502705000000 0.182469000000 2.533413000000 0
-0.208545000000 0.178411000000 2.342183000000 0
-0.406971000000 0.201099000000 2.350008000000 0
-0.287062000000 0.077568000000 2.537079000000 0
-0.502571000000 -0.186208000000 2.564605000000 0
-0.150701000000 -0.153549000000 2.322637000000 0
-0.258445000000 -0.166327000000 2.543264000000 0
-0.539443000000 -0.004633000000 2.718822000000 0
-0.235290000000 0.225179000000 2.081740000000 0
-0.546226000000 -0.278076000000 2.651872000000 0
-0.295141000000 0.261756000000 1.809014000000 0
-0.548417000000 -0.345258000000 2.637653000000 0
-0.335163000000 0.298349000000 1.766828000000 0
-0.439061000000 -0.667890000000 2.396776000000 0
-0.178829000000 -0.662340000000 2.383874000000 0
-0.379664000000 -1.004586000000 2.596585000000 0
-0.212623000000 -0.998636000000 2.590220000000 0
-0.442980000000 -1.091697000000 2.468618000000 0
-0.240298000000 -1.082870000000 2.448405000000 0
-0.399692000000 0.495044000000 2.372165000000 0
-0.512325000000 0.186755000000 2.535655000000 0
-0.211228000000 0.197522000000 2.349616000000 0
-0.413058000000 0.214600000000 2.355322000000 0
-0.294059000000 0.087479000000 2.540559000000 0
-0.507380000000 -0.175366000000 2.557777000000 0
-0.147636000000 -0.142997000000 2.327637000000 0
-0.262958000000 -0.152305000000 2.544576000000 0
-0.524387000000 -0.057293000000 2.642153000000 0
-0.221140000000 0.201632000000 2.083286000000 0
-0.560243000000 -0.336007000000 2.668308000000 0
-0.292949000000 0.230056000000 1.811833000000 0
-0.563718000000 -0.401555000000 2.688602000000 0
-0.340032000000 0.258697000000 1.770805000000 0
-0.427372000000 -0.663630000000 2.421227000000 0
-0.181856000000 -0.652422000000 2.402477000000 0
-0.391570000000 -1.023906000000 2.581647000000 0
-0.210510000000 -1.001030000000 2.588131000000 0
-0.461547000000 -1.091447000000 2.445581000000 0
-0.252426000000 -1.074440000000 2.443817000000 0
-0.386162000000 0.508383000000 2.374106000000 0
-0.517313000000 0.191649000000 2.518228000000 0
-0.195294000000 0.212758000000 2.359409000000 0
-0.401990000000 0.226988000000 2.349109000000 0
-0.299033000000 0.094763000000 2.540289000000 0
-0.515546000000 -0.164963000000 2.541967000000 0
-0.139011000000 -0.129749000000 2.340946000000 0
-0.271037000000 -0.139940000000 2.548102000000 0
-0.526349000000 -0.050535000000 2.630459000000 0
-0.183194000000 0.155038000000 2.098924000000 0
-0.570524000000 -0.329844000000 2.628443000000 0
-0.289965000000 0.168916000000 1.837435000000 0
-0.551141000000 -0.395636000000 2.624429000000 0
-0.337953000000 0.191034000000 1.793522000000 0
-0.417400000000 -0.657379000000 2.445460000000 0
-0.183501000000 -0.640622000000 2.414621000000 0
-0.396736000000 -1.027273000000 2.585344000000 0
-0.204399000000 -0.995913000000 2.588251000000 0
-0.464055000000 -1.084705000000 2.443421000000 0
-0.246588000000 -1.064963000000 2.441879000000 0
-0.382919000000 0.520570000000 2.379310000000 0
-0.484684000000 0.207786000000 2.539439000000 0
-0.168679000000 0.241204000000 2.370252000000 0
-0.374708000000 0.267474000000 2.373632000000 0
-0.271784000000 0.097592000000 2.532316000000 0
-0.510773000000 -0.130410000000 2.534719000000 0
-0.130373000000 -0.120233000000 2.338199000000 0
-0.265491000000 -0.116032000000 2.543562000000 0
-0.532269000000 -0.051148000000 2.582062000000 0
-0.114721000000 0.057473000000 2.184621000000 0
-0.588821000000 -0.325949000000 2.550004000000 0
-0.256367000000 -0.006292000000 1.948799000000 0
-0.574961000000 -0.392971000000 2.556034000000 0
-0.292076000000 -0.008862000000 1.890159000000 0
-0.403516000000 -0.632308000000 2.469299000000 0
-0.184239000000 -0.622738000000 2.440439000000 0
-0.400245000000 -1.017479000000 2.561212000000 0
-0.199663000000 -0.990466000000 2.586568000000 0
-0.471496000000 -1.053173000000 2.414168000000 0
-0.256744000000 -1.046449000000 2.439666000000 0
-0.375490000000 0.531252000000 2.384251000000 0
-0.487978000000 0.210050000000 2.538078000000 0
-0.164975000000 0.245836000000 2.383196000000 0
-0.370586000000 0.275162000000 2.379556000000 0
-0.276520000000 0.096946000000 2.534553000000 0
-0.509017000000 -0.119064000000 2.532956000000 0
-0.122614000000 -0.117842000000 2.348245000000 0
-0.263845000000 -0.110735000000 2.549371000000 0
-0.535617000000 -0.048574000000 2.575217000000 0
-0.086346000000 0.020260000000 2.267141000000 0
-0.596879000000 -0.309476000000 2.490039000000 0
-0.210310000000 -0.107071000000 2.049202000000 0
-0.608621000000 -0.366881000000 2.454161000000 0
-0.228053000000 -0.160084000000 2.009262000000 0
-0.395843000000 -0.623814000000 2.476569000000 0
-0.180927000000 -0.616994000000 2.454369000000 0
-0.403534000000 -1.010790000000 2.560275000000 0
-0.201648000000 -0.989330000000 2.587608000000 0
-0.470020000000 -1.041972000000 2.410009000000 0
-0.258037000000 -1.039590000000 2.438388000000 0
-0.364999000000 0.528514000000 2.370872000000 0
-0.486356000000 0.212972000000 2.523477000000 0
-0.153590000000 0.245267000000 2.389971000000 0
-0.358391000000 0.275023000000 2.372070000000 0
-0.275542000000 0.099311000000 2.536067000000 0
-0.511246000000 -0.115056000000 2.520421000000 0
-0.113347000000 -0.120190000000 2.362061000000 0
-0.267660000000 -0.108199000000 2.553090000000 0
-0.542955000000 -0.045006000000 2.550052000000 0
-0.080713000000 -0.001824000000 2.325963000000 0
-0.605185000000 -0.287155000000 2.421653000000 0
-0.148511000000 -0.210005000000 2.149727000000 0
-0.577478000000 -0.343864000000 2.394507000000 0
-0.148600000000 -0.277656000000 2.137736000000 0
-0.392935000000 -0.621595000000 2.479902000000 0
-0.182383000000 -0.617590000000 2.467407000000 0
-0.399635000000 -1.009140000000 2.561021000000 0
-0.200785000000 -0.999715000000 2.569669000000 0
-0.456043000000 -1.040463000000 2.406718000000 0
-0.254685000000 -1.038218000000 2.416095000000 0
-0.357257000000 0.528192000000 2.358725000000 0
-0.484580000000 0.223241000000 2.499317000000 0
-0.135615000000 0.243536000000 2.413225000000 0
-0.334930000000 0.278370000000 2.366219000000 0
-0.281072000000 0.104272000000 2.543484000000 0
-0.499712000000 -0.105665000000 2.493582000000 0
-0.083805000000 -0.121105000000 2.392538000000 0
-0.262995000000 -0.103824000000 2.559990000000 0
-0.544431000000 -0.036547000000 2.516232000000 0
-0.050553000000 -0.007958000000 2.383670000000 0
-0.586325000000 -0.277119000000 2.373508000000 0
-0.050058000000 -0.280938000000 2.309631000000 0
-0.569030000000 -0.316636000000 2.320032000000 0
-0.049822000000 -0.349298000000 2.316508000000 0
-0.394309000000 -0.614835000000 2.480478000000 0
-0.185405000000 -0.617723000000 2.480315000000 0
-0.399760000000 -1.001812000000 2.564349000000 0
-0.200262000000 -1.002188000000 2.574027000000 0
-0.438547000000 -1.035751000000 2.405238000000 0
-0.236862000000 -1.039499000000 2.415153000000 0
-0.336805000000 0.521384000000 2.331522000000 0
-0.482679000000 0.225749000000 2.489475000000 0
-0.128059000000 0.242417000000 2.429754000000 0
-0.322893000000 0.280221000000 2.368436000000 0
-0.284460000000 0.103794000000 2.547406000000 0
-0.499505000000 -0.104813000000 2.483666000000 0
-0.077272000000 -0.119647000000 2.413478000000 0
-0.268330000000 -0.103339000000 2.567358000000 0
-0.545193000000 -0.035472000000 2.501658000000 0
-0.038924000000 -0.011247000000 2.428236000000 0
-0.568169000000 -0.270165000000 2.342160000000 0
-0.011415000000 -0.289998000000 2.377351000000 0
-0.563195000000 -0.333431000000 2.368488000000 0
-0.004613000000 -0.355857000000 2.395703000000 0
-0.393734000000 -0.613775000000 2.480136000000 0
-0.181749000000 -0.617393000000 2.484472000000 0
-0.400996000000 -1.000305000000 2.565911000000 0
-0.205059000000 -1.002831000000 2.572282000000 0
-0.428412000000 -1.035557000000 2.404733000000 0
-0.228972000000 -1.038224000000 2.410579000000 0
-0.320782000000 0.521677000000 2.334842000000 0
-0.478333000000 0.232487000000 2.472192000000 0
-0.119240000000 0.241807000000 2.448411000000 0
-0.306117000000 0.282754000000 2.367481000000 0
-0.289429000000 0.107312000000 2.550716000000 0
-0.500659000000 -0.109436000000 2.459462000000 0
-0.072881000000 -0.110986000000 2.438699000000 0
-0.280898000000 -0.101473000000 2.569416000000 0
-0.544090000000 -0.029219000000 2.490865000000 0
-0.034592000000 -0.015029000000 2.454171000000 0
-0.568312000000 -0.281940000000 2.358316000000 0
0.008933000000 -0.297201000000 2.431631000000 0
-0.520717000000 -0.329356000000 2.343933000000 0
0.020331000000 -0.363230000000 2.446817000000 0
-0.395017000000 -0.614046000000 2.480489000000 0
-0.178754000000 -0.613693000000 2.485427000000 0
-0.401915000000 -1.000530000000 2.566502000000 0
-0.203186000000 -0.997426000000 2.580127000000 0
-0.411516000000 -1.036640000000 2.403479000000 0
-0.206831000000 -1.037271000000 2.417734000000 0
-0.308648000000 0.524186000000 2.337373000000 0
-0.472847000000 0.232787000000 2.454892000000 0
-0.113608000000 0.241015000000 2.476802000000 0
-0.288701000000 0.284398000000 2.373798000000 0
-0.295590000000 0.105233000000 2.554037000000 0
-0.491908000000 -0.113160000000 2.438913000000 0
-0.064409000000 -0.105124000000 2.463564000000 0
-0.285234000000 -0.102002000000 2.571614000000 0
-0.540878000000 -0.029449000000 2.474070000000 0
-0.028317000000 -0.016717000000 2.484761000000 0
-0.557641000000 -0.295738000000 2.366803000000 0
0.013392000000 -0.299528000000 2.453538000000 0
-0.527519000000 -0.350895000000 2.394565000000 0
0.024880000000 -0.364598000000 2.472364000000 0
-0.389830000000 -0.614175000000 2.480798000000 0
-0.171079000000 -0.611881000000 2.479321000000 0
-0.399324000000 -0.999487000000 2.571684000000 0
-0.207164000000 -0.995140000000 2.572198000000 0
-0.392011000000 -1.038018000000 2.409097000000 0
-0.192212000000 -1.035701000000 2.410631000000 0
-0.294345000000 0.521911000000 2.340689000000 0
-0.470679000000 0.232570000000 2.455867000000 0
-0.111952000000 0.237839000000 2.485659000000 0
-0.284514000000 0.284975000000 2.380066000000 0
-0.296388000000 0.101373000000 2.555516000000 0
-0.487857000000 -0.113196000000 2.418735000000 0
-0.064679000000 -0.103626000000 2.483972000000 0
-0.294773000000 -0.103037000000 2.570601000000 0
-0.537821000000 -0.031934000000 2.457302000000 0
-0.029914000000 -0.022346000000 2.492431000000 0
-0.557903000000 -0.315032000000 2.403052000000 0
0.006850000000 -0.304784000000 2.443765000000 0
-0.521762000000 -0.372935000000 2.395206000000 0
0.012460000000 -0.372444000000 2.454302000000 0
-0.385817000000 -0.612842000000 2.481745000000 0
-0.168704000000 -0.611162000000 2.477105000000 0
-0.397789000000 -0.997412000000 2.575442000000 0
-0.198733000000 -0.993384000000 2.576204000000 0
-0.374339000000 -1.037300000000 2.414720000000 0
-0.169317000000 -1.036867000000 2.417407000000 0
-0.289620000000 0.520753000000 2.349782000000 0
