-0.270892000000 0.366065000000 2.524955000000 0
0.101711000000 0.382152000000 2.496945000000 0
-0.095328000000 0.386587000000 2.375283000000 0
-0.070611000000 0.294095000000 2.650954000000 0
-0.295548000000 0.056168000000 2.533343000000 0
0.142474000000 0.057983000000 2.521460000000 0
-0.072162000000 0.069998000000 2.690663000000 0
-0.288651000000 0.098568000000 2.436148000000 0
0.148457000000 0.109964000000 2.437923000000 0
-0.182156000000 -0.168246000000 2.351592000000 0
0.041899000000 -0.159005000000 2.360595000000 0
-0.128907000000 -0.211705000000 2.331136000000 0
-0.027066000000 -0.174286000000 2.348230000000 0
-0.199344000000 -0.509577000000 2.552655000000 0
0.031510000000 -0.510156000000 2.544348000000 0
-0.243464000000 -0.966367000000 2.584218000000 0
-0.050785000000 -0.956926000000 2.616625000000 0
-0.248695000000 -0.978439000000 2.402193000000 0
-0.042988000000 -0.987443000000 2.436864000000 0
-0.095641000000 0.672969000000 2.381698000000 0
-0.271803000000 0.362533000000 2.512008000000 0
0.101356000000 0.381330000000 2.495430000000 0
-0.091733000000 0.381023000000 2.367516000000 0
-0.075050000000 0.295462000000 2.646013000000 0
-0.295504000000 0.050054000000 2.532682000000 0
0.142585000000 0.058238000000 2.528297000000 0
-0.075174000000 0.072584000000 2.693274000000 0
-0.290591000000 0.093674000000 2.425348000000 0
0.146603000000 0.107766000000 2.438312000000 0
-0.174062000000 -0.173568000000 2.353763000000 0
0.038700000000 -0.163147000000 2.367015000000 0
-0.120182000000 -0.218884000000 2.340129000000 0
-0.018947000000 -0.202374000000 2.350267000000 0
-0.198044000000 -0.513790000000 2.551469000000 0
0.032717000000 -0.511687000000 2.554202000000 0
-0.233230000000 -0.971404000000 2.582307000000 0
-0.029578000000 -0.963827000000 2.611546000000 0
-0.235599000000 -0.983492000000 2.400223000000 0
-0.023254000000 -0.987633000000 2.430716000000 0
-0.099078000000 0.669370000000 2.371032000000 0
-0.268415000000 0.363353000000 2.505706000000 0
0.104953000000 0.382345000000 2.495152000000 0
-0.085751000000 0.376003000000 2.363863000000 0
-0.074043000000 0.302654000000 2.646074000000 0
-0.295151000000 0.054318000000 2.538232000000 0
0.141539000000 0.081912000000 2.514809000000 0
-0.069733000000 0.093446000000 2.688226000000 0
-0.290896000000 0.096202000000 2.416983000000 0
0.152872000000 0.108572000000 2.445176000000 0
-0.176912000000 -0.173613000000 2.354710000000 0
0.050753000000 -0.163918000000 2.374537000000 0
-0.121079000000 -0.216644000000 2.341540000000 0
-0.012517000000 -0.191652000000 2.355298000000 0
-0.194875000000 -0.503015000000 2.541114000000 0
0.053524000000 -0.491649000000 2.563852000000 0
-0.235300000000 -0.959410000000 2.581971000000 0
-0.163879000000 -0.897029000000 2.562204000000 0
-0.246571000000 -0.974661000000 2.400459000000 0
-0.093804000000 -0.933942000000 2.397786000000 0
-0.094035000000 0.663777000000 2.346894000000 0
-0.261075000000 0.360240000000 2.490054000000 0
0.112368000000 0.376068000000 2.502912000000 0
-0.069755000000 0.370612000000 2.359921000000 0
-0.076442000000 0.298675000000 2.642658000000 0
-0.291733000000 0.050577000000 2.535755000000 0
0.145860000000 0.071158000000 2.525907000000 0
-0.070652000000 0.089471000000 2.692129000000 0
-0.283586000000 0.089961000000 2.410970000000 0
0.159423000000 0.101179000000 2.457828000000 0
-0.152738000000 -0.172658000000 2.350532000000 0
0.058452000000 -0.170054000000 2.380505000000 0
-0.097076000000 -0.216444000000 2.339265000000 0
-0.000191000000 -0.204885000000 2.358363000000 0
-0.210150000000 -0.506866000000 2.539165000000 0
0.064029000000 -0.498859000000 2.578629000000 0
-0.280324000000 -0.959957000000 2.576366000000 0
-0.205018000000 -0.871830000000 2.588947000000 0
-0.286289000000 -0.973965000000 2.394502000000 0
-0.093404000000 -0.955598000000 2.471340000000 0
-0.087176000000 0.657947000000 2.343040000000 0
-0.249001000000 0.357749000000 2.483418000000 0
0.123895000000 0.373183000000 2.507620000000 0
-0.053843000000 0.368818000000 2.359176000000 0
-0.069087000000 0.295030000000 2.641104000000 0
-0.280111000000 0.048855000000 2.530555000000 0
0.157962000000 0.051916000000 2.540108000000 0
-0.064779000000 0.075426000000 2.697195000000 0
-0.267272000000 0.086370000000 2.407713000000 0
0.173146000000 0.098095000000 2.467469000000 0
-0.136166000000 -0.176918000000 2.351851000000 0
0.078402000000 -0.174842000000 2.388993000000 0
-0.079734000000 -0.220864000000 2.346686000000 0
0.024211000000 -0.215869000000 2.366132000000 0
-0.186454000000 -0.516298000000 2.543981000000 0
0.055963000000 -0.513156000000 2.597502000000 0
-0.239865000000 -0.972656000000 2.565990000000 0
-0.258413000000 -0.844187000000 2.653952000000 0
-0.236481000000 -0.981842000000 2.383753000000 0
-0.146373000000 -0.964183000000 2.574239000000 0
-0.076861000000 0.651396000000 2.333609000000 0
-0.242151000000 0.357792000000 2.482647000000 0
0.130302000000 0.376371000000 2.511110000000 0
-0.045669000000 0.370211000000 2.360638000000 0
-0.063555000000 0.296910000000 2.642537000000 0
-0.272016000000 0.056564000000 2.516630000000 0
0.163924000000 0.048035000000 2.560126000000 0
-0.069633000000 0.077403000000 2.699522000000 0
-0.253065000000 0.085135000000 2.411819000000 0
0.177849000000 0.100898000000 2.474632000000 0
-0.123771000000 -0.178767000000 2.356991000000 0
0.083796000000 -0.171583000000 2.395417000000 0
-0.069312000000 -0.223838000000 2.344937000000 0
0.030886000000 -0.213093000000 2.370518000000 0
-0.185168000000 -0.511750000000 2.552451000000 0
0.059114000000 -0.513994000000 2.601126000000 0
-0.227232000000 -0.969440000000 2.571180000000 0
-0.307655000000 -0.780576000000 2.678683000000 0
-0.209510000000 -0.978492000000 2.389768000000 0
-0.206496000000 -0.929064000000 2.646674000000 0
-0.069612000000 0.647123000000 2.328440000000 0
-0.235666000000 0.358774000000 2.483783000000 0
0.136791000000 0.373263000000 2.514479000000 0
-0.038348000000 0.369452000000 2.362963000000 0
-0.058676000000 0.295489000000 2.644523000000 0
-0.265171000000 0.059779000000 2.513700000000 0
0.169654000000 0.038764000000 2.563640000000 0
-0.065060000000 0.073964000000 2.699703000000 0
-0.248752000000 0.087201000000 2.410629000000 0
0.186557000000 0.098463000000 2.478662000000 0
-0.117798000000 -0.175855000000 2.357789000000 0
0.085677000000 -0.170720000000 2.398023000000 0
-0.063416000000 -0.221561000000 2.347992000000 0
0.032253000000 -0.211094000000 2.372366000000 0
-0.182879000000 -0.512054000000 2.556065000000 0
0.062509000000 -0.519723000000 2.597154000000 0
-0.232383000000 -0.968761000000 2.579897000000 0
-0.317805000000 -0.760283000000 2.692505000000 0
-0.212264000000 -0.980388000000 2.398882000000 0
-0.225524000000 -0.915835000000 2.668136000000 0
-0.062811000000 0.642958000000 2.323650000000 0
-0.224144000000 0.360945000000 2.486856000000 0
0.148086000000 0.374553000000 2.520562000000 0
-0.025936000000 0.373792000000 2.367717000000 0
-0.048383000000 0.294443000000 2.647646000000 0
-0.257569000000 0.065546000000 2.517161000000 0
0.176428000000 0.038658000000 2.571306000000 0
-0.059064000000 0.077412000000 2.705038000000 0
-0.243199000000 0.089315000000 2.414410000000 0
0.189688000000 0.098711000000 2.480880000000 0
-0.109975000000 -0.172872000000 2.361656000000 0
0.091622000000 -0.171042000000 2.397875000000 0
-0.054230000000 -0.216942000000 2.352024000000 0
0.042823000000 -0.214425000000 2.368227000000 0
-0.186011000000 -0.507143000000 2.556839000000 0
0.060996000000 -0.518757000000 2.598735000000 0
-0.236560000000 -0.963879000000 2.577742000000 0
-0.302403000000 -0.782586000000 2.698408000000 0
-0.214844000000 -0.974561000000 2.396854000000 0
-0.205609000000 -0.931615000000 2.656842000000 0
-0.056733000000 0.633866000000 2.316548000000 0
-0.221281000000 0.359880000000 2.486803000000 0
0.150312000000 0.377804000000 2.525195000000 0
-0.021695000000 0.373970000000 2.370131000000 0
-0.046912000000 0.296538000000 2.650360000000 0
-0.260158000000 0.080957000000 2.512543000000 0
0.172243000000 0.049207000000 2.576026000000 0
-0.065085000000 0.096184000000 2.703742000000 0
-0.247589000000 0.089941000000 2.412067000000 0
0.187694000000 0.101647000000 2.486666000000 0
-0.109590000000 -0.170353000000 2.365203000000 0
0.095445000000 -0.170930000000 2.408023000000 0
-0.055088000000 -0.214843000000 2.351325000000 0
0.037961000000 -0.200056000000 2.376563000000 0
-0.180996000000 -0.493983000000 2.550750000000 0
0.097354000000 -0.502384000000 2.594620000000 0
-0.243372000000 -0.949439000000 2.567155000000 0
-0.233678000000 -0.817084000000 2.649224000000 0
-0.217472000000 -0.959483000000 2.386781000000 0
-0.116005000000 -0.948823000000 2.603353000000 0
-0.054906000000 0.629906000000 2.312114000000 0
-0.222118000000 0.357379000000 2.487729000000 0
0.149921000000 0.374352000000 2.522004000000 0
-0.023700000000 0.368863000000 2.368801000000 0
-0.046313000000 0.295820000000 2.650428000000 0
-0.254394000000 0.075693000000 2.516620000000 0
0.177720000000 0.037187000000 2.578287000000 0
-0.058167000000 0.089056000000 2.706775000000 0
-0.242074000000 0.085112000000 2.418480000000 0
0.189225000000 0.097870000000 2.485455000000 0
-0.109914000000 -0.178460000000 2.370977000000 0
0.089626000000 -0.172077000000 2.405445000000 0
-0.058540000000 -0.223343000000 2.348871000000 0
0.041204000000 -0.214279000000 2.373558000000 0
-0.183298000000 -0.500208000000 2.564127000000 0
0.059239000000 -0.516261000000 2.601473000000 0
-0.222754000000 -0.958494000000 2.568219000000 0
-0.172445000000 -0.913270000000 2.618974000000 0
-0.197363000000 -0.962294000000 2.387534000000 0
-0.080844000000 -0.973164000000 2.472932000000 0
-0.056439000000 0.627058000000 2.306630000000 0
-0.224298000000 0.352932000000 2.487187000000 0
0.147477000000 0.369655000000 2.524334000000 0
-0.024959000000 0.364284000000 2.369795000000 0
-0.049796000000 0.291254000000 2.651237000000 0
-0.252660000000 0.067539000000 2.522856000000 0
0.180149000000 0.036766000000 2.583992000000 0
-0.056676000000 0.082287000000 2.713160000000 0
-0.234761000000 0.074179000000 2.439570000000 0
0.192713000000 0.093143000000 2.484646000000 0
-0.105233000000 -0.188835000000 2.375611000000 0
0.088564000000 -0.177681000000 2.408148000000 0
-0.055640000000 -0.235344000000 2.352810000000 0
0.039186000000 -0.221257000000 2.379767000000 0
-0.181496000000 -0.505757000000 2.576697000000 0
0.054838000000 -0.519774000000 2.607721000000 0
-0.231384000000 -0.962685000000 2.558588000000 0
-0.233850000000 -0.874372000000 2.657913000000 0
-0.204877000000 -0.958425000000 2.378073000000 0
-0.129571000000 -0.974974000000 2.546956000000 0
-0.060470000000 0.616640000000 2.298373000000 0
-0.222915000000 0.352524000000 2.484545000000 0
0.147756000000 0.370869000000 2.530829000000 0
-0.020697000000 0.362723000000 2.372076000000 0
-0.052468000000 0.293775000000 2.653850000000 0
-0.253240000000 0.062683000000 2.519826000000 0
0.178100000000 0.036513000000 2.592417000000 0
-0.062598000000 0.078807000000 2.715373000000 0
-0.237030000000 0.077169000000 2.420335000000 0
0.189659000000 0.093955000000 2.489532000000 0
-0.104183000000 -0.189549000000 2.383884000000 0
0.095345000000 -0.181340000000 2.415828000000 0
-0.049512000000 -0.232454000000 2.366200000000 0
0.034122000000 -0.202463000000 2.385037000000 0
-0.185365000000 -0.508731000000 2.579410000000 0
0.066150000000 -0.521065000000 2.610408000000 0
-0.232893000000 -0.965553000000 2.553824000000 0
-0.262705000000 -0.838442000000 2.662629000000 0
-0.201173000000 -0.958794000000 2.374228000000 0
-0.150456000000 -0.965778000000 2.595606000000 0
-0.061305000000 0.612871000000 2.296100000000 0
-0.221771000000 0.350797000000 2.483826000000 0
0.147891000000 0.364045000000 2.539053000000 0
-0.016781000000 0.358361000000 2.376276000000 0
-0.056270000000 0.289552000000 2.657107000000 0
-0.250382000000 0.052942000000 2.521222000000 0
0.180591000000 0.037700000000 2.598931000000 0
-0.062271000000 0.077877000000 2.718289000000 0
-0.232165000000 0.075205000000 2.421758000000 0
0.196358000000 0.088513000000 2.498507000000 0
-0.091018000000 -0.186542000000 2.384073000000 0
0.098579000000 -0.183014000000 2.417473000000 0
-0.032458000000 -0.227607000000 2.378896000000 0
0.056137000000 -0.229433000000 2.383028000000 0
-0.179990000000 -0.515554000000 2.570768000000 0
0.065790000000 -0.524030000000 2.605415000000 0
-0.238989000000 -0.971479000000 2.554899000000 0
-0.277246000000 -0.823970000000 2.668360000000 0
-0.205530000000 -0.969565000000 2.375502000000 0
-0.170890000000 -0.958642000000 2.606249000000 0
-0.065481000000 0.610100000000 2.306432000000 0
-0.218359000000 0.340157000000 2.474800000000 0
0.147356000000 0.371593000000 2.546495000000 0
-0.009174000000 0.355433000000 2.376546000000 0
-0.058419000000 0.289692000000 2.656569000000 0
-0.237221000000 0.037223000000 2.515769000000 0
0.190986000000 0.053126000000 2.607388000000 0
-0.057795000000 0.084029000000 2.716912000000 0
-0.208766000000 0.064173000000 2.397557000000 0
0.222034000000 0.095061000000 2.533123000000 0
-0.023664000000 -0.173636000000 2.357036000000 0
0.156696000000 -0.176426000000 2.412776000000 0
0.037453000000 -0.178066000000 2.394285000000 0
0.121284000000 -0.212637000000 2.362009000000 0
-0.178481000000 -0.518641000000 2.564031000000 0
0.064071000000 -0.518522000000 2.598186000000 0
-0.241301000000 -0.974327000000 2.566085000000 0
-0.247685000000 -0.845856000000 2.683396000000 0
-0.202993000000 -0.980412000000 2.387755000000 0
-0.150623000000 -0.964179000000 2.583973000000 0
-0.077818000000 0.603902000000 2.303084000000 0
-0.216897000000 0.334778000000 2.467032000000 0
0.144691000000 0.376469000000 2.553008000000 0
-0.004361000000 0.354428000000 2.377101000000 0
-0.063219000000 0.290434000000 2.655670000000 0
-0.229607000000 0.028855000000 2.522644000000 0
0.192457000000 0.066180000000 2.634347000000 0
-0.062416000000 0.082798000000 2.732358000000 0
-0.166881000000 0.069379000000 2.363904000000 0
0.256489000000 0.110185000000 2.565943000000 0
0.055008000000 -0.141577000000 2.348545000000 0
0.214523000000 -0.131220000000 2.381728000000 0
0.125820000000 -0.132021000000 2.354613000000 0
0.178898000000 -0.174672000000 2.337172000000 0
-0.183009000000 -0.516940000000 2.549007000000 0
0.068402000000 -0.511791000000 2.598560000000 0
-0.231752000000 -0.974043000000 2.565777000000 0
-0.262121000000 -0.819563000000 2.685914000000 0
-0.190295000000 -0.984972000000 2.388384000000 0
-0.167881000000 -0.946605000000 2.594890000000 0
-0.085404000000 0.596091000000 2.293468000000 0
-0.224322000000 0.337688000000 2.459575000000 0
0.132236000000 0.383829000000 2.562598000000 0
-0.008649000000 0.365127000000 2.379713000000 0
-0.077848000000 0.289695000000 2.652992000000 0
-0.222697000000 0.027330000000 2.523580000000 0
0.200843000000 0.071999000000 2.626667000000 0
-0.052539000000 0.091521000000 2.727953000000 0
-0.139640000000 0.083178000000 2.352484000000 0
0.286582000000 0.140599000000 2.583375000000 0
0.114368000000 -0.087621000000 2.342344000000 0
0.261185000000 -0.051603000000 2.346292000000 0
0.181544000000 -0.063429000000 2.349021000000 0
0.253594000000 -0.104107000000 2.298040000000 0
-0.197579000000 -0.508210000000 2.529986000000 0
0.071539000000 -0.507545000000 2.606007000000 0
-0.238949000000 -0.966230000000 2.540266000000 0
-0.308567000000 -0.757489000000 2.674176000000 0
-0.207704000000 -0.973085000000 2.360591000000 0
-0.220063000000 -0.907183000000 2.618811000000 0
-0.099555000000 0.583922000000 2.283112000000 0
-0.217186000000 0.337172000000 2.444622000000 0
0.121921000000 0.403719000000 2.587640000000 0
0.004345000000 0.376862000000 2.389902000000 0
-0.091494000000 0.297770000000 2.653947000000 0
-0.200852000000 0.025089000000 2.503052000000 0
0.196010000000 0.089166000000 2.677415000000 0
-0.071123000000 0.085192000000 2.736291000000 0
-0.086580000000 0.100715000000 2.349669000000 0
0.332677000000 0.210392000000 2.601518000000 0
0.201619000000 0.008623000000 2.324214000000 0
0.304021000000 0.071799000000 2.332895000000 0
0.258648000000 0.047207000000 2.344250000000 0
0.360766000000 0.045770000000 2.297611000000 0
-0.198969000000 -0.499174000000 2.518409000000 0
0.066322000000 -0.495741000000 2.605219000000 0
-0.262178000000 -0.954810000000 2.518370000000 0
-0.309588000000 -0.752221000000 2.672374000000 0
-0.197960000000 -0.963704000000 2.347773000000 0
-0.223309000000 -0.897005000000 2.602376000000 0
-0.131757000000 0.551218000000 2.270008000000 0
-0.224387000000 0.330577000000 2.432051000000 0
0.102544000000 0.419185000000 2.590609000000 0
-0.002584000000 0.380551000000 2.387876000000 0
-0.108344000000 0.303833000000 2.648815000000 0
-0.198472000000 0.026574000000 2.491861000000 0
0.185329000000 0.098164000000 2.690808000000 0
-0.084466000000 0.083955000000 2.733838000000 0
-0.063761000000 0.114167000000 2.342828000000 0
0.334495000000 0.257504000000 2.616163000000 0
0.232914000000 0.068076000000 2.320827000000 0
0.329722000000 0.149978000000 2.335024000000 0
0.289748000000 0.107758000000 2.339204000000 0
0.381042000000 0.127254000000 2.290389000000 0
-0.201564000000 -0.494907000000 2.516380000000 0
0.064242000000 -0.488666000000 2.601754000000 0
-0.250545000000 -0.952291000000 2.515466000000 0
-0.309063000000 -0.748156000000 2.671816000000 0
-0.174655000000 -0.960087000000 2.349676000000 0
-0.222904000000 -0.891713000000 2.599192000000 0
-0.160484000000 0.536037000000 2.263602000000 0
-0.239457000000 0.332509000000 2.425752000000 0
0.084503000000 0.425371000000 2.587932000000 0
-0.017648000000 0.384582000000 2.384101000000 0
-0.125886000000 0.308111000000 2.644095000000 0
-0.202420000000 0.037490000000 2.484705000000 0
0.177945000000 0.106690000000 2.690963000000 0
-0.092707000000 0.094176000000 2.728821000000 0
-0.067101000000 0.130136000000 2.341381000000 0
0.317475000000 0.282993000000 2.644789000000 0
0.227058000000 0.105385000000 2.323597000000 0
0.355236000000 0.220076000000 2.358304000000 0
0.285138000000 0.145806000000 2.335231000000 0
0.374934000000 0.179470000000 2.302576000000 0
-0.200518000000 -0.487904000000 2.520947000000 0
0.056004000000 -0.478973000000 2.595109000000 0
-0.240670000000 -0.946145000000 2.519156000000 0
-0.296797000000 -0.762738000000 2.676401000000 0
-0.159383000000 -0.952629000000 2.355887000000 0
-0.209202000000 -0.896744000000 2.588790000000 0
-0.170469000000 0.535343000000 2.256826000000 0
-0.260849000000 0.318929000000 2.413223000000 0
0.059481000000 0.428517000000 2.572141000000 0
-0.040259000000 0.374848000000 2.370109000000 0
-0.148036000000 0.308551000000 2.633071000000 0
-0.217400000000 0.045418000000 2.473866000000 0
0.158499000000 0.103621000000 2.691398000000 0
-0.113447000000 0.099975000000 2.720969000000 0
-0.081475000000 0.126429000000 2.339503000000 0
0.279290000000 0.275025000000 2.624959000000 0
0.205648000000 0.094843000000 2.316717000000 0
0.349670000000 0.212198000000 2.350995000000 0
0.267837000000 0.129688000000 2.324518000000 0
0.366660000000 0.165699000000 2.299114000000 0
-0.208470000000 -0.488187000000 2.529606000000 0
0.049831000000 -0.477970000000 2.583116000000 0
-0.249266000000 -0.946295000000 2.521055000000 0
-0.287964000000 -0.775946000000 2.676416000000 0
-0.158868000000 -0.951387000000 2.362598000000 0
-0.196976000000 -0.906890000000 2.587641000000 0
-0.201117000000 0.527248000000 2.257740000000 0
-0.278644000000 0.306658000000 2.421991000000 0
0.055298000000 0.404869000000 2.558789000000 0
-0.058316000000 0.349359000000 2.364738000000 0
-0.154213000000 0.298197000000 2.635563000000 0
-0.240552000000 0.019936000000 2.486643000000 0
0.151402000000 0.092544000000 2.668600000000 0
-0.116963000000 0.086677000000 2.721406000000 0
-0.110052000000 0.109609000000 2.339961000000 0
0.258122000000 0.226850000000 2.592726000000 0
0.168947000000 0.045977000000 2.303952000000 0
0.338454000000 0.125571000000 2.334898000000 0
0.236454000000 0.069798000000 2.299731000000 0
0.324109000000 0.094000000000 2.272129000000 0
-0.237011000000 -0.504055000000 2.528096000000 0
0.037732000000 -0.490877000000 2.562950000000 0
-0.242795000000 -0.963941000000 2.519649000000 0
-0.312736000000 -0.769702000000 2.667966000000 0
-0.175155000000 -0.961679000000 2.350161000000 0
-0.230481000000 -0.906445000000 2.579415000000 0
-0.225537000000 0.519075000000 2.257170000000 0
-0.304873000000 0.304941000000 2.444854000000 0
0.047636000000 0.387746000000 2.538429000000 0
-0.091098000000 0.334516000000 2.360765000000 0
-0.156348000000 0.294119000000 2.642315000000 0
-0.285098000000 0.012413000000 2.524027000000 0
0.129209000000 0.077598000000 2.650946000000 0
-0.128993000000 0.070428000000 2.741071000000 0
-0.163513000000 0.089456000000 2.354082000000 0
0.216957000000 0.173565000000 2.527784000000 0
0.092511000000 -0.028738000000 2.287542000000 0
0.253070000000 -0.018947000000 2.314287000000 0
0.163250000000 -0.032958000000 2.276555000000 0
0.244629000000 -0.040781000000 2.246504000000 0
-0.251441000000 -0.519864000000 2.539100000000 0
0.019269000000 -0.498700000000 2.527597000000 0
-0.255879000000 -0.979425000000 2.519506000000 0
-0.327995000000 -0.767105000000 2.665315000000 0
-0.211621000000 -0.972310000000 2.342597000000 0
-0.256188000000 -0.907301000000 2.573148000000 0
-0.227935000000 0.531936000000 2.261960000000 0
-0.335878000000 0.312378000000 2.528624000000 0
0.032414000000 0.347344000000 2.473723000000 0
-0.171436000000 0.325193000000 2.366020000000 0
-0.123961000000 0.268329000000 2.648283000000 0
-0.315518000000 0.019008000000 2.575098000000 0
0.118954000000 0.039136000000 2.521826000000 0
-0.081893000000 0.082710000000 2.702393000000 0
-0.279576000000 0.076006000000 2.398038000000 0
0.089065000000 0.083934000000 2.414559000000 0
-0.148259000000 -0.161772000000 2.289502000000 0
0.038504000000 -0.190856000000 2.327974000000 0
-0.114656000000 -0.216356000000 2.257348000000 0
-0.015284000000 -0.224059000000 2.294109000000 0
-0.297029000000 -0.520188000000 2.547362000000 0
-0.028418000000 -0.524019000000 2.486788000000 0
-0.215903000000 -0.972002000000 2.517650000000 0
-0.259695000000 -0.845621000000 2.720632000000 0
-0.284419000000 -0.973181000000 2.348504000000 0
-0.225972000000 -0.966331000000 2.587973000000 0
-0.217868000000 0.529335000000 2.278250000000 0
-0.340048000000 0.301302000000 2.593978000000 0
-0.014515000000 0.321304000000 2.410935000000 0
-0.244339000000 0.313057000000 2.383390000000 0
-0.102264000000 0.242615000000 2.628365000000 0
-0.347827000000 0.005804000000 2.669837000000 0
0.041588000000 0.000123000000 2.469009000000 0
-0.080441000000 0.048329000000 2.709067000000 0
-0.373928000000 0.048960000000 2.475054000000 0
-0.034617000000 0.044911000000 2.364348000000 0
-0.368737000000 -0.218740000000 2.344274000000 0
-0.187542000000 -0.210055000000 2.344348000000 0
-0.365351000000 -0.275149000000 2.300126000000 0
-0.252243000000 -0.238817000000 2.332990000000 0
-0.298659000000 -0.547315000000 2.548025000000 0
-0.063257000000 -0.551970000000 2.448455000000 0
-0.274872000000 -1.006205000000 2.526716000000 0
-0.190781000000 -0.851656000000 2.773302000000 0
-0.366638000000 -1.003638000000 2.368987000000 0
-0.174714000000 -0.988373000000 2.653482000000 0
-0.187727000000 0.525950000000 2.270050000000 0
-0.313987000000 0.291726000000 2.620785000000 0
-0.033730000000 0.294770000000 2.373151000000 0
-0.263920000000 0.307848000000 2.395222000000 0
-0.081055000000 0.210989000000 2.600986000000 0
-0.348845000000 0.008280000000 2.703322000000 0
-0.014598000000 -0.025634000000 2.422009000000 0
-0.075898000000 0.013886000000 2.685682000000 0
-0.476295000000 0.061961000000 2.595445000000 0
-0.147348000000 0.045088000000 2.305859000000 0
-0.567039000000 -0.160075000000 2.416082000000 0
-0.397350000000 -0.106216000000 2.371520000000 0
-0.592847000000 -0.197276000000 2.360472000000 0
-0.447455000000 -0.155458000000 2.385910000000 0
-0.314673000000 -0.557557000000 2.545936000000 0
-0.106638000000 -0.576618000000 2.445672000000 0
-0.309430000000 -1.017527000000 2.545788000000 0
-0.122729000000 -0.889353000000 2.782626000000 0
-0.422970000000 -1.018776000000 2.402913000000 0
-0.134742000000 -1.022541000000 2.658437000000 0
-0.177014000000 0.506921000000 2.255938000000 0
-0.254031000000 0.281841000000 2.622437000000 0
-0.049109000000 0.240440000000 2.312325000000 0
-0.263618000000 0.278309000000 2.391047000000 0
-0.041831000000 0.176672000000 2.551173000000 0
-0.335080000000 0.003674000000 2.730076000000 0
-0.089619000000 -0.087771000000 2.378799000000 0
-0.078048000000 -0.041976000000 2.648265000000 0
-0.499120000000 0.256475000000 2.761201000000 0
-0.308691000000 0.135355000000 2.351593000000 0
-0.728082000000 0.207845000000 2.573772000000 0
-0.569292000000 0.099184000000 2.495459000000 0
-0.781502000000 0.196279000000 2.527349000000 0
-0.621717000000 0.127306000000 2.535499000000 0
-0.348114000000 -0.579548000000 2.564615000000 0
-0.174278000000 -0.618840000000 2.425810000000 0
-0.285695000000 -1.035259000000 2.570191000000 0
-0.123434000000 -0.895046000000 2.790125000000 0
-0.410103000000 -1.053917000000 2.437976000000 0
-0.143629000000 -1.040928000000 2.682343000000 0
-0.182177000000 0.506255000000 2.249096000000 0
-0.243725000000 0.337537000000 2.608098000000 0
-0.101409000000 0.233847000000 2.279316000000 0
-0.295227000000 0.302601000000 2.385867000000 0
-0.055858000000 0.204021000000 2.520570000000 0
-0.308758000000 0.008092000000 2.764229000000 0
-0.149309000000 -0.062061000000 2.362155000000 0
-0.076578000000 -0.023748000000 2.623086000000 0
-0.407335000000 0.390129000000 2.832919000000 0
-0.368032000000 0.200829000000 2.368201000000 0
-0.640648000000 0.461273000000 2.658142000000 0
-0.556297000000 0.318670000000 2.569976000000 0
-0.696534000000 0.478174000000 2.616506000000 0
-0.578586000000 0.359618000000 2.624465000000 0
-0.355328000000 -0.567971000000 2.588707000000 0
-0.203243000000 -0.602556000000 2.435212000000 0
-0.291213000000 -1.023364000000 2.578402000000 0
-0.124780000000 -0.890349000000 2.785382000000 0
-0.445726000000 -1.042966000000 2.483283000000 0
-0.163062000000 -1.032317000000 2.677281000000 0
-0.218762000000 0.532737000000 2.226548000000 0
-0.187726000000 0.364779000000 2.623658000000 0
-0.155476000000 0.282375000000 2.262622000000 0
-0.297493000000 0.372354000000 2.421934000000 0
-0.061525000000 0.210741000000 2.479900000000 0
-0.265597000000 0.021025000000 2.790146000000 0
-0.227614000000 0.012006000000 2.353701000000 0
-0.084012000000 0.031076000000 2.585773000000 0
-0.279581000000 0.430579000000 2.883203000000 0
-0.413873000000 0.264999000000 2.377114000000 0
-0.487442000000 0.612479000000 2.765698000000 0
-0.467051000000 0.456707000000 2.602005000000 0
-0.537455000000 0.656001000000 2.738367000000 0
-0.457945000000 0.512754000000 2.645804000000 0
-0.353654000000 -0.538325000000 2.640173000000 0
-0.237831000000 -0.551436000000 2.446056000000 0
-0.278166000000 -0.984498000000 2.557521000000 0
-0.064735000000 -0.931188000000 2.639517000000 0
-0.458191000000 -1.013868000000 2.551644000000 0
-0.201949000000 -1.029253000000 2.569791000000 0
-0.243274000000 0.565832000000 2.235469000000 0
-0.102408000000 0.390614000000 2.603455000000 0
-0.232098000000 0.337701000000 2.256674000000 0
-0.270572000000 0.449880000000 2.455624000000 0
-0.092963000000 0.220472000000 2.424205000000 0
-0.159584000000 0.095322000000 2.763945000000 0
-0.320787000000 0.032434000000 2.361370000000 0
-0.088238000000 0.066233000000 2.501446000000 0
-0.078515000000 0.439526000000 2.881245000000 0
-0.466682000000 0.308645000000 2.413000000000 0
-0.238843000000 0.693288000000 2.880471000000 0
-0.386863000000 0.542833000000 2.583557000000 0
-0.277159000000 0.753902000000 2.881063000000 0
-0.369628000000 0.598543000000 2.625293000000 0
-0.264598000000 -0.458555000000 2.816872000000 0
-0.252409000000 -0.513016000000 2.459163000000 0
-0.249413000000 -0.863015000000 2.598282000000 0
-0.041246000000 -0.917958000000 2.514230000000 0
-0.331571000000 -0.942872000000 2.740335000000 0
-0.202594000000 -0.998148000000 2.543258000000 0
-0.302090000000 0.590705000000 2.249399000000 0
-0.110460000000 0.416878000000 2.573673000000 0
-0.276530000000 0.355718000000 2.252203000000 0
-0.291554000000 0.473618000000 2.450997000000 0
-0.118770000000 0.242862000000 2.405640000000 0
-0.148651000000 0.138317000000 2.739196000000 0
-0.362021000000 0.050233000000 2.366740000000 0
-0.112433000000 0.084215000000 2.473482000000 0
0.013322000000 0.552546000000 2.789085000000 0
-0.486643000000 0.331321000000 2.441006000000 0
-0.209957000000 0.724491000000 2.892443000000 0
-0.374948000000 0.577781000000 2.572058000000 0
-0.265276000000 0.764064000000 2.915162000000 0
-0.349307000000 0.636523000000 2.604219000000 0
-0.235065000000 -0.402162000000 2.861402000000 0
-0.242321000000 -0.482589000000 2.463083000000 0
-0.287935000000 -0.797493000000 2.632234000000 0
-0.051848000000 -0.898030000000 2.515319000000 0
-0.314163000000 -0.885431000000 2.789984000000 0
-0.208819000000 -0.961427000000 2.583488000000 0
-0.318682000000 0.634708000000 2.251722000000 0
-0.104585000000 0.360728000000 2.547946000000 0
-0.292747000000 0.389195000000 2.243566000000 0
-0.271059000000 0.472706000000 2.458510000000 0
-0.155412000000 0.222156000000 2.363586000000 0
-0.127767000000 0.151900000000 2.699139000000 0
-0.402991000000 0.040246000000 2.376969000000 0
-0.137929000000 0.065894000000 2.439635000000 0
0.024993000000 0.556657000000 2.706208000000 0
-0.477385000000 0.278956000000 2.428541000000 0
-0.179947000000 0.705549000000 2.867576000000 0
-0.411026000000 0.546055000000 2.549891000000 0
-0.229658000000 0.740465000000 2.905682000000 0
-0.399378000000 0.611241000000 2.577416000000 0
-0.225043000000 -0.364709000000 2.895794000000 0
-0.228918000000 -0.473656000000 2.456012000000 0
-0.316813000000 -0.748036000000 2.658647000000 0
-0.063091000000 -0.898118000000 2.518725000000 0
-0.315848000000 -0.844217000000 2.813742000000 0
-0.203862000000 -0.936942000000 2.628189000000 0
-0.308670000000 0.635525000000 2.262190000000 0
-0.068005000000 0.394172000000 2.515173000000 0
-0.351673000000 0.411114000000 2.274618000000 0
-0.276089000000 0.486361000000 2.480215000000 0
-0.165437000000 0.259501000000 2.333755000000 0
-0.112810000000 0.175128000000 2.651500000000 0
-0.459273000000 0.071632000000 2.403992000000 0
-0.187051000000 0.098439000000 2.399608000000 0
0.119847000000 0.425860000000 2.725076000000 0
-0.480933000000 0.201507000000 2.415718000000 0
-0.062508000000 0.585046000000 2.546873000000 0
-0.594667000000 -0.037556000000 2.558860000000 0
-0.109075000000 0.617062000000 2.502724000000 0
-0.659739000000 -0.064152000000 2.573025000000 0
-0.184934000000 -0.333386000000 2.875480000000 0
-0.214719000000 -0.435181000000 2.446661000000 0
-0.310960000000 -0.727073000000 2.673669000000 0
-0.101722000000 -0.875646000000 2.516106000000 0
-0.286993000000 -0.815621000000 2.831438000000 0
-0.210455000000 -0.880444000000 2.662600000000 0
-0.295636000000 0.672218000000 2.256469000000 0
-0.066274000000 0.424422000000 2.487632000000 0
-0.368160000000 0.409358000000 2.267375000000 0
-0.286196000000 0.494024000000 2.466771000000 0
-0.163300000000 0.278544000000 2.313067000000 0
-0.110434000000 0.171612000000 2.630348000000 0
-0.466420000000 0.087422000000 2.389113000000 0
-0.195077000000 0.119506000000 2.375469000000 0
0.002207000000 0.392099000000 2.760863000000 0
-0.472739000000 0.433652000000 2.530155000000 0
-0.152939000000 0.628583000000 2.658894000000 0
-0.503271000000 0.177563000000 2.685375000000 0
-0.190023000000 0.685064000000 2.634870000000 0
-0.532174000000 0.118429000000 2.656911000000 0
-0.166012000000 -0.327978000000 2.850782000000 0
-0.213743000000 -0.426573000000 2.413433000000 0
-0.311227000000 -0.726971000000 2.673815000000 0
-0.107745000000 -0.865117000000 2.503122000000 0
-0.276477000000 -0.810028000000 2.832561000000 0
-0.218443000000 -0.862205000000 2.648186000000 0
-0.281223000000 0.688622000000 2.240503000000 0
-0.098957000000 0.447719000000 2.457481000000 0
-0.399361000000 0.350963000000 2.258857000000 0
-0.329090000000 0.469920000000 2.443646000000 0
-0.171420000000 0.268377000000 2.303359000000 0
-0.105436000000 0.168183000000 2.619622000000 0
-0.461308000000 0.090536000000 2.376035000000 0
-0.189239000000 0.116698000000 2.364340000000 0
-0.059390000000 0.211299000000 2.609025000000 0
-0.515126000000 0.428581000000 2.506204000000 0
-0.024818000000 0.500218000000 2.684944000000 0
-0.310280000000 0.610394000000 2.631181000000 0
-0.009097000000 0.567034000000 2.705703000000 0
-0.261485000000 0.653701000000 2.660948000000 0
-0.141773000000 -0.328547000000 2.836640000000 0
-0.204060000000 -0.422592000000 2.397326000000 0
-0.311145000000 -0.724275000000 2.674429000000 0
-0.097269000000 -0.859671000000 2.493021000000 0
-0.262627000000 -0.808382000000 2.828955000000 0
-0.210879000000 -0.856168000000 2.635803000000 0
-0.291069000000 0.681693000000 2.239137000000 0
-0.135557000000 0.449031000000 2.490355000000 0
-0.373966000000 0.334684000000 2.225852000000 0
-0.359701000000 0.436614000000 2.433342000000 0
-0.145818000000 0.283780000000 2.306630000000 0
-0.113724000000 0.153792000000 2.659009000000 0
-0.406327000000 0.097018000000 2.337811000000 0
-0.138089000000 0.103792000000 2.391149000000 0
-0.066646000000 0.211087000000 2.628535000000 0
-0.496870000000 0.278586000000 2.475659000000 0
-0.083776000000 0.500437000000 2.708875000000 0
-0.449050000000 0.544832000000 2.608017000000 0
-0.079976000000 0.567474000000 2.734057000000 0
-0.412351000000 0.567987000000 2.665110000000 0
-0.113606000000 -0.322637000000 2.861964000000 0
-0.191454000000 -0.424147000000 2.377978000000 0
-0.355357000000 -0.671165000000 2.683961000000 0
-0.083756000000 -0.850189000000 2.513953000000 0
-0.294345000000 -0.781060000000 2.816274000000 0
-0.239778000000 -0.859562000000 2.608162000000 0
-0.314222000000 0.679709000000 2.236746000000 0
-0.137991000000 0.482033000000 2.496796000000 0
-0.312245000000 0.295666000000 2.223338000000 0
-0.346040000000 0.424486000000 2.412835000000 0
-0.094588000000 0.295101000000 2.340781000000 0
-0.127083000000 0.163251000000 2.663444000000 0
-0.360864000000 0.046298000000 2.311767000000 0
-0.105467000000 0.081765000000 2.403184000000 0
-0.058047000000 0.280328000000 2.679508000000 0
-0.459049000000 0.204943000000 2.455856000000 0
-0.134340000000 0.568489000000 2.719684000000 0
-0.530090000000 0.437096000000 2.643841000000 0
-0.145879000000 0.637278000000 2.736342000000 0
-0.505001000000 0.458253000000 2.707601000000 0
-0.071000000000 -0.291009000000 2.898100000000 0
-0.175091000000 -0.459317000000 2.386324000000 0
-0.379153000000 -0.566625000000 2.696413000000 0
-0.089251000000 -0.893288000000 2.512422000000 0
-0.335897000000 -0.700256000000 2.812938000000 0
-0.250214000000 -0.900216000000 2.598151000000 0
-0.323103000000 0.684849000000 2.294414000000 0
-0.139812000000 0.446783000000 2.559178000000 0
-0.211819000000 0.285424000000 2.229551000000 0
-0.304576000000 0.411517000000 2.400262000000 0
-0.055295000000 0.261018000000 2.419478000000 0
-0.154649000000 0.131010000000 2.688863000000 0
-0.245025000000 0.014417000000 2.276253000000 0
-0.041306000000 0.087041000000 2.443786000000 0
-0.152864000000 0.235168000000 2.747615000000 0
-0.426641000000 0.141332000000 2.358171000000 0
-0.226697000000 0.524549000000 2.783378000000 0
-0.648138000000 0.137520000000 2.569743000000 0
-0.241219000000 0.592663000000 2.800468000000 0
-0.662476000000 0.194043000000 2.611482000000 0
-0.157975000000 -0.357439000000 2.889191000000 0
-0.255770000000 -0.493510000000 2.558735000000 0
-0.494990000000 -0.543574000000 2.637448000000 0
-0.006995000000 -0.800346000000 2.323016000000 0
-0.499146000000 -0.687577000000 2.749485000000 0
-0.083679000000 -0.935759000000 2.418353000000 0
-0.293855000000 0.652433000000 2.330467000000 0
-0.155110000000 0.403391000000 2.629640000000 0
-0.136434000000 0.296738000000 2.271656000000 0
-0.280229000000 0.370675000000 2.437493000000 0
-0.012256000000 0.264514000000 2.483101000000 0
-0.170569000000 0.059043000000 2.723983000000 0
-0.169526000000 0.029471000000 2.286796000000 0
-0.007135000000 0.061563000000 2.504607000000 0
-0.157880000000 0.161767000000 2.778199000000 0
-0.330744000000 0.085482000000 2.300617000000 0
-0.301660000000 0.416960000000 2.846573000000 0
-0.579276000000 -0.033599000000 2.433399000000 0
-0.334363000000 0.475804000000 2.871280000000 0
-0.620727000000 0.006579000000 2.475943000000 0
-0.169394000000 -0.449142000000 2.838314000000 0
-0.300224000000 -0.477629000000 2.593346000000 0
-0.511279000000 -0.624652000000 2.585509000000 0
-0.007298000000 -0.606113000000 2.262762000000 0
-0.507352000000 -0.776976000000 2.685949000000 0
-0.038906000000 -0.781327000000 2.302852000000 0
-0.266551000000 0.638523000000 2.329172000000 0
-0.255048000000 0.354016000000 2.651106000000 0
-0.089361000000 0.332561000000 2.316496000000 0
-0.294631000000 0.334091000000 2.423770000000 0
-0.037827000000 0.286571000000 2.553977000000 0
-0.262327000000 0.008994000000 2.712557000000 0
-0.076617000000 0.004744000000 2.315691000000 0
-0.022236000000 0.027999000000 2.582796000000 0
-0.422627000000 0.123693000000 2.628053000000 0
-0.205180000000 0.071208000000 2.268312000000 0
-0.515770000000 -0.078935000000 2.422892000000 0
-0.437192000000 -0.125653000000 2.312068000000 0
-0.544665000000 -0.114125000000 2.367491000000 0
-0.497857000000 -0.113897000000 2.348455000000 0
-0.165800000000 -0.486402000000 2.842010000000 0
-0.295496000000 -0.503117000000 2.593916000000 0
-0.269403000000 -0.819060000000 2.541669000000 0
0.052098000000 -0.489568000000 2.292925000000 0
-0.247869000000 -0.944155000000 2.672795000000 0
0.057509000000 -0.671977000000 2.290964000000 0
-0.225305000000 0.642616000000 2.335608000000 0
-0.316461000000 0.363238000000 2.598423000000 0
-0.016362000000 0.346358000000 2.375865000000 0
-0.246658000000 0.370977000000 2.377712000000 0
-0.086997000000 0.270990000000 2.600583000000 0
-0.355991000000 0.020144000000 2.645171000000 0
-0.010358000000 -0.010848000000 2.377616000000 0
-0.082475000000 0.020954000000 2.639590000000 0
-0.414199000000 0.113817000000 2.490138000000 0
-0.027189000000 0.066118000000 2.294110000000 0
-0.365351000000 -0.129841000000 2.310911000000 0
-0.215565000000 -0.171182000000 2.229625000000 0
-0.338691000000 -0.148657000000 2.247054000000 0
-0.285478000000 -0.186058000000 2.223852000000 0
-0.330495000000 -0.470092000000 2.828699000000 0
-0.272974000000 -0.529035000000 2.580254000000 0
-0.059289000000 -0.752595000000 2.587371000000 0
0.124151000000 -0.470017000000 2.355734000000 0
-0.101700000000 -0.889659000000 2.700159000000 0
0.149606000000 -0.650716000000 2.353261000000 0
-0.204662000000 0.653803000000 2.341407000000 0
-0.324133000000 0.361588000000 2.592199000000 0
-0.004854000000 0.352707000000 2.397627000000 0
-0.234447000000 0.377072000000 2.379215000000 0
-0.095468000000 0.269495000000 2.612179000000 0
-0.358655000000 0.012469000000 2.621212000000 0
0.014192000000 -0.014037000000 2.392539000000 0
-0.086281000000 0.023805000000 2.644165000000 0
-0.402664000000 0.118149000000 2.454819000000 0
0.016858000000 0.071392000000 2.317860000000 0
-0.324626000000 -0.137323000000 2.301725000000 0
-0.146777000000 -0.174849000000 2.221636000000 0
-0.308196000000 -0.197232000000 2.265901000000 0
-0.214538000000 -0.177231000000 2.198285000000 0
-0.375474000000 -0.499022000000 2.756681000000 0
-0.270665000000 -0.530454000000 2.572531000000 0
-0.045151000000 -0.765282000000 2.578938000000 0
0.151426000000 -0.542352000000 2.390054000000 0
-0.115087000000 -0.909881000000 2.665576000000 0
0.150929000000 -0.724535000000 2.400784000000 0
-0.192969000000 0.656307000000 2.351068000000 0
-0.322631000000 0.361799000000 2.539618000000 0
0.044803000000 0.374150000000 2.470949000000 0
-0.164380000000 0.385373000000 2.372148000000 0
-0.110860000000 0.282893000000 2.640091000000 0
-0.311451000000 0.004628000000 2.549141000000 0
0.111794000000 0.070010000000 2.456420000000 0
-0.066682000000 0.049607000000 2.662752000000 0
-0.316502000000 0.117315000000 2.381000000000 0
0.123552000000 0.098577000000 2.407323000000 0
-0.160670000000 -0.114656000000 2.248906000000 0
0.018042000000 -0.154990000000 2.260741000000 0
-0.104584000000 -0.126240000000 2.205748000000 0
-0.031095000000 -0.160007000000 2.208752000000 0
-0.388180000000 -0.407810000000 2.754083000000 0
-0.186613000000 -0.472298000000 2.560973000000 0
-0.198361000000 -0.711237000000 2.465119000000 0
0.090420000000 -0.836958000000 2.604280000000 0
-0.283208000000 -0.847303000000 2.552260000000 0
-0.055233000000 -0.945580000000 2.621387000000 0
-0.151806000000 0.667706000000 2.373016000000 0
-0.304111000000 0.369874000000 2.524441000000 0
0.069255000000 0.391557000000 2.522625000000 0
-0.119854000000 0.411347000000 2.390371000000 0
-0.111105000000 0.282600000000 2.652110000000 0
-0.307196000000 0.003623000000 2.521585000000 0
0.126127000000 0.068151000000 2.512872000000 0
-0.086673000000 0.032070000000 2.680970000000 0
-0.284103000000 0.140019000000 2.355980000000 0
0.165646000000 0.121627000000 2.504454000000 0
-0.098764000000 -0.083539000000 2.269728000000 0
0.096745000000 -0.125581000000 2.340478000000 0
-0.031269000000 -0.101364000000 2.253325000000 0
0.063557000000 -0.137100000000 2.277962000000 0
-0.331255000000 -0.497482000000 2.608259000000 0
-0.166358000000 -0.480830000000 2.563828000000 0
-0.148442000000 -0.880990000000 2.784614000000 0
0.092924000000 -0.852614000000 2.642249000000 0
-0.276538000000 -0.980508000000 2.700986000000 0
-0.056118000000 -0.957777000000 2.636458000000 0
-0.134122000000 0.671601000000 2.380234000000 0
-0.290215000000 0.366632000000 2.503171000000 0
0.079714000000 0.390462000000 2.552778000000 0
-0.089400000000 0.408218000000 2.395518000000 0
-0.116288000000 0.281385000000 2.656957000000 0
-0.303410000000 0.043209000000 2.514235000000 0
0.130133000000 0.067004000000 2.573250000000 0
-0.108196000000 0.045751000000 2.705879000000 0
-0.280921000000 0.111205000000 2.379506000000 0
0.173101000000 0.121224000000 2.563397000000 0
-0.081746000000 -0.098938000000 2.296901000000 0
0.110671000000 -0.122804000000 2.396078000000 0
-0.012203000000 -0.115909000000 2.301174000000 0
0.085827000000 -0.138200000000 2.330593000000 0
-0.230518000000 -0.510677000000 2.488091000000 0
0.012409000000 -0.507555000000 2.561883000000 0
-0.231162000000 -0.903359000000 2.727674000000 0
0.017717000000 -0.957995000000 2.655030000000 0
-0.244967000000 -0.998123000000 2.572318000000 0
0.040992000000 -0.994387000000 2.477716000000 0
-0.123333000000 0.678580000000 2.401143000000 0
-0.281510000000 0.364378000000 2.493422000000 0
0.081213000000 0.387633000000 2.581553000000 0
-0.070477000000 0.405901000000 2.407479000000 0
-0.124744000000 0.278619000000 2.664412000000 0
-0.297510000000 0.068234000000 2.509928000000 0
0.126906000000 0.054811000000 2.618094000000 0
-0.125967000000 0.052604000000 2.722464000000 0
-0.269357000000 0.098396000000 2.389995000000 0
0.172272000000 0.116179000000 2.595061000000 0
-0.062871000000 -0.112420000000 2.321701000000 0
0.110205000000 -0.136726000000 2.438305000000 0
0.000611000000 -0.138838000000 2.342064000000 0
0.087899000000 -0.158577000000 2.373749000000 0
-0.213636000000 -0.500450000000 2.503476000000 0
0.018734000000 -0.507553000000 2.546952000000 0
-0.266720000000 -0.948045000000 2.595348000000 0
-0.001578000000 -0.955397000000 2.650021000000 0
-0.229928000000 -0.988163000000 2.421155000000 0
0.045581000000 -0.996967000000 2.478690000000 0
-0.100323000000 0.677905000000 2.413026000000 0
