-0.490736000000 0.222362000000 2.486293000000 0
-0.134674000000 0.241401000000 2.436722000000 0
-0.327865000000 0.281076000000 2.371511000000 0
-0.293911000000 0.098703000000 2.545352000000 0
-0.508652000000 -0.131578000000 2.458978000000 0
-0.111342000000 -0.099790000000 2.402994000000 0
-0.294339000000 -0.101857000000 2.549961000000 0
-0.545324000000 -0.044545000000 2.513201000000 0
-0.059038000000 -0.019846000000 2.467901000000 0
-0.576100000000 -0.312451000000 2.406908000000 0
-0.003926000000 -0.297855000000 2.407133000000 0
-0.584596000000 -0.375848000000 2.381826000000 0
-0.008906000000 -0.362553000000 2.429714000000 0
-0.398249000000 -0.625241000000 2.491472000000 0
-0.189362000000 -0.608866000000 2.479654000000 0
-0.402979000000 -1.012561000000 2.573794000000 0
-0.190085000000 -0.991626000000 2.581194000000 0
-0.425128000000 -1.046767000000 2.411585000000 0
-0.215115000000 -1.033984000000 2.421344000000 0
-0.331346000000 0.515881000000 2.330171000000 0
-0.489348000000 0.224440000000 2.482527000000 0
-0.131548000000 0.242824000000 2.447303000000 0
-0.321883000000 0.284768000000 2.375451000000 0
-0.295470000000 0.098644000000 2.546606000000 0
-0.503467000000 -0.126389000000 2.453726000000 0
-0.103901000000 -0.099664000000 2.413316000000 0
-0.292333000000 -0.101701000000 2.553247000000 0
-0.544203000000 -0.043058000000 2.499218000000 0
-0.057217000000 -0.020402000000 2.452787000000 0
-0.561860000000 -0.298398000000 2.363584000000 0
-0.025684000000 -0.289211000000 2.349569000000 0
-0.566927000000 -0.358949000000 2.331517000000 0
-0.037124000000 -0.356720000000 2.355228000000 0
-0.397961000000 -0.621579000000 2.489197000000 0
-0.183140000000 -0.608564000000 2.475813000000 0
-0.398807000000 -1.007731000000 2.576957000000 0
-0.191949000000 -0.990332000000 2.580654000000 0
-0.415346000000 -1.044581000000 2.414658000000 0
-0.205324000000 -1.034194000000 2.419813000000 0
-0.322199000000 0.521169000000 2.342809000000 0
-0.488223000000 0.226547000000 2.483050000000 0
-0.130584000000 0.239943000000 2.444125000000 0
-0.321075000000 0.283431000000 2.373618000000 0
-0.295324000000 0.099080000000 2.546780000000 0
-0.503019000000 -0.128378000000 2.443547000000 0
-0.102058000000 -0.099334000000 2.423891000000 0
-0.297471000000 -0.102505000000 2.553872000000 0
-0.543548000000 -0.040939000000 2.490680000000 0
-0.060192000000 -0.024020000000 2.450132000000 0
-0.556197000000 -0.297690000000 2.357905000000 0
-0.029502000000 -0.274095000000 2.307895000000 0
-0.565280000000 -0.356827000000 2.324130000000 0
-0.050108000000 -0.338732000000 2.297036000000 0
-0.397354000000 -0.622600000000 2.487694000000 0
-0.189997000000 -0.609495000000 2.478676000000 0
-0.397554000000 -1.008045000000 2.578514000000 0
-0.189892000000 -0.992303000000 2.580036000000 0
-0.405588000000 -1.046355000000 2.415909000000 0
-0.201421000000 -1.035013000000 2.418743000000 0
-0.322322000000 0.520732000000 2.341686000000 0
-0.488074000000 0.227367000000 2.481352000000 0
-0.130397000000 0.238800000000 2.442157000000 0
-0.320705000000 0.283148000000 2.371691000000 0
-0.295805000000 0.099015000000 2.545209000000 0
-0.502916000000 -0.129124000000 2.441455000000 0
-0.102048000000 -0.098860000000 2.421739000000 0
-0.297509000000 -0.101653000000 2.551657000000 0
-0.543551000000 -0.040021000000 2.490324000000 0
-0.060094000000 -0.025168000000 2.447860000000 0
-0.562789000000 -0.296516000000 2.357900000000 0
-0.049461000000 -0.261510000000 2.281352000000 0
-0.513236000000 -0.329553000000 2.323644000000 0
-0.053361000000 -0.325662000000 2.257068000000 0
-0.396149000000 -0.622725000000 2.488466000000 0
-0.184676000000 -0.609389000000 2.474257000000 0
-0.399251000000 -1.009457000000 2.573579000000 0
-0.192543000000 -0.990283000000 2.582304000000 0
-0.406824000000 -1.045311000000 2.410393000000 0
-0.200890000000 -1.035709000000 2.421558000000 0
-0.319034000000 0.518281000000 2.334058000000 0
-0.486095000000 0.229395000000 2.480831000000 0
-0.129246000000 0.240108000000 2.434533000000 0
-0.320926000000 0.282316000000 2.366515000000 0
-0.292452000000 0.103035000000 2.544508000000 0
-0.497043000000 -0.124576000000 2.463447000000 0
-0.098891000000 -0.098710000000 2.410481000000 0
-0.282840000000 -0.100213000000 2.556262000000 0
-0.540879000000 -0.037722000000 2.493602000000 0
-0.054174000000 -0.022336000000 2.436440000000 0
-0.554314000000 -0.303865000000 2.381673000000 0
-0.072904000000 -0.237622000000 2.244499000000 0
-0.531175000000 -0.347060000000 2.333515000000 0
-0.061326000000 -0.299312000000 2.216558000000 0
-0.395142000000 -0.620976000000 2.482741000000 0
-0.180189000000 -0.608073000000 2.471113000000 0
-0.399130000000 -1.006801000000 2.571844000000 0
-0.192220000000 -0.988693000000 2.579738000000 0
-0.421440000000 -1.043880000000 2.410289000000 0
-0.212088000000 -1.033686000000 2.419884000000 0
-0.317695000000 0.513330000000 2.317119000000 0
-0.484872000000 0.225310000000 2.468585000000 0
-0.128005000000 0.237691000000 2.422842000000 0
-0.319974000000 0.270914000000 2.350778000000 0
-0.289616000000 0.107913000000 2.543502000000 0
-0.490788000000 -0.124397000000 2.472666000000 0
-0.092277000000 -0.104232000000 2.419919000000 0
-0.276251000000 -0.104032000000 2.565675000000 0
-0.538683000000 -0.040077000000 2.494381000000 0
-0.052592000000 -0.023445000000 2.412237000000 0
-0.554285000000 -0.312548000000 2.402356000000 0
-0.095880000000 -0.244306000000 2.232517000000 0
-0.558612000000 -0.370447000000 2.365621000000 0
-0.075367000000 -0.292190000000 2.187720000000 0
-0.396137000000 -0.623105000000 2.472728000000 0
-0.170169000000 -0.613322000000 2.460931000000 0
-0.395826000000 -1.007282000000 2.568770000000 0
-0.194834000000 -0.990183000000 2.580024000000 0
-0.419954000000 -1.047439000000 2.408215000000 0
-0.205959000000 -1.039806000000 2.420693000000 0
-0.314997000000 0.506171000000 2.297283000000 0
-0.489191000000 0.217954000000 2.462835000000 0
-0.134316000000 0.229427000000 2.403404000000 0
-0.329055000000 0.255327000000 2.335913000000 0
-0.290175000000 0.108401000000 2.539713000000 0
-0.486543000000 -0.122696000000 2.496992000000 0
-0.089783000000 -0.113211000000 2.429973000000 0
-0.268378000000 -0.107091000000 2.582150000000 0
-0.538068000000 -0.048287000000 2.500704000000 0
-0.069689000000 -0.034825000000 2.376917000000 0
-0.560847000000 -0.327041000000 2.426322000000 0
-0.119109000000 -0.274342000000 2.222177000000 0
-0.531507000000 -0.382240000000 2.397814000000 0
-0.099128000000 -0.325966000000 2.181481000000 0
-0.403581000000 -0.622590000000 2.452089000000 0
-0.159044000000 -0.618904000000 2.440588000000 0
-0.400333000000 -1.003976000000 2.558624000000 0
-0.195499000000 -0.988848000000 2.577074000000 0
-0.432100000000 -1.048404000000 2.400543000000 0
-0.200174000000 -1.046310000000 2.420074000000 0
-0.315816000000 0.485323000000 2.264992000000 0
-0.494163000000 0.161024000000 2.448133000000 0
-0.144339000000 0.169974000000 2.363616000000 0
-0.343713000000 0.179661000000 2.306122000000 0
-0.287146000000 0.070635000000 2.528714000000 0
-0.491429000000 -0.167317000000 2.535156000000 0
-0.097341000000 -0.147219000000 2.455841000000 0
-0.272151000000 -0.133871000000 2.611902000000 0
-0.541949000000 -0.105268000000 2.510561000000 0
-0.098559000000 -0.101321000000 2.326262000000 0
-0.574730000000 -0.394412000000 2.468734000000 0
-0.152215000000 -0.362246000000 2.201894000000 0
-0.534652000000 -0.446306000000 2.489256000000 0
-0.146616000000 -0.420161000000 2.165356000000 0
-0.421377000000 -0.640308000000 2.399901000000 0
-0.138080000000 -0.640773000000 2.401705000000 0
-0.394529000000 -0.998630000000 2.566336000000 0
-0.192471000000 -0.994370000000 2.571490000000 0
-0.433022000000 -1.069557000000 2.419843000000 0
-0.168780000000 -1.068982000000 2.423692000000 0
-0.314122000000 0.400253000000 2.198907000000 0
-0.495775000000 0.095890000000 2.441742000000 0
-0.154640000000 0.090599000000 2.326855000000 0
-0.358282000000 0.094339000000 2.286042000000 0
-0.282282000000 0.015135000000 2.515355000000 0
-0.497863000000 -0.233698000000 2.588181000000 0
-0.127962000000 -0.188922000000 2.435970000000 0
-0.272508000000 -0.176573000000 2.620483000000 0
-0.542793000000 -0.169921000000 2.522096000000 0
-0.122421000000 -0.187524000000 2.296309000000 0
-0.572362000000 -0.465484000000 2.495672000000 0
-0.176818000000 -0.461939000000 2.193027000000 0
-0.558117000000 -0.531321000000 2.509200000000 0
-0.173262000000 -0.523200000000 2.162126000000 0
-0.424229000000 -0.670143000000 2.378834000000 0
-0.130139000000 -0.674473000000 2.377610000000 0
-0.394259000000 -1.013881000000 2.573158000000 0
-0.196557000000 -1.013702000000 2.570815000000 0
-0.431181000000 -1.096586000000 2.432555000000 0
-0.162070000000 -1.099742000000 2.431602000000 0
-0.311663000000 0.302740000000 2.148139000000 0
-0.491634000000 -0.005778000000 2.438754000000 0
-0.165206000000 -0.036032000000 2.289994000000 0
-0.372134000000 -0.037982000000 2.271924000000 0
-0.270460000000 -0.073393000000 2.502233000000 0
-0.462047000000 -0.337628000000 2.622638000000 0
-0.123086000000 -0.300404000000 2.408816000000 0
-0.233474000000 -0.284780000000 2.615363000000 0
-0.546460000000 -0.265211000000 2.546987000000 0
-0.162654000000 -0.320311000000 2.255284000000 0
-0.592403000000 -0.564450000000 2.564461000000 0
-0.211931000000 -0.612409000000 2.190397000000 0
-0.614805000000 -0.624817000000 2.588427000000 0
-0.210827000000 -0.675234000000 2.162608000000 0
-0.446492000000 -0.715165000000 2.324302000000 0
-0.140420000000 -0.766804000000 2.310825000000 0
-0.382334000000 -1.004172000000 2.587313000000 0
-0.202747000000 -1.026888000000 2.602866000000 0
-0.426279000000 -1.118014000000 2.472939000000 0
-0.175062000000 -1.152955000000 2.496502000000 0
-0.313528000000 0.176642000000 2.115398000000 0
-0.497369000000 -0.073493000000 2.443984000000 0
-0.181195000000 -0.107654000000 2.275263000000 0
-0.388814000000 -0.112988000000 2.271342000000 0
-0.271437000000 -0.135076000000 2.495771000000 0
-0.439686000000 -0.399279000000 2.628568000000 0
-0.122324000000 -0.357944000000 2.384492000000 0
-0.210144000000 -0.357993000000 2.602160000000 0
-0.550918000000 -0.327714000000 2.568654000000 0
-0.178576000000 -0.394508000000 2.247955000000 0
-0.605295000000 -0.626701000000 2.595927000000 0
-0.232091000000 -0.690643000000 2.197612000000 0
-0.617206000000 -0.694048000000 2.602481000000 0
-0.230791000000 -0.756615000000 2.178468000000 0
-0.458774000000 -0.742896000000 2.284426000000 0
-0.173215000000 -0.816840000000 2.255181000000 0
-0.372211000000 -0.977500000000 2.591483000000 0
-0.211542000000 -1.062921000000 2.563063000000 0
-0.417132000000 -1.111375000000 2.501861000000 0
-0.202028000000 -1.193932000000 2.459534000000 0
-0.311674000000 0.085890000000 2.098117000000 0
-0.486783000000 -0.116514000000 2.438126000000 0
-0.180636000000 -0.178535000000 2.259163000000 0
-0.388258000000 -0.176176000000 2.265260000000 0
-0.260817000000 -0.181669000000 2.485174000000 0
-0.426618000000 -0.476283000000 2.620033000000 0
-0.160073000000 -0.416181000000 2.324497000000 0
-0.205759000000 -0.431816000000 2.554192000000 0
-0.555908000000 -0.361351000000 2.577492000000 0
-0.210289000000 -0.466990000000 2.251385000000 0
-0.614051000000 -0.662941000000 2.577999000000 0
-0.291587000000 -0.762958000000 2.239965000000 0
-0.627039000000 -0.730400000000 2.578959000000 0
-0.296953000000 -0.802124000000 2.183772000000 0
-0.430896000000 -0.779461000000 2.213344000000 0
-0.196802000000 -0.906883000000 2.252012000000 0
-0.366567000000 -1.000340000000 2.535664000000 0
-0.216054000000 -1.299400000000 2.300755000000 0
-0.398981000000 -1.138633000000 2.447363000000 0
-0.302341000000 -1.312880000000 2.158118000000 0
-0.304553000000 0.046427000000 2.096903000000 0
-0.500580000000 -0.159886000000 2.463624000000 0
-0.188436000000 -0.181052000000 2.285528000000 0
-0.396119000000 -0.176923000000 2.284887000000 0
-0.276994000000 -0.238212000000 2.500957000000 0
-0.460840000000 -0.539425000000 2.532280000000 0
-0.137674000000 -0.490692000000 2.297357000000 0
-0.229194000000 -0.506944000000 2.512883000000 0
-0.563130000000 -0.412225000000 2.586381000000 0
-0.198961000000 -0.463224000000 2.231441000000 0
-0.631586000000 -0.708209000000 2.567028000000 0
-0.270668000000 -0.758729000000 2.217231000000 0
-0.646700000000 -0.775076000000 2.562475000000 0
-0.276952000000 -0.825931000000 2.204394000000 0
-0.366894000000 -0.962024000000 2.241304000000 0
-0.147169000000 -0.987133000000 2.467567000000 0
-0.357127000000 -1.336211000000 2.370550000000 0
-0.178589000000 -1.381856000000 2.472326000000 0
-0.381739000000 -1.390794000000 2.214385000000 0
-0.280463000000 -1.375344000000 2.339843000000 0
-0.288649000000 -0.001231000000 2.116148000000 0
-0.506114000000 -0.142914000000 2.465083000000 0
-0.189921000000 -0.146264000000 2.293005000000 0
-0.397585000000 -0.146749000000 2.288007000000 0
-0.281561000000 -0.218338000000 2.502593000000 0
-0.477644000000 -0.503130000000 2.500897000000 0
-0.131807000000 -0.484115000000 2.295872000000 0
-0.242943000000 -0.500676000000 2.501944000000 0
-0.562929000000 -0.408523000000 2.554089000000 0
-0.182594000000 -0.425227000000 2.231168000000 0
-0.645873000000 -0.698293000000 2.526785000000 0
-0.274512000000 -0.710290000000 2.187787000000 0
-0.665198000000 -0.763867000000 2.519926000000 0
-0.307387000000 -0.768132000000 2.170642000000 0
-0.414091000000 -0.993405000000 2.512942000000 0
-0.157885000000 -0.963973000000 2.476209000000 0
-0.421457000000 -1.386543000000 2.465991000000 0
-0.147985000000 -1.358335000000 2.510788000000 0
-0.510695000000 -1.368121000000 2.325742000000 0
-0.230727000000 -1.373091000000 2.366190000000 0
-0.286608000000 0.033073000000 2.128740000000 0
-0.497353000000 -0.080611000000 2.441556000000 0
-0.165833000000 -0.097714000000 2.302264000000 0
-0.371696000000 -0.087902000000 2.276309000000 0
-0.281655000000 -0.167415000000 2.500371000000 0
-0.476812000000 -0.466500000000 2.494455000000 0
-0.120388000000 -0.426540000000 2.311794000000 0
-0.243195000000 -0.450363000000 2.510395000000 0
-0.562882000000 -0.347480000000 2.509522000000 0
-0.158951000000 -0.376107000000 2.251446000000 0
-0.622438000000 -0.636639000000 2.457772000000 0
-0.283620000000 -0.621180000000 2.132137000000 0
-0.636217000000 -0.702754000000 2.445150000000 0
-0.302832000000 -0.682974000000 2.109053000000 0
-0.406846000000 -0.952550000000 2.501890000000 0
-0.166378000000 -0.921652000000 2.468296000000 0
-0.412122000000 -1.348462000000 2.495451000000 0
-0.148571000000 -1.314765000000 2.512578000000 0
-0.488276000000 -1.345026000000 2.346584000000 0
-0.227568000000 -1.334795000000 2.366527000000 0
-0.277182000000 0.113233000000 2.135401000000 0
-0.486606000000 0.026374000000 2.406402000000 0
-0.138030000000 0.005899000000 2.318790000000 0
-0.337476000000 0.018127000000 2.262035000000 0
-0.283245000000 -0.063048000000 2.496776000000 0
-0.493158000000 -0.337400000000 2.562036000000 0
-0.119113000000 -0.278509000000 2.425574000000 0
-0.265412000000 -0.303307000000 2.607434000000 0
-0.555044000000 -0.237583000000 2.457318000000 0
-0.110149000000 -0.270065000000 2.314810000000 0
-0.591481000000 -0.507247000000 2.346762000000 0
-0.244246000000 -0.393090000000 2.084264000000 0
-0.599746000000 -0.570074000000 2.320214000000 0
-0.271323000000 -0.423918000000 2.029156000000 0
-0.437273000000 -0.779703000000 2.346734000000 0
-0.136122000000 -0.776038000000 2.346918000000 0
-0.397236000000 -1.163399000000 2.436123000000 0
-0.169305000000 -1.139504000000 2.500566000000 0
-0.458180000000 -1.204741000000 2.285959000000 0
-0.157711000000 -1.205366000000 2.347267000000 0
-0.284335000000 0.272124000000 2.170488000000 0
-0.481235000000 0.106075000000 2.395903000000 0
-0.126418000000 0.088330000000 2.337680000000 0
-0.320386000000 0.101595000000 2.264537000000 0
-0.285923000000 0.014829000000 2.501007000000 0
-0.493996000000 -0.252240000000 2.516831000000 0
-0.101126000000 -0.230245000000 2.432161000000 0
-0.274786000000 -0.208796000000 2.588601000000 0
-0.548200000000 -0.155551000000 2.430578000000 0
-0.069670000000 -0.175996000000 2.370033000000 0
-0.575597000000 -0.411342000000 2.300447000000 0
-0.194483000000 -0.254007000000 2.122143000000 0
-0.582008000000 -0.472258000000 2.269325000000 0
-0.224336000000 -0.263656000000 2.061018000000 0
-0.436835000000 -0.700009000000 2.339821000000 0
-0.126811000000 -0.701864000000 2.330713000000 0
-0.401824000000 -1.024261000000 2.564433000000 0
-0.195774000000 -0.982590000000 2.601366000000 0
-0.439133000000 -1.119802000000 2.432325000000 0
-0.155987000000 -1.100301000000 2.489412000000 0
-0.288426000000 0.379148000000 2.213973000000 0
-0.479105000000 0.168444000000 2.392608000000 0
-0.119956000000 0.158156000000 2.370107000000 0
-0.305586000000 0.176449000000 2.278693000000 0
-0.294206000000 0.069699000000 2.509146000000 0
-0.492994000000 -0.192201000000 2.471737000000 0
-0.093302000000 -0.165788000000 2.432384000000 0
-0.283753000000 -0.147843000000 2.568390000000 0
-0.546912000000 -0.091090000000 2.394595000000 0
-0.037791000000 -0.095781000000 2.397025000000 0
-0.562193000000 -0.329749000000 2.241353000000 0
-0.164156000000 -0.127656000000 2.144655000000 0
-0.565725000000 -0.387279000000 2.203959000000 0
-0.184762000000 -0.153066000000 2.084238000000 0
-0.435911000000 -0.669166000000 2.385963000000 0
-0.141086000000 -0.663824000000 2.390282000000 0
-0.385500000000 -0.992600000000 2.608820000000 0
-0.192790000000 -1.001068000000 2.591301000000 0
-0.428920000000 -1.088776000000 2.479061000000 0
-0.164575000000 -1.088645000000 2.451634000000 0
-0.296340000000 0.457536000000 2.258449000000 0
-0.483190000000 0.225068000000 2.392693000000 0
-0.123841000000 0.226035000000 2.414315000000 0
-0.297642000000 0.255868000000 2.304530000000 0
-0.309831000000 0.111681000000 2.513564000000 0
-0.479029000000 -0.131127000000 2.428838000000 0
-0.077158000000 -0.120716000000 2.448605000000 0
-0.284470000000 -0.105509000000 2.557608000000 0
-0.555127000000 -0.026264000000 2.360077000000 0
-0.008258000000 -0.010650000000 2.419569000000 0
-0.561966000000 -0.238030000000 2.178636000000 0
-0.101103000000 0.036452000000 2.160777000000 0
-0.531587000000 -0.299257000000 2.171646000000 0
-0.085167000000 0.073749000000 2.105320000000 0
-0.406489000000 -0.630322000000 2.446809000000 0
-0.161080000000 -0.625640000000 2.427242000000 0
-0.399994000000 -0.996783000000 2.596741000000 0
-0.189435000000 -0.986190000000 2.588535000000 0
-0.406933000000 -1.060166000000 2.442123000000 0
-0.170106000000 -1.055294000000 2.437460000000 0
-0.300013000000 0.529046000000 2.313993000000 0
-0.476038000000 0.237796000000 2.395126000000 0
-0.120383000000 0.238544000000 2.450889000000 0
-0.283460000000 0.277925000000 2.328396000000 0
-0.313248000000 0.114180000000 2.520578000000 0
-0.476850000000 -0.117535000000 2.390209000000 0
-0.081516000000 -0.101921000000 2.464152000000 0
-0.301805000000 -0.093794000000 2.544764000000 0
-0.560075000000 -0.006164000000 2.339538000000 0
-0.028048000000 0.001069000000 2.381981000000 0
-0.573859000000 -0.200875000000 2.139530000000 0
-0.039536000000 0.226401000000 2.217058000000 0
-0.560870000000 -0.268308000000 2.137398000000 0
-0.026960000000 0.287669000000 2.188625000000 0
-0.393573000000 -0.614048000000 2.469540000000 0
-0.173879000000 -0.610503000000 2.454566000000 0
-0.396168000000 -0.994180000000 2.580484000000 0
-0.188220000000 -0.983676000000 2.586291000000 0
-0.369583000000 -1.040609000000 2.422022000000 0
-0.156963000000 -1.039433000000 2.431738000000 0
-0.303692000000 0.539927000000 2.342368000000 0
-0.480814000000 0.241564000000 2.406322000000 0
-0.125201000000 0.237781000000 2.462222000000 0
-0.287942000000 0.283180000000 2.341377000000 0
-0.318891000000 0.111883000000 2.526669000000 0
-0.478800000000 -0.118617000000 2.386873000000 0
-0.081314000000 -0.097855000000 2.446655000000 0
-0.298730000000 -0.090619000000 2.534799000000 0
-0.548005000000 0.002239000000 2.325804000000 0
-0.024900000000 0.050619000000 2.309958000000 0
-0.581911000000 -0.188408000000 2.128201000000 0
-0.020146000000 0.326870000000 2.295622000000 0
-0.584079000000 -0.237558000000 2.080243000000 0
-0.026495000000 0.394661000000 2.304814000000 0
-0.390583000000 -0.612181000000 2.475026000000 0
-0.174090000000 -0.607174000000 2.463657000000 0
-0.401178000000 -0.993945000000 2.579713000000 0
-0.192862000000 -0.984193000000 2.583323000000 0
-0.377725000000 -1.038344000000 2.420178000000 0
-0.165623000000 -1.035346000000 2.426435000000 0
-0.306413000000 0.542874000000 2.376082000000 0
-0.492870000000 0.231311000000 2.440097000000 0
-0.133254000000 0.247489000000 2.443971000000 0
-0.314058000000 0.283960000000 2.348424000000 0
-0.308264000000 0.110648000000 2.534335000000 0
-0.484420000000 -0.118328000000 2.415493000000 0
-0.082644000000 -0.095767000000 2.423681000000 0
-0.286852000000 -0.091380000000 2.539315000000 0
-0.538086000000 -0.000720000000 2.339720000000 0
-0.012073000000 0.176497000000 2.228951000000 0
-0.583608000000 -0.174464000000 2.135545000000 0
-0.054508000000 0.422096000000 2.337702000000 0
-0.572731000000 -0.226684000000 2.092242000000 0
-0.054095000000 0.464953000000 2.391401000000 0
-0.385963000000 -0.613197000000 2.477877000000 0
-0.174665000000 -0.604419000000 2.470898000000 0
-0.404059000000 -0.997822000000 2.570357000000 0
-0.187820000000 -0.983609000000 2.584288000000 0
-0.400421000000 -1.037074000000 2.407819000000 0
-0.182494000000 -1.031671000000 2.424181000000 0
-0.310489000000 0.545093000000 2.400168000000 0
-0.494500000000 0.226626000000 2.475652000000 0
-0.142043000000 0.244667000000 2.404595000000 0
-0.339022000000 0.278762000000 2.348146000000 0
-0.293393000000 0.108350000000 2.531207000000 0
-0.491613000000 -0.122876000000 2.444310000000 0
-0.092902000000 -0.097675000000 2.395376000000 0
-0.278795000000 -0.092697000000 2.538591000000 0
-0.522237000000 -0.004337000000 2.365991000000 0
-0.018119000000 0.225707000000 2.180047000000 0
-0.568676000000 -0.178366000000 2.161771000000 0
-0.089745000000 0.456634000000 2.305310000000 0
-0.552908000000 -0.230250000000 2.119583000000 0
-0.095983000000 0.480251000000 2.369527000000 0
-0.384977000000 -0.618025000000 2.482824000000 0
-0.173185000000 -0.604376000000 2.476439000000 0
-0.400095000000 -1.003450000000 2.572460000000 0
-0.188247000000 -0.986156000000 2.580522000000 0
-0.419293000000 -1.040370000000 2.410469000000 0
-0.207513000000 -1.029146000000 2.420044000000 0
-0.319344000000 0.549111000000 2.421714000000 0
-0.485832000000 0.222172000000 2.490088000000 0
-0.134716000000 0.243494000000 2.417104000000 0
-0.331210000000 0.284362000000 2.366098000000 0
-0.285312000000 0.097566000000 2.532334000000 0
-0.487831000000 -0.122778000000 2.451887000000 0
-0.090788000000 -0.101538000000 2.389398000000 0
-0.271694000000 -0.093962000000 2.538753000000 0
-0.530044000000 -0.014611000000 2.395043000000 0
-0.079960000000 0.257460000000 2.164397000000 0
-0.556605000000 -0.202953000000 2.197566000000 0
-0.126271000000 0.511946000000 2.255321000000 0
-0.528050000000 -0.256101000000 2.164698000000 0
-0.109084000000 0.539338000000 2.315940000000 0
-0.386647000000 -0.618590000000 2.489659000000 0
-0.172357000000 -0.607756000000 2.470580000000 0
-0.398327000000 -1.004708000000 2.576791000000 0
-0.188730000000 -0.987860000000 2.580439000000 0
-0.423781000000 -1.040362000000 2.415380000000 0
-0.211858000000 -1.032932000000 2.421046000000 0
-0.332350000000 0.543501000000 2.408181000000 0
-0.478614000000 0.219616000000 2.529567000000 0
-0.146757000000 0.231895000000 2.406530000000 0
-0.342468000000 0.279802000000 2.384682000000 0
-0.278168000000 0.088269000000 2.539001000000 0
-0.477995000000 -0.122169000000 2.482358000000 0
-0.092772000000 -0.116741000000 2.365852000000 0
-0.250968000000 -0.102728000000 2.538679000000 0
-0.520690000000 -0.019887000000 2.436613000000 0
-0.133752000000 0.309626000000 2.158414000000 0
-0.537435000000 -0.247633000000 2.282237000000 0
-0.205222000000 0.556141000000 2.057902000000 0
-0.538713000000 -0.290009000000 2.228171000000 0
-0.202667000000 0.624028000000 2.068164000000 0
-0.378790000000 -0.623697000000 2.494321000000 0
-0.171632000000 -0.616225000000 2.477394000000 0
-0.401381000000 -1.011352000000 2.571969000000 0
-0.186831000000 -0.997039000000 2.584938000000 0
-0.448648000000 -1.040208000000 2.414154000000 0
-0.230952000000 -1.039250000000 2.429233000000 0
-0.311614000000 0.539513000000 2.410471000000 0
-0.459416000000 0.235347000000 2.552110000000 0
-0.150225000000 0.223642000000 2.386696000000 0
-0.342508000000 0.278110000000 2.385818000000 0
-0.263983000000 0.096492000000 2.545449000000 0
-0.469910000000 -0.114759000000 2.511768000000 0
-0.104662000000 -0.121190000000 2.342794000000 0
-0.236734000000 -0.103206000000 2.535990000000 0
-0.516507000000 -0.006153000000 2.470386000000 0
-0.152411000000 0.329878000000 2.148013000000 0
-0.557564000000 -0.256305000000 2.359637000000 0
-0.223601000000 0.495371000000 1.938081000000 0
-0.553504000000 -0.317876000000 2.329420000000 0
-0.279899000000 0.510271000000 1.901627000000 0
-0.379611000000 -0.620823000000 2.488674000000 0
-0.168701000000 -0.615322000000 2.475514000000 0
-0.403320000000 -1.007804000000 2.569296000000 0
-0.186816000000 -0.996426000000 2.581568000000 0
-0.471069000000 -1.035002000000 2.418820000000 0
-0.252154000000 -1.034812000000 2.432471000000 0
-0.324741000000 0.539102000000 2.437987000000 0
-0.461778000000 0.226768000000 2.555681000000 0
-0.153659000000 0.219820000000 2.384521000000 0
-0.348746000000 0.269360000000 2.386687000000 0
-0.262951000000 0.092854000000 2.548299000000 0
-0.465131000000 -0.115523000000 2.522290000000 0
-0.108482000000 -0.130177000000 2.336316000000 0
-0.230847000000 -0.110655000000 2.535657000000 0
-0.521653000000 -0.021512000000 2.495489000000 0
-0.157352000000 0.298347000000 2.134179000000 0
-0.575749000000 -0.283822000000 2.421615000000 0
-0.218298000000 0.398468000000 1.882284000000 0
-0.558382000000 -0.321056000000 2.366548000000 0
-0.266346000000 0.396200000000 1.833227000000 0
-0.379060000000 -0.624102000000 2.490215000000 0
-0.170304000000 -0.621747000000 2.473664000000 0
-0.400144000000 -1.011215000000 2.570926000000 0
-0.191656000000 -1.001889000000 2.582531000000 0
-0.474648000000 -1.037878000000 2.423581000000 0
-0.263977000000 -1.039640000000 2.436528000000 0
-0.326954000000 0.535745000000 2.426848000000 0
-0.463792000000 0.225504000000 2.518978000000 0
-0.131639000000 0.212427000000 2.392489000000 0
-0.328563000000 0.257715000000 2.364624000000 0
-0.264373000000 0.095910000000 2.549913000000 0
-0.469805000000 -0.123125000000 2.508731000000 0
-0.098331000000 -0.132578000000 2.354079000000 0
-0.237603000000 -0.116305000000 2.542306000000 0
-0.533625000000 -0.028258000000 2.536303000000 0
-0.141403000000 0.235869000000 2.129950000000 0
-0.585439000000 -0.298020000000 2.485889000000 0
-0.223494000000 0.301544000000 1.871211000000 0
-0.577717000000 -0.365183000000 2.498134000000 0
-0.248535000000 0.276055000000 1.812528000000 0
-0.381090000000 -0.629857000000 2.495407000000 0
-0.175217000000 -0.627623000000 2.476094000000 0
-0.401867000000 -1.016763000000 2.577190000000 0
-0.191394000000 -1.008929000000 2.581734000000 0
-0.464639000000 -1.045589000000 2.424870000000 0
-0.251932000000 -1.048165000000 2.430842000000 0
-0.327440000000 0.532375000000 2.392774000000 0
-0.473758000000 0.232291000000 2.507420000000 0
-0.129074000000 0.222744000000 2.403969000000 0
-0.327859000000 0.267762000000 2.363877000000 0
-0.276388000000 0.103053000000 2.550572000000 0
-0.477198000000 -0.120726000000 2.497701000000 0
-0.097463000000 -0.125795000000 2.364378000000 0
-0.247377000000 -0.110928000000 2.544367000000 0
-0.535609000000 -0.020466000000 2.555215000000 0
-0.115533000000 0.174298000000 2.144227000000 0
-0.594801000000 -0.292770000000 2.526570000000 0
-0.226862000000 0.217795000000 1.890875000000 0
-0.589904000000 -0.360886000000 2.534092000000 0
-0.268213000000 0.212166000000 1.836297000000 0
-0.382240000000 -0.625980000000 2.496120000000 0
-0.177333000000 -0.622855000000 2.476678000000 0
-0.401873000000 -1.014711000000 2.569047000000 0
-0.189895000000 -1.004382000000 2.582011000000 0
-0.456353000000 -1.041205000000 2.413154000000 0
-0.241538000000 -1.045135000000 2.428242000000 0
-0.333990000000 0.539695000000 2.394899000000 0
-0.458555000000 0.223240000000 2.523819000000 0
-0.121981000000 0.240042000000 2.397190000000 0
-0.324901000000 0.278310000000 2.374645000000 0
-0.253105000000 0.100839000000 2.541926000000 0
-0.481732000000 -0.116169000000 2.492721000000 0
-0.099960000000 -0.119546000000 2.365291000000 0
-0.252715000000 -0.105010000000 2.542902000000 0
-0.534845000000 -0.028389000000 2.559073000000 0
-0.087372000000 0.093852000000 2.178533000000 0
-0.596669000000 -0.302382000000 2.556001000000 0
-0.227424000000 0.098062000000 1.935075000000 0
-0.595746000000 -0.370058000000 2.544187000000 0
-0.263828000000 0.074455000000 1.881803000000 0
-0.384907000000 -0.620960000000 2.492921000000 0
-0.178345000000 -0.616810000000 2.477052000000 0
-0.401116000000 -1.008745000000 2.571506000000 0
-0.194838000000 -1.002190000000 2.566643000000 0
-0.452989000000 -1.038240000000 2.415263000000 0
-0.244726000000 -1.036308000000 2.410695000000 0
-0.327839000000 0.536948000000 2.380930000000 0
-0.475049000000 0.218125000000 2.518563000000 0
-0.136338000000 0.240305000000 2.398635000000 0
-0.339187000000 0.276842000000 2.372812000000 0
-0.268704000000 0.097564000000 2.538720000000 0
-0.484933000000 -0.115283000000 2.493098000000 0
-0.103888000000 -0.116567000000 2.363472000000 0
-0.255680000000 -0.103371000000 2.542012000000 0
-0.537392000000 -0.034989000000 2.564927000000 0
-0.078815000000 0.016016000000 2.270227000000 0
-0.581378000000 -0.310082000000 2.533594000000 0
-0.200765000000 -0.121002000000 2.058220000000 0
-0.606753000000 -0.373925000000 2.534378000000 0
-0.213257000000 -0.186212000000 2.040557000000 0
-0.390951000000 -0.619571000000 2.490076000000 0
-0.178999000000 -0.614723000000 2.472685000000 0
-0.393540000000 -1.007845000000 2.567874000000 0
-0.191018000000 -0.994972000000 2.582606000000 0
-0.447216000000 -1.038621000000 2.412489000000 0
-0.239869000000 -1.037966000000 2.428535000000 0
-0.329212000000 0.534480000000 2.380480000000 0
-0.479247000000 0.216052000000 2.515807000000 0
-0.139379000000 0.244473000000 2.400560000000 0
-0.342366000000 0.278617000000 2.372634000000 0
-0.271542000000 0.098026000000 2.536964000000 0
-0.486352000000 -0.117220000000 2.490688000000 0
-0.104535000000 -0.114721000000 2.363371000000 0
-0.257586000000 -0.101652000000 2.540842000000 0
-0.537819000000 -0.039048000000 2.560929000000 0
-0.092533000000 -0.002630000000 2.315190000000 0
-0.575074000000 -0.311696000000 2.502955000000 0
-0.157700000000 -0.219252000000 2.148115000000 0
-0.586092000000 -0.379286000000 2.508495000000 0
-0.154889000000 -0.287804000000 2.151752000000 0
-0.393110000000 -0.620121000000 2.491440000000 0
-0.180869000000 -0.613922000000 2.473285000000 0
-0.399308000000 -1.007816000000 2.571875000000 0
-0.192222000000 -0.994291000000 2.582858000000 0
-0.452026000000 -1.039251000000 2.416295000000 0
-0.240255000000 -1.037312000000 2.428539000000 0
-0.329363000000 0.532023000000 2.366582000000 0
-0.481652000000 0.221707000000 2.505971000000 0
-0.138195000000 0.242372000000 2.400094000000 0
-0.339739000000 0.278825000000 2.365445000000 0
-0.276488000000 0.101173000000 2.535952000000 0
-0.493505000000 -0.119040000000 2.476578000000 0
-0.103874000000 -0.112563000000 2.375851000000 0
-0.268925000000 -0.100772000000 2.542316000000 0
-0.534764000000 -0.036683000000 2.546962000000 0
-0.076178000000 -0.011198000000 2.344214000000 0
-0.574284000000 -0.306878000000 2.473955000000 0
-0.114973000000 -0.266644000000 2.229587000000 0
-0.574502000000 -0.375542000000 2.471578000000 0
-0.112306000000 -0.335193000000 2.225803000000 0
-0.394794000000 -0.620504000000 2.490261000000 0
-0.183283000000 -0.613515000000 2.475125000000 0
-0.386551000000 -1.006259000000 2.579373000000 0
-0.190777000000 -0.994409000000 2.583198000000 0
-0.428823000000 -1.043538000000 2.421906000000 0
-0.228045000000 -1.038235000000 2.426154000000 0
-0.322042000000 0.531714000000 2.353239000000 0
-0.486039000000 0.219156000000 2.489208000000 0
-0.136260000000 0.239783000000 2.406567000000 0
-0.335206000000 0.273057000000 2.356943000000 0
-0.282507000000 0.101735000000 2.537235000000 0
-0.499557000000 -0.124203000000 2.462818000000 0
-0.104433000000 -0.108528000000 2.387776000000 0
-0.280195000000 -0.101548000000 2.543181000000 0
-0.535246000000 -0.041571000000 2.524285000000 0
-0.068786000000 -0.016833000000 2.371555000000 0
-0.572483000000 -0.300964000000 2.416424000000 0
-0.086265000000 -0.276981000000 2.260547000000 0
-0.579031000000 -0.368509000000 2.427155000000 0
-0.080476000000 -0.345400000000 2.262934000000 0
-0.392601000000 -0.622552000000 2.490646000000 0
-0.184566000000 -0.612497000000 2.476474000000 0
-0.399566000000 -1.009448000000 2.574780000000 0
-0.191418000000 -0.994253000000 2.581501000000 0
-0.429853000000 -1.043879000000 2.413940000000 0
-0.218457000000 -1.037583000000 2.422241000000 0
-0.325987000000 0.526649000000 2.337707000000 0
