-0.486003000000 0.220718000000 2.493503000000 0
-0.129127000000 0.245295000000 2.453061000000 0
-0.321194000000 0.285932000000 2.385176000000 0
-0.289278000000 0.096485000000 2.551684000000 0
-0.498093000000 -0.131829000000 2.452186000000 0
-0.097888000000 -0.097452000000 2.426610000000 0
-0.291279000000 -0.103425000000 2.559484000000 0
-0.540806000000 -0.038676000000 2.432313000000 0
-0.043974000000 -0.013123000000 2.454231000000 0
-0.485409000000 -0.306534000000 2.341857000000 0
0.066095000000 -0.273158000000 2.397086000000 0
-0.480529000000 -0.350663000000 2.289424000000 0
0.102088000000 -0.331537000000 2.392982000000 0
-0.389469000000 -0.624771000000 2.492069000000 0
-0.177457000000 -0.609463000000 2.474666000000 0
-0.400264000000 -1.011866000000 2.574876000000 0
-0.207289000000 -0.993751000000 2.565488000000 0
-0.409805000000 -1.046541000000 2.411538000000 0
-0.217452000000 -1.031400000000 2.402848000000 0
-0.326086000000 0.521955000000 2.356236000000 0
-0.486949000000 0.222484000000 2.488074000000 0
-0.128835000000 0.245005000000 2.458970000000 0
-0.318413000000 0.286510000000 2.384897000000 0
-0.292870000000 0.097332000000 2.552804000000 0
-0.498108000000 -0.131345000000 2.444131000000 0
-0.097620000000 -0.094784000000 2.427617000000 0
-0.293802000000 -0.103217000000 2.556198000000 0
-0.537821000000 -0.037918000000 2.422942000000 0
-0.053569000000 -0.016133000000 2.486924000000 0
-0.488172000000 -0.290790000000 2.291531000000 0
0.071445000000 -0.272176000000 2.437008000000 0
-0.461795000000 -0.350712000000 2.270696000000 0
0.072118000000 -0.339992000000 2.448002000000 0
-0.391523000000 -0.623243000000 2.489090000000 0
-0.178243000000 -0.607163000000 2.475671000000 0
-0.406602000000 -1.011084000000 2.567627000000 0
-0.200067000000 -0.991041000000 2.570420000000 0
-0.412169000000 -1.044051000000 2.403753000000 0
-0.208463000000 -1.030618000000 2.408137000000 0
-0.322916000000 0.522303000000 2.354435000000 0
-0.482697000000 0.224820000000 2.475751000000 0
-0.123227000000 0.240225000000 2.463761000000 0
-0.308159000000 0.283781000000 2.379784000000 0
-0.294423000000 0.097387000000 2.552127000000 0
-0.494390000000 -0.132859000000 2.444845000000 0
-0.093770000000 -0.096778000000 2.430648000000 0
-0.290540000000 -0.106727000000 2.558218000000 0
-0.532756000000 -0.037607000000 2.413297000000 0
-0.049518000000 -0.020887000000 2.504529000000 0
-0.485623000000 -0.288110000000 2.273951000000 0
0.054402000000 -0.289541000000 2.466896000000 0
-0.441107000000 -0.339072000000 2.262045000000 0
0.046773000000 -0.357136000000 2.476547000000 0
-0.391950000000 -0.624589000000 2.490919000000 0
-0.174921000000 -0.609157000000 2.476212000000 0
-0.395378000000 -1.010422000000 2.580007000000 0
-0.201352000000 -0.991923000000 2.574230000000 0
-0.400966000000 -1.047982000000 2.417125000000 0
-0.207186000000 -1.033010000000 2.412210000000 0
-0.316660000000 0.523833000000 2.355289000000 0
-0.481086000000 0.222242000000 2.474697000000 0
-0.121833000000 0.243784000000 2.466150000000 0
-0.306690000000 0.284623000000 2.380655000000 0
-0.291396000000 0.097633000000 2.552219000000 0
-0.497028000000 -0.134718000000 2.442222000000 0
-0.096686000000 -0.094587000000 2.431442000000 0
-0.294563000000 -0.105195000000 2.557234000000 0
-0.532494000000 -0.039874000000 2.410344000000 0
-0.051080000000 -0.019407000000 2.500972000000 0
-0.483692000000 -0.294277000000 2.277950000000 0
0.036133000000 -0.292774000000 2.453066000000 0
-0.456050000000 -0.356917000000 2.283651000000 0
0.037272000000 -0.358634000000 2.472600000000 0
-0.390711000000 -0.625066000000 2.492425000000 0
-0.175699000000 -0.607979000000 2.476194000000 0
-0.401183000000 -1.012581000000 2.573281000000 0
-0.200499000000 -0.991676000000 2.570945000000 0
-0.404289000000 -1.046656000000 2.409569000000 0
-0.207100000000 -1.031339000000 2.408600000000 0
-0.311724000000 0.522950000000 2.356371000000 0
-0.476422000000 0.221573000000 2.455049000000 0
-0.117601000000 0.241702000000 2.476084000000 0
-0.294471000000 0.281369000000 2.374629000000 0
-0.294504000000 0.097970000000 2.550693000000 0
-0.486280000000 -0.130991000000 2.431308000000 0
-0.085764000000 -0.098148000000 2.453846000000 0
-0.293408000000 -0.107080000000 2.562913000000 0
-0.531855000000 -0.045861000000 2.420733000000 0
-0.041068000000 -0.022491000000 2.486865000000 0
-0.487837000000 -0.306275000000 2.297466000000 0
0.018552000000 -0.301938000000 2.429398000000 0
-0.479269000000 -0.362752000000 2.335641000000 0
0.027945000000 -0.364328000000 2.456595000000 0
-0.394132000000 -0.622649000000 2.492262000000 0
-0.173028000000 -0.611217000000 2.472127000000 0
-0.402472000000 -1.010729000000 2.570620000000 0
-0.202905000000 -0.989941000000 2.583894000000 0
-0.392865000000 -1.043975000000 2.406989000000 0
-0.194143000000 -1.037851000000 2.423893000000 0
-0.306639000000 0.521634000000 2.347613000000 0
-0.477149000000 0.220510000000 2.449409000000 0
-0.118216000000 0.241099000000 2.467938000000 0
-0.295452000000 0.275907000000 2.365345000000 0
-0.295004000000 0.101573000000 2.550389000000 0
-0.486714000000 -0.132374000000 2.443670000000 0
-0.085986000000 -0.100256000000 2.463290000000 0
-0.292851000000 -0.108743000000 2.573862000000 0
-0.532567000000 -0.048717000000 2.433896000000 0
-0.042786000000 -0.023315000000 2.454139000000 0
-0.498949000000 -0.319234000000 2.330627000000 0
-0.020939000000 -0.298536000000 2.360594000000 0
-0.498592000000 -0.375933000000 2.291826000000 0
0.025556000000 -0.345918000000 2.342887000000 0
-0.395886000000 -0.626814000000 2.474725000000 0
-0.163140000000 -0.613146000000 2.461610000000 0
-0.400780000000 -1.011365000000 2.569132000000 0
-0.203890000000 -0.993326000000 2.564656000000 0
-0.396275000000 -1.051280000000 2.406777000000 0
-0.186487000000 -1.038577000000 2.404588000000 0
-0.298982000000 0.505468000000 2.313974000000 0
-0.476910000000 0.213669000000 2.447651000000 0
-0.117419000000 0.225869000000 2.432906000000 0
-0.302316000000 0.253015000000 2.342209000000 0
-0.288823000000 0.102723000000 2.546815000000 0
-0.481912000000 -0.130193000000 2.477341000000 0
-0.080199000000 -0.112819000000 2.459343000000 0
-0.276085000000 -0.111814000000 2.588645000000 0
-0.530914000000 -0.057071000000 2.443881000000 0
-0.048194000000 -0.040767000000 2.414366000000 0
-0.514635000000 -0.334463000000 2.353044000000 0
-0.045930000000 -0.314686000000 2.312257000000 0
-0.529335000000 -0.391151000000 2.317115000000 0
-0.010996000000 -0.366236000000 2.283229000000 0
-0.403171000000 -0.627673000000 2.449568000000 0
-0.151469000000 -0.620449000000 2.447303000000 0
-0.401059000000 -1.004827000000 2.570256000000 0
-0.203425000000 -0.991754000000 2.574775000000 0
-0.418668000000 -1.055607000000 2.411877000000 0
-0.189636000000 -1.047599000000 2.417727000000 0
-0.293647000000 0.479360000000 2.267737000000 0
-0.478638000000 0.187648000000 2.443164000000 0
-0.120990000000 0.182745000000 2.402373000000 0
-0.310966000000 0.208002000000 2.322245000000 0
-0.287815000000 0.079910000000 2.540626000000 0
-0.483227000000 -0.149628000000 2.512540000000 0
-0.084130000000 -0.141245000000 2.461052000000 0
-0.268798000000 -0.126684000000 2.605195000000 0
-0.528392000000 -0.085441000000 2.461078000000 0
-0.072127000000 -0.089609000000 2.373918000000 0
-0.541653000000 -0.369668000000 2.385028000000 0
-0.084152000000 -0.360795000000 2.259645000000 0
-0.542700000000 -0.435164000000 2.364300000000 0
-0.060947000000 -0.415533000000 2.225211000000 0
-0.408804000000 -0.637330000000 2.414178000000 0
-0.140622000000 -0.639549000000 2.424874000000 0
-0.397313000000 -1.000756000000 2.571037000000 0
-0.203645000000 -1.001320000000 2.573081000000 0
-0.426704000000 -1.066785000000 2.420209000000 0
-0.182758000000 -1.067330000000 2.420835000000 0
-0.287683000000 0.418132000000 2.212774000000 0
-0.481120000000 0.100236000000 2.434132000000 0
-0.133808000000 0.073958000000 2.343120000000 0
-0.333499000000 0.090396000000 2.288323000000 0
-0.278661000000 0.006268000000 2.521880000000 0
-0.499339000000 -0.239307000000 2.578675000000 0
-0.120829000000 -0.203492000000 2.446587000000 0
-0.274900000000 -0.186714000000 2.622859000000 0
-0.542653000000 -0.171649000000 2.484464000000 0
-0.109561000000 -0.206253000000 2.309429000000 0
-0.571447000000 -0.467773000000 2.446514000000 0
-0.163396000000 -0.484738000000 2.211927000000 0
-0.560788000000 -0.533100000000 2.428098000000 0
-0.158219000000 -0.541282000000 2.173245000000 0
-0.420650000000 -0.680938000000 2.379644000000 0
-0.125200000000 -0.683804000000 2.377940000000 0
-0.391686000000 -1.020506000000 2.581315000000 0
-0.201242000000 -1.014455000000 2.582154000000 0
-0.423989000000 -1.106330000000 2.441446000000 0
-0.158169000000 -1.106431000000 2.449272000000 0
-0.284241000000 0.290256000000 2.148396000000 0
-0.476242000000 0.031484000000 2.434391000000 0
-0.144590000000 -0.014151000000 2.302011000000 0
-0.350044000000 -0.003746000000 2.273201000000 0
-0.262925000000 -0.050210000000 2.507477000000 0
-0.485545000000 -0.294702000000 2.619461000000 0
-0.131531000000 -0.279196000000 2.428585000000 0
-0.254757000000 -0.252536000000 2.626565000000 0
-0.549897000000 -0.234632000000 2.510036000000 0
-0.139973000000 -0.299894000000 2.284836000000 0
-0.591991000000 -0.534573000000 2.497597000000 0
-0.204197000000 -0.588452000000 2.217748000000 0
-0.586660000000 -0.602452000000 2.488404000000 0
-0.199837000000 -0.650052000000 2.187634000000 0
-0.429668000000 -0.715056000000 2.363025000000 0
-0.105127000000 -0.744692000000 2.366804000000 0
-0.388201000000 -1.033769000000 2.594367000000 0
-0.214204000000 -1.040272000000 2.606701000000 0
-0.420638000000 -1.132893000000 2.463620000000 0
-0.153442000000 -1.151371000000 2.497442000000 0
-0.278256000000 0.210196000000 2.124293000000 0
-0.473361000000 -0.032074000000 2.446536000000 0
-0.157552000000 -0.093315000000 2.284937000000 0
-0.364702000000 -0.080558000000 2.276265000000 0
-0.254891000000 -0.113172000000 2.503227000000 0
-0.464968000000 -0.347973000000 2.623790000000 0
-0.135354000000 -0.344811000000 2.392826000000 0
-0.233031000000 -0.317564000000 2.604506000000 0
-0.557086000000 -0.288503000000 2.548333000000 0
-0.168680000000 -0.381207000000 2.273864000000 0
-0.615767000000 -0.588082000000 2.550611000000 0
-0.227593000000 -0.678003000000 2.233396000000 0
-0.628892000000 -0.655517000000 2.551413000000 0
-0.220772000000 -0.744255000000 2.216529000000 0
-0.450243000000 -0.731745000000 2.311429000000 0
-0.094751000000 -0.808578000000 2.347414000000 0
-0.381995000000 -0.994758000000 2.599495000000 0
-0.222115000000 -1.051041000000 2.633432000000 0
-0.418175000000 -1.119523000000 2.494153000000 0
-0.160488000000 -1.182098000000 2.549775000000 0
-0.283464000000 0.124054000000 2.109919000000 0
-0.471761000000 -0.099165000000 2.456602000000 0
-0.172699000000 -0.164094000000 2.267008000000 0
-0.379786000000 -0.152154000000 2.278046000000 0
-0.248400000000 -0.178028000000 2.494153000000 0
-0.448608000000 -0.439439000000 2.615716000000 0
-0.159011000000 -0.412496000000 2.337495000000 0
-0.222602000000 -0.403917000000 2.563269000000 0
-0.564163000000 -0.337323000000 2.585189000000 0
-0.188267000000 -0.449390000000 2.279490000000 0
-0.645024000000 -0.629115000000 2.589225000000 0
-0.250220000000 -0.745481000000 2.265742000000 0
-0.663871000000 -0.695160000000 2.591030000000 0
-0.254384000000 -0.814006000000 2.263021000000 0
-0.470449000000 -0.787700000000 2.261504000000 0
-0.114633000000 -0.907628000000 2.390835000000 0
-0.371753000000 -0.955544000000 2.606328000000 0
-0.249264000000 -1.099712000000 2.709887000000 0
-0.407165000000 -1.106276000000 2.543094000000 0
-0.187536000000 -1.243013000000 2.649660000000 0
-0.272912000000 0.023110000000 2.091026000000 0
-0.480772000000 -0.113195000000 2.464889000000 0
-0.172997000000 -0.173344000000 2.288093000000 0
-0.379705000000 -0.152818000000 2.287787000000 0
-0.263704000000 -0.205745000000 2.507733000000 0
-0.459472000000 -0.496889000000 2.574528000000 0
-0.155280000000 -0.448819000000 2.315382000000 0
-0.230889000000 -0.458678000000 2.537368000000 0
-0.568151000000 -0.358261000000 2.580305000000 0
-0.196228000000 -0.454948000000 2.253851000000 0
-0.647992000000 -0.648105000000 2.559318000000 0
-0.264083000000 -0.748534000000 2.259120000000 0
-0.666471000000 -0.714111000000 2.554614000000 0
-0.291287000000 -0.810959000000 2.249981000000 0
-0.407265000000 -0.810406000000 2.175850000000 0
-0.147749000000 -0.952847000000 2.454196000000 0
-0.346133000000 -0.999298000000 2.518485000000 0
-0.272787000000 -1.137443000000 2.781466000000 0
-0.355268000000 -1.146230000000 2.439112000000 0
-0.228106000000 -1.284529000000 2.715573000000 0
-0.259440000000 0.004933000000 2.107627000000 0
-0.503619000000 -0.124410000000 2.466529000000 0
-0.178875000000 -0.139181000000 2.311857000000 0
-0.385982000000 -0.138300000000 2.295888000000 0
-0.282156000000 -0.199537000000 2.519727000000 0
-0.480006000000 -0.508514000000 2.548429000000 0
-0.150141000000 -0.433819000000 2.330234000000 0
-0.250298000000 -0.460903000000 2.540772000000 0
-0.575545000000 -0.387185000000 2.546485000000 0
-0.140812000000 -0.417993000000 2.274015000000 0
-0.631401000000 -0.661099000000 2.435889000000 0
-0.274243000000 -0.685096000000 2.238913000000 0
-0.644465000000 -0.724127000000 2.411865000000 0
-0.297275000000 -0.748152000000 2.224284000000 0
-0.374949000000 -0.970410000000 2.356452000000 0
-0.143665000000 -0.942301000000 2.461474000000 0
-0.372431000000 -1.366374000000 2.351719000000 0
-0.269957000000 -1.136634000000 2.782567000000 0
-0.458626000000 -1.365209000000 2.208395000000 0
-0.224045000000 -1.281585000000 2.712898000000 0
-0.271574000000 0.051138000000 2.142347000000 0
-0.485971000000 -0.022075000000 2.431695000000 0
-0.140699000000 -0.052697000000 2.334483000000 0
-0.341142000000 -0.034018000000 2.283265000000 0
-0.283081000000 -0.118233000000 2.516011000000 0
-0.495082000000 -0.405235000000 2.574861000000 0
-0.130607000000 -0.334548000000 2.419420000000 0
-0.262906000000 -0.389323000000 2.605399000000 0
-0.555973000000 -0.293587000000 2.441931000000 0
-0.125461000000 -0.331446000000 2.362609000000 0
-0.552440000000 -0.545342000000 2.284243000000 0
-0.259542000000 -0.486157000000 2.147330000000 0
-0.551422000000 -0.603125000000 2.247088000000 0
-0.284810000000 -0.539997000000 2.112931000000 0
-0.426386000000 -0.883345000000 2.466475000000 0
-0.130811000000 -0.843977000000 2.407379000000 0
-0.425884000000 -1.279321000000 2.470767000000 0
-0.238635000000 -1.081290000000 2.705493000000 0
-0.497396000000 -1.281050000000 2.319586000000 0
-0.183714000000 -1.213966000000 2.619741000000 0
-0.262765000000 0.190806000000 2.166459000000 0
-0.481308000000 0.053854000000 2.420774000000 0
-0.128632000000 0.021346000000 2.356252000000 0
-0.323061000000 0.043606000000 2.286601000000 0
-0.288365000000 -0.046653000000 2.521725000000 0
-0.504234000000 -0.302651000000 2.559880000000 0
-0.117279000000 -0.266111000000 2.455332000000 0
-0.280896000000 -0.268720000000 2.623600000000 0
-0.541409000000 -0.209881000000 2.371916000000 0
-0.085703000000 -0.247256000000 2.395816000000 0
-0.484732000000 -0.429518000000 2.189561000000 0
-0.162773000000 -0.255126000000 2.115273000000 0
-0.471103000000 -0.481333000000 2.146551000000 0
-0.196250000000 -0.275736000000 2.058927000000 0
-0.429741000000 -0.752273000000 2.362500000000 0
-0.118082000000 -0.743083000000 2.352880000000 0
-0.405324000000 -1.122831000000 2.500002000000 0
-0.209328000000 -1.027769000000 2.612579000000 0
-0.444206000000 -1.181667000000 2.348347000000 0
-0.156564000000 -1.143628000000 2.504112000000 0
-0.275757000000 0.295134000000 2.199728000000 0
-0.476270000000 0.131053000000 2.406802000000 0
-0.117026000000 0.108552000000 2.400684000000 0
-0.297463000000 0.134687000000 2.301141000000 0
-0.300486000000 0.024174000000 2.530076000000 0
-0.501134000000 -0.233220000000 2.499475000000 0
-0.100081000000 -0.209433000000 2.475176000000 0
-0.295475000000 -0.189062000000 2.603619000000 0
-0.527392000000 -0.119401000000 2.313866000000 0
-0.082219000000 -0.159265000000 2.368438000000 0
-0.446692000000 -0.286421000000 2.093574000000 0
-0.092130000000 -0.013844000000 2.120061000000 0
-0.444459000000 -0.353728000000 2.107184000000 0
-0.053660000000 0.027439000000 2.080867000000 0
-0.428146000000 -0.695216000000 2.366382000000 0
-0.124015000000 -0.684239000000 2.368922000000 0
-0.401721000000 -0.984513000000 2.635501000000 0
-0.195375000000 -1.005081000000 2.589792000000 0
-0.426903000000 -1.098358000000 2.515593000000 0
-0.147589000000 -1.103040000000 2.462933000000 0
-0.282301000000 0.398896000000 2.261231000000 0
-0.476948000000 0.199450000000 2.397499000000 0
-0.120608000000 0.183794000000 2.446244000000 0
-0.284043000000 0.219445000000 2.323088000000 0
-0.318884000000 0.080624000000 2.533204000000 0
-0.490652000000 -0.173668000000 2.434016000000 0
-0.091589000000 -0.146183000000 2.478661000000 0
-0.306139000000 -0.130688000000 2.572575000000 0
-0.517714000000 -0.017806000000 2.242520000000 0
-0.039268000000 -0.023787000000 2.294013000000 0
-0.450427000000 -0.164017000000 2.006297000000 0
-0.025285000000 0.261532000000 2.283790000000 0
-0.397785000000 -0.208094000000 2.008841000000 0
0.000870000000 0.324471000000 2.292450000000 0
-0.432702000000 -0.657549000000 2.397178000000 0
-0.142311000000 -0.642556000000 2.403420000000 0
-0.387760000000 -0.999515000000 2.591743000000 0
-0.190511000000 -0.995149000000 2.577117000000 0
-0.415878000000 -1.083822000000 2.450059000000 0
-0.149977000000 -1.071281000000 2.433823000000 0
-0.288946000000 0.492729000000 2.328592000000 0
-0.478167000000 0.218793000000 2.393736000000 0
-0.124526000000 0.213767000000 2.460911000000 0
-0.282415000000 0.246287000000 2.329904000000 0
-0.323541000000 0.102761000000 2.535677000000 0
-0.491150000000 -0.150047000000 2.406748000000 0
-0.095323000000 -0.124815000000 2.475188000000 0
-0.314827000000 -0.115621000000 2.557799000000 0
-0.521964000000 0.031134000000 2.211561000000 0
-0.007496000000 0.084651000000 2.261023000000 0
-0.461911000000 -0.115462000000 1.979739000000 0
-0.032641000000 0.351264000000 2.345425000000 0
-0.407952000000 -0.157735000000 1.975062000000 0
-0.048214000000 0.409043000000 2.379180000000 0
-0.415113000000 -0.644970000000 2.431791000000 0
-0.158558000000 -0.630144000000 2.424734000000 0
-0.398004000000 -1.007088000000 2.591143000000 0
-0.188827000000 -0.989857000000 2.587541000000 0
-0.392292000000 -1.074188000000 2.438050000000 0
-0.150803000000 -1.059659000000 2.440387000000 0
-0.289900000000 0.526526000000 2.371014000000 0
-0.485194000000 0.236353000000 2.402378000000 0
-0.132190000000 0.232068000000 2.463824000000 0
-0.290956000000 0.273477000000 2.338794000000 0
-0.326363000000 0.110711000000 2.530855000000 0
-0.491525000000 -0.133052000000 2.396430000000 0
-0.095410000000 -0.105023000000 2.462060000000 0
-0.314151000000 -0.102777000000 2.547140000000 0
-0.527658000000 0.062775000000 2.211720000000 0
0.048210000000 0.225278000000 2.274899000000 0
-0.492568000000 -0.075822000000 1.974841000000 0
-0.085571000000 0.427857000000 2.407627000000 0
-0.446096000000 -0.125179000000 1.963673000000 0
-0.097368000000 0.467901000000 2.462195000000 0
-0.398374000000 -0.628222000000 2.453877000000 0
-0.167243000000 -0.615682000000 2.447129000000 0
-0.405048000000 -1.008014000000 2.565811000000 0
-0.188512000000 -0.986347000000 2.584864000000 0
-0.381993000000 -1.055217000000 2.407025000000 0
-0.154653000000 -1.045101000000 2.431977000000 0
-0.297841000000 0.544214000000 2.403956000000 0
-0.501008000000 0.234016000000 2.417764000000 0
-0.149206000000 0.237841000000 2.441556000000 0
-0.315539000000 0.279233000000 2.335872000000 0
-0.326396000000 0.108423000000 2.523860000000 0
-0.491355000000 -0.126557000000 2.409051000000 0
-0.090597000000 -0.094803000000 2.428665000000 0
-0.298282000000 -0.092058000000 2.537985000000 0
-0.542360000000 0.054432000000 2.236565000000 0
0.017553000000 0.320072000000 2.262048000000 0
-0.527086000000 -0.075327000000 1.996123000000 0
-0.116057000000 0.494421000000 2.425247000000 0
-0.478635000000 -0.117261000000 1.971335000000 0
-0.149569000000 0.474428000000 2.481795000000 0
-0.391928000000 -0.619691000000 2.465516000000 0
-0.166744000000 -0.605950000000 2.461469000000 0
-0.400044000000 -1.002141000000 2.567899000000 0
-0.191961000000 -0.982744000000 2.580658000000 0
-0.393066000000 -1.045492000000 2.406516000000 0
-0.175599000000 -1.033939000000 2.422279000000 0
-0.298576000000 0.549746000000 2.409208000000 0
-0.500994000000 0.233352000000 2.452617000000 0
-0.148725000000 0.245385000000 2.419856000000 0
-0.332056000000 0.283211000000 2.342511000000 0
-0.308889000000 0.111494000000 2.528548000000 0
-0.493544000000 -0.124264000000 2.431467000000 0
-0.092787000000 -0.094251000000 2.409271000000 0
-0.287910000000 -0.091192000000 2.539689000000 0
-0.525958000000 0.045096000000 2.276681000000 0
-0.010884000000 0.315337000000 2.212193000000 0
-0.520015000000 -0.076601000000 2.031146000000 0
-0.138411000000 0.523088000000 2.337531000000 0
-0.493837000000 -0.135259000000 2.006766000000 0
-0.113034000000 0.553464000000 2.393690000000 0
-0.388248000000 -0.618856000000 2.466861000000 0
-0.166015000000 -0.604069000000 2.463173000000 0
-0.400053000000 -1.000202000000 2.572934000000 0
-0.192730000000 -0.981254000000 2.580788000000 0
-0.409189000000 -1.044693000000 2.411969000000 0
-0.192184000000 -1.031078000000 2.421132000000 0
-0.310714000000 0.552355000000 2.426403000000 0
-0.503073000000 0.225671000000 2.478237000000 0
-0.156281000000 0.239139000000 2.420327000000 0
-0.342626000000 0.280197000000 2.358100000000 0
-0.306198000000 0.100801000000 2.534519000000 0
-0.490846000000 -0.123664000000 2.448228000000 0
-0.092784000000 -0.099379000000 2.393859000000 0
-0.276777000000 -0.092929000000 2.539448000000 0
-0.527816000000 0.030167000000 2.312808000000 0
-0.079134000000 0.339231000000 2.196204000000 0
-0.526825000000 -0.099080000000 2.072989000000 0
-0.145942000000 0.602441000000 2.218005000000 0
-0.494998000000 -0.156523000000 2.052794000000 0
-0.163769000000 0.668388000000 2.225331000000 0
-0.386598000000 -0.620140000000 2.470858000000 0
-0.168091000000 -0.606671000000 2.467799000000 0
-0.400537000000 -1.000673000000 2.579560000000 0
-0.191436000000 -0.985767000000 2.579855000000 0
-0.422227000000 -1.045488000000 2.419893000000 0
-0.206326000000 -1.032144000000 2.419855000000 0
-0.324843000000 0.543210000000 2.433424000000 0
-0.510463000000 0.208249000000 2.522105000000 0
-0.180087000000 0.237532000000 2.408871000000 0
-0.374312000000 0.271771000000 2.378657000000 0
-0.302232000000 0.090964000000 2.542202000000 0
-0.482591000000 -0.120302000000 2.495360000000 0
-0.103435000000 -0.112714000000 2.360518000000 0
-0.253242000000 -0.099515000000 2.540726000000 0
-0.543334000000 0.008459000000 2.358319000000 0
-0.113940000000 0.370667000000 2.195043000000 0
-0.540880000000 -0.162844000000 2.142250000000 0
-0.164013000000 0.573460000000 2.015031000000 0
-0.507589000000 -0.222200000000 2.132816000000 0
-0.217664000000 0.590140000000 1.975487000000 0
-0.383254000000 -0.622409000000 2.480681000000 0
-0.168374000000 -0.611569000000 2.479120000000 0
-0.399995000000 -1.006186000000 2.576861000000 0
-0.190066000000 -0.994580000000 2.577344000000 0
-0.452878000000 -1.042584000000 2.422423000000 0
-0.240198000000 -1.031546000000 2.422126000000 0
-0.327487000000 0.536878000000 2.408936000000 0
-0.504039000000 0.200446000000 2.544116000000 0
-0.181908000000 0.241305000000 2.404835000000 0
-0.381281000000 0.270940000000 2.392094000000 0
-0.292151000000 0.088094000000 2.544596000000 0
-0.481386000000 -0.119739000000 2.511373000000 0
-0.112228000000 -0.115858000000 2.351038000000 0
-0.249274000000 -0.101426000000 2.541042000000 0
-0.554372000000 -0.006860000000 2.393225000000 0
-0.114102000000 0.351263000000 2.177704000000 0
-0.572629000000 -0.211839000000 2.208304000000 0
-0.158740000000 0.501918000000 1.949984000000 0
-0.533606000000 -0.266559000000 2.194046000000 0
-0.199164000000 0.506521000000 1.894621000000 0
-0.381786000000 -0.623154000000 2.482721000000 0
-0.169690000000 -0.612037000000 2.482705000000 0
-0.401067000000 -1.007036000000 2.578002000000 0
-0.191357000000 -0.996595000000 2.574691000000 0
-0.462795000000 -1.041554000000 2.426441000000 0
-0.252596000000 -1.029529000000 2.422580000000 0
-0.324467000000 0.530097000000 2.396861000000 0
-0.469643000000 0.248683000000 2.534450000000 0
-0.143311000000 0.225391000000 2.404721000000 0
-0.332941000000 0.287702000000 2.382992000000 0
-0.280383000000 0.102048000000 2.548533000000 0
-0.481529000000 -0.110906000000 2.513291000000 0
-0.111968000000 -0.113559000000 2.353862000000 0
-0.249173000000 -0.097386000000 2.543611000000 0
-0.543838000000 0.016871000000 2.433350000000 0
-0.123811000000 0.319012000000 2.159125000000 0
-0.595903000000 -0.219300000000 2.294112000000 0
-0.175162000000 0.466396000000 1.927790000000 0
-0.583328000000 -0.278454000000 2.261506000000 0
-0.219290000000 0.454913000000 1.876396000000 0
-0.381816000000 -0.616308000000 2.483460000000 0
-0.173315000000 -0.608939000000 2.481137000000 0
-0.396580000000 -1.003225000000 2.566483000000 0
-0.190060000000 -0.993256000000 2.575135000000 0
-0.459087000000 -1.033487000000 2.414334000000 0
-0.251825000000 -1.027638000000 2.423558000000 0
-0.346084000000 0.536642000000 2.394984000000 0
-0.461167000000 0.250048000000 2.515193000000 0
-0.113676000000 0.219089000000 2.426360000000 0
-0.304977000000 0.287797000000 2.383554000000 0
-0.279191000000 0.097896000000 2.550606000000 0
-0.487949000000 -0.106090000000 2.481978000000 0
-0.099042000000 -0.117387000000 2.378910000000 0
-0.262387000000 -0.096024000000 2.546102000000 0
-0.552852000000 0.002550000000 2.477491000000 0
-0.089678000000 0.217913000000 2.160831000000 0
-0.612988000000 -0.252258000000 2.371906000000 0
-0.181028000000 0.342560000000 1.924590000000 0
-0.595823000000 -0.311990000000 2.342619000000 0
-0.225229000000 0.327088000000 1.874318000000 0
-0.384145000000 -0.613104000000 2.488702000000 0
-0.177113000000 -0.612951000000 2.480886000000 0
-0.403988000000 -0.999766000000 2.571860000000 0
-0.188657000000 -0.996693000000 2.577969000000 0
-0.444683000000 -1.031876000000 2.412847000000 0
-0.228104000000 -1.035439000000 2.420124000000 0
-0.334239000000 0.531620000000 2.392224000000 0
-0.469554000000 0.235944000000 2.494769000000 0
-0.110958000000 0.223675000000 2.465460000000 0
-0.295391000000 0.286596000000 2.393522000000 0
-0.288986000000 0.089746000000 2.554278000000 0
-0.486303000000 -0.110407000000 2.442707000000 0
-0.085066000000 -0.118709000000 2.412049000000 0
-0.276231000000 -0.098281000000 2.546697000000 0
-0.554917000000 -0.017775000000 2.510024000000 0
-0.060265000000 0.127387000000 2.220405000000 0
-0.609347000000 -0.283213000000 2.425288000000 0
-0.185161000000 0.188296000000 1.972835000000 0
-0.599358000000 -0.349553000000 2.410468000000 0
-0.218260000000 0.179715000000 1.913242000000 0
-0.389070000000 -0.614168000000 2.494243000000 0
-0.175801000000 -0.617368000000 2.481716000000 0
-0.399352000000 -1.002715000000 2.570014000000 0
-0.187461000000 -1.000845000000 2.579823000000 0
-0.412707000000 -1.034285000000 2.406314000000 0
-0.197122000000 -1.041954000000 2.417992000000 0
-0.328932000000 0.522459000000 2.374791000000 0
-0.484436000000 0.222388000000 2.507594000000 0
-0.131938000000 0.246648000000 2.438629000000 0
-0.328788000000 0.287686000000 2.386519000000 0
-0.283841000000 0.097772000000 2.549449000000 0
-0.492311000000 -0.114420000000 2.458666000000 0
-0.094669000000 -0.110309000000 2.396504000000 0
-0.275162000000 -0.096259000000 2.545890000000 0
-0.546882000000 -0.037812000000 2.529294000000 0
-0.050587000000 0.048005000000 2.277391000000 0
-0.599643000000 -0.307567000000 2.456826000000 0
-0.177788000000 0.000382000000 2.027681000000 0
-0.566544000000 -0.364913000000 2.475165000000 0
-0.204027000000 -0.054146000000 1.995143000000 0
-0.390028000000 -0.615912000000 2.491300000000 0
-0.182379000000 -0.611622000000 2.480945000000 0
-0.398500000000 -1.003346000000 2.572779000000 0
-0.189299000000 -0.995294000000 2.578740000000 0
-0.424129000000 -1.036823000000 2.410931000000 0
-0.212064000000 -1.035833000000 2.418082000000 0
-0.333151000000 0.527752000000 2.369054000000 0
-0.489575000000 0.217844000000 2.517295000000 0
-0.143107000000 0.244896000000 2.423336000000 0
-0.343437000000 0.285049000000 2.385854000000 0
-0.285753000000 0.094218000000 2.543619000000 0
-0.500653000000 -0.125710000000 2.469467000000 0
-0.107664000000 -0.103806000000 2.385329000000 0
-0.280012000000 -0.097952000000 2.544556000000 0
-0.540610000000 -0.044614000000 2.549016000000 0
-0.077477000000 -0.009175000000 2.363041000000 0
-0.576967000000 -0.323282000000 2.501099000000 0
-0.108653000000 -0.219137000000 2.172730000000 0
-0.556604000000 -0.376822000000 2.539037000000 0
-0.089228000000 -0.285034000000 2.173495000000 0
-0.393633000000 -0.622677000000 2.489009000000 0
-0.184770000000 -0.609209000000 2.477784000000 0
-0.400981000000 -1.009261000000 2.574535000000 0
-0.188921000000 -0.991547000000 2.580822000000 0
-0.434942000000 -1.044021000000 2.414501000000 0
-0.223288000000 -1.033790000000 2.422686000000 0
-0.333428000000 0.520009000000 2.352454000000 0
-0.489630000000 0.220786000000 2.512980000000 0
-0.142257000000 0.242983000000 2.421115000000 0
-0.341875000000 0.284894000000 2.381801000000 0
-0.287364000000 0.095248000000 2.542103000000 0
-0.505953000000 -0.130084000000 2.467341000000 0
-0.112714000000 -0.099887000000 2.387023000000 0
-0.286703000000 -0.097526000000 2.544546000000 0
-0.536026000000 -0.043232000000 2.549312000000 0
-0.072857000000 -0.017177000000 2.395053000000 0
-0.572950000000 -0.325941000000 2.521859000000 0
-0.054413000000 -0.284495000000 2.293850000000 0
-0.581479000000 -0.393107000000 2.510180000000 0
-0.045234000000 -0.352565000000 2.292241000000 0
-0.399233000000 -0.624143000000 2.492168000000 0
-0.188364000000 -0.607420000000 2.478477000000 0
-0.397938000000 -1.011785000000 2.573085000000 0
-0.190850000000 -0.989812000000 2.581364000000 0
-0.430837000000 -1.045398000000 2.412585000000 0
-0.227488000000 -1.031989000000 2.423721000000 0
-0.332347000000 0.520628000000 2.349541000000 0
-0.489746000000 0.218827000000 2.501518000000 0
-0.139556000000 0.244692000000 2.422158000000 0
-0.338192000000 0.282319000000 2.374437000000 0
-0.286752000000 0.097414000000 2.541163000000 0
-0.510671000000 -0.131103000000 2.468271000000 0
-0.116913000000 -0.100195000000 2.390819000000 0
-0.292065000000 -0.097994000000 2.547051000000 0
-0.537157000000 -0.045040000000 2.544938000000 0
-0.066895000000 -0.016986000000 2.424217000000 0
-0.574103000000 -0.328685000000 2.515404000000 0
-0.028968000000 -0.299681000000 2.387653000000 0
-0.583107000000 -0.396435000000 2.508384000000 0
-0.029867000000 -0.362794000000 2.414788000000 0
-0.399649000000 -0.625014000000 2.494298000000 0
-0.190661000000 -0.608386000000 2.477461000000 0
-0.397896000000 -1.013143000000 2.572841000000 0
-0.191235000000 -0.990800000000 2.580295000000 0
-0.429216000000 -1.045864000000 2.411841000000 0
-0.225453000000 -1.033265000000 2.422187000000 0
-0.332257000000 0.522841000000 2.346379000000 0
-0.487915000000 0.222191000000 2.493033000000 0
-0.134793000000 0.241402000000 2.425682000000 0
-0.331043000000 0.280681000000 2.370072000000 0
-0.288250000000 0.098911000000 2.542588000000 0
-0.507658000000 -0.127638000000 2.469883000000 0
-0.113256000000 -0.102977000000 2.393475000000 0
-0.288591000000 -0.100001000000 2.549488000000 0
-0.542092000000 -0.043289000000 2.533919000000 0
-0.057110000000 -0.019359000000 2.458169000000 0
-0.573205000000 -0.324637000000 2.470235000000 0
0.001204000000 -0.302705000000 2.435920000000 0
-0.555742000000 -0.388867000000 2.487263000000 0
-0.003067000000 -0.358978000000 2.475106000000 0
-0.400149000000 -0.623789000000 2.492126000000 0
-0.189706000000 -0.610309000000 2.474485000000 0
-0.402267000000 -1.011163000000 2.574298000000 0
-0.192075000000 -0.991800000000 2.580669000000 0
-0.433341000000 -1.045102000000 2.413503000000 0
-0.222659000000 -1.035715000000 2.422211000000 0
-0.335652000000 0.521500000000 2.343100000000 0
-0.486883000000 0.221103000000 2.493019000000 0
-0.133030000000 0.239181000000 2.429291000000 0
-0.328517000000 0.280264000000 2.372314000000 0
-0.288385000000 0.096085000000 2.542905000000 0
-0.509264000000 -0.130641000000 2.467205000000 0
-0.114290000000 -0.103084000000 2.394842000000 0
-0.291160000000 -0.102207000000 2.549140000000 0
-0.542345000000 -0.045209000000 2.525404000000 0
-0.056801000000 -0.021249000000 2.466868000000 0
-0.575621000000 -0.318886000000 2.435242000000 0
0.004758000000 -0.302288000000 2.429944000000 0
-0.584044000000 -0.383661000000 2.413942000000 0
-0.000051000000 -0.369445000000 2.443628000000 0
-0.397560000000 -0.625816000000 2.492788000000 0
-0.189282000000 -0.610477000000 2.479120000000 0
-0.398153000000 -1.012918000000 2.576261000000 0
-0.190840000000 -0.992989000000 2.581583000000 0
-0.427128000000 -1.047597000000 2.415232000000 0
-0.220008000000 -1.035490000000 2.422475000000 0
-0.335188000000 0.516805000000 2.335800000000 0
