0.273918243402 0.948220397718 0.625428833361 0
-0.046971679232 0.952001648041 0.626878901210 0
0.102080262809 0.946501878535 0.626072140906 0
0.101974061195 0.797639548137 0.617829620102 0
0.170770226680 0.591629688239 0.671592809413 0
0.048185676461 0.592266933017 0.683383914925 0
0.106587777778 0.653674074074 0.635537037037 0
0.257426404276 0.779345706165 0.627378834174 0
-0.037761617554 0.791921629068 0.576973543158 0
0.274814197423 0.656933664600 0.657793251377 0
-0.035951985776 0.683607042763 0.636159889645 0
0.293944216929 0.561963477710 0.688920943002 0
-0.039469763344 0.602242124451 0.701270010668 0
0.171078761667 0.344229375415 0.685839552332 0
0.038688616349 0.351132925698 0.672064245233 0
0.203488198705 0.021627379429 0.669932610074 0
-0.002883916294 0.035729917238 0.695474111427 0
0.205641489217 0.032918817691 0.721211124492 0
0.002151366789 0.052851248731 0.740400372741 0
0.103977559429 1.060732183192 0.633907012859 0
0.273538640182 0.948255218831 0.624552976415 0
-0.047342587456 0.951823739660 0.627593767017 0
0.101707149335 0.946422734934 0.626049466711 0
0.101638267811 0.797556735461 0.617899248758 0
0.170874599133 0.591649929163 0.671426771968 0
0.048372975691 0.592190177494 0.684054859251 0
0.106394444444 0.653618518519 0.635774074074 0
0.257316232109 0.779352361980 0.626314547245 0
-0.037594962477 0.792410759173 0.575695135706 0
0.274978222830 0.657033278212 0.656944204026 0
-0.035781492544 0.685490269127 0.637364156449 0
0.294380851499 0.562137821478 0.688149851695 0
-0.039312151725 0.605862478964 0.704486190628 0
0.171434547343 0.344262989950 0.685896340999 0
0.038841988043 0.351080048340 0.672264844333 0
0.203506407178 0.021498275771 0.670019347775 0
-0.002789538406 0.035984841691 0.695475073346 0
0.205713272381 0.032782220012 0.721297234114 0
0.002324950757 0.053234351227 0.740343318742 0
0.103892079515 1.060642035747 0.634011426068 0
0.273121146121 0.947961371319 0.623141224531 0
-0.047723720159 0.951912436888 0.628591349476 0
0.101303717723 0.946333650192 0.625930588222 0
0.101112237948 0.797464147727 0.617924013003 0
0.170997652085 0.591644319420 0.671272828448 0
0.048581945556 0.592162293047 0.684709148658 0
0.106266666667 0.653566666667 0.635996296296 0
0.257262296641 0.779019239612 0.624365044555 0
-0.037297770113 0.793310345956 0.574391176135 0
0.275168531488 0.656834900263 0.655388165220 0
-0.035306341844 0.688464048960 0.639519021208 0
0.294820108842 0.562081282063 0.686863140049 0
-0.038780171384 0.611259772623 0.709326589601 0
0.171719575755 0.344271590779 0.685976284309 0
0.038944342730 0.351079176387 0.672462270211 0
0.203512050151 0.021359565354 0.670062463594 0
-0.002731069573 0.036105305153 0.695520262111 0
0.205781285258 0.032711752989 0.721322561984 0
0.002404555131 0.053354431538 0.740386240551 0
0.103949988831 1.060543822575 0.633983006233 0
0.273046892545 0.947693754330 0.621652039480 0
-0.047744793704 0.952023548026 0.629442413005 0
0.101252632480 0.946268776717 0.625696835505 0
0.100850053219 0.797395204267 0.617837005244 0
0.171110810648 0.591664512911 0.670994572149 0
0.048790758507 0.592106194027 0.685278057877 0
0.106096296296 0.653533333333 0.636148148148 0
0.257358325548 0.778735576426 0.622855240487 0
-0.036892610542 0.794322354274 0.572754265369 0
0.275564586594 0.656717692406 0.654355210051 0
-0.034396157853 0.692472538312 0.642458861320 0
0.295404295631 0.562110182678 0.686175038745 0
-0.037701804409 0.618157344494 0.715433597426 0
0.172113623717 0.344310283983 0.685989886762 0
0.039040234217 0.351050228700 0.672593917603 0
0.203546425644 0.021221478675 0.670131131494 0
-0.002660114874 0.036250500929 0.695494179454 0
0.205874008819 0.032561990782 0.721391198025 0
0.002515257675 0.053512906013 0.740350482391 0
0.103863062858 1.060472842494 0.633864088310 0
0.273097494943 0.947305889257 0.619861883083 0
-0.047607888748 0.952216107755 0.630382796779 0
0.101341708514 0.946191637261 0.625372509000 0
0.100637160891 0.797312251135 0.617698496439 0
0.171245126217 0.591691552366 0.670683397295 0
0.049016388995 0.592009032950 0.685731427257 0
0.105948888889 0.653481481481 0.636225925926 0
0.257460393594 0.778346996085 0.621540628979 0
-0.036642642062 0.795127232002 0.572040436933 0
0.276009395977 0.656515424573 0.653557542287 0
-0.033395963111 0.696952635748 0.646803768254 0
0.296086346238 0.562099712404 0.685796811543 0
-0.036508559740 0.625905801337 0.723127871029 0
0.172405700828 0.344348481619 0.685850403700 0
0.039208940284 0.350965744073 0.672851776836 0
0.203563377436 0.021111515332 0.670106582973 0
-0.002600100526 0.036297595607 0.695580400445 0
0.205932367287 0.032438427023 0.721367759682 0
0.002608913250 0.053601315701 0.740416886367 0
0.103843287323 1.060388919825 0.633651832541 0
0.273220755796 0.946947639724 0.617995845727 0
-0.047370917443 0.952512358240 0.631290805543 0
0.101517234253 0.946183853459 0.624994134622 0
0.100493320426 0.797303030671 0.617453931711 0
0.171399422159 0.591734439201 0.670239063596 0
0.049259941067 0.592004013667 0.685996052220 0
0.105880370370 0.653500000000 0.636162962963 0
0.257565418961 0.777997893738 0.620306358156 0
-0.036654576403 0.795726906564 0.572092286558 0
0.276326196098 0.656375191507 0.652987110716 0
-0.032364236177 0.702024377396 0.652340507673 0
0.296690692272 0.562179751145 0.685674487618 0
-0.035212449936 0.635305976581 0.732482780945 0
0.172752213617 0.344415305889 0.685775984661 0
0.039313791224 0.350975172674 0.672953411719 0
0.203603167386 0.021014862918 0.670244816742 0
-0.002568092343 0.036351818705 0.695703909194 0
0.206010954592 0.032451199260 0.721479883355 0
0.002653394165 0.053604531951 0.740558596661 0
0.103978629548 1.060377382065 0.633318300452 0
0.273417756693 0.946516055053 0.615835368096 0
-0.047014157371 0.952938098271 0.632233197497 0
0.101788846966 0.946211296034 0.624500424067 0
0.100372835109 0.797325158915 0.617163447513 0
0.171568753776 0.591797875484 0.669689839234 0
0.049506737691 0.591984715165 0.686037240332 0
0.105846666667 0.653533333333 0.635951851852 0
0.257728927249 0.777578700466 0.618746650284 0
-0.037160362962 0.796288215883 0.572528092557 0
0.276657231122 0.656188709056 0.652187184706 0
-0.031446997961 0.708129403825 0.658747169917 0
0.297277714875 0.562233345651 0.685389260107 0
-0.033770137648 0.647162379587 0.743195892388 0
0.173065183588 0.344497381859 0.685507747236 0
0.039446403477 0.350958422487 0.673035145440 0
0.203664870642 0.020906255574 0.670199986376 0
-0.002562376275 0.036361601379 0.695806511698 0
0.206136463218 0.032340820147 0.721432410115 0
0.002676442669 0.053619176661 0.740657307621 0
0.104465321880 1.060398793322 0.632855284176 0
0.273638725989 0.946111829641 0.613513599698 0
-0.046591109107 0.953457057591 0.633151403553 0
0.102106351910 0.946301417044 0.623918763155 0
0.100259011756 0.797411783422 0.616774694807 0
0.171684396344 0.591911162117 0.668999191285 0
0.049694246140 0.591988977282 0.685875369775 0
0.105768518519 0.653622222222 0.635596296296 0
0.257772099837 0.777202613347 0.617030918783 0
-0.038342626824 0.796324052814 0.574481446828 0
0.276847083552 0.656024028497 0.651148005624 0
-0.031038413733 0.714789705917 0.666878128215 0
0.297650648023 0.562312013015 0.684889481131 0
-0.032341291624 0.660592322711 0.755690279978 0
0.173331943781 0.344639245596 0.685243099400 0
0.039518218737 0.350963449420 0.672949351693 0
0.203681242222 0.020828539248 0.670240437648 0
-0.002622475633 0.036365086504 0.695928960240 0
0.206197905491 0.032255769511 0.721472303645 0
0.002607755258 0.053653873228 0.740768736800 0
0.105419280668 1.060482656474 0.632224832029 0
0.273874400024 0.945537366094 0.610897512541 0
-0.046082343137 0.954087394197 0.634163851403 0
0.102473313412 0.946372175599 0.623251836821 0
0.100097600289 0.797481403794 0.616335905914 0
0.171703576186 0.591961952667 0.668295977606 0
0.049783500950 0.592031069321 0.685671209398 0
0.105652962963 0.653696296296 0.635203703704 0
0.257882206702 0.776659898308 0.615267333462 0
-0.040642305750 0.795542014445 0.579075277043 0
0.276984627175 0.655656366754 0.649985094452 0
-0.031318652982 0.721776396955 0.677614868880 0
0.297881833618 0.562075743494 0.684059657172 0
-0.030907519865 0.674894350639 0.770506446946 0
0.173501366957 0.344715137677 0.684902003279 0
0.039586949976 0.351002046773 0.672826786634 0
0.203672940645 0.020688298245 0.670158592787 0
-0.002620835570 0.036459188069 0.695981168066 0
0.206242234518 0.032176798609 0.721374140889 0
0.002625917744 0.053760900430 0.740814028252 0
0.106454960432 1.060542466192 0.631391149126 0
0.274080751825 0.945094311826 0.608353115612 0
-0.045582587296 0.954651972041 0.635012893414 0
0.102824471521 0.946468726616 0.622532543232 0
0.099991617232 0.797573366485 0.615875844945 0
0.171739996476 0.592038193387 0.667501171950 0
0.049892303000 0.592082783198 0.685377016231 0
0.105545555556 0.653777777778 0.634707407407 0
0.257854189723 0.776272910190 0.613873780408 0
-0.044106772829 0.794032523103 0.586021087290 0
0.276960783535 0.655423859643 0.649123249900 0
-0.032069693630 0.729278216304 0.690425763715 0
0.297871753158 0.561875237259 0.683365948387 0
-0.029393347074 0.691028267564 0.787072319537 0
0.173668430861 0.344826891183 0.684613532002 0
0.039599094484 0.351055234540 0.672582126449 0
0.203702930143 0.020599762800 0.670214048685 0
-0.002625472816 0.036492711954 0.696132799562 0
0.206303541145 0.032083501663 0.721429084008 0
0.002620258479 0.053805918211 0.740961341985 0
0.107627382500 1.060630399265 0.630331041724 0
0.274341994924 0.944258188501 0.605319822543 0
-0.044899700473 0.955540749339 0.636047444319 0
0.103290911577 0.946556520093 0.621687573910 0
0.099760325073 0.797663676709 0.615368446093 0
0.171753486256 0.592112659135 0.666659929952 0
0.049973900765 0.592098135693 0.684994066121 0
0.105415555556 0.653862962963 0.634177777778 0
0.257945746027 0.775481407043 0.611644834057 0
-0.047545166684 0.792608553982 0.595463165375 0
0.277057227960 0.654799182541 0.647458686014 0
-0.032295103502 0.737752274621 0.704992029934 0
0.297835904737 0.561252171553 0.681911849717 0
-0.026930811379 0.709465765978 0.804645894091 0
0.173788381448 0.344926432896 0.684118693441 0
0.039723481594 0.351058328867 0.672397281206 0
0.203729137029 0.020493638858 0.670133944151 0
-0.002599968261 0.036597399246 0.696166640580 0
0.206354416698 0.031965415609 0.721350401700 0
0.002683702945 0.054025772718 0.740946073807 0
0.108993376320 1.060697168263 0.629057676553 0
0.274605058701 0.943492085202 0.602211007534 0
-0.044151907358 0.956443531013 0.637039151893 0
0.103793785711 0.946684451777 0.620784551695 0
0.099575324973 0.797797788811 0.614813981796 0
0.171735149216 0.592229858041 0.665825421916 0
0.050009371302 0.592125041491 0.684513177457 0
0.105271111111 0.653992592593 0.633625925926 0
0.257811561717 0.774783179995 0.609262849210 0
-0.051193004047 0.791372454590 0.606990106010 0
0.276948834171 0.654137605018 0.645186241112 0
-0.032540365734 0.746204099264 0.720349034839 0
0.297666036404 0.560584464944 0.679695507857 0
-0.024140207096 0.727533249802 0.821802982150 0
0.173841461603 0.345072857220 0.683684874773 0
0.039762921136 0.351078810104 0.672036673470 0
0.203745193791 0.020460521345 0.670091627254 0
-0.002591666845 0.036686047433 0.696157468974 0
0.206398441534 0.031829465978 0.721329568796 0
0.002698122885 0.054067542826 0.740954397060 0
0.110436687929 1.060795132790 0.627627563561 0
0.275012422971 0.942481236629 0.598844264399 0
-0.043149006677 0.957493884731 0.638019104295 0
0.104495910574 0.946778001303 0.619756355172 0
0.099429569491 0.797906691446 0.614182523248 0
0.171638288089 0.592345564213 0.665095123963 0
0.049952265870 0.592181967176 0.684039606929 0
0.105083703704 0.654107407407 0.633081481481 0
0.257729235786 0.773856389229 0.606679887419 0
-0.053941894269 0.790691810131 0.621846165197 0
0.276857771840 0.653116291314 0.642288986093 0
-0.032065230391 0.755580626701 0.738151643829 0
0.297563576465 0.559513361215 0.676640877046 0
-0.020320748355 0.745981791956 0.840543772949 0
0.173916608354 0.345218114089 0.683338268291 0
0.039840808253 0.351124543583 0.671669662970 0
0.203757493101 0.020399301890 0.670147698203 0
-0.002553131093 0.036950179678 0.696161185000 0
0.206435438888 0.031767295213 0.721384565917 0
0.002782004450 0.054393787358 0.740928582772 0
0.111969651000 1.060854339542 0.626126814642 0
0.275447491524 0.941214098066 0.595058915777 0
-0.041997289820 0.958646407511 0.638781545888 0
0.105286783385 0.946807544399 0.618419255901 0
0.099261244557 0.797961841411 0.613357392712 0
0.171504257361 0.592394795875 0.664339197540 0
0.049855038787 0.592225561734 0.683518540136 0
0.104894074074 0.654192592593 0.632511111111 0
0.257895937754 0.772667092014 0.603907329148 0
-0.056326878716 0.791327427696 0.638715605810 0
0.276982559475 0.651719443078 0.638827912370 0
-0.031032738921 0.766371248962 0.756934655118 0
0.297762418016 0.557930723643 0.672604933506 0
-0.015660952245 0.765029606022 0.859517044581 0
0.173850015059 0.345293171209 0.682920483062 0
0.039884914294 0.351157477442 0.671241980702 0
0.203785041376 0.020293603101 0.670093907539 0
-0.002495812556 0.037241681971 0.696163543287 0
0.206467060530 0.031643801429 0.721334507167 0
0.002894787672 0.054724106842 0.740909149477 0
0.113650470612 1.060834899109 0.624636393330 0
0.275798069071 0.939858909932 0.591200091095 0
-0.040799334273 0.959823633667 0.639720571322 0
0.106061461759 0.946809801414 0.617139018852 0
0.099034388788 0.798006728562 0.612495241064 0
0.171410235138 0.592515302389 0.663670195960 0
0.049785298208 0.592243795584 0.683001755736 0
0.104714814815 0.654285185185 0.631966666667 0
0.258053377479 0.771403243245 0.601312409791 0
-0.058060515551 0.793721146975 0.657412321045 0
0.277095952690 0.650167330696 0.635243426310 0
-0.029406063525 0.777319685904 0.776358789837 0
0.298023441815 0.556097475002 0.668122936132 0
-0.010483598711 0.782495605809 0.878511548523 0
0.173856040109 0.345433088666 0.682495109324 0
0.039968307814 0.351160588806 0.670899992759 0
0.203811209798 0.020275356710 0.670047030808 0
-0.002441129121 0.037404765482 0.696023437414 0
0.206502876959 0.031618431714 0.721288701900 0
0.002984956184 0.054932019022 0.740747211909 0
0.115379042449 1.060771867081 0.623188058886 0
0.276035671825 0.938429614122 0.587372613027 0
-0.039614269631 0.961000926380 0.640686713609 0
0.106776574707 0.946777910521 0.615891426417 0
0.098770954504 0.798021629967 0.611747106251 0
0.171250151058 0.592577781030 0.663182482575 0
0.049616328771 0.592282169830 0.682457702216 0
0.104557777778 0.654337037037 0.631451851852 0
0.258187339634 0.770056409790 0.598612978184 0
-0.059214449277 0.798336292590 0.677524633534 0
0.277090624793 0.648480034214 0.631383860940 0
-0.026935190924 0.787364335781 0.796167010567 0
0.298182664552 0.554110957812 0.663235954036 0
-0.004565449590 0.796834731476 0.897431786622 0
0.173753110093 0.345509686248 0.682184361429 0
0.039948292869 0.351183247088 0.670550683582 0
0.203819956737 0.020262843061 0.670012036899 0
-0.002433013577 0.037527431738 0.695962652423 0
0.206507075292 0.031603256680 0.721254535783 0
0.003006966389 0.054960666182 0.740721472540 0
0.117191279562 1.060657059947 0.621788798424 0
0.276185633161 0.936985644926 0.583646379167 0
-0.038325248234 0.962266607039 0.642217032549 0
0.107504630200 0.946786985206 0.614988231311 0
0.098497260570 0.798095595520 0.611108045791 0
0.171175891097 0.592695151374 0.662650398676 0
0.049488649301 0.592321768351 0.681584071630 0
0.104534074074 0.654414814815 0.630737037037 0
0.258146980197 0.768700339959 0.595857351258 0
-0.059064444795 0.805050075731 0.697478506307 0
0.276984395265 0.646827045236 0.627545391136 0
-0.023663818469 0.796964030125 0.815460536745 0
0.298307989338 0.552194164078 0.658397291266 0
0.001953834125 0.809140823189 0.915636030433 0
0.173557132078 0.345632551095 0.681739162330 0
0.039877690513 0.351186201290 0.670394508297 0
0.203802397574 0.020259073218 0.669941494810 0
-0.002534391530 0.037298525968 0.695899203498 0
0.206496117641 0.031677010773 0.721166428712 0
0.002871439765 0.054622138213 0.740704699481 0
0.119036105626 1.060573115175 0.620491383884 0
0.276102411516 0.935499343930 0.580005944313 0
-0.037112455836 0.963403642365 0.644072628306 0
0.108084766460 0.946707698670 0.614300294592 0
0.098083857673 0.798086721369 0.610748299759 0
0.170954532300 0.592716342096 0.662315007614 0
0.049279357688 0.592373124280 0.681326643185 0
0.104300740741 0.654422222222 0.630400000000 0
0.257885504262 0.767288506708 0.592955972853 0
-0.057084344774 0.813241504588 0.716553236078 0
0.276697316717 0.645191667827 0.623787088498 0
-0.019338928933 0.806082857366 0.833866429441 0
0.298193060986 0.550353614095 0.653848493775 0
0.009345848397 0.819418511412 0.933015915534 0
0.173456447608 0.345665524483 0.681540345052 0
0.039798980148 0.351225871487 0.670278409376 0
0.203816757166 0.020237722935 0.669914013344 0
-0.002527447794 0.037435285200 0.695926851564 0
0.206503659359 0.031652688457 0.721139967681 0
0.002901744127 0.054738187769 0.740737525083 0
0.120856880358 1.060375717538 0.619395178883 0
0.275944381214 0.934014320372 0.576508179732 0
-0.035852457542 0.964467938605 0.646093030653 0
0.108655907845 0.946590291999 0.613764995787 0
0.097640737161 0.798049736203 0.610487896640 0
0.170726381874 0.592761798247 0.661981653046 0
0.049098837008 0.592369550247 0.681294723075 0
0.103960370370 0.654403703704 0.630177777778 0
0.257423939443 0.765902806767 0.590290666370 0
-0.053882648465 0.822169646770 0.733426247865 0
0.276256656519 0.643586270135 0.620225156150 0
-0.014555133846 0.814375264458 0.850177873903 0
0.297970700362 0.548629016117 0.649642525023 0
0.016963908767 0.826680237599 0.948793115378 0
0.173455652127 0.345722023154 0.681317636828 0
0.039767977544 0.351212800915 0.670326775602 0
0.203830990909 0.020197263493 0.669874226213 0
-0.002505472924 0.037562930111 0.695924121692 0
0.206526248579 0.031603944788 0.721101586939 0
0.002955026916 0.054785766612 0.740761827564 0
0.122628695074 1.060132697965 0.618531150739 0
0.275553619883 0.932640164926 0.572712509323 0
-0.034587985674 0.965544966306 0.648318074910 0
0.109123462740 0.946531268032 0.613205703505 0
0.097142365212 0.798068892809 0.610329407471 0
0.170432053713 0.592820700847 0.661557624402 0
0.048867470265 0.592383397391 0.681262167514 0
0.103536666667 0.654418518519 0.629940740741 0
0.256855821023 0.764611019338 0.587239837324 0
-0.049871329266 0.831616984620 0.748471445312 0
0.275708107379 0.642132423399 0.616491587366 0
-0.009594986686 0.821614982693 0.864730312371 0
0.297622819731 0.547072100335 0.645350821236 0
0.024247150819 0.831281965246 0.963103267893 0
0.173470970664 0.345804606608 0.681148281208 0
0.039743720887 0.351217497946 0.670321203188 0
0.203840197823 0.020107813881 0.669923123409 0
-0.002448588407 0.037755083827 0.695915744705 0
0.206569538235 0.031590555722 0.721131683433 0
0.003049814911 0.054984855002 0.740746153689 0
0.124341145230 1.059927069095 0.617718812465 0
0.274991030819 0.931423969046 0.568986705591 0
-0.033325550209 0.966536562100 0.650808063875 0
0.109512334960 0.946499883643 0.612817935816 0
0.096624205436 0.798119352756 0.610243407801 0
0.170071928321 0.592862136942 0.661087032663 0
0.048582958921 0.592428494011 0.681252609033 0
0.103057407407 0.654455555556 0.629714814815 0
0.256089121628 0.763474714485 0.584159392542 0
-0.045077687637 0.841061052374 0.761798001246 0
0.275023997530 0.640875501883 0.612847083079 0
-0.004193013163 0.828130389985 0.877554596511 0
0.297102842887 0.545716425486 0.641223330515 0
0.031514596037 0.834903519039 0.975612142058 0
0.173471412073 0.345872740888 0.680953119591 0
0.039616724923 0.351251780150 0.670420347181 0
0.203849102196 0.020043053055 0.669965906957 0
-0.002445161434 0.037774896393 0.695932875905 0
0.206597786961 0.031710488984 0.721131666503 0
0.003047310012 0.054966660177 0.740778600773 0
0.125960951050 1.059734997683 0.617006707536 0
0.274297335570 0.930080779315 0.565215270051 0
-0.031976415753 0.967536043713 0.653420912835 0
0.109884916492 0.946414133284 0.612474520239 0
0.096022754211 0.798129644461 0.610197346400 0
0.169666277540 0.592893512692 0.660615886192 0
0.048272578798 0.592431214859 0.681346645674 0
0.102488148148 0.654455555556 0.629533333333 0
0.255225571587 0.762204973014 0.580976811389 0
-0.039798641987 0.850361877866 0.773462614370 0
0.274311592303 0.639552960380 0.609336777090 0
0.001479305515 0.834154349583 0.888665891498 0
0.296567230087 0.544308217061 0.637312798278 0
0.038976320347 0.837680708428 0.986309490677 0
0.173538296944 0.345936717604 0.680798266845 0
0.039519796857 0.351244970454 0.670552069435 0
0.203854113596 0.019893310136 0.670057503725 0
-0.002405120655 0.038012444297 0.696034730206 0
0.206646733120 0.031637336455 0.721203357917 0
0.003144996604 0.055157334777 0.740891301099 0
0.127576568018 1.059476664052 0.616410649105 0
0.273437673279 0.929028284577 0.561470786903 0
-0.030676883461 0.968417188040 0.656073078955 0
0.110159290906 0.946399663937 0.612166583137 0
0.095506712024 0.798196810760 0.610229953439 0
0.169400918226 0.592936582904 0.660061133710 0
0.048124521349 0.592478347298 0.681467529557 0
0.102052592593 0.654500000000 0.629351851852 0
0.254476011477 0.761191011503 0.577766487469 0
-0.034529663626 0.858706328954 0.783154414942 0
0.273727434867 0.638505043279 0.605866593210 0
0.006752290289 0.839107660897 0.897828040835 0
0.296213428063 0.543209376919 0.633490515073 0
0.045556195360 0.839292031561 0.995082042209 0
0.173649865009 0.346019790533 0.680652970919 0
0.039415052750 0.351290965781 0.670663330756 0
0.203861845007 0.019755259557 0.670140573783 0
-0.002401571698 0.038029524611 0.696041003694 0
0.206710081653 0.031613915063 0.721256903039 0
0.003142298541 0.055124843939 0.740917262264 0
0.129052294876 1.059274276859 0.615847673763 0
0.272432509278 0.927780643740 0.557681529867 0
-0.029218088589 0.969371955618 0.658992055393 0
0.110447974505 0.946334553859 0.611980900405 0
0.094926309246 0.798232236355 0.610387566803 0
0.169212291622 0.592959205693 0.659563129943 0
0.048073088178 0.592503742519 0.681732797162 0
0.101671851852 0.654518518519 0.629270370370 0
0.253642926547 0.759952952860 0.574272565478 0
-0.028054656869 0.865530329458 0.790963815916 0
0.273126628099 0.637316715144 0.602429600426 0
0.012179829111 0.842570625683 0.905385781135 0
0.295877049804 0.542006107634 0.629838643133 0
0.051067469618 0.839610256523 1.002574350031 0
0.173800937441 0.346083858010 0.680574714817 0
0.039357277029 0.351321643328 0.670816377230 0
0.203848424468 0.019613626483 0.670198925731 0
-0.002383916379 0.038097797117 0.696124876574 0
0.206761911998 0.031621462966 0.721276736300 0
0.003179250070 0.055248689021 0.740977536577 0
0.130532438641 1.059004284363 0.615356561315 0
0.271251675195 0.926505076560 0.553785645985 0
-0.027649769793 0.970302766816 0.662074295026 0
0.110714122252 0.946243835295 0.611835057918 0
0.094330035421 0.798247253212 0.610646703447 0
0.169033039743 0.592964950920 0.659103593044 0
0.048050989364 0.592501554462 0.682115262958 0
0.101278148148 0.654514814815 0.629274074074 0
0.252627419856 0.758709309685 0.570878405853 0
-0.020250688997 0.871317877989 0.797529925620 0
0.272379150229 0.636122054728 0.599061984646 0
0.017929295193 0.845130526032 0.911962697975 0
0.295433532541 0.540827208987 0.626293573639 0
0.056021697234 0.838972965035 1.009355535566 0
0.173925273435 0.346131033757 0.680529349749 0
0.039265183257 0.351336333459 0.670886534272 0
0.203817047633 0.019476308926 0.670256288782 0
-0.002396215282 0.038230163064 0.696099811193 0
0.206794730975 0.031639498792 0.721293623089 0
0.003185915926 0.055295977615 0.740982556300 0
0.131953427995 1.058710343485 0.615033240202 0
0.269850431562 0.925127924909 0.549630790942 0
-0.025818664045 0.971243909361 0.665561135891 0
0.111016470036 0.946111955641 0.611784647197 0
0.093708365909 0.798239451799 0.610981055413 0
0.168909889642 0.592955947621 0.658663761701 0
0.048113757154 0.592495209529 0.682632288955 0
0.100919259259 0.654496296296 0.629355555556 0
0.251541228016 0.757390949079 0.567617583677 0
-0.011549405551 0.876800147841 0.803683352223 0
0.271629595393 0.634831078729 0.595682075839 0
0.023533969262 0.847079750934 0.918244265293 0
0.294997952658 0.539552334684 0.622712709885 0
0.060360121944 0.837415043713 1.015833218276 0
0.174154212028 0.346167390733 0.680524341176 0
0.039232607583 0.351350909464 0.671035294227 0
0.203807129831 0.019337728139 0.670294612127 0
-0.002347959697 0.038355570329 0.696162032023 0
0.206854762561 0.031647610872 0.721292631705 0
0.003259581883 0.055398162042 0.741050433293 0
0.133280500383 1.058380733354 0.614739082273 0
0.268408942166 0.923920024738 0.545759918638 0
-0.024004588129 0.972098022431 0.668885670768 0
0.111295289151 0.946011789117 0.611781980936 0
0.093176808750 0.798251089472 0.611435300403 0
0.168811414345 0.592936582989 0.658198939343 0
0.048231007057 0.592476823800 0.683230163887 0
0.100567037037 0.654481481481 0.629496296296 0
0.250167254517 0.756223498729 0.564187091622 0
-0.003102766808 0.881895471675 0.808984193869 0
0.270730059594 0.633704582006 0.592086305533 0
0.028568499448 0.848292577319 0.923466176595 0
0.294525210491 0.538478030015 0.618920951726 0
0.063863285929 0.835094698927 1.021109840918 0
0.174401593312 0.346198920063 0.680542959930 0
0.039269260446 0.351359943617 0.671135712828 0
0.203815812556 0.019208181599 0.670413989687 0
-0.002266876473 0.038578882176 0.696169398203 0
0.206907402280 0.031691112127 0.721367280037 0
0.003385251401 0.055646968678 0.741042518187 0
0.134375126027 1.058114452160 0.614519816968 0
0.267034452121 0.922826845508 0.542306978048 0
-0.022239239312 0.972735761621 0.671985713917 0
0.111583557862 0.945848596511 0.611853201396 0
0.092725186134 0.798188035337 0.612010523721 0
0.168698558520 0.592880278541 0.657787039109 0
0.048441608875 0.592398493009 0.684328368149 0
0.100085555556 0.654403703704 0.629929629630 0
0.248821671304 0.755228278028 0.561632078349 0
0.004370596934 0.885612124481 0.813061477034 0
0.269861887877 0.632692222937 0.589096683456 0
0.033007257797 0.848621587702 0.927298029098 0
0.294084804060 0.537443611616 0.615476800024 0
0.066635670523 0.832335644298 1.024995944847 0
0.174828884281 0.346207568623 0.680699327311 0
0.039380868427 0.351335670801 0.671268609737 0
0.203814008951 0.019012332542 0.670575355296 0
-0.002069553792 0.039134132085 0.696207456203 0
0.206998063431 0.031647763275 0.721485344162 0
0.003707024490 0.056269661241 0.741039005444 0
0.135324015918 1.057808526268 0.614383476736 0
0.265412581910 0.921711619038 0.538857282158 0
-0.020463258160 0.973387225278 0.675207488549 0
0.111761901821 0.945682767864 0.611990798820 0
0.092182958358 0.798130834452 0.612654907706 0
0.168587099400 0.592779104833 0.657384879146 0
0.048685104762 0.592340543942 0.685486970680 0
0.099644444444 0.654340740741 0.630440740741 0
0.247466350111 0.754183772302 0.559026517150 0
0.011046649268 0.889026668331 0.816951640591 0
0.268885835682 0.631590055421 0.585934996547 0
0.037011921435 0.848950908421 0.930785230067 0
0.293537170583 0.536304127224 0.611750143097 0
0.068920155456 0.829727274476 1.028520894878 0
0.175321741415 0.346182430572 0.680937044723 0
0.039404504656 0.351351105623 0.671277831417 0
0.203835979496 0.018829622119 0.670808056383 0
-0.001885915992 0.039743969603 0.696183102715 0
0.207090574769 0.031504989291 0.721703654972 0
0.004019182233 0.056921114727 0.740981970154 0
0.136114206695 1.057510909693 0.614416540152 0
0.263629263723 0.920923209418 0.535734784128 0
-0.018948870620 0.973848663996 0.678336457499 0
0.111731897070 0.945566084153 0.612230388289 0
0.091648100479 0.798093098431 0.613376675440 0
0.168554023791 0.592734890357 0.656954440384 0
0.049040145954 0.592244017953 0.686663029229 0
0.099237037037 0.654288888889 0.630970370370 0
0.246058789204 0.753430123139 0.556514321699 0
0.016491677022 0.891939833491 0.820589378525 0
0.267836256853 0.630787008527 0.582905388094 0
0.042426369124 0.849197456287 0.933455799221 0
0.292845190687 0.535421981356 0.608104301978 0
0.073816754992 0.827453150548 1.030947616791 0
0.175840228081 0.346215600201 0.681143910641 0
0.039527726831 0.351333926544 0.671307890083 0
0.203865326448 0.018697422209 0.671021961972 0
-0.001684830036 0.040303498915 0.696180617065 0
0.207199073347 0.031451075522 0.721892874464 0
0.004343675852 0.057486195875 0.740960914802 0
0.136770571796 1.057240644770 0.614483364243 0
0.261651160192 0.920443511123 0.532806874308 0
-0.017741252236 0.973956305017 0.681343077863 0
0.111456302024 0.945402005692 0.612495247713 0
0.091155601616 0.797964216673 0.614151626550 0
0.168528976868 0.592617650803 0.656705523413 0
0.049428754841 0.592124501397 0.688031265531 0
0.098858148148 0.654151851852 0.631637037037 0
0.244559595383 0.752955223455 0.554019997942 0
0.019776866527 0.893364663455 0.823815392884 0
0.266574943172 0.630255116231 0.579944661748 0
0.047174672866 0.848952544187 0.935687068718 0
0.291908148549 0.534755187549 0.604351730530 0
0.078795008746 0.825690356299 1.032891545687 0
0.176364145570 0.346169519219 0.681442302367 0
0.039658660764 0.351315421135 0.671313888840 0
0.203908670119 0.018529875670 0.671224965432 0
-0.001437472951 0.041013327228 0.696074537360 0
0.207340148298 0.031374347839 0.722066520986 0
0.004741811648 0.058322040613 0.740785698229 0
0.137196014870 1.056913506483 0.614616125551 0
0.259785460188 0.920219505923 0.530359530803 0
-0.016823424457 0.974050820413 0.683905802380 0
0.111080410812 0.945349177264 0.612742579032 0
0.090719376869 0.797928665256 0.614775197103 0
0.168597753923 0.592547055333 0.656368979110 0
0.049821973368 0.592057536466 0.688903307553 0
0.098684074074 0.654100000000 0.632033333333 0
0.243024403652 0.752722783995 0.551768870708 0
0.021693690214 0.893928240844 0.826376103120 0
0.265252254133 0.629933628988 0.577083414356 0
0.049789517138 0.848320101918 0.937591525420 0
0.290816200784 0.534248023540 0.600591488707 0
0.081319375115 0.824190925943 1.034648677395 0
0.176766448206 0.346155894498 0.681561199313 0
0.039774040279 0.351316222905 0.671393380546 0
0.203957830132 0.018418947307 0.671384842667 0
-0.001294585621 0.041337213606 0.696048476089 0
0.207433893686 0.031263554697 0.722223335192 0
0.004957875839 0.058709266302 0.740724885236 0
0.137640988478 1.056666575772 0.614703222922 0
0.258357982988 0.919691697713 0.528562754973 0
-0.016009210389 0.974373367970 0.685786484529 0
0.110845916710 0.945278401208 0.612926074217 0
0.090308784177 0.797904970130 0.615298893148 0
0.168897750431 0.592534965793 0.656069801147 0
0.050387086737 0.591985581040 0.689556051606 0
0.098771481481 0.654081481481 0.632337037037 0
0.241740774870 0.752182194938 0.549984229765 0
0.023019470785 0.894192955948 0.828084924599 0
0.264081452784 0.629236101823 0.574422567322 0
0.051462839283 0.847551372342 0.938782193993 0
0.289787551068 0.533349351762 0.596977573153 0
0.082911205063 0.822932199351 1.035688089940 0
0.177145993164 0.346184844267 0.681634694633 0
0.039946957347 0.351301669914 0.671495121917 0
0.203939047943 0.018345775691 0.671484953578 0
-0.001247193396 0.041445452618 0.695995906873 0
0.207476516223 0.031272136129 0.722298483302 0
0.005046961216 0.058811843089 0.740668662812 0
0.138272506740 1.056378538883 0.614654459594 0
0.257175211681 0.919042017024 0.527086061506 0
-0.015277407644 0.974648635936 0.687286614425 0
0.110680675245 0.945125813729 0.613054922561 0
0.089971139609 0.797801993629 0.615809307578 0
0.169218523749 0.592474301746 0.656035833740 0
0.050936804140 0.591899772529 0.690321587706 0
0.098919629630 0.654003703704 0.632774074074 0
0.240757226930 0.751485098838 0.548289213458 0
0.023746989218 0.894296771653 0.829489486507 0
0.263247604652 0.628318014242 0.571443742742 0
0.052166398704 0.846582605869 0.939734865241 0
0.289049525376 0.532210383197 0.592951727364 0
0.083435447107 0.821718512413 1.036492104177 0
0.177460597930 0.346146057763 0.681812646825 0
0.040143174139 0.351280635517 0.671616855328 0
0.203947711041 0.018301460262 0.671558534427 0
-0.001157895122 0.041636083217 0.696018862277 0
0.207515973180 0.031228063058 0.722369849353 0
0.005197029936 0.059155171096 0.740623340873 0
0.138844473042 1.055975964280 0.614878371031 0
0.256317465748 0.918574546804 0.526214751690 0
-0.014866224959 0.974793629772 0.688342983666 0
0.110495232930 0.944987683914 0.613219816663 0
0.089633967275 0.797707087475 0.616171457690 0
0.169454467819 0.592417084685 0.656048775850 0
0.051384418737 0.591813523688 0.691056024048 0
0.099012222222 0.653959259259 0.633259259259 0
0.240058363347 0.750961058621 0.547090691823 0
0.024220479498 0.894506023976 0.830565036677 0
0.262615937693 0.627528708080 0.568716850145 0
0.052664221400 0.845936759224 0.940430081401 0
0.288481968176 0.531184322633 0.589045265615 0
0.083908819426 0.820974189537 1.037019283164 0
0.177901077219 0.346118662220 0.682043420372 0
0.040283764884 0.351253978647 0.671773406691 0
0.203962135651 0.018236009957 0.671697439795 0
-0.001109597059 0.041614063650 0.695961418129 0
0.207575467831 0.031160363093 0.722506141860 0
0.005250886536 0.059189707834 0.740542849279 0
0.138804417798 1.055786180701 0.614859615756 0
0.255763097286 0.918264401932 0.525722786036 0
-0.014710245223 0.974826114095 0.688914963264 0
0.110318665163 0.944861677568 0.613302240363 0
0.089436040221 0.797599692271 0.616474518906 0
0.169686371261 0.592352252637 0.656186352164 0
0.051788743357 0.591749840836 0.691769980946 0
0.099136296296 0.653900000000 0.633748148148 0
0.239969073554 0.750600392666 0.546550016262 0
0.024600270019 0.894754560013 0.831197119879 0
0.262389487083 0.626816159463 0.566218994683 0
0.053185506683 0.845600656652 0.940765025825 0
0.288176113860 0.530207665872 0.585260233016 0
0.084766873984 0.820748136179 1.037101306819 0
0.178325308087 0.346074483722 0.682313138646 0
0.040468654871 0.351250298873 0.671876150986 0
0.203973294208 0.018182695795 0.671814038296 0
-0.000988638051 0.041888728780 0.695923367898 0
0.207628489004 0.031104029213 0.722620513992 0
0.005431779763 0.059540527352 0.740466103173 0
0.138670091290 1.055634324213 0.614817383324 0
0.255587460104 0.918082195350 0.525752623624 0
-0.014782830130 0.974736364582 0.689083435985 0
0.110197205377 0.944729176896 0.613406892956 0
0.089333150051 0.797474203805 0.616691520337 0
0.169888912156 0.592278538179 0.656427835189 0
0.052109891971 0.591648098981 0.692401619439 0
0.099258888889 0.653829629630 0.634251851852 0
0.240217170515 0.750333862989 0.546214683537 0
0.024636750218 0.894563790134 0.831278504338 0
0.262434471895 0.626257885315 0.564204217385 0
0.053272052470 0.845173228378 0.940726847671 0
0.288128164632 0.529402748539 0.582003540953 0
0.085232814120 0.820587432674 1.036855597545 0
0.178700889241 0.346012758395 0.682609783750 0
0.040593700998 0.351204660981 0.671949992935 0
0.203968658996 0.018137826187 0.671912124574 0
-0.000880933888 0.042116452835 0.695892817321 0
0.207660799811 0.031056117755 0.722716702303 0
0.005606220254 0.059807241889 0.740410407521 0
0.138501906125 1.055492324615 0.614804989916 0
0.255721933133 0.918130963556 0.526141757640 0
-0.015013985692 0.974522560706 0.688956968933 0
0.110138196127 0.944636820496 0.613517233572 0
0.089374430908 0.797368775347 0.616814807316 0
0.170145378398 0.592268126204 0.656698285163 0
0.052443587849 0.591531699460 0.692921956701 0
0.099422592593 0.653777777778 0.634703703704 0
0.240809195852 0.750276510199 0.546065047099 0
0.023884831455 0.893806179387 0.830987706042 0
0.262727095393 0.625945888799 0.562605370747 0
0.052092568583 0.844565489790 0.940614463899 0
0.288264496940 0.528856251483 0.579256990885 0
0.083930757295 0.820266210671 1.036792762646 0
0.178977548009 0.345994078123 0.682795520357 0
0.040886406542 0.351119461180 0.672129510876 0
0.203965039737 0.018135522992 0.671960012739 0
-0.000759238601 0.042286098686 0.695850397487 0
0.207683589139 0.031051693422 0.722763203690 0
0.005777708939 0.060106994914 0.740308771253 0
0.138343252373 1.055405184180 0.614788302172 0
0.256118423873 0.918264801128 0.526888637782 0
-0.015316701121 0.974214468692 0.688688979617 0
0.110162137886 0.944533293433 0.613712526315 0
0.089491190931 0.797250494276 0.616856406211 0
0.170325797103 0.592201494235 0.657099722526 0
0.052626575724 0.591458713151 0.693331611320 0
0.099602962963 0.653718518519 0.635125925926 0
0.241467157403 0.750315922886 0.546200794471 0
0.022374629436 0.892540063409 0.830497433509 0
0.262979735880 0.625782417789 0.561715146540 0
0.049624628091 0.843919361160 0.940641942542 0
0.288307431280 0.528464007797 0.577317669690 0
0.080773114788 0.820141116913 1.037166730517 0
0.179145621795 0.345909772318 0.683033832694 0
0.041002688718 0.351076577323 0.672230602249 0
0.203963328292 0.018134202526 0.671984359415 0
-0.000695854284 0.042437440252 0.695841641473 0
0.207678431693 0.030970711513 0.722807988985 0
0.005881068760 0.060323421170 0.740267971429 0
0.138138309266 1.055342841045 0.615064950401 0
0.256822447725 0.918511690617 0.528023359187 0
-0.015666826997 0.973986206455 0.688207366670 0
0.110303463750 0.944524982572 0.613971917661 0
0.089717578111 0.797225620714 0.616874318527 0
0.170535296264 0.592196264330 0.657391178653 0
0.052806630759 0.591426255803 0.693526709752 0
0.099831851852 0.653733333333 0.635411111111 0
0.242051767305 0.750494091129 0.546634054235 0
0.020461358301 0.891084004189 0.829709880991 0
0.263142083730 0.625800796960 0.561428005249 0
0.046470196603 0.843403195742 0.940563066872 0
0.288233325935 0.528314917304 0.576317760062 0
0.076818665337 0.820454223243 1.037511347747 0
0.179203314306 0.345879277542 0.683135831413 0
0.041200562080 0.351056690383 0.672273245377 0
0.203964445704 0.018158490215 0.671949675363 0
-0.000587796706 0.042733010352 0.695838512017 0
0.207681269484 0.030994841207 0.722773219053 0
0.006062161718 0.060705532542 0.740219020380 0
0.138056237211 1.055389364152 0.615752453709 0
0.257824827456 0.918894325300 0.529557181381 0
-0.016169108610 0.973634712814 0.687410138189 0
0.110506657138 0.944513048379 0.614248954589 0
0.090135585260 0.797171350502 0.616902595389 0
0.170736786472 0.592148566229 0.657846768363 0
0.052887343426 0.591403090598 0.693586959219 0
0.100117037037 0.653692592593 0.635618518519 0
0.242702684691 0.750835307130 0.547499642685 0
0.017174286320 0.888312363864 0.828155643469 0
0.263399692151 0.626024672978 0.561853023099 0
0.040974810838 0.842595373452 0.940324443964 0
0.288166258724 0.528415774720 0.576467804325 0
0.070589022563 0.821201712919 1.037757562832 0
0.179170068378 0.345797029014 0.683337541815 0
0.041274647619 0.351037815795 0.672288637147 0
0.203956718865 0.018195124188 0.671941686573 0
-0.000579835466 0.042774607023 0.695873155341 0
0.207647658854 0.030954565204 0.722786478892 0
0.006079800409 0.060799850360 0.740230825209 0
0.137978743555 1.055440713411 0.616544235486 0
0.259145198603 0.919737050112 0.531624628804 0
-0.016810566407 0.973107770886 0.686501111593 0
0.110788219566 0.944619808605 0.614707201153 0
0.090762955036 0.797206444562 0.616866736883 0
0.170970055520 0.592145684065 0.658150341921 0
0.052969826141 0.591403093468 0.693389561949 0
0.100456666667 0.653714814815 0.635655555556 0
0.243530897300 0.751667389349 0.549038055622 0
0.009585113054 0.882380333223 0.825327559483 0
0.263868499443 0.626784251550 0.563274061980 0
0.033429420271 0.841106350895 0.939197025891 0
0.288323504609 0.529143945512 0.578102526477 0
0.063686761292 0.823336275109 1.037127113035 0
0.179072401406 0.345761052901 0.683427706899 0
0.041416895903 0.351031089967 0.672134720287 0
0.203987555562 0.018262039091 0.671914128358 0
-0.000517901584 0.042898582469 0.695824524248 0
0.207643661799 0.030950420042 0.722779216140 0
0.006165952113 0.061002063175 0.740146675703 0
0.137923397089 1.055621988618 0.617373465678 0
0.260776903400 0.920394989041 0.533970853322 0
-0.017291997123 0.972675538902 0.685401278493 0
0.111296985216 0.944692050474 0.615193175332 0
0.091501022834 0.797225600847 0.616857450271 0
0.171217049315 0.592163412513 0.658582324664 0
0.053014541682 0.591365701470 0.693135747777 0
0.100812962963 0.653714814815 0.635700000000 0
0.244642458413 0.752338974561 0.551038377747 0
0.000409873391 0.875836306565 0.821451965126 0
0.264774434299 0.627438215875 0.565411410516 0
0.029050882594 0.840120183033 0.936092268230 0
0.289002966960 0.529803748973 0.580597983124 0
0.062157636161 0.827878626308 1.033906180046 0
0.178890565910 0.345725520402 0.683471320991 0
0.041646324918 0.350954373486 0.672228916767 0
0.204023262350 0.018358843378 0.671843538392 0
-0.000511314374 0.042779359190 0.695834045231 0
0.207635597885 0.030938226102 0.722738817557 0
0.006159411642 0.060970939906 0.740122089091 0
0.137968787031 1.055798329217 0.618357072951 0
0.262754081351 0.921217321263 0.536827454417 0
-0.017767843022 0.972190771348 0.684122737204 0
0.111971604310 0.944812174056 0.615818506227 0
0.092443054251 0.797282563186 0.616891126906 0
0.171426631220 0.592175089681 0.659076321569 0
0.052988348480 0.591379506038 0.692812777087 0
0.101184074074 0.653729629630 0.635711111111 0
0.246142771347 0.753175597462 0.553575234868 0
-0.009693782686 0.868519674914 0.815986666262 0
0.266149295337 0.628300573003 0.568341659916 0
0.023854304652 0.838339597799 0.930886782735 0
0.290205735278 0.530689047888 0.583958664043 0
0.059429106593 0.832169334020 1.028220015717 0
0.178707789124 0.345688348132 0.683596734360 0
0.041775773997 0.350937982442 0.672170818302 0
0.204021503753 0.018444588052 0.671841834709 0
-0.000487050392 0.042903664000 0.695863034872 0
0.207592802506 0.030955219329 0.722756952398 0
0.006216766127 0.061138698057 0.740128206288 0
0.138148762323 1.056011052554 0.619211653966 0
0.264725964542 0.921998507941 0.540011793659 0
-0.018374818934 0.971737106848 0.682723955626 0
0.112571373810 0.944930189368 0.616528309742 0
0.093292221439 0.797350237996 0.616911735444 0
0.171648814261 0.592183266347 0.659561793740 0
0.052958576752 0.591375770587 0.692400546352 0
0.101594444444 0.653770370370 0.635722222222 0
0.247840670077 0.753956533007 0.556480740168 0
-0.020274655189 0.860513033625 0.808527686216 0
0.267716722886 0.629138551304 0.571891580923 0
0.018108915974 0.835764089260 0.923212206539 0
0.291620735510 0.531585981972 0.588104329871 0
0.055798056548 0.835238386614 1.019807005784 0
0.178482278632 0.345640313245 0.683641986918 0
0.041885063043 0.350896614313 0.672125161023 0
0.204010916725 0.018551507922 0.671717461650 0
-0.000524848592 0.042792230679 0.695813736135 0
0.207533179580 0.030986805473 0.722654445446 0
0.006165534454 0.061058492411 0.740068063387 0
0.138435880296 1.056177371348 0.620121344842 0
0.266591210470 0.922804227614 0.543675557655 0
-0.019346495171 0.971227526426 0.681085730583 0
0.112929349962 0.945029396520 0.617335134220 0
0.094021327228 0.797386182060 0.617097298522 0
0.171822014906 0.592188349832 0.660240901781 0
0.052883744804 0.591358657815 0.692169066759 0
0.101948148148 0.653781481481 0.635892592593 0
0.248935852402 0.754808237532 0.559802564693 0
-0.031396425448 0.851190326392 0.797905473183 0
0.268902159402 0.630104280315 0.575999776914 0
0.011385334535 0.832314047546 0.912149751349 0
0.292784411903 0.532653838756 0.592896246558 0
0.050892586151 0.837675418589 1.007687162307 0
0.178214325432 0.345582476666 0.683792151205 0
0.042004469892 0.350843406678 0.672219282138 0
0.204016960307 0.018635650129 0.671589879463 0
-0.000532341157 0.042652515038 0.695823069013 0
0.207492889607 0.030876899445 0.722577024996 0
0.006124476086 0.060868510621 0.740103169652 0
0.138676959813 1.056284586675 0.621240608151 0
0.268495162593 0.923628189082 0.547603956570 0
-0.020237560079 0.970693649001 0.679531968532 0
0.113347825538 0.945124230805 0.618306733901 0
0.094777634503 0.797427377072 0.617365146507 0
0.171959404239 0.592197363584 0.661042622590 0
0.052779737884 0.591334362308 0.692056660681 0
0.102270740741 0.653807407407 0.636211111111 0
0.250344801628 0.755638369390 0.563238200545 0
-0.043341538495 0.841218239114 0.783950869544 0
0.270521565540 0.631103288279 0.580442613211 0
0.003279842793 0.828017459725 0.897487358015 0
0.294507853235 0.533821215807 0.598172209063 0
0.044294900399 0.839262167818 0.991548488802 0
0.177988806595 0.345526910895 0.684005935519 0
0.042140363800 0.350787501431 0.672360214306 0
0.203996130260 0.018752988892 0.671585572423 0
-0.000525180960 0.042706539012 0.695829508201 0
0.207424228406 0.030928360913 0.722591726348 0
0.006154955880 0.060989167252 0.740078624575 0
0.138817237607 1.056428459556 0.622900760340 0
0.270399941315 0.924466852616 0.551854641363 0
-0.021192736720 0.970078911285 0.677870486475 0
0.113734302372 0.945182478148 0.619370559193 0
0.095561746277 0.797427551423 0.617724069567 0
0.172106456539 0.592148373932 0.661858755914 0
0.052717945273 0.591281113622 0.692058746636 0
0.102598518519 0.653788888889 0.636600000000 0
0.251806812492 0.756447391017 0.566626262545 0
-0.054210133573 0.831905958933 0.767419742283 0
0.272153520482 0.632136581063 0.585198124250 0
-0.005674152415 0.821914086809 0.880480650684 0
0.296265376276 0.535146150470 0.604215316505 0
0.035918317611 0.837287971219 0.973168326610 0
0.177769103623 0.345413350184 0.684213669181 0
0.042247208101 0.350714469129 0.672514136668 0
0.204004972687 0.018854015766 0.671498284841 0
-0.000505749480 0.042635177444 0.695746289039 0
0.207378193552 0.030956083857 0.722525538421 0
0.006172452378 0.060938727770 0.739987047271 0
0.138915526977 1.056536551522 0.624904752336 0
0.272228352610 0.925423131961 0.556575555234 0
-0.022331117007 0.969398231045 0.676106524102 0
0.113990977777 0.945259707400 0.620599786645 0
0.096338102567 0.797433319908 0.618305900047 0
0.172234908801 0.592088236150 0.662850911644 0
0.052661860749 0.591237610889 0.692312256126 0
0.102905555556 0.653774074074 0.637214814815 0
0.253112237349 0.757375139994 0.570319326232 0
-0.064229662423 0.823327502684 0.747582650750 0
0.273671471711 0.633352788000 0.590514725030 0
-0.014600880141 0.814762649604 0.860285690838 0
0.297857874523 0.536722550600 0.611127086470 0
0.026895119290 0.832952198473 0.951835404510 0
0.177680903629 0.345301061989 0.684677763764 0
0.042361851370 0.350673947950 0.672640641093 0
0.203993318735 0.018952728515 0.671578332749 0
-0.000438358141 0.042800535165 0.695765380121 0
0.207328640094 0.030991642965 0.722623013660 0
0.006269695736 0.061204140009 0.739960089820 0
0.138879022147 1.056646754639 0.626801897224 0
0.273999338700 0.926561608239 0.561913200820 0
-0.023497511745 0.968690231257 0.674640952938 0
0.114207035140 0.945406985871 0.622269892183 0
0.097171228659 0.797511338993 0.619043887709 0
0.172472434541 0.592024860395 0.663784782256 0
0.052643531532 0.591244741067 0.692189599103 0
0.103421111111 0.653788888889 0.637592592593 0
0.254393254225 0.758462267875 0.574268682558 0
-0.072522355559 0.816270710440 0.725295042954 0
0.275208849855 0.634808262382 0.596370219797 0
-0.022498713586 0.807349287488 0.837795671576 0
0.299441077399 0.538519363512 0.618541916198 0
0.017629506034 0.827013866414 0.928850700757 0
0.177443077979 0.345169270156 0.684941103639 0
0.042409587135 0.350656150377 0.672790244212 0
0.203969469646 0.019084292451 0.671464190039 0
-0.000512245943 0.042588563298 0.695703464962 0
0.207246145743 0.031047663155 0.722530425794 0
0.006149571364 0.060968077551 0.739915190436 0
0.138675439652 1.056860485746 0.628828648419 0
0.275565663954 0.927783097091 0.567589288359 0
-0.024794966466 0.968069225548 0.673169885756 0
0.114259981330 0.945639356427 0.624098486572 0
0.097952641181 0.797667108352 0.619974684698 0
0.172760306283 0.592027700012 0.664697120483 0
0.052637211187 0.591268398783 0.691831484097 0
0.104012962963 0.653840740741 0.637829629630 0
0.255522722929 0.759626347597 0.578361141615 0
-0.077756580441 0.810987150867 0.700026388351 0
0.276503309497 0.636360466450 0.602390656313 0
-0.029363707866 0.799704414339 0.813027174740 0
0.300747824336 0.540356208743 0.625886882649 0
0.007519735730 0.818856081405 0.904825982217 0
0.177176260340 0.345109974034 0.685242572799 0
0.042365818662 0.350645139301 0.672887248822 0
0.203958358404 0.019311964425 0.671414871494 0
-0.000684292899 0.042087238411 0.695727918430 0
0.207161856263 0.031169803642 0.722510355928 0
0.005873656140 0.060393919851 0.739985366871 0
0.138303242315 1.057170828907 0.630905582655 0
0.276969075269 0.929007131902 0.573590348427 0
-0.026300711933 0.967287367027 0.671308324095 0
0.114127487413 0.945786826547 0.625865752198 0
0.098617687266 0.797743818064 0.620774026813 0
0.172940182407 0.592007735621 0.665660674266 0
0.052523713176 0.591245425678 0.691461856870 0
0.104498888889 0.653837037037 0.638059259259 0
0.256579415013 0.760795390678 0.582729088869 0
-0.078290086298 0.807644040036 0.674786193090 0
0.277611292235 0.637872405033 0.608413321098 0
-0.034035605856 0.792473904787 0.789021721458 0
0.301854489833 0.542151850123 0.633098169342 0
-0.002094971972 0.808938002915 0.882837847234 0
0.176964181260 0.345024813498 0.685490532457 0
0.042333968179 0.350577172222 0.673052635446 0
0.203927621822 0.019477312375 0.671317060740 0
-0.000831444854 0.041623843294 0.695642205723 0
0.207075146080 0.031259671905 0.722433480548 0
0.005649985133 0.059848718184 0.739944666423 0
0.137656441804 1.057439532322 0.633189938623 0
0.278194362658 0.930603859096 0.580190577045 0
-0.028185564317 0.966338787422 0.668740553010 0
0.113717591491 0.946017448686 0.627534760737 0
0.099267576516 0.797880313518 0.621532449764 0
0.172935183675 0.591979528164 0.666626076357 0
0.052222252869 0.591288769140 0.691004743071 0
0.104872592593 0.653888888889 0.638277777778 0
0.257691233778 0.762319990455 0.587580162242 0
-0.076157772955 0.806435672258 0.650556949634 0
0.278715038725 0.639650960621 0.614457453578 0
-0.037970092619 0.785420738736 0.766049034314 0
0.302868023877 0.544192876336 0.640219272277 0
-0.012226895496 0.797182017403 0.862279824259 0
0.176680859380 0.344938881049 0.685779881443 0
0.042210900113 0.350560380232 0.673297282835 0
0.203889120147 0.019633429325 0.671299995930 0
-0.000999213149 0.041080767333 0.695673639171 0
0.206963969827 0.031341773909 0.722437841461 0
0.005359208969 0.059200903499 0.740036846414 0
0.136489702036 1.057832098920 0.635361796853 0
0.278690734030 0.932452520240 0.587700563080 0
-0.030954172780 0.965147392852 0.665403973498 0
0.112503111391 0.946234721621 0.629214220278 0
0.099487804807 0.797989486574 0.622280633744 0
0.172899039853 0.591962429108 0.667647443820 0
0.051885450397 0.591317381776 0.690488268750 0
0.105235925926 0.653933333333 0.638488888889 0
0.258078042125 0.764105342441 0.593066135514 0
-0.072315829970 0.806478212856 0.629150875610 0
0.278965486344 0.641595103463 0.620761551450 0
-0.042262005654 0.776749661513 0.745130739652 0
0.302872747255 0.546337103179 0.647450024909 0
-0.024485591737 0.781616491266 0.843420546581 0
0.176392701219 0.344858793106 0.686020442160 0
0.042062176101 0.350514116659 0.673718374620 0
0.203847855168 0.019804899438 0.671218634687 0
-0.001258935636 0.040231159846 0.695620235500 0
0.206859204810 0.031436190832 0.722377838285 0
0.004924180696 0.058227898347 0.740058389143 0
0.134894395111 1.058148092703 0.637325839658 0
0.279057749002 0.934196288128 0.595186208284 0
-0.033432149761 0.963945195829 0.661908083712 0
0.111383408094 0.946398088657 0.630796462312 0
0.099777555824 0.798068451696 0.622920233042 0
0.172878706903 0.591948700327 0.668680367173 0
0.051565160015 0.591350232443 0.689871718713 0
0.105645185185 0.653955555556 0.638618518519 0
0.258159598967 0.765823110138 0.598047146345 0
-0.067261594459 0.807340754470 0.611593075109 0
0.278775053394 0.643393546826 0.626297546528 0
-0.046455724802 0.766524344162 0.726220665250 0
0.302300875962 0.548276303166 0.653773586277 0
-0.038141373811 0.762227504304 0.825449722855 0
0.176120102282 0.344786661941 0.686298533931 0
0.041850573318 0.350472675670 0.674137424758 0
0.203765881143 0.019981040404 0.671177294046 0
-0.001526794682 0.039338126350 0.695605989985 0
0.206697957112 0.031528854444 0.722360007929 0
0.004469738500 0.057162203406 0.740139201079 0
0.133046033075 1.058482463857 0.639067923053 0
0.278892733895 0.935387934052 0.601635968625 0
-0.035654423592 0.963064981517 0.658914321954 0
0.110142741978 0.946478810316 0.632166140899 0
0.099685943026 0.798113829061 0.623395131069 0
0.172734852561 0.591922126368 0.669746556963 0
0.051116284830 0.591374040396 0.689112294421 0
0.105992222222 0.653981481481 0.638714814815 0
0.257804872930 0.767014104379 0.601653546400 0
-0.061207240532 0.808580102052 0.598231062023 0
0.278020809072 0.644579180121 0.630168196883 0
-0.049485147503 0.755830748345 0.709219557835 0
0.301055734904 0.549471656145 0.658089096237 0
-0.050262589753 0.741149903466 0.807608201207 0
0.175671817260 0.344695897637 0.686496056320 0
0.041552724945 0.350414651645 0.674584739458 0
0.203715514964 0.020192588996 0.671056323456 0
-0.001797922038 0.038448079403 0.695621832870 0
0.206562624432 0.031663801188 0.722261055049 0
0.004025053251 0.056168115545 0.740219549195 0
0.131106963099 1.058736708775 0.640560863697 0
0.278760854819 0.936250604231 0.607270161022 0
-0.037307690549 0.962411326520 0.656290914152 0
0.109215974021 0.946528748053 0.633357550353 0
0.099696110504 0.798153412072 0.623780731637 0
0.172610559152 0.591878370832 0.670804320692 0
0.050701496500 0.591425081539 0.688250901289 0
0.106417407407 0.654007407407 0.638751851852 0
0.257844377849 0.767874725111 0.604718880996 0
-0.055960204211 0.809668145953 0.589040732018 0
0.277332440491 0.645266493094 0.632994610883 0
-0.051738957454 0.745209334910 0.694233843670 0
0.299647756998 0.549946429708 0.660815134011 0
-0.059464207643 0.719504742613 0.790204608954 0
0.174825618556 0.344578142171 0.686541857964 0
0.041261128910 0.350390621804 0.674938980385 0
0.203689699371 0.020506161129 0.670859439209 0
-0.002049672704 0.037608750302 0.695587750328 0
0.206395025586 0.031919770720 0.722084725984 0
0.003590250458 0.055157916691 0.740276463100 0
0.129226125650 1.059081844624 0.641283145758 0
0.279206341263 0.937044288674 0.612765650420 0
-0.038134295489 0.961852735950 0.653584815144 0
0.108999238054 0.946597667084 0.634443604783 0
0.100233173346 0.798215510184 0.624160497626 0
0.172387504490 0.591813185927 0.671882048403 0
0.050198638563 0.591462388235 0.687249747869 0
0.106806666667 0.654022222222 0.638744444444 0
0.258326775799 0.768743997786 0.606977685212 0
-0.051852899024 0.809838316961 0.583553402127 0
0.276721309070 0.645998571194 0.635390383795 0
-0.053555419974 0.734090839507 0.681009900452 0
0.298108018556 0.550478942615 0.663298324750 0
-0.066438361786 0.696496135979 0.773048027246 0
0.173728678740 0.344435736569 0.686462119177 0
0.040979918156 0.350354672701 0.675165739353 0
0.203632268670 0.020895791745 0.670574234731 0
-0.002280518100 0.036880895132 0.695578067640 0
0.206157999872 0.032250281570 0.721821825131 0
0.003198302150 0.054206431300 0.740373953038 0
0.126892177716 1.059596725800 0.641636597546 0
0.279673881784 0.937884431545 0.617807643679 0
-0.038674660271 0.961385663792 0.650802201620 0
0.108946449324 0.946736995256 0.635284332396 0
0.100939273575 0.798340083663 0.624423172477 0
0.172077787801 0.591756951676 0.672861987002 0
0.049597109801 0.591590148446 0.685701920631 0
0.107289629630 0.654066666667 0.638381481481 0
0.258548014341 0.769749376773 0.608933761238 0
-0.049678538651 0.809100395602 0.580880143402 0
0.275709522773 0.646823976259 0.637339897569 0
-0.055408258027 0.723056751546 0.669209128551 0
0.295817844318 0.551079604226 0.665478801157 0
-0.071445468946 0.673868904404 0.755907365473 0
0.172443145155 0.344305269217 0.686185313347 0
0.040554940209 0.350399741707 0.675244128096 0
0.203581926026 0.021387104769 0.670232585940 0
-0.002580880613 0.035945114769 0.695581649996 0
0.205882728711 0.032650961330 0.721510759868 0
0.002682477648 0.053096134494 0.740470430395 0
0.124977326741 1.060125695759 0.641011459420 0
0.280162364445 0.938489024658 0.622451993155 0
-0.038918224989 0.961068030271 0.648230064284 0
0.109057857277 0.946847235872 0.636055178783 0
0.101652978067 0.798443891612 0.624728581580 0
0.171657122044 0.591697872128 0.674082244285 0
0.048919129046 0.591679967679 0.684171493838 0
0.107736666667 0.654103703704 0.638185185185 0
0.258559762667 0.770547690648 0.611339809068 0
-0.048449080444 0.807575642108 0.580774656474 0
0.274331517021 0.647407314710 0.639620184291 0
-0.056788684162 0.711947221908 0.658389115463 0
0.292947934308 0.551427852900 0.668014681175 0
-0.074116222023 0.652036349410 0.738442625149 0
0.170943085163 0.344173682692 0.685966917549 0
0.040096399924 0.350416280644 0.675343621642 0
0.203423531295 0.021905710266 0.669902151376 0
-0.002842045901 0.035116002022 0.695628933636 0
0.205494688059 0.033077266946 0.721210298000 0
0.002228440078 0.052073386054 0.740613378971 0
0.123673774859 1.060559536120 0.640267906532 0
0.280575188615 0.939162801075 0.626638402854 0
-0.039051443640 0.960764496683 0.645583737354 0
0.109194086232 0.946996926445 0.636578370301 0
0.102376129030 0.798577181497 0.624908998683 0
0.171026835329 0.591620344580 0.675064897183 0
0.048093608966 0.591831676617 0.682398750004 0
0.108044814815 0.654151851852 0.637755555556 0
0.258403884018 0.771378211339 0.614341679414 0
-0.047262020933 0.804855098219 0.583730456410 0
0.272663576784 0.647976125563 0.642282088017 0
-0.057446288602 0.700883329137 0.649491386376 0
0.289907932786 0.551832530708 0.670871916573 0
-0.075258311273 0.630540829745 0.721385528345 0
0.169442927281 0.344039883725 0.685618868048 0
0.039554623762 0.350503936552 0.675191381200 0
0.203317170199 0.022543730136 0.669565809404 0
-0.003115252774 0.034404608312 0.695632336968 0
0.205130194296 0.033678856575 0.720891642878 0
0.001774351137 0.051209287435 0.740694045287 0
0.122573556167 1.060997803188 0.639492877749 0
0.280834808277 0.939794224538 0.630341232811 0
-0.039154927786 0.960518782260 0.643139846808 0
0.109273515888 0.947158013305 0.636986253200 0
0.102892883788 0.798725765101 0.624996243983 0
0.169841242358 0.591539170205 0.675873970523 0
0.046776910165 0.592009097508 0.680495389424 0
0.107828888889 0.654203703704 0.637188888889 0
0.258386494868 0.772138900513 0.616842704778 0
-0.046525504858 0.801733184833 0.588975364756 0
0.271237250546 0.648520485845 0.644509032285 0
-0.057733840091 0.691152705841 0.642684571334 0
0.287239848494 0.552253181696 0.673283226435 0
-0.075552122647 0.610965359670 0.704923543928 0
0.167940786564 0.343914259540 0.685269264530 0
0.038816429751 0.350617438763 0.674960373780 0
0.203215320254 0.023032296078 0.669301842124 0
-0.003347918159 0.033823095284 0.695569569691 0
0.204803226254 0.034197451581 0.720628610347 0
0.001371556880 0.050474014559 0.740706433407 0
0.121504786452 1.061367846154 0.638224052082 0
0.281089580662 0.940469819204 0.633519975636 0
-0.039127099066 0.960376331103 0.640713848496 0
0.109420042207 0.947394866370 0.637163053363 0
0.103405953913 0.798946697959 0.624945145186 0
0.168638240922 0.591557050240 0.676406392670 0
0.045505359317 0.592208985958 0.678474398928 0
0.107534814815 0.654329629630 0.636470370370 0
0.258253866490 0.772961292602 0.618895736096 0
-0.044379734975 0.798961387241 0.594685507373 0
0.269676473928 0.649168165142 0.646406927953 0
-0.056966376932 0.683738967711 0.637155714179 0
0.284534563862 0.552676920599 0.675057329307 0
-0.075175017443 0.595374321531 0.688949608084 0
0.166553159181 0.343897858098 0.684806192949 0
0.038013030286 0.350769506880 0.674629726502 0
0.203132079594 0.023603876951 0.669092242990 0
-0.003584549494 0.033184303662 0.695502362156 0
0.204488492509 0.034728143832 0.720434526825 0
0.000936204648 0.049711050012 0.740705154774 0
0.120477807137 1.061732067600 0.636384565706 0
0.281261829970 0.941164607175 0.635774283127 0
-0.039079392496 0.960171002972 0.638420243583 0
0.109539097606 0.947606985636 0.636981625725 0
0.104014374584 0.799142601633 0.624604921322 0
0.168122208156 0.591562564713 0.676593844788 0
0.044973231876 0.592415237688 0.676489957649 0
0.107835185185 0.654466666667 0.635637037037 0
0.257890779603 0.773796251705 0.620409638652 0
-0.041189874554 0.796072965234 0.602806168436 0
0.268187584715 0.649869390020 0.647762678737 0
-0.055474405571 0.677380136840 0.633568363506 0
0.282124603080 0.553149346834 0.676171769872 0
-0.074461093801 0.582761890892 0.674203357708 0
0.165452283359 0.343886517869 0.684302734735 0
0.037432859519 0.350957547446 0.674195362761 0
0.203037207872 0.024083523553 0.668918439306 0
-0.003878004345 0.032434543863 0.695478090155 0
0.204213925116 0.035243775835 0.720257346429 0
0.000425034705 0.048835404948 0.740747932590 0
0.119437522929 1.062015467283 0.634459620051 0
0.281361984910 0.941691900669 0.637332557360 0
-0.039028812513 0.959996993820 0.636147867346 0
0.109623375582 0.947758141017 0.636490226672 0
0.104505133700 0.799273534681 0.624114520716 0
0.167762629701 0.591570733601 0.676761923234 0
0.044628036053 0.592604656975 0.674969982338 0
0.108135185185 0.654574074074 0.635000000000 0
0.257227065188 0.774457843095 0.621689017309 0
-0.038125089168 0.793767269603 0.612318378404 0
0.266840674950 0.650402982976 0.648708459060 0
-0.053508436544 0.672682869568 0.630764751375 0
0.280044871691 0.553555730984 0.677029743143 0
-0.073197581173 0.573870709623 0.660341720647 0
0.164572488976 0.343884245446 0.683917777532 0
0.036905983935 0.351144644976 0.673799053376 0
0.202954038305 0.024505110873 0.668714706451 0
-0.004099867850 0.031799152702 0.695456898646 0
0.203991438808 0.035582002061 0.720074667129 0
0.000018655875 0.048053963823 0.740796527022 0
0.118499852113 1.062211513857 0.632776370389 0
0.281368345647 0.942069829402 0.638170637916 0
-0.039033737362 0.959786263159 0.634249390966 0
0.109632301408 0.947820402330 0.635863963415 0
0.104814534505 0.799315572206 0.623591582197 0
0.167504269171 0.591552585106 0.676934383855 0
0.044388357428 0.592710214918 0.674188410219 0
0.108265185185 0.654629629630 0.634733333333 0
0.256881376304 0.774824795297 0.623206293381 0
-0.035718032244 0.792433279438 0.620722846259 0
0.265813446749 0.650699010108 0.650133744304 0
-0.050977418112 0.670173096149 0.628335119852 0
0.278387772444 0.553835346241 0.678613630546 0
-0.070956679112 0.569126565572 0.648812288496 0
0.164065764254 0.343858959620 0.683718500636 0
0.036517018193 0.351252707457 0.673685749919 0
0.202893258812 0.024788916217 0.668638706825 0
-0.004244389587 0.031421224890 0.695544351143 0
0.203824981220 0.035998260505 0.719971949202 0
-0.000239145271 0.047542445499 0.740941788158 0
0.117553464276 1.062316635191 0.631485321556 0
0.281141849431 0.942390639317 0.638507826824 0
-0.039267020137 0.959511622474 0.632871228821 0
0.109410124313 0.947821791214 0.635286661806 0
0.104807458646 0.799285481806 0.623310610363 0
0.167234677090 0.591505808437 0.677201934379 0
0.044119263710 0.592735518714 0.674464964636 0
0.108028888889 0.654640740741 0.635040740741 0
0.256734538335 0.775046979624 0.624549767022 0
-0.035169434714 0.791911873309 0.623149277046 0
0.265235582378 0.650951633699 0.651755601221 0
-0.046772145553 0.669125366942 0.628364537281 0
0.277254827349 0.554155659494 0.680672904379 0
-0.065248903125 0.567091064834 0.645517028222 0
0.163945657995 0.343807105558 0.683873861285 0
0.036290984434 0.351277291310 0.673702717542 0
0.202891423185 0.024862788830 0.668578539134 0
-0.004259809334 0.031421477096 0.695508658159 0
0.203776109650 0.036057868494 0.719915726437 0
-0.000269131534 0.047506985275 0.740920043744 0
0.116526518594 1.062353865165 0.630583935134 0
0.280762575072 0.942734017539 0.638327152042 0
-0.039680679046 0.959028379913 0.632215062026 0
0.109022280684 0.947721892724 0.634855680896 0
0.104620088877 0.799151163540 0.623222404772 0
0.167020617881 0.591416983016 0.677423620821 0
0.043889601697 0.592646887820 0.675513544876 0
0.107532962963 0.654562962963 0.635677777778 0
0.256643130384 0.775265166541 0.625408907523 0
-0.034712152579 0.791499904391 0.621702873562 0
0.265251091963 0.651280016880 0.653079572590 0
-0.045826390893 0.668654674847 0.626588696853 0
0.276925617673 0.554617986175 0.682600623042 0
-0.064110762229 0.566284509172 0.642641391533 0
0.164198134154 0.343717442075 0.684275676433 0
0.036392708800 0.351182520950 0.673871994605 0
0.202949242258 0.024643816169 0.668693276862 0
-0.004103813029 0.031910129458 0.695463180768 0
0.203884297361 0.035830039967 0.720031501881 0
-0.000006300213 0.047939027831 0.740885067884 0
0.115399568685 1.062275280117 0.629947020693 0
0.280290663499 0.943006583090 0.637834093557 0
-0.040188763831 0.958614718446 0.631828615378 0
0.108538839639 0.947626450353 0.634424320188 0
0.104275455338 0.799024030317 0.623175785869 0
0.166843927794 0.591346410798 0.677599878599 0
0.043700211011 0.592549189332 0.676834017577 0
0.106957037037 0.654507407407 0.636451851852 0
0.256660725409 0.775412146217 0.625661359144 0
-0.034703522958 0.791266261055 0.618968272693 0
0.265600857126 0.651644657093 0.654187885839 0
-0.046848189924 0.668555543715 0.624707166164 0
0.277273175026 0.555276230801 0.684615110314 0
-0.064812430916 0.566384088263 0.642290673484 0
0.164538827235 0.343648602484 0.684703534778 0
0.036541514673 0.351084178889 0.674124708319 0
0.203001725551 0.024393475875 0.668827250134 0
-0.003920790672 0.032467133155 0.695417712786 0
0.204002336490 0.035569548063 0.720166450237 0
0.000306996894 0.048579306906 0.740798178769 0
0.114262789786 1.062208422988 0.629606572103 0
0.279810783956 0.943312761010 0.636908343006 0
-0.040718173625 0.958210091349 0.631809333311 0
0.108040140616 0.947551591769 0.633986506637 0
0.103975467862 0.798927657995 0.623000018157 0
0.166937993317 0.591315138852 0.677512986402 0
0.043791992805 0.592491124649 0.677809327235 0
0.106684814815 0.654474074074 0.636900000000 0
0.256966150323 0.775578255639 0.625173645299 0
-0.035608636718 0.791061204513 0.616442982584 0
0.266318078970 0.652104875909 0.654820668304 0
-0.047379065907 0.668491192720 0.625183531186 0
0.278350117910 0.556149539017 0.686296538502 0
-0.064038973930 0.567160462923 0.646984187335 0
0.164919378387 0.343624156377 0.684934715144 0
0.036699066553 0.351035580413 0.674224761323 0
0.203053372894 0.024142663441 0.668881609327 0
-0.003795276251 0.032833835740 0.695379083723 0
0.204136213543 0.035194267817 0.720246079302 0
0.000516004805 0.049007824390 0.740729695299 0
0.113178200569 1.062167327778 0.629502398292 0
0.279296238564 0.943844906285 0.635757253271 0
-0.041285611497 0.957972712428 0.631959161042 0
0.107505423219 0.947671189295 0.633535981455 0
0.103793714410 0.799029324238 0.622667142608 0
0.167485811438 0.591421574352 0.676795913088 0
0.044342806378 0.592563065288 0.677747493786 0
0.107000000000 0.654577777778 0.636525925926 0
0.257418146702 0.775957027889 0.624379463843 0
-0.036635566958 0.790989550829 0.614754995827 0
0.267262389702 0.652824676971 0.655259798711 0
-0.048016634619 0.668652428252 0.626690142359 0
0.279776132333 0.557297656320 0.687768795541 0
-0.063879021493 0.568348485813 0.652362709398 0
0.165260502578 0.343748088768 0.684725112426 0
0.036744550849 0.351124525235 0.674054737599 0
0.203079979320 0.024057329546 0.668893575401 0
-0.003871996284 0.032690220321 0.695446645320 0
0.204218210375 0.035104334338 0.720257837240 0
0.000403694793 0.048814920464 0.740818173117 0
0.112442740879 1.062317478394 0.629605298266 0
0.278720690759 0.944512404823 0.634485464846 0
-0.041920246912 0.957602374075 0.632298047760 0
0.106909362651 0.947782358854 0.633131337182 0
0.103580888071 0.799118241606 0.622402559771 0
0.167800558895 0.591550134358 0.676220180860 0
0.044662919452 0.592621670713 0.677763477499 0
0.107085925926 0.654666666667 0.636233333333 0
0.257737058462 0.776480738498 0.623554271159 0
-0.037727228569 0.790611456337 0.615051759389 0
0.268301898544 0.653700932230 0.655579001779 0
-0.048672945716 0.668436886669 0.628905054546 0
0.281534319465 0.558540847301 0.688873804370 0
-0.064016654778 0.568754858332 0.656718396237 0
0.165590006554 0.343892775717 0.684641928447 0
0.036741579230 0.351196620994 0.673872938275 0
0.203115420562 0.023923509858 0.668936257006 0
-0.003940734214 0.032693558845 0.695479882032 0
0.204334434484 0.035031569962 0.720285495411 0
0.000317276429 0.048847063011 0.740842825852 0
0.111710673153 1.062459559530 0.629873079509 0
0.278190083833 0.944819778830 0.633215864313 0
-0.042478356281 0.957407073958 0.632982378281 0
0.106368779353 0.947820389028 0.632908630624 0
0.103255326864 0.799150602836 0.622242461789 0
0.168104279496 0.591617504073 0.675879510368 0
0.044974580058 0.592633896669 0.677989549395 0
0.107178518519 0.654722222222 0.636196296296 0
0.258246823641 0.776622532783 0.622900947783 0
-0.038693627970 0.790317120345 0.616623719849 0
0.269592478916 0.654145820293 0.655807042182 0
-0.049546714629 0.668270427178 0.631629158230 0
0.283598100227 0.559210879630 0.689505805172 0
-0.064514100362 0.568867375066 0.660560918756 0
0.165922297956 0.343970064908 0.684595271648 0
0.036857619857 0.351219421843 0.673853747217 0
0.203148228361 0.023803093663 0.668994601250 0
-0.003933469501 0.032758889510 0.695562876291 0
0.204423305531 0.034906092504 0.720343572749 0
0.000329494055 0.048822265626 0.740957348564 0
0.111029958261 1.062502794128 0.630126182015 0
0.277579350762 0.945237238915 0.631990685941 0
-0.043116151040 0.957007754807 0.633600989867 0
0.105752048713 0.947800003678 0.632675692895 0
0.102961910861 0.799110795306 0.622190300174 0
0.168447988372 0.591674755566 0.675676339567 0
0.045327576513 0.592562302129 0.678319187892 0
0.107284444444 0.654700000000 0.636233333333 0
0.258572175895 0.776846976831 0.623165061483 0
-0.039724951059 0.789789529467 0.618516317197 0
0.270767566534 0.654594320461 0.656596192215 0
-0.050671523386 0.667851785379 0.634318440629 0
0.285535589877 0.559731147444 0.690310855583 0
-0.065720763184 0.568616850727 0.663835556259 0
0.166214274637 0.344034458824 0.684579912757 0
0.037065151852 0.351158668027 0.673851936017 0
0.203172333046 0.023730041091 0.669036807292 0
-0.003885187149 0.032875516693 0.695609594683 0
0.204478095686 0.034926945019 0.720364612674 0
0.000424339088 0.048962249469 0.740991397596 0
0.110418703812 1.062482750614 0.630473913659 0
