0.359322160482 -0.318330556154 1.599937200546 0
0.369466722012 -0.279215991497 1.660338163376 0
0.387825757265 0.020683592185 1.730305790901 0
0.363429754972 0.221758276224 1.760818004608 0
0.544386982918 -0.115201063454 1.659995317459 0
0.612809360027 -0.357094258070 1.598625659943 0
0.633195340633 -0.530835568905 1.489713072777 0
0.633523344994 -0.560157001019 1.467728257179 0
0.209071040154 -0.114120133221 1.703950643539 0
0.210783600807 -0.199833214283 1.479398012161 0
0.270301163197 0.055772457272 1.457667350769 0
0.330830454826 0.100451819599 1.430955410004 0
0.429176151752 -0.389192283154 1.559528589249 0
0.247527837753 -0.652218461037 1.446105122566 0
0.087404295802 -0.881771326065 1.333684325218 0
0.061078488827 -0.881198704243 1.250849604607 0
0.278944760561 -0.388047426939 1.580182790756 0
0.528690457344 -0.551595568657 1.480763435364 0
0.785087287426 -0.718416273594 1.366742730141 0
0.809542536736 -0.708968162537 1.281757473946 0
0.359473675489 -0.318847417831 1.599626421928 0
0.369490057230 -0.279872477055 1.660040736198 0
0.388869106770 0.019294740632 1.730005860329 0
0.361738175154 0.221305832267 1.762099981308 0
0.544168531895 -0.115207590163 1.660133600235 0
0.612380743027 -0.356483221054 1.598468780518 0
0.632638692856 -0.529900431633 1.489231109619 0
0.632802248001 -0.559666395187 1.467184066772 0
0.207209616899 -0.111875057220 1.701878547668 0
0.212079301476 -0.195106282830 1.476795792580 0
0.266343235970 0.059758700430 1.464971780777 0
0.327995777130 0.115808412433 1.445057392120 0
0.429526835680 -0.390996396542 1.560238122940 0
0.247761800885 -0.653064966202 1.445091724396 0
0.089266359806 -0.883732557297 1.329352021217 0
0.061995774508 -0.882072389126 1.248292803764 0
0.278784275055 -0.388419955969 1.578267216682 0
0.528346717358 -0.551673173904 1.480598688126 0
0.785338938236 -0.718885183334 1.366915822029 0
0.809749603271 -0.709207534790 1.281876325607 0
0.359608232975 -0.319351106882 1.599338412285 0
0.369487226009 -0.280490726233 1.659775257111 0
0.389754861593 0.018156792969 1.729825854301 0
0.360156416893 0.220816209912 1.763744592667 0
0.543902873993 -0.115220323205 1.660350680351 0
0.612005352974 -0.355925530195 1.598406910896 0
0.632137298584 -0.528998911381 1.488838553429 0
0.632196187973 -0.559237182140 1.466718196869 0
0.205887243152 -0.109781496227 1.700177431107 0
0.212904930115 -0.191702395678 1.475176453590 0
0.264053702354 0.061939802021 1.469640016556 0
0.326026111841 0.123263329268 1.453347325325 0
0.429788202047 -0.392641693354 1.560966014862 0
0.247980728745 -0.653898954391 1.444057822227 0
0.090607248247 -0.885245203972 1.325798153877 0
0.062920451164 -0.882933318615 1.245690464973 0
0.278603076935 -0.388707280159 1.576480507851 0
0.528036653996 -0.551744163036 1.480455517769 0
0.785663962364 -0.719406604767 1.367133855820 0
0.810029268265 -0.709493279457 1.282028436661 0
0.359746158123 -0.319858610630 1.599057674408 0
0.369450151920 -0.281078130007 1.659533143044 0
0.390476047993 0.017237832770 1.729710578918 0
0.358985692263 0.220384910703 1.765334129333 0
0.543554306030 -0.115231707692 1.660711407661 0
0.611672103405 -0.355469107628 1.598457336426 0
0.631711840630 -0.528191030025 1.488548874855 0
0.631708264351 -0.558865487576 1.466378211975 0
0.204952180386 -0.107659727335 1.698307037354 0
0.213436663151 -0.189373403788 1.474150776863 0
0.262725710869 0.063725292683 1.473394870758 0
0.324239701033 0.127135142684 1.459481358528 0
0.430028319359 -0.394105464220 1.561663150787 0
0.248150795698 -0.654664039612 1.443083643913 0
0.091473236680 -0.886363983154 1.322987914085 0
0.063757732511 -0.883717179298 1.243230104446 0
0.278479427099 -0.388934701681 1.574774503708 0
0.527967274189 -0.551758527756 1.480412244797 0
0.786086976528 -0.720040500164 1.367413640022 0
0.810412168503 -0.709862053394 1.282230615616 0
0.359899878502 -0.320438265800 1.598773360252 0
0.369277536869 -0.281745374203 1.659302830696 0
0.391198486090 0.016315367073 1.729748249054 0
0.357791453600 0.219890370965 1.768204092979 0
0.543142318726 -0.115298546851 1.661358952522 0
0.611338138580 -0.355071544647 1.598768115044 0
0.631416320801 -0.527558207512 1.488564729691 0
0.631508827209 -0.558576524258 1.466381788254 0
0.204674318433 -0.104141995311 1.693209648132 0
0.213854536414 -0.187996447086 1.472899436951 0
0.261868715286 0.064783647656 1.477399826050 0
0.322328180075 0.128477036953 1.465086460114 0
0.430279374123 -0.395666062832 1.562515258789 0
0.248217359185 -0.655401647091 1.442059159279 0
0.091897070408 -0.887214004993 1.320271492004 0
0.064566761255 -0.884433567524 1.240544080734 0
0.278388887644 -0.389119297266 1.573006749153 0
0.527725994587 -0.551821470261 1.480342388153 0
0.786659896374 -0.720788836479 1.367875337601 0
0.811087548733 -0.710372328758 1.282601952553 0
0.360063672066 -0.321004331112 1.598519682884 0
0.369098901749 -0.282430529594 1.659106731415 0
0.391991078854 0.015312303789 1.730085134506 0
0.357119977474 0.219420805573 1.770727872849 0
0.542688429356 -0.115517400205 1.662406325340 0
0.610978305340 -0.354776293039 1.599482893944 0
0.631173193455 -0.527093887329 1.488892078400 0
0.631420731544 -0.558531343937 1.466439485550 0
0.204493477941 -0.101575903594 1.689662933350 0
0.214055940509 -0.187014296651 1.472113370895 0
0.262236803770 0.067178554833 1.480110526085 0
0.320738762617 0.128213778138 1.469930171967 0
0.430541813374 -0.397156089544 1.563420414925 0
0.248219951987 -0.656092166901 1.440972805023 0
0.092058680952 -0.887848556042 1.317528128624 0
0.065248303115 -0.884999752045 1.237759232521 0
0.278352409601 -0.389215379953 1.571343421936 0
0.527664601803 -0.551812231541 1.480338692665 0
0.787300229073 -0.721411168575 1.368596673012 0
0.812088727951 -0.710932254791 1.283208370209 0
0.359991401434 -0.321378558874 1.598322868347 0
0.368938803673 -0.283021241426 1.658943295479 0
0.392727792263 0.014297479764 1.730555057526 0
0.356818020344 0.219061359763 1.772587418556 0
0.542251050472 -0.115828633308 1.663504362106 0
0.610625505447 -0.354524403811 1.600370287895 0
0.630874931812 -0.526714742184 1.489592909813 0
0.631290614605 -0.558639824390 1.466562747955 0
0.203748047352 -0.100727692246 1.689749956131 0
0.213569581509 -0.186166062951 1.473223686218 0
0.261099338531 0.066530272365 1.481653213501 0
0.319714993238 0.128541231155 1.472420096397 0
0.430289208889 -0.398257881403 1.564065933228 0
0.248278513551 -0.656998038292 1.439769625664 0
0.092616952956 -0.888974487782 1.314810872078 0
0.066044285893 -0.885883867741 1.235058784485 0
0.277281820774 -0.388849318027 1.569362878799 0
0.527413487434 -0.551778316498 1.480373740196 0
0.788005828857 -0.721955060959 1.369540810585 0
0.812790036201 -0.711272656918 1.283883452415 0
0.359383940697 -0.321433246136 1.598324418068 0
0.368369042873 -0.283323496580 1.659037709236 0
0.392923712730 0.013354060240 1.731822848320 0
0.360336750746 0.219056516886 1.774728178978 0
0.541623950005 -0.116327211261 1.665053009987 0
0.610246956348 -0.354397207499 1.601802110672 0
0.630600690842 -0.526478409767 1.491053581238 0
0.631114542484 -0.558978319168 1.467071652412 0
0.200310245156 -0.099846035242 1.692997097969 0
0.210841819644 -0.175021916628 1.474486947060 0
0.260880857706 0.068772219121 1.483575224876 0
0.313505798578 0.134139999747 1.472013831139 0
0.429489254951 -0.398907691240 1.564667701721 0
0.248553737998 -0.658139944077 1.438476800919 0
0.094233639538 -0.891003787518 1.311810135841 0
0.067514389753 -0.887362062931 1.232171773911 0
0.274752736092 -0.387496858835 1.567808032036 0
0.527187824249 -0.551732182503 1.480446338654 0
0.788301229477 -0.722178459167 1.370400309563 0
0.813177049160 -0.711402535439 1.284491062164 0
0.358533680439 -0.320972919464 1.598591327667 0
0.367621719837 -0.283262372017 1.659409761429 0
0.392028689384 0.012787998654 1.735123515129 0
0.363362193108 0.219046771526 1.776841878891 0
0.540893971920 -0.116835966706 1.666770219803 0
0.609941422939 -0.354442209005 1.603134155273 0
0.630138456821 -0.526586294174 1.492865204811 0
0.631312370300 -0.562033593655 1.467211008072 0
0.195527106524 -0.099646352232 1.697567939758 0
0.208660617471 -0.168636068702 1.475087642670 0
0.251223534346 0.075154498219 1.480963230133 0
0.216022163630 0.159822121263 1.464995741844 0
0.428866624832 -0.399111747742 1.565170288086 0
0.248898670077 -0.659013926983 1.437513470650 0
0.095799989998 -0.892643690109 1.309736251831 0
0.068938538432 -0.888629972935 1.229937434196 0
0.272517323494 -0.385596305132 1.566837072372 0
0.526981592178 -0.551661133766 1.480560779572 0
0.788442075253 -0.722409605980 1.371235609055 0
0.813454389572 -0.711525917053 1.285083293915 0
0.357477366924 -0.318602383137 1.599872827530 0
0.366622298956 -0.281860500574 1.660773873329 0
0.390474915504 0.013590938412 1.740275979042 0
0.366434425116 0.218777403235 1.780098915100 0
0.540291428566 -0.117246858776 1.669379234314 0
0.610986232758 -0.355182200670 1.607299208641 0
0.630964636803 -0.526789009571 1.495001196861 0
0.631455659866 -0.564052939415 1.467539429665 0
0.187112584710 -0.101248361170 1.703984022141 0
0.204754725099 -0.163669303060 1.475249528885 0
0.234836697578 0.064056374133 1.469010829926 0
0.187391281128 0.125896736979 1.457565307617 0
0.428632646799 -0.398173451424 1.565877199173 0
0.249821111560 -0.659542560577 1.436683297157 0
0.098870165646 -0.894155025482 1.307854890823 0
0.071373820305 -0.889834821224 1.227820277214 0
0.270685046911 -0.383332997561 1.566587805748 0
0.526851058006 -0.551575005054 1.480855584145 0
0.788566231728 -0.722711324692 1.372389078140 0
0.813742160797 -0.711686789989 1.285870909691 0
0.356702864170 -0.316080540419 1.601181626320 0
0.365815788507 -0.280210316181 1.662199139595 0
0.389180898666 0.014626561664 1.744522809982 0
0.368747293949 0.218652844429 1.782712936401 0
0.539839386940 -0.117562696338 1.671487808228 0
0.611905813217 -0.355725407600 1.610659718513 0
0.632524847984 -0.527051448822 1.497250556946 0
0.632010221481 -0.565817356110 1.468055129051 0
0.184156566858 -0.101807855070 1.706127166748 0
0.201671123505 -0.160601451993 1.475554108620 0
0.226920127869 0.059187691659 1.466121435165 0
0.178673654795 0.109967038035 1.460449814796 0
0.428581357002 -0.396975964308 1.566513180733 0
0.250492393970 -0.659883260727 1.436310529709 0
0.100739739835 -0.895092487335 1.307365417480 0
0.073005810380 -0.890691876411 1.226833224297 0
0.269322961569 -0.381020784378 1.566722273827 0
0.526782274246 -0.551385402679 1.481393694878 0
0.788641691208 -0.722924053669 1.373759150505 0
0.814011812210 -0.711801946163 1.286817908287 0
0.356197595596 -0.313757717609 1.602334499359 0
0.365209430456 -0.278598666191 1.663481116295 0
0.388126045465 0.015594768338 1.747732162476 0
0.370476543903 0.218551635742 1.784688472748 0
0.539514720440 -0.117794901133 1.673231005669 0
0.612569272518 -0.356110572815 1.613217473030 0
0.634515523911 -0.527355670929 1.499396800995 0
0.633061230183 -0.567575097084 1.468719005585 0
0.181557059288 -0.102357871830 1.707923412323 0
0.198740750551 -0.158887460828 1.476300835609 0
0.221937358379 0.055298060179 1.465865254402 0
0.174945831299 0.098411716521 1.466037750244 0
0.428702384233 -0.395612776279 1.567062497139 0
0.251041978598 -0.660097479820 1.436127781868 0
0.102081835270 -0.895687758923 1.307362079620 0
0.074220292270 -0.891295135021 1.226327300072 0
0.268399536610 -0.379082083702 1.566951036453 0
0.526697874069 -0.551161408424 1.481993556023 0
0.788640022278 -0.723121643066 1.375028610229 0
0.814219355583 -0.711916625500 1.287739872932 0
0.356024205685 -0.313936382532 1.602213263512 0
0.365008056164 -0.278611481190 1.663609266281 0
0.387341797352 0.016397463158 1.750108599663 0
0.371836513281 0.218431115150 1.786236405373 0
0.539248049259 -0.117962881923 1.674636721611 0
0.613060057163 -0.356393516064 1.615182757378 0
0.633234739304 -0.527664005756 1.501835703850 0
0.632836103439 -0.568178415298 1.470762729645 0
0.276170462370 -0.076542891562 1.723160266876 0
0.194582536817 -0.158240616322 1.478044986725 0
0.217703640461 0.050793234259 1.468030095100 0
0.173186108470 0.091511949897 1.471909999847 0
0.427917778492 -0.394805222750 1.567273020744 0
0.251421064138 -0.660479485989 1.435997366905 0
0.103527411819 -0.896782100201 1.307636380196 0
0.075586341321 -0.892302036285 1.225985765457 0
0.269442379475 -0.377377778292 1.567212343216 0
0.526544213295 -0.550857484341 1.482796907425 0
0.788756668568 -0.723967432976 1.376232147217 0
0.814501523972 -0.712455332279 1.288656473160 0
0.355850368738 -0.314619541168 1.601837158203 0
0.364800065756 -0.278888702393 1.663638591766 0
0.386811822653 0.017089884728 1.751889228821 0
0.372887879610 0.218323916197 1.787405371666 0
0.539044201374 -0.118083558977 1.675770878792 0
0.613446831703 -0.356621533632 1.616702198982 0
0.632063865662 -0.528017222881 1.504150271416 0
0.632501602173 -0.568250060081 1.473371028900 0
0.284996926785 -0.074032530189 1.724878549576 0
0.188398107886 -0.161086484790 1.480145215988 0
0.213263362646 0.041986763477 1.470253109932 0
0.171895220876 0.087766677141 1.474558949471 0
0.426788449287 -0.394094526768 1.567394375801 0
0.251916557550 -0.661000430584 1.435901284218 0
0.105509012938 -0.898227989674 1.308133482933 0
0.077354803681 -0.893592178822 1.225774049759 0
0.271379292011 -0.375817835331 1.567579150200 0
0.526319086552 -0.550436377525 1.483890533447 0
0.788858771324 -0.724961161613 1.377581357956 0
0.814813494682 -0.713160932064 1.289701819420 0
0.355675578117 -0.315251767635 1.601481199265 0
0.364607542753 -0.279164701700 1.663643598557 0
0.386452168226 0.017660757527 1.753192901611 0
0.373727947474 0.218241110444 1.788296341896 0
0.538893401623 -0.118173621595 1.676688671112 0
0.613757193089 -0.356808155775 1.617894768715 0
0.631129801273 -0.528300046921 1.505991816521 0
0.632221698761 -0.568245232105 1.475475907326 0
0.289512038231 -0.072718396783 1.725796222687 0
0.183603718877 -0.164089500904 1.481867313385 0
0.210354954004 0.035331718624 1.471566557884 0
0.171367555857 0.085026897490 1.476137995720 0
0.425474464893 -0.393330872059 1.567533969879 0
0.252404272556 -0.661505043507 1.435868978500 0
0.107427030802 -0.899607717991 1.308735728264 0
0.079127751291 -0.894879460335 1.225703835487 0
0.272985965014 -0.374301433563 1.567999958992 0
0.526097834110 -0.550014376640 1.484998464584 0
0.788894474506 -0.725905418396 1.378898739815 0
0.815029382706 -0.713835000992 1.290757179260 0
0.355542659760 -0.315860599279 1.601146459579 0
0.364455044270 -0.279447525740 1.663628220558 0
0.386273056269 0.018112335354 1.754057884216 0
0.374415814877 0.218162968755 1.788981676102 0
0.538780093193 -0.118241935968 1.677439093590 0
0.614015042782 -0.356970012188 1.618852376938 0
0.630394339561 -0.528514385223 1.507422447205 0
0.631986439228 -0.568208277225 1.477153539658 0
0.292087286711 -0.071925684810 1.726363897324 0
0.180668264627 -0.165801286697 1.482952356339 0
0.207447409630 0.031615681946 1.472012281418 0
0.171173244715 0.083102576435 1.477155923843 0
0.424316555262 -0.392709791660 1.567677617073 0
0.250774264336 -0.661674559116 1.438009381294 0
0.101644247770 -0.899269759655 1.317897677422 0
0.076951310039 -0.895352184772 1.229321122169 0
0.274685859680 -0.372943520546 1.568428993225 0
0.525904536247 -0.549632549286 1.486079931259 0
0.788853585720 -0.726830244064 1.380181193352 0
0.815201878548 -0.714553773403 1.291814088821 0
0.355540305376 -0.316299289465 1.600907683372 0
0.364395290613 -0.279685616493 1.663597702980 0
0.386193186045 0.018463118002 1.754563927650 0
0.375041693449 0.218124449253 1.789458274841 0
0.538686335087 -0.118291184306 1.678037285805 0
0.614118337631 -0.357202917337 1.619499087334 0
0.629874408245 -0.528835833073 1.508458495140 0
0.631794154644 -0.568129360676 1.478559255600 0
0.265268921852 -0.080685317516 1.724998235703 0
0.179327890277 -0.166297391057 1.483413577080 0
0.206312015653 0.030181925744 1.472158670425 0
0.171280354261 0.081667043269 1.477739572525 0
0.423689723015 -0.392288357019 1.567792654037 0
0.248614549637 -0.661381185055 1.440587401390 0
0.095256865025 -0.897543609142 1.326115965843 0
0.073471739888 -0.895009160042 1.233884811401 0
0.276416152716 -0.371856391430 1.568840980530 0
0.525815904140 -0.549814045429 1.487061858177 0
0.788413882256 -0.728595733643 1.381839394569 0
0.815108299255 -0.715828537941 1.293115496635 0
0.355602234602 -0.316477030516 1.600819230080 0
0.364388793707 -0.279783785343 1.663604497910 0
0.386153876781 0.018772102892 1.754897475243 0
0.375577062368 0.218124821782 1.789743423462 0
0.538635194302 -0.118316024542 1.678513407707 0
0.614183306694 -0.357402861118 1.619998693466 0
0.629513263702 -0.529129564762 1.509274244308 0
0.631648540497 -0.567997276783 1.479779362679 0
0.255064666271 -0.083894066513 1.724365830421 0
0.178598701954 -0.166484296322 1.483617544174 0
0.205846637487 0.029423585162 1.472090005875 0
0.172030165792 0.080461546779 1.477913379669 0
0.423433363438 -0.391976058483 1.567894339561 0
0.246549502015 -0.660761713982 1.443167686462 0
0.089933656156 -0.895357906818 1.332650065422 0
0.069731853902 -0.894077062607 1.238562941551 0
0.277668744326 -0.371139973402 1.569191694260 0
0.525816738605 -0.550270676613 1.488041520119 0
0.787818610668 -0.730345010757 1.383474707603 0
0.814885556698 -0.717166244984 1.294445753098 0
0.355913996696 -0.315945744514 1.601063966751 0
0.364513993263 -0.279480516911 1.663787961006 0
0.386144518852 0.019171437249 1.755137801170 0
0.376069992781 0.218187630177 1.789923071861 0
0.538611173630 -0.118324965239 1.678895473480 0
0.614227771759 -0.357571035624 1.620393157005 0
0.636623084545 -0.530665218830 1.511334300041 0
0.636650800705 -0.567956805229 1.481973648071 0
0.178968429565 -0.104864314198 1.718414306641 0
0.178064614534 -0.166632801294 1.483763933182 0
0.205397352576 0.028884354979 1.471861839294 0
0.172966703773 0.079507268965 1.477913737297 0
0.423608809710 -0.391443252563 1.568057179451 0
0.244835659862 -0.659689784050 1.445601224899 0
0.085510484874 -0.892460107803 1.337945461273 0
0.066071353853 -0.892380177975 1.243039131165 0
0.278249651194 -0.370698899031 1.569490790367 0
0.525851011276 -0.550817310810 1.488903522491 0
0.787192642689 -0.731615841389 1.384805679321 0
0.814591884613 -0.718229115009 1.295602798462 0
0.356455832720 -0.314751774073 1.601586580276 0
0.364829152822 -0.278651982546 1.664162635803 0
0.386214852333 0.019622739404 1.755182385445 0
0.376622200012 0.218389451504 1.789922714233 0
0.538609445095 -0.118317358196 1.679177403450 0
0.614246606827 -0.357712060213 1.620679736137 0
0.641296267509 -0.531712710857 1.512580513954 0
0.640025019646 -0.568327009678 1.483102917671 0
0.173975110054 -0.106273256242 1.718055129051 0
0.177736982703 -0.166673272848 1.483805060387 0
0.205074355006 0.028506951407 1.471590042114 0
0.174233108759 0.078899644315 1.477350950241 0
0.424266040325 -0.390639275312 1.568290472031 0
0.243632137775 -0.658588409424 1.447679281235 0
0.082636483014 -0.889953911304 1.341803789139 0
0.063224464655 -0.890646278858 1.246821403503 0
0.278472483158 -0.370411008596 1.569728612900 0
0.526019930840 -0.551052451134 1.489963054657 0
0.786892473698 -0.732090950012 1.386244297028 0
0.814487814903 -0.718770086765 1.296852827072 0
0.357012033463 -0.313468247652 1.602128148079 0
0.365196257830 -0.277698546648 1.664556384087 0
0.386315017939 0.020078109577 1.755131840706 0
0.377141803503 0.218636736274 1.789856672287 0
0.538614690304 -0.118302464485 1.679387807846 0
0.614267468452 -0.357820481062 1.620920181274 0
0.644663035870 -0.532406687737 1.513455033302 0
0.642619609833 -0.569071173668 1.483845233917 0
0.168693900108 -0.107769496739 1.717617988586 0
0.177474230528 -0.166709139943 1.483816742897 0
0.204775065184 0.028134413064 1.470988035202 0
0.175817549229 0.078506223857 1.476387143135 0
0.425100088120 -0.389740586281 1.568531990051 0
0.242722004652 -0.657589197159 1.449421167374 0
0.080674119294 -0.887995660305 1.344626784325 0
0.060992263258 -0.889114081860 1.249926805496 0
0.278608083725 -0.370206326246 1.569919228554 0
0.526153802872 -0.551407158375 1.490769267082 0
0.786493182182 -0.732566356659 1.387422323227 0
0.814284980297 -0.719304680824 1.297926425934 0
0.357591092587 -0.311942934990 1.602754473686 0
0.365630060434 -0.276481539011 1.665014505386 0
0.386471688747 0.020605186000 1.754919767380 0
0.377759099007 0.218973591924 1.789578080177 0
0.538624763489 -0.118283875287 1.679528951645 0
0.614289045334 -0.357926189899 1.621124982834 0
0.647202253342 -0.533002376556 1.514199495316 0
0.644693374634 -0.569994866848 1.484434366226 0
0.166456997395 -0.108391910791 1.717483520508 0
0.176960021257 -0.166932642460 1.483435392380 0
0.202186644077 0.026781752706 1.462384104729 0
0.178420379758 0.077391110361 1.463769078255 0
0.426081091166 -0.388829350471 1.568772792816 0
0.242046207190 -0.656673014164 1.450900793076 0
0.079301640391 -0.886326074600 1.346817255020 0
0.059248492122 -0.887710273266 1.252519845963 0
0.278631895781 -0.370022177696 1.570129871368 0
0.526423633099 -0.551346480846 1.491886496544 0
0.786372303963 -0.732427358627 1.388990640640 0
0.814281225204 -0.719422578812 1.299228549004 0
0.358025848866 -0.312449872494 1.602426648140 0
0.365741312504 -0.276478290558 1.664962530136 0
0.386675357819 0.021134283394 1.754628419876 0
0.378438144922 0.219366490841 1.789153337479 0
0.538642764091 -0.118260428309 1.679652094841 0
0.614363729954 -0.358012169600 1.621384143829 0
0.645174562931 -0.533041894436 1.514904856682 0
0.643882870674 -0.570293188095 1.485110282898 0
0.263919979334 -0.093556769192 1.705636620522 0
0.175484284759 -0.168348014355 1.481714844704 0
0.195797950029 0.025838010013 1.442939281464 0
0.178389534354 0.081634119153 1.434627175331 0
0.426295459270 -0.388551592827 1.568841338158 0
0.241412341595 -0.656177163124 1.451969146729 0
0.078350625932 -0.885484814644 1.348204135895 0
0.058097451925 -0.886969327927 1.254275202751 0
0.279068231583 -0.369973540306 1.570300817490 0
0.526684403419 -0.551283240318 1.492888808250 0
0.786496758461 -0.732600629330 1.390324234962 0
0.814491689205 -0.719714164734 1.300484061241 0
0.358480900526 -0.313462257385 1.601813077927 0
0.365917980671 -0.276747465134 1.664701104164 0
0.387015432119 0.021837037057 1.754127740860 0
0.379380762577 0.219807267189 1.788598418236 0
0.538650691509 -0.118233703077 1.679735064507 0
0.614485561848 -0.358079850674 1.621669530869 0
0.643561899662 -0.532938838005 1.515494227409 0
0.643164873123 -0.570481359959 1.485760688782 0
0.273149490356 -0.091899983585 1.704536199570 0
0.172675743699 -0.174247249961 1.476411581039 0
0.169465601444 -0.020969010890 1.347015142441 0
0.176952242851 0.060181368142 1.330738425255 0
0.426310181618 -0.388456404209 1.568862557411 0
0.240824803710 -0.655915260315 1.452837824821 0
0.077700152993 -0.885059058666 1.349223613739 0
0.057233594358 -0.886557638645 1.255679607391 0
0.279779016972 -0.370016992092 1.570449590683 0
0.526837229729 -0.551651477814 1.493455886841 0
0.786244809628 -0.733243823051 1.391244053841 0
0.814393341541 -0.720352768898 1.301425814629 0
0.358825385571 -0.314564734697 1.601173281670 0
0.366074442863 -0.277124345303 1.664373636246 0
0.387398868799 0.022555591539 1.753564953804 0
0.380662143230 0.220270201564 1.787952780724 0
0.538659811020 -0.118212059140 1.679789781570 0
0.614608228207 -0.358143508434 1.621915221214 0
0.642263710499 -0.532826244831 1.515928745270 0
0.642512440681 -0.570588111877 1.486294984818 0
0.278018921614 -0.090996176004 1.703913450241 0
0.171057015657 -0.178223326802 1.473208069801 0
0.164843365550 -0.004781319760 1.264904141426 0
0.167634680867 0.020244680345 1.246080756187 0
0.426213860512 -0.388384431601 1.568860888481 0
0.240292385221 -0.655792176723 1.453547477722 0
0.077246457338 -0.884856104851 1.349970936775 0
0.056587859988 -0.886346518993 1.256785392761 0
0.280457824469 -0.370084762573 1.570591449738 0
0.526969790459 -0.552064895630 1.493886947632 0
0.785924315453 -0.733891189098 1.391978740692 0
0.814223945141 -0.720985293388 1.302210330963 0
0.362286657095 -0.315904289484 1.601459503174 0
0.367868602276 -0.277608782053 1.664369106293 0
0.388021707535 0.023380815983 1.752751231194 0
0.382483273745 0.220867365599 1.787651300430 0
0.539463460445 -0.118196219206 1.679764628410 0
0.614687204361 -0.358188062906 1.622051954269 0
0.642321825027 -0.532834947109 1.516027212143 0
0.642552912235 -0.570640683174 1.486395955086 0
0.274091064930 -0.091907307506 1.701899051666 0
0.143750756979 -0.261125624180 1.494545578957 0
0.130281493068 -0.205260738730 1.262274980545 0
0.143245831132 -0.179310888052 1.190108418465 0
0.431272476912 -0.388916671276 1.570311427116 0
0.239722877741 -0.654523909092 1.454586863518 0
0.074271522462 -0.880414783955 1.351306557655 0
0.054316531867 -0.883361041546 1.258433818817 0
0.285338610411 -0.371729791164 1.572066068649 0
0.527188122272 -0.552614212036 1.494197368622 0
0.785791337490 -0.735207021236 1.392039299011 0
0.814163744450 -0.722062110901 1.302495837212 0
0.363367766142 -0.315735757351 1.600875496864 0
0.368794679642 -0.277464151382 1.663859724998 0
0.388924419880 0.024289999157 1.751740336418 0
0.386680096388 0.221543326974 1.787683129311 0
0.540397942066 -0.118203319609 1.679654121399 0
0.614741921425 -0.358246415854 1.622097253799 0
0.642019987106 -0.532782137394 1.515940785408 0
0.642256319523 -0.570343315601 1.486331582069 0
0.267487108707 -0.093185350299 1.699682712555 0
0.158104285598 -0.254957228899 1.508513808250 0
0.149085566401 -0.331858515739 1.292395472527 0
0.157776296139 -0.378126740456 1.151440143585 0
0.432470768690 -0.388181924820 1.569293856621 0
0.240290611982 -0.654449760914 1.454484701157 0
0.076638922095 -0.880858838558 1.350238442421 0
0.055012878031 -0.883358359337 1.258453249931 0
0.285995036364 -0.371714949608 1.571913123131 0
0.527407407761 -0.553068935871 1.494344592094 0
0.785539388657 -0.735935986042 1.392503619194 0
0.814046084881 -0.722733557224 1.303048491478 0
0.366149216890 -0.316114306450 1.599782109261 0
0.370770454407 -0.277583628893 1.662991166115 0
0.389815777540 0.025141090155 1.750749826431 0
0.391123712063 0.222049623728 1.787849426270 0
0.541612684727 -0.118229411542 1.679441809654 0
0.614805281162 -0.358309566975 1.622116088867 0
0.642665088177 -0.532748341560 1.515716075897 0
0.642733931541 -0.570153295994 1.485970020294 0
0.263408124447 -0.094044126570 1.698057413101 0
0.169547677040 -0.261345177889 1.519044280052 0
0.161179572344 -0.397095084190 1.333361983299 0
0.172668024898 -0.433638244867 1.255633831024 0
0.436037600040 -0.388285100460 1.567667722702 0
0.240455999970 -0.654231905937 1.454456210136 0
0.076716937125 -0.880379080772 1.349968433380 0
0.054927960038 -0.883007943630 1.258563399315 0
0.289194077253 -0.372345626354 1.571406364441 0
0.527704656124 -0.553506314754 1.494432926178 0
0.785610139370 -0.737273931503 1.392762780190 0
0.814168632030 -0.723841071129 1.303458452225 0
0.367975264788 -0.316347450018 1.598439097404 0
0.372319489717 -0.277645200491 1.661799311638 0
0.390901863575 0.026102431118 1.749291658401 0
0.395636826754 0.222414448857 1.788036704063 0
0.543155908585 -0.118262536824 1.678968548775 0
0.614911615849 -0.358501851559 1.621941804886 0
0.642925322056 -0.532869398594 1.515418052673 0
0.642876625061 -0.569951891899 1.485642313957 0
0.260843694210 -0.094674952328 1.696478247643 0
0.170651942492 -0.301975637674 1.568893909454 0
0.131658464670 -0.464951038361 1.369826316833 0
0.170582622290 -0.519121885300 1.283069133759 0
0.437932938337 -0.388327300549 1.565967321396 0
0.240743771195 -0.654131591320 1.454198360443 0
0.077177040279 -0.880247294903 1.349219918251 0
0.054996620864 -0.882835865021 1.258510470390 0
0.290990680456 -0.372532755136 1.570667266846 0
0.528153240681 -0.553998887539 1.494388461113 0
0.785744965076 -0.738325953484 1.393039226532 0
0.814313650131 -0.724732816219 1.303860783577 0
0.368633896112 -0.316155582666 1.597094178200 0
0.373051226139 -0.277438193560 1.660491228104 0
0.391874551773 0.027035515755 1.747726202011 0
0.398921877146 0.222707241774 1.788058519363 0
0.544678449631 -0.118315257132 1.678327083588 0
0.615019619465 -0.358711898327 1.621708869934 0
0.642648756504 -0.532974720001 1.515063285828 0
0.642511248589 -0.569779813290 1.485186815262 0
0.258367955685 -0.095325522125 1.694985508919 0
0.172726735473 -0.314215064049 1.580458760262 0
0.110125526786 -0.475714266300 1.390300869942 0
0.108910843730 -0.526455402374 1.356385946274 0
0.438614249229 -0.388194918633 1.564061403275 0
0.242135360837 -0.654587924480 1.452865600586 0
0.081408709288 -0.882199108601 1.345444798470 0
0.056983925402 -0.883511066437 1.257102608681 0
0.291223734617 -0.372173994780 1.569859981537 0
0.528582334518 -0.554429888725 1.494297504425 0
0.785638034344 -0.738773941994 1.393483638763 0
0.814309537411 -0.725222766399 1.304378867149 0
0.368800550699 -0.315584987402 1.595349788666 0
0.373434066772 -0.276890099049 1.658730983734 0
0.393046617508 0.028273273259 1.745147943497 0
0.401232212782 0.223069623113 1.787707328796 0
0.546192765236 -0.118322446942 1.677366614342 0
0.615119278431 -0.358929574490 1.621374487877 0
0.642157912254 -0.533118724823 1.514587759972 0
0.642287731171 -0.569482803345 1.484938979149 0
0.255875349045 -0.095962122083 1.693382024765 0
0.177761465311 -0.327368229628 1.596006751060 0
0.068488843739 -0.522257804871 1.448057651520 0
0.093987599015 -0.573609292507 1.371053338051 0
0.438683480024 -0.387906134129 1.561933636665 0
0.238785862923 -0.651155173779 1.451197624207 0
0.069968923926 -0.871669292450 1.341705203056 0
0.051100097597 -0.877349734306 1.255494475365 0
0.290800601244 -0.371215820313 1.568388223648 0
0.528710007668 -0.554835498333 1.493755698204 0
0.785228312016 -0.739163577557 1.393602013588 0
0.814092159271 -0.725611627102 1.304602503777 0
0.368650883436 -0.314854979515 1.593691587448 0
0.373540878296 -0.276199549437 1.657032132149 0
0.394031226635 0.029396001250 1.742588281631 0
0.402766019106 0.223465934396 1.787102341652 0
0.547542214394 -0.118276365101 1.676321506500 0
0.615213572979 -0.359154105186 1.620978116989 0
0.641707658768 -0.533288002014 1.514125347137 0
0.642084836960 -0.569172501564 1.484735131264 0
0.253657847643 -0.096535667777 1.691990852356 0
0.180022388697 -0.333226203918 1.604664802551 0
0.061634209007 -0.524197757244 1.458419799805 0
0.071570307016 -0.572759628296 1.395757913589 0
0.438473075628 -0.387485325336 1.560036063194 0
0.236924782395 -0.649344563484 1.450383424759 0
0.065948285162 -0.868292272091 1.340807080269 0
0.047965977341 -0.874303340912 1.254903197289 0
0.289962172508 -0.370134055614 1.566914558411 0
0.528445601463 -0.555202364922 1.492780923843 0
0.784459412098 -0.739620923996 1.393408417702 0
0.813696742058 -0.726018309593 1.304649114609 0
0.369115948677 -0.314446628094 1.592923998833 0
0.374080151320 -0.275602906942 1.655908107758 0
0.394836425781 0.030533310026 1.739503383636 0
0.403337299824 0.224112108350 1.785349488258 0
0.548869729042 -0.118042767048 1.674952864647 0
0.615335047245 -0.359322160482 1.620440244675 0
0.641790986061 -0.533454418182 1.513795495033 0
0.642037034035 -0.568886280060 1.484606981277 0
0.250583946705 -0.097157649696 1.690560579300 0
0.180376142263 -0.337551534176 1.609933972359 0
0.061299249530 -0.527795553207 1.462279915810 0
0.070581957698 -0.579125583172 1.401892662048 0
0.438936859369 -0.387140303850 1.559286117554 0
0.236006319523 -0.647852063179 1.450025677681 0
0.063761256635 -0.865700423717 1.340445041656 0
0.045914653689 -0.871749758720 1.254585146904 0
0.290342032909 -0.370184957981 1.566675066948 0
0.527749896049 -0.555555582047 1.491276502609 0
0.783457577229 -0.740939855576 1.391534209251 0
0.813043773174 -0.726969361305 1.303817749023 0
0.369402348995 -0.314076423645 1.592245936394 0
0.374477237463 -0.275068283081 1.654924631119 0
0.395406454802 0.031443275511 1.736832618713 0
0.403326928616 0.224888578057 1.783141136169 0
0.549971818924 -0.117754809558 1.673539876938 0
0.615461289883 -0.359447121620 1.619839549065 0
0.641809642315 -0.533582568169 1.513502240181 0
0.641925871372 -0.568603754044 1.484485149384 0
0.247693657875 -0.097655139863 1.689503312111 0
0.179624617100 -0.339930891991 1.613395571709 0
0.061865955591 -0.517582237720 1.468624114990 0
0.063997440040 -0.568719506264 1.430000543594 0
0.439168751240 -0.386796861887 1.558531403542 0
0.236368879676 -0.647635400295 1.449453353882 0
0.065389692783 -0.866183638573 1.339069128036 0
0.046331577003 -0.871536672115 1.253904938698 0
0.290525287390 -0.370222777128 1.566484808922 0
0.527440845966 -0.555866360664 1.490151047707 0
0.782863438129 -0.741608619690 1.390469193459 0
0.812588512897 -0.727572083473 1.303286194801 0
0.369546324015 -0.313709229231 1.591616153717 0
0.374753922224 -0.274565756321 1.654032945633 0
0.395740956068 0.032124824822 1.734382033348 0
0.402267992496 0.225985646248 1.778904795647 0
0.551086485386 -0.117416784167 1.671934604645 0
0.615635514259 -0.359492182732 1.618955731392 0
0.641816914082 -0.533653199673 1.513090372086 0
0.641792595387 -0.568318963051 1.484350442886 0
0.244720548391 -0.098133854568 1.688709855080 0
0.174479648471 -0.341187655926 1.617674827576 0
0.060483619571 -0.512450754642 1.473388314247 0
0.067839011550 -0.541852235794 1.421798706055 0
0.439242303371 -0.386415660381 1.557649850845 0
0.236314579844 -0.647409379482 1.449350476265 0
0.065290622413 -0.865986466408 1.339007973671 0
0.046173341572 -0.871290683746 1.253870248795 0
0.290590196848 -0.370264500380 1.566327929497 0
0.526840627193 -0.556015551090 1.488723278046 0
0.782099664211 -0.742065250874 1.389095544815 0
0.811991274357 -0.728062927723 1.302546501160 0
