-0.177922666073 -0.028933724388 1.676322460175 0
-0.176128178835 0.041511815041 1.689153432846 0
-0.170631378889 0.396274656057 1.679201364517 0
-0.172219634056 0.566887795925 1.612444043159 0
-0.011249712668 0.281066149473 1.679064512253 0
0.021354433149 0.012198166922 1.672532200813 0
0.070834346116 -0.211775884032 1.607994198799 0
0.059703823179 -0.304230719805 1.578797101974 0
-0.341280400753 0.284586071968 1.690778017044 0
-0.384032517672 0.012050906196 1.694940805435 0
-0.441268742085 -0.211840465665 1.650812506676 0
-0.441330581903 -0.307609140873 1.635350823402 0
-0.104385048151 -0.103735029697 1.671308994293 0
-0.048814609647 -0.450862467289 1.694600224495 0
-0.043447095901 -0.754838109016 1.769790410995 0
-0.044460989535 -0.799684464931 1.685429811478 0
-0.253774762154 -0.102835647762 1.675962328911 0
-0.296861261129 -0.457028448582 1.713710188866 0
-0.293550372124 -0.752888858318 1.783586382866 0
-0.296158015728 -0.796378791332 1.697785854340 0
-0.177804097533 -0.028906522319 1.676273703575 0
-0.176008179784 0.041529715061 1.689175248146 0
-0.170378148556 0.396313697100 1.679211020470 0
-0.172047033906 0.566869318485 1.612417340279 0
-0.011127104051 0.281046837568 1.679066181183 0
0.021504571661 0.012269754894 1.672502040863 0
0.071009106934 -0.211679920554 1.607855200768 0
0.059867504984 -0.304096430540 1.578534603119 0
-0.341158121824 0.284616231918 1.690786480904 0
-0.384036153555 0.012052537873 1.694972276688 0
-0.441158711910 -0.211824357510 1.650613427162 0
-0.441063642502 -0.307446211576 1.634570002556 0
-0.104307293892 -0.103710561991 1.671245336533 0
-0.048662960529 -0.450907915831 1.694349408150 0
-0.043442711234 -0.754832446575 1.769789099693 0
-0.044473882765 -0.799680590630 1.685427069664 0
-0.253642529249 -0.102806590497 1.675896167755 0
-0.296761512756 -0.457100361586 1.712431907654 0
-0.293442636728 -0.753076910973 1.782780766487 0
-0.296141326427 -0.796468496323 1.697475910187 0
-0.177592411637 -0.028900915757 1.676097154617 0
-0.175812393427 0.041525088251 1.689123630524 0
-0.170012161136 0.396336764097 1.679131269455 0
-0.171779692173 0.566796064377 1.612242341042 0
-0.010954177007 0.280995726585 1.678993940353 0
0.021756459028 0.012347961776 1.672329545021 0
0.071272544563 -0.211599156260 1.607634663582 0
0.060127317905 -0.303988754749 1.578208446503 0
-0.340964645147 0.284625440836 1.690698623657 0
-0.384029000998 0.012046578340 1.694959163666 0
-0.440919280052 -0.211783230305 1.650028228760 0
-0.440505832434 -0.307139247656 1.632697463036 0
-0.104153811932 -0.103700675070 1.671033024788 0
-0.048482932150 -0.451158314943 1.694162964821 0
-0.043435845524 -0.754826545715 1.769794940948 0
-0.044483203441 -0.799677491188 1.685429811478 0
-0.253410518169 -0.102797687054 1.675695419312 0
-0.296764135361 -0.457517057657 1.710801839828 0
-0.293181419373 -0.753542184830 1.780870318413 0
-0.296058565378 -0.796705543995 1.696613192558 0
-0.177350431681 -0.028907025233 1.675864815712 0
-0.175592988729 0.041509076953 1.689037442207 0
-0.169643327594 0.396347433329 1.679016828537 0
-0.171471282840 0.566678583622 1.611971616745 0
-0.010746838525 0.280928283930 1.678869247437 0
0.022054001689 0.012422742322 1.672085165977 0
0.071566797793 -0.211529731750 1.607380151749 0
0.060422830284 -0.303901225328 1.577876448631 0
-0.340743988752 0.284628003836 1.690553426743 0
-0.384014815092 0.012040772475 1.694901108742 0
-0.440613508224 -0.211714878678 1.649208903313 0
-0.439879059792 -0.306799143553 1.630567908287 0
-0.103969849646 -0.103701725602 1.670756936073 0
-0.048328276724 -0.451337993145 1.693998575211 0
-0.043430469930 -0.754819512367 1.769804716110 0
-0.044495508075 -0.799673378468 1.685435652733 0
-0.253145813942 -0.102802537382 1.675434112549 0
-0.296841025352 -0.457872956991 1.709043502808 0
-0.292825728655 -0.754126548767 1.778428792953 0
-0.295916467905 -0.797032833099 1.695371747017 0
-0.177034348249 -0.028935246170 1.675502181053 0
-0.175307765603 0.041470535100 1.688863635063 0
-0.169188752770 0.396322757006 1.678768992424 0
-0.171084344387 0.566498696804 1.611525774002 0
-0.010468594730 0.280835002661 1.678635358810 0
0.022487917915 0.012462887913 1.671669244766 0
0.071908690035 -0.211508929729 1.607059717178 0
0.060765255243 -0.303871870041 1.577511310577 0
-0.340433806181 0.284589916468 1.690245270729 0
-0.383956283331 0.011983305216 1.694645404816 0
-0.440166801214 -0.211729019880 1.647915840149 0
-0.439002931118 -0.306537002325 1.627558350563 0
-0.103722967207 -0.103721722960 1.670359492302 0
-0.048173151910 -0.451514363289 1.693837642670 0
-0.043428227305 -0.754808366299 1.769826769829 0
-0.044513754547 -0.799667000771 1.685449481010 0
-0.252807229757 -0.102830342948 1.675032496452 0
-0.296991556883 -0.458686828613 1.706611275673 0
-0.292418062687 -0.754908502102 1.775026917458 0
-0.295723736286 -0.797506928444 1.693468570709 0
-0.176700264215 -0.028973639011 1.675098419189 0
-0.174996823072 0.041420392692 1.688645958900 0
-0.168675214052 0.396266490221 1.678438067436 0
-0.170682534575 0.566295862198 1.611016631126 0
-0.010168291628 0.280733823776 1.678357005119 0
0.022954734042 0.012472505681 1.671213746071 0
0.072232015431 -0.211517736316 1.606725573540 0
0.061078790575 -0.303876459599 1.577165246010 0
-0.340087920427 0.284525841475 1.689851999283 0
-0.383870095015 0.011894975789 1.694273471832 0
-0.439687997103 -0.211777180433 1.646490216255 0
-0.438227862120 -0.306382298470 1.624921083450 0
-0.103460215032 -0.103748098016 1.669926166534 0
-0.048014406115 -0.451718747616 1.693678140640 0
-0.043426442891 -0.754796862602 1.769851326942 0
-0.044531863183 -0.799660623074 1.685464501381 0
-0.252460479736 -0.102870486677 1.674600720406 0
-0.297093510628 -0.459417015314 1.704200148582 0
-0.292102247477 -0.755613267422 1.771925926208 0
-0.295547425747 -0.797989726067 1.691502332687 0
-0.176337108016 -0.029032895342 1.674625754356 0
-0.174654617906 0.041349049658 1.688366651535 0
-0.168120250106 0.396173238754 1.678023219109 0
-0.170166149735 0.566000223160 1.610303997993 0
-0.009825091809 0.280606240034 1.678012251854 0
0.023442164063 0.012447814457 1.670731782913 0
0.072553738952 -0.211556449533 1.606381416321 0
0.061392217875 -0.303912401199 1.576831102371 0
-0.339661180973 0.284429877996 1.689291000366 0
-0.383713245392 0.011735032313 1.693619728088 0
-0.439072817564 -0.211898878217 1.644521355629 0
-0.437408298254 -0.306348502636 1.622169256210 0
-0.103175126016 -0.103792220354 1.669435262680 0
-0.047887496650 -0.451790422201 1.693512916565 0
-0.043434746563 -0.754775285721 1.769901037216 0
-0.044560384005 -0.799648940563 1.685493826866 0
-0.252085149288 -0.102931439877 1.674096345901 0
-0.297185420990 -0.460141271353 1.701705098152 0
-0.291784405708 -0.756287693977 1.768907785416 0
-0.295339137316 -0.798494338989 1.689406275749 0
-0.175983786583 -0.029098091647 1.674152255058 0
-0.174320623279 0.041272908449 1.688075900078 0
-0.167618021369 0.396081864834 1.677619338036 0
-0.169644966722 0.565684914589 1.609567999840 0
-0.009495941922 0.280482530594 1.677675604820 0
0.023895278573 0.012410881929 1.670284628868 0
0.072873517871 -0.211605578661 1.606054544449 0
0.061711866409 -0.303959757090 1.576510548592 0
-0.339251428843 0.284334748983 1.688722729683 0
-0.383555829525 0.011565063149 1.692924261093 0
-0.438495814800 -0.212027445436 1.642679333687 0
-0.436693608761 -0.306351780891 1.619839668274 0
-0.102895148098 -0.103842139244 1.668952465057 0
-0.047745492309 -0.451925128698 1.693364262581 0
-0.043437719345 -0.754756331444 1.769949793816 0
-0.044583275914 -0.799639284611 1.685521721840 0
-0.251713484526 -0.103000618517 1.673581123352 0
-0.297263234854 -0.460719197989 1.699671387672 0
-0.291520863771 -0.756831824780 1.766484618187 0
-0.295142233372 -0.798946917057 1.687530159950 0
-0.175638124347 -0.029172815382 1.673663377762 0
-0.173991769552 0.041187342256 1.687762856483 0
-0.167136073112 0.395974665880 1.677191257477 0
-0.169052183628 0.565311133862 1.608703613281 0
-0.009161773138 0.280351817608 1.677336812019 0
0.024321423844 0.012356775813 1.669871211052 0
0.073177628219 -0.211669683456 1.605749845505 0
0.062020014971 -0.304022073746 1.576208233833 0
-0.338834851980 0.284240514040 1.688102483749 0
-0.383395791054 0.011376241222 1.692118883133 0
-0.437945693731 -0.212171137333 1.640904784203 0
-0.436060398817 -0.306391894817 1.617807865143 0
-0.102623999119 -0.103899858892 1.668478131294 0
-0.047614172101 -0.451981753111 1.693203210831 0
-0.043445400894 -0.754734516144 1.770005702972 0
-0.044608831406 -0.799627959728 1.685553669930 0
-0.251343309879 -0.103085123003 1.673023819923 0
-0.297344207764 -0.461191385984 1.698000788689 0
-0.291316062212 -0.757256388664 1.764622569084 0
-0.294965565205 -0.799336194992 1.685935258865 0
-0.175332739949 -0.029243223369 1.673216223717 0
-0.173697829247 0.041106358171 1.687471747398 0
-0.166712239385 0.395875096321 1.676804184914 0
-0.168528303504 0.564984917641 1.607940316200 0
-0.008857065812 0.280230998993 1.677026510239 0
0.024691779166 0.012306146324 1.669508814812 0
0.073442839086 -0.211729958653 1.605483174324 0
0.062290467322 -0.304080486298 1.575943708420 0
-0.338453710079 0.284159123898 1.687509775162 0
-0.383250027895 0.011197366752 1.691362857819 0
-0.437492609024 -0.212301507592 1.639409899712 0
-0.435570478439 -0.306437730789 1.616221666336 0
-0.102383442223 -0.103955604136 1.668045282364 0
-0.047490779310 -0.452066451311 1.693051695824 0
-0.043451983482 -0.754713952541 1.770060539246 0
-0.044632356614 -0.799617350101 1.685584902763 0
-0.251019507647 -0.103163562715 1.672513484955 0
-0.297418057919 -0.461559712887 1.696685671806 0
-0.291159540415 -0.757578313351 1.763224005699 0
-0.294813811779 -0.799660086632 1.684619903564 0
-0.175061106682 -0.029307566583 1.672806620598 0
-0.173433735967 0.041031502187 1.687201023102 0
-0.166340306401 0.395784974098 1.676455259323 0
-0.168070346117 0.564702272415 1.607273578644 0
-0.008583610877 0.280123233795 1.676748156548 0
0.025014745072 0.012258380651 1.669191479683 0
0.073682337999 -0.211787432432 1.605243086815 0
0.062536008656 -0.304135233164 1.575698018074 0
-0.338116168976 0.284084677696 1.686965346336 0
-0.383119612932 0.011019030586 1.690660119057 0
-0.437128394842 -0.212433800101 1.638184428215 0
-0.435194104910 -0.306502580643 1.614986300468 0
-0.102169394493 -0.104007042944 1.667654156685 0
-0.047385785729 -0.452087402344 1.692884922028 0
-0.043461874127 -0.754691481590 1.770117640495 0
-0.044657755643 -0.799605488777 1.685618042946 0
-0.250731199980 -0.103235319257 1.672037243843 0
-0.297482192516 -0.461848050356 1.695650577545 0
-0.291029304266 -0.757780253887 1.762339830399 0
-0.294677346945 -0.799894869328 1.683668732643 0
-0.174822539091 -0.029372980818 1.672421932220 0
-0.173201516271 0.040957581252 1.686949610710 0
-0.166011273861 0.395700603724 1.676141619682 0
-0.167648255825 0.564449667931 1.606680393219 0
-0.008336237632 0.280022919178 1.676499128342 0
0.025286113843 0.012209305540 1.668931484222 0
0.073879621923 -0.211844131351 1.605046272278 0
0.062740571797 -0.304186940193 1.575479626656 0
-0.337773829699 0.284008383751 1.686401128769 0
-0.383007228374 0.010824367404 1.689975023270 0
-0.436833411455 -0.212584197521 1.637180805206 0
-0.434907704592 -0.306598693132 1.614025712013 0
-0.101985655725 -0.104060687125 1.667292952538 0
-0.047304380685 -0.452217310667 1.692744016647 0
-0.043464235961 -0.754676878452 1.770164489746 0
-0.044674851000 -0.799598276615 1.685644626617 0
-0.250475943089 -0.103302016854 1.671576380730 0
-0.297561228275 -0.462058067322 1.695012450218 0
-0.290978372097 -0.757837116718 1.762079715729 0
-0.294599890709 -0.799991130829 1.683278083801 0
-0.174612313509 -0.029434669763 1.672062277794 0
-0.172998338938 0.040888089687 1.686722159386 0
-0.165724754333 0.395622193813 1.675867557526 0
-0.167261227965 0.564243674278 1.606172084808 0
-0.008109917864 0.279931038618 1.676286101341 0
0.025499965996 0.012164820917 1.668737769127 0
0.074056617916 -0.211897179484 1.604884743690 0
0.062928147614 -0.304234087467 1.575286626816 0
-0.337457776070 0.283929735422 1.685855984688 0
-0.382921755314 0.010610689409 1.689334392548 0
-0.436545491219 -0.212763518095 1.636052966118 0
-0.434642255306 -0.306734532118 1.613038182259 0
-0.101824291050 -0.104115314782 1.666955351830 0
-0.047251373529 -0.452287107706 1.692612171173 0
-0.043467402458 -0.754664003849 1.770208597183 0
-0.044690806419 -0.799591720104 1.685669779778 0
-0.250250726938 -0.103360496461 1.671124935150 0
-0.297575801611 -0.461928755045 1.694724798203 0
-0.290944278240 -0.757815063000 1.762135148048 0
-0.294579714537 -0.800020694733 1.683158397675 0
-0.174426361918 -0.029489921406 1.671733617783 0
-0.172818645835 0.040824972093 1.686517119408 0
-0.165474161506 0.395551532507 1.675626158714 0
-0.166915357113 0.564071416855 1.605749130249 0
-0.007898352109 0.279846817255 1.676103353500 0
0.025680663064 0.012124140747 1.668584704399 0
0.074222579598 -0.211946770549 1.604741096497 0
0.063105165958 -0.304276138544 1.575103044510 0
-0.337177753448 0.283856242895 1.685361742973 0
-0.382910937071 0.010460598394 1.688894867897 0
-0.435660660267 -0.212652578950 1.631637215614 0
-0.432512760162 -0.306168019772 1.604984879494 0
-0.101679109037 -0.104166515172 1.666644811630 0
-0.047216907144 -0.452329933643 1.692484855652 0
-0.043472360820 -0.754652559757 1.770249605179 0
-0.044706825167 -0.799585938454 1.685693740845 0
-0.250054866076 -0.103411532938 1.670706391335 0
-0.297534883022 -0.461593389511 1.694499254227 0
-0.290912091732 -0.757675468922 1.762631058693 0
-0.294548392296 -0.800026237965 1.683130741119 0
-0.174242734909 -0.029538877308 1.671417236328 0
-0.172646641731 0.040766891092 1.686324477196 0
-0.165252864361 0.395487815142 1.675412654877 0
-0.166599452496 0.563929975033 1.605402708054 0
-0.007704082411 0.279769510031 1.675942897797 0
0.025836216286 0.012091200799 1.668464183807 0
0.074401132762 -0.211989924312 1.604607582092 0
0.063301183283 -0.304311692715 1.574918150902 0
-0.336932212114 0.283790290356 1.684917807579 0
-0.383024424314 0.010506330989 1.688751220703 0
-0.425860315561 -0.202985331416 1.595279812813 0
-0.405989885330 -0.248013764620 1.540362834930 0
-0.101521059871 -0.104212544858 1.666334629059 0
-0.047194775194 -0.452345430851 1.692357182503 0
-0.043478999287 -0.754641056061 1.770290136337 0
-0.044723395258 -0.799579918385 1.685717701912 0
-0.249861210585 -0.103457920253 1.670300722122 0
-0.297320395708 -0.461363852024 1.694486260414 0
-0.291047513485 -0.757493972778 1.763467431068 0
-0.294558912516 -0.800014793873 1.683222293854 0
-0.173931717873 -0.029576882720 1.671008467674 0
-0.172405973077 0.040706843138 1.686098098755 0
-0.165064886212 0.395419150591 1.675221204758 0
-0.166307911277 0.563804924488 1.605111122131 0
-0.007527692243 0.279697060585 1.675797104836 0
0.025973286480 0.012057420798 1.668368458748 0
0.074789896607 -0.212040126324 1.604381442070 0
0.064267337322 -0.302432209253 1.574350714684 0
-0.336726129055 0.283739000559 1.684529185295 0
-0.387426555157 0.027130797505 1.691386699677 0
-0.358575075865 -0.078078292310 1.484124064445 0
-0.327818006277 -0.099727228284 1.450696706772 0
-0.101139955223 -0.104229569435 1.665894865990 0
-0.047189369798 -0.452287912369 1.692195653915 0
-0.043487060815 -0.754627943039 1.770328760147 0
-0.044740617275 -0.799572646618 1.685740947723 0
-0.249490857124 -0.103514924645 1.669736981392 0
-0.296833723783 -0.461126953363 1.694823503494 0
-0.291356950998 -0.757207453251 1.764820337296 0
-0.294634431601 -0.799958646297 1.683538556099 0
-0.173647716641 -0.029603632167 1.670643806458 0
-0.172186493874 0.040655974299 1.685900568962 0
-0.164917364717 0.395356595516 1.675053834915 0
-0.166076779366 0.563705801964 1.604880332947 0
-0.007367194165 0.279625713825 1.675656676292 0
0.026097858325 0.012027584948 1.668284893036 0
0.075194038451 -0.212085396051 1.604281425476 0
0.064703509212 -0.302489042282 1.574057698250 0
-0.336583465338 0.283715635538 1.684223055840 0
-0.391136586666 0.044679194689 1.688905358315 0
-0.306085228920 0.026519056410 1.429355502129 0
-0.255466997623 0.018713451922 1.393522858620 0
-0.100786030293 -0.104237250984 1.665508508682 0
-0.047189645469 -0.452283859253 1.692090988159 0
-0.043491482735 -0.754618644714 1.770359516144 0
-0.044754866511 -0.799567341805 1.685759902000 0
-0.249157220125 -0.103561431170 1.669238567352 0
-0.296184688807 -0.460626959801 1.695336580276 0
-0.291667431593 -0.756948053837 1.766094565392 0
-0.294730067253 -0.799895346165 1.683906674385 0
-0.173407465219 -0.029600886628 1.670345306396 0
-0.171996399760 0.040624074638 1.685747981071 0
-0.164881408215 0.395282924175 1.674934387207 0
-0.165908977389 0.563619375229 1.604685425758 0
-0.007256291341 0.279554516077 1.675477623940 0
0.026209134609 0.012010502629 1.668202757835 0
0.075613610446 -0.212090089917 1.604168772697 0
0.065195754170 -0.302523076534 1.573768973351 0
-0.336605578661 0.283818066120 1.684095740318 0
-0.382827252150 0.054573982954 1.652338027954 0
-0.259030610323 0.193839579821 1.403346061707 0
-0.225978344679 0.213189199567 1.394343852997 0
-0.100474514067 -0.104221269488 1.665204644203 0
-0.047202307731 -0.452238976955 1.691984891891 0
-0.043495688587 -0.754609286785 1.770386576653 0
-0.044774997979 -0.799561023712 1.685779452324 0
-0.248868271708 -0.103587985039 1.668815135956 0
-0.295564532280 -0.459930211306 1.696042060852 0
-0.291933208704 -0.756716609001 1.767252922058 0
-0.294845521450 -0.799826204777 1.684309005737 0
-0.173198044300 -0.029604528099 1.670093774796 0
-0.171831101179 0.040591921657 1.685622692108 0
-0.164864957333 0.395212262869 1.674829721451 0
-0.165759354830 0.563546657562 1.604510545731 0
-0.007161866408 0.279484450817 1.675296664238 0
0.026300113648 0.012000403367 1.668118119240 0
0.076113000512 -0.212078213692 1.604002714157 0
0.065761968493 -0.302558004856 1.573433995247 0
-0.336703270674 0.283902138472 1.683955430984 0
-0.369364857674 0.066533148289 1.615819811821 0
-0.244449406862 0.298378109932 1.406579256058 0
-0.232934966683 0.307454258204 1.407399177551 0
-0.100182153285 -0.104240447283 1.665023803711 0
-0.047236938030 -0.452135086060 1.691853284836 0
-0.043500076979 -0.754605591297 1.770418167114 0
-0.044795230031 -0.799558877945 1.685801744461 0
-0.248624727130 -0.103638321161 1.668427228928 0
-0.295002102852 -0.459175318480 1.696770071983 0
-0.292179077864 -0.756535589695 1.768288731575 0
-0.294965356588 -0.799765884876 1.684724092484 0
-0.172998145223 -0.029659464955 1.669871568680 0
-0.171730116010 0.040542587638 1.685475349426 0
-0.164990544319 0.395071178675 1.674198150635 0
-0.165609881282 0.563476324081 1.604294061661 0
-0.007126707584 0.279402524233 1.675098538399 0
0.026361456141 0.011998916045 1.667999386787 0
0.077346198261 -0.211910054088 1.602369189262 0
0.067334584892 -0.300488352776 1.572013020515 0
-0.338107913733 0.282020539045 1.677139282227 0
-0.352538824081 0.069481112063 1.566175341606 0
-0.280978679657 0.299678623676 1.421425580978 0
-0.228992581367 0.388347804546 1.396143674850 0
-0.099809415638 -0.104332752526 1.664986252785 0
-0.047452639788 -0.451538652182 1.691506385803 0
-0.043498843908 -0.754615306854 1.770468115807 0
-0.044773377478 -0.799568474293 1.685836672783 0
-0.248397916555 -0.103782854974 1.668021559715 0
-0.294405668974 -0.458019644022 1.697641253471 0
-0.292401999235 -0.756448149681 1.769226789474 0
-0.294950902462 -0.799750208855 1.685143351555 0
-0.172746002674 -0.029895488173 1.669623255730 0
-0.171648308635 0.040330298245 1.685131072998 0
-0.165285363793 0.394645780325 1.672815561295 0
-0.165447503328 0.563382208347 1.603896975517 0
-0.007143395953 0.279337704182 1.674936056137 0
0.026403736323 0.012014534324 1.667879462242 0
0.077353440225 -0.211701184511 1.601204872131 0
0.067219398916 -0.300590395927 1.571041822433 0
-0.335098475218 0.280490338802 1.659513950348 0
-0.341396570206 0.074785515666 1.524616122246 0
-0.257623195648 0.349519789219 1.404429197311 0
-0.226888477802 0.417807430029 1.395496368408 0
-0.099429659545 -0.104497738183 1.665062904358 0
-0.047674916685 -0.450780779123 1.691100120544 0
-0.043491125107 -0.754640102386 1.770515084267 0
-0.044635064900 -0.799610912800 1.685905575752 0
-0.248106196523 -0.104042083025 1.667547225952 0
-0.293808609247 -0.456449091434 1.698499202728 0
-0.292587488890 -0.756425261497 1.770050406456 0
-0.294781535864 -0.799769520760 1.685612320900 0
-0.172477662563 -0.030217377469 1.669370174408 0
-0.171561285853 0.040015079081 1.684651494026 0
-0.165600955486 0.394131124020 1.671250343323 0
-0.165279477835 0.563288271427 1.603445529938 0
-0.007171080448 0.279287189245 1.674812912941 0
0.026434946805 0.012037019245 1.667784690857 0
0.077415756881 -0.211672902107 1.601137757301 0
0.067282214761 -0.300573170185 1.570976614952 0
-0.333063274622 0.279580175877 1.649482250214 0
-0.338794410229 0.075914889574 1.513703465462 0
-0.258325010538 0.358945280313 1.404814839363 0
-0.225783109665 0.433192908764 1.395074605942 0
-0.099060110748 -0.104699075222 1.665197134018 0
-0.047870118171 -0.450092941523 1.690739870071 0
-0.043489124626 -0.754674255848 1.770571112633 0
-0.044480949640 -0.799665093422 1.685986399651 0
-0.247791409492 -0.104353323579 1.667055845261 0
-0.293299049139 -0.455156803131 1.699179053307 0
-0.292756706476 -0.756430685520 1.770772218704 0
-0.294593840837 -0.799804568291 1.686077952385 0
-0.172118067741 -0.030746646225 1.669061779976 0
-0.171395793557 0.039446037263 1.683756589890 0
-0.165775507689 0.393482625484 1.669091820717 0
-0.164979979396 0.563187241554 1.602773785591 0
-0.007198540494 0.279261380434 1.674760937691 0
0.026452820748 0.012059994973 1.667771100998 0
0.077465072274 -0.211600735784 1.601178765297 0
0.067301400006 -0.300545275211 1.570925235748 0
-0.330875575542 0.278611481190 1.641164064407 0
-0.337833166122 0.075918637216 1.508724689484 0
-0.278378188610 0.313018649817 1.423527956009 0
-0.226811841130 0.437177747488 1.395684599876 0
-0.098654158413 -0.104992806911 1.665450692177 0
-0.047971233726 -0.449501127005 1.690458536148 0
-0.043504711241 -0.754730403423 1.770639061928 0
-0.044303208590 -0.799744606018 1.686083197594 0
-0.247319966555 -0.104854725301 1.666382908821 0
-0.292844086885 -0.455543518066 1.699867010117 0
-0.292992711067 -0.756498098373 1.771397948265 0
-0.294422477484 -0.799879610538 1.686517715454 0
-0.171450152993 -0.031750921160 1.668565750122 0
-0.170891985297 0.038348760456 1.681994199753 0
-0.165411233902 0.392636626959 1.665739536285 0
-0.164307981730 0.562965631485 1.601723313332 0
-0.007218117360 0.279244482517 1.674738526344 0
0.026502121240 0.012082440779 1.667894005775 0
0.077567249537 -0.211527243257 1.601662039757 0
0.067328400910 -0.300680518150 1.571388125420 0
-0.327230721712 0.276725500822 1.632167696953 0
-0.337273001671 0.074948064983 1.505820870399 0
-0.281649261713 0.306452125311 1.425387620926 0
-0.230413258076 0.433509796858 1.397707819939 0
-0.098138324916 -0.105462722480 1.665882945061 0
-0.047958098352 -0.449414342642 1.690419077873 0
-0.043561726809 -0.754849433899 1.770718932152 0
-0.044094376266 -0.799880087376 1.686192870140 0
-0.246286347508 -0.105814956129 1.665142416954 0
-0.292566239834 -0.455701410770 1.700178503990 0
-0.293141663074 -0.756603717804 1.771820902824 0
-0.294163912535 -0.800001263618 1.686917901039 0
-0.170702397823 -0.032854549587 1.668012261391 0
-0.170278698206 0.037175670266 1.680052280426 0
-0.165023729205 0.391929477453 1.662836790085 0
-0.163468003273 0.562692940235 1.600539565086 0
-0.007235498633 0.279229342937 1.674726963043 0
0.026597283781 0.012091997080 1.668163895607 0
0.077786155045 -0.211465761065 1.602476954460 0
0.067542985082 -0.300942033529 1.572372555733 0
-0.324481427670 0.275334924459 1.626119375229 0
-0.336675584316 0.073728151619 1.503819584846 0
-0.276635378599 0.328479409218 1.420532226563 0
-0.229587256908 0.438511848450 1.397117137909 0
-0.097619369626 -0.105964004993 1.666335701942 0
-0.047927629203 -0.449392676353 1.690408229828 0
-0.043637055904 -0.754997670650 1.770801901817 0
-0.043880712241 -0.800034582615 1.686304450035 0
-0.245047539473 -0.106879808009 1.663694739342 0
-0.292341530323 -0.455867797136 1.700384497643 0
-0.293238967657 -0.756709814072 1.772102475166 0
-0.293884992599 -0.800137042999 1.687249898911 0
-0.169791072607 -0.034059848636 1.667305111885 0
-0.169400840998 0.035855669528 1.677584052086 0
-0.164592027664 0.391245394945 1.660234332085 0
-0.162234127522 0.562279284000 1.599003553391 0
-0.007254836150 0.279217094183 1.674739241600 0
0.026801727712 0.012074979953 1.668675661087 0
0.078284621239 -0.211413726211 1.603686571121 0
0.068227402866 -0.301332950592 1.574013352394 0
-0.322471797466 0.274267107248 1.621705651283 0
-0.335080295801 0.072075098753 1.502095699310 0
-0.276076018810 0.331575125456 1.420099735260 0
-0.228983134031 0.441956698895 1.396593689919 0
-0.097016423941 -0.106534637511 1.666822433472 0
-0.047820907086 -0.449500948191 1.690448999405 0
-0.043730851263 -0.755182266235 1.770894885063 0
-0.043654620647 -0.800212860107 1.686424612999 0
-0.243432909250 -0.108088769019 1.661682248116 0
-0.292070925236 -0.456108748913 1.700353622437 0
-0.293291538954 -0.756802797318 1.772179365158 0
-0.293616235256 -0.800285696983 1.687397837639 0
-0.168842494488 -0.035216666758 1.666529417038 0
-0.168482586741 0.034650824964 1.675179362297 0
-0.164183124900 0.390682548285 1.658130168915 0
-0.161008387804 0.561881780624 1.597537398338 0
-0.007277778350 0.279205977917 1.674767017365 0
0.027036601678 0.012055671774 1.669252395630 0
0.078908100724 -0.211347684264 1.604885101318 0
0.069063074887 -0.301663786173 1.575527429581 0
-0.320954293013 0.273477673531 1.618430852890 0
-0.333454936743 0.070748619735 1.500179409981 0
-0.275678396225 0.333669215441 1.419770956039 0
-0.228499040008 0.444663792849 1.396191239357 0
-0.096420124173 -0.107073903084 1.667243242264 0
-0.047714248300 -0.449552088976 1.690463423729 0
-0.043841380626 -0.755364775658 1.770995855331 0
-0.043441172689 -0.800382256508 1.686548709869 0
-0.241819813848 -0.109201550484 1.659613251686 0
-0.291730523109 -0.456331402063 1.700096726418 0
-0.293351143599 -0.756942331791 1.772148966789 0
-0.293352246284 -0.800446391106 1.687443852425 0
-0.167910441756 -0.036242984235 1.665722489357 0
-0.167560353875 0.033623185009 1.672899246216 0
-0.163748472929 0.390216648579 1.656375527382 0
-0.159772604704 0.561482369900 1.596025228500 0
-0.007297085132 0.279201328754 1.674835324287 0
0.027283390984 0.012039189227 1.669845581055 0
0.079628169537 -0.211268380284 1.606019735336 0
0.069939106703 -0.301907569170 1.576772332191 0
-0.319876551628 0.272914886475 1.616090178490 0
-0.331862151623 0.069681040943 1.498390316963 0
-0.275307506323 0.335092186928 1.419499754906 0
-0.228108972311 0.445951968431 1.396128654480 0
-0.095837906003 -0.107571281493 1.667590141296 0
-0.047480508685 -0.449746966362 1.690489649773 0
-0.043964546174 -0.755543887615 1.771084547043 0
-0.043245300651 -0.800542593002 1.686659574509 0
-0.240324527025 -0.110149785876 1.657599687576 0
-0.290597736835 -0.455532014370 1.698273301125 0
-0.293400675058 -0.757068276405 1.772062301636 0
-0.293080925941 -0.800586879253 1.687447071075 0
-0.166616827250 -0.037416398525 1.664455533028 0
-0.166194722056 0.032477822155 1.669873595238 0
-0.162973582745 0.389698147774 1.654257893562 0
-0.158376097679 0.561025857925 1.594307184219 0
-0.007301020436 0.279201894999 1.674969792366 0
0.027557859197 0.012015097775 1.670472264290 0
0.080686867237 -0.211176544428 1.607198476791 0
0.071189761162 -0.302126705647 1.577970147133 0
-0.318488836288 0.272190123796 1.613262057304 0
-0.330294102430 0.068293698132 1.496968507767 0
-0.274901837111 0.335646241903 1.419225931168 0
-0.227811619639 0.446115583181 1.396025419235 0
-0.095142871141 -0.108093284070 1.667806386948 0
-0.046962711960 -0.450106114149 1.690442085266 0
-0.044161353260 -0.755721569061 1.771189332008 0
-0.043081510812 -0.800680339336 1.686773419380 0
-0.238341107965 -0.111195974052 1.654831528664 0
-0.289539039135 -0.455596774817 1.695866703987 0
-0.293464660645 -0.757430911064 1.771339654922 0
-0.292667984962 -0.800831437111 1.687170624733 0
-0.165324658155 -0.038483738899 1.663100838661 0
-0.164864361286 0.031485974789 1.667010188103 0
-0.162144243717 0.389173656702 1.652222275734 0
-0.157094821334 0.560551404953 1.592697978020 0
-0.007290851790 0.279202967882 1.675133585930 0
0.027826189995 0.011994898319 1.671059012413 0
0.081739172339 -0.211079895496 1.608226895332 0
0.072438910604 -0.302299886942 1.578999280930 0
-0.317282736301 0.271557271481 1.610926151276 0
-0.329023033381 0.067003257573 1.496016860008 0
-0.274473339319 0.335237890482 1.418978095055 0
-0.227653145790 0.445002555847 1.396005630493 0
-0.094435296953 -0.108587831259 1.667905211449 0
-0.046217937022 -0.450877189636 1.690396070480 0
-0.044363062829 -0.755895674229 1.771282315254 0
-0.042923960835 -0.800814151764 1.686879634857 0
-0.236509278417 -0.112067855895 1.652230978012 0
-0.288650184870 -0.456137657166 1.693214893341 0
-0.293564736843 -0.758076012135 1.769670128822 0
-0.292141139507 -0.801211953163 1.686485171318 0
-0.163678869605 -0.039749521762 1.661200284958 0
-0.163179576397 0.030349668115 1.663589954376 0
-0.160969793797 0.388558417559 1.649860978127 0
-0.155791431665 0.560092747211 1.591092705727 0
-0.007221727632 0.279197990894 1.675366640091 0
0.028122197837 0.011957055889 1.671614050865 0
0.082984052598 -0.210983201861 1.609110474586 0
0.073966145515 -0.302455931902 1.579897761345 0
-0.315600216389 0.270656824112 1.608237981796 0
-0.327913343906 0.065400749445 1.495373606682 0
-0.274174898863 0.333766162395 1.418739080429 0
-0.227720215917 0.442705392838 1.395987987518 0
-0.093509681523 -0.109215125442 1.667739152908 0
-0.045553773642 -0.451070874929 1.690092325211 0
-0.044654924423 -0.756061553955 1.771412849426 0
-0.042797397822 -0.800924479961 1.686996817589 0
-0.234366178513 -0.113034449518 1.649134755135 0
-0.287767082453 -0.458382010460 1.688966751099 0
-0.293630361557 -0.759264111519 1.765977025032 0
-0.291327804327 -0.801898598671 1.684813499451 0
-0.162215054035 -0.040856059641 1.659422278404 0
-0.161738082767 0.029409604147 1.660715460777 0
-0.159836441278 0.388024121523 1.647878289223 0
-0.154670149088 0.559687614441 1.589699387550 0
-0.007127561141 0.279189407825 1.675613880157 0
0.028415216133 0.011903213337 1.672101140022 0
0.084021233022 -0.210896074772 1.609659790993 0
0.075253210962 -0.302565187216 1.580485582352 0
-0.314104527235 0.269866347313 1.605929136276 0
-0.327027469873 0.063925608993 1.494966268539 0
-0.273960590363 0.331935852766 1.418574571609 0
-0.227898523211 0.439978063107 1.396036386490 0
-0.092598870397 -0.109844200313 1.667446136475 0
-0.044917937368 -0.451180040836 1.689732909203 0
-0.044978693128 -0.756234824657 1.771519541740 0
-0.042690359056 -0.801029324532 1.687095284462 0
-0.232585281134 -0.113826595247 1.646457910538 0
-0.287138223648 -0.460304498672 1.685175776482 0
-0.293715775013 -0.760536253452 1.761769890785 0
-0.290468692780 -0.802703559399 1.682655096054 0
-0.160851970315 -0.041866712272 1.657606244087 0
-0.160450652242 0.028607515618 1.658109426498 0
-0.158826112747 0.387628674507 1.646232366562 0
-0.153510928154 0.559263885021 1.588221311569 0
-0.006999218836 0.279177397490 1.675871968269 0
0.028713865206 0.011812435463 1.672498583794 0
0.085021734238 -0.210839644074 1.609921216965 0
0.076501883566 -0.302674770355 1.580760002136 0
-0.312794506550 0.269255816936 1.603893756866 0
-0.326120048761 0.062705457211 1.494509339333 0
-0.273634374142 0.330117434263 1.418298602104 0
-0.227966561913 0.437248528004 1.396022558212 0
-0.091621533036 -0.110515378416 1.666924357414 0
-0.044146727771 -0.451086759567 1.689037322998 0
-0.045328941196 -0.756401836872 1.771562576294 0
-0.042607519776 -0.801117062569 1.687156319618 0
-0.231027096510 -0.114526338875 1.643906950951 0
-0.286413729191 -0.461916744709 1.680610299110 0
-0.294042319059 -0.761823356152 1.757100462914 0
-0.289714962244 -0.803581297398 1.680018663406 0
-0.159702613950 -0.042708624154 1.655978798866 0
-0.159408465028 0.027965588495 1.655972242355 0
-0.157978639007 0.387304753065 1.644896268845 0
-0.152555540204 0.558908760548 1.586979269981 0
-0.006871842779 0.279161602259 1.676113247871 0
0.028983337805 0.011721391231 1.672825098038 0
0.085933640599 -0.210780903697 1.609888315201 0
0.077629797161 -0.302776873112 1.580785870552 0
-0.311813086271 0.268746107817 1.602311253548 0
-0.325213551521 0.061759427190 1.493642926216 0
-0.272941052914 0.326820939779 1.417707562447 0
-0.227983370423 0.431974530220 1.395969152451 0
-0.090688988566 -0.111147232354 1.666319966316 0
-0.043425545096 -0.450962334871 1.688299894333 0
-0.045651484281 -0.756571948528 1.771555185318 0
-0.042526498437 -0.801206052303 1.687195777893 0
-0.229780584574 -0.115120001137 1.641704678535 0
-0.285879611969 -0.463105678558 1.677004456520 0
-0.294356018305 -0.762864112854 1.753309249878 0
-0.289077371359 -0.804384887218 1.677565455437 0
-0.158674150705 -0.043429721147 1.654364943504 0
-0.158514812589 0.027447422966 1.654064774513 0
-0.157218337059 0.387068569660 1.643719077110 0
-0.151683732867 0.558566987514 1.585796117783 0
-0.006740223616 0.279146283865 1.676337242126 0
0.029232926667 0.011625038460 1.673061013222 0
0.087019473314 -0.210683837533 1.608950018883 0
0.079737983644 -0.300277799368 1.580872058868 0
-0.310973078012 0.268247395754 1.600895404816 0
-0.324459403753 0.060925003141 1.492647886276 0
-0.272663533688 0.325790643692 1.417357325554 0
-0.227941870689 0.430124223232 1.395829439163 0
-0.089805983007 -0.111731648445 1.665598034859 0
-0.042591318488 -0.451226562262 1.687332630157 0
-0.045944113284 -0.756715834141 1.771519541740 0
-0.042447388172 -0.801284193993 1.687221288681 0
-0.228671729565 -0.115632049739 1.639540314674 0
-0.285508513451 -0.464074373245 1.673848867416 0
-0.294699072838 -0.763745903969 1.749925374985 0
-0.288536041975 -0.805126190186 1.675178527832 0
-0.157831117511 -0.044004157186 1.652973294258 0
-0.157801061869 0.027041075751 1.652509212494 0
-0.156564772129 0.386854678392 1.642706871033 0
-0.150968313217 0.558271348476 1.584815382957 0
-0.006607903168 0.279131889343 1.676547765732 0
0.029454631731 0.011526103131 1.673237800598 0
0.087965272367 -0.210624620318 1.608013510704 0
0.081222251058 -0.298524498940 1.580635547638 0
-0.310332417488 0.267863005400 1.599820971489 0
-0.323968529701 0.060247410089 1.492136120796 0
-0.272493541241 0.324712038040 1.417061090469 0
-0.227976411581 0.428251057863 1.395710468292 0
-0.089024558663 -0.112241744995 1.664881348610 0
-0.041881538928 -0.451336055994 1.686411380768 0
-0.046230737120 -0.756844222546 1.771483302116 0
-0.042378805578 -0.801352977753 1.687243700027 0
-0.227799847722 -0.116027846932 1.637766718864 0
-0.285261809826 -0.464819937944 1.671407461166 0
-0.294987440109 -0.764432907104 1.747258424759 0
-0.288082838058 -0.805763006210 1.673102617264 0
-0.157144978642 -0.044469680637 1.651740193367 0
-0.157260403037 0.026731899008 1.651274681091 0
-0.156081616879 0.386745423079 1.641941905022 0
-0.150364264846 0.558017790318 1.583991408348 0
-0.006480392069 0.279116392136 1.676733732224 0
0.029645308852 0.011438935995 1.673345208168 0
0.088903076947 -0.210518956184 1.607153177261 0
0.082177974284 -0.298885971308 1.579949259758 0
-0.309809774160 0.267505258322 1.598933577538 0
-0.323698669672 0.059058573097 1.492668509483 0
-0.272026747465 0.322465419769 1.416316151619 0
-0.227816477418 0.424586683512 1.395375490189 0
-0.088337957859 -0.112681746483 1.664138913155 0
-0.041270803660 -0.451190531254 1.685432076454 0
-0.046482063830 -0.756941497326 1.771461606026 0
-0.042312987149 -0.801410198212 1.687268137932 0
-0.227096334100 -0.116355858743 1.636214494705 0
-0.285084098577 -0.465359866619 1.669446825981 0
-0.295294880867 -0.764974713326 1.745140552521 0
-0.287743359804 -0.806300759315 1.671330571175 0
-0.156614869833 -0.044822357595 1.650740027428 0
-0.156861409545 0.026511212811 1.650343775749 0
-0.155717894435 0.386730372906 1.641402959824 0
-0.149875372648 0.557810485363 1.583323001862 0
-0.006360834930 0.279103696346 1.676900982857 0
0.029818156734 0.011351707391 1.673415660858 0
0.089801020920 -0.210452780128 1.606379508972 0
0.083108745515 -0.299267381430 1.579261422157 0
-0.309414178133 0.267214536667 1.598253130913 0
-0.323870211840 0.057357836515 1.494429826736 0
-0.268862396479 0.317591190338 1.413962364197 0
-0.225865155458 0.419403374195 1.394498109818 0
-0.087772265077 -0.113040253520 1.663462281227 0
-0.040780216455 -0.451029509306 1.684582114220 0
-0.046693723649 -0.757025837898 1.771439671516 0
-0.042243625969 -0.801465451717 1.687290310860 0
-0.226571157575 -0.116596102715 1.634992837906 0
-0.284954309464 -0.465767323971 1.667943835258 0
-0.295564055443 -0.765381991863 1.743542194366 0
-0.287477314472 -0.806737899780 1.669884681702 0
-0.156221970916 -0.045048646629 1.649932622910 0
-0.156613275409 0.026397462934 1.649760842323 0
-0.155512213707 0.386821806431 1.641196608543 0
-0.149460271001 0.557642042637 1.582763910294 0
-0.006237909663 0.279093116522 1.677050471306 0
0.029981279746 0.011258268729 1.673441648483 0
0.091108411551 -0.210436001420 1.605014443398 0
0.084705963731 -0.297882586718 1.578386068344 0
-0.309287756681 0.267077356577 1.598011851311 0
-0.332550734282 0.051731105894 1.512305498123 0
-0.264116078615 0.253573983908 1.409748673439 0
-0.199086159468 0.296280860901 1.388013839722 0
-0.087291948497 -0.113320738077 1.662792086601 0
-0.040426198393 -0.450697869062 1.683689594269 0
-0.046838041395 -0.757088840008 1.771415948868 0
-0.042175013572 -0.801513254642 1.687303781509 0
-0.226210117340 -0.116738021374 1.634043693542 0
-0.284954160452 -0.465991586447 1.667122602463 0
-0.295623362064 -0.765473365784 1.743174195290 0
-0.287311881781 -0.806890845299 1.669380903244 0
-0.155979752541 -0.045049887151 1.649377822876 0
-0.156484156847 0.026397386566 1.649494528770 0
-0.155422225595 0.387018620968 1.641433715820 0
-0.149118661880 0.557503104210 1.582303404808 0
-0.006110712886 0.279086023569 1.677187561989 0
0.030131686479 0.011172718368 1.673450708389 0
0.092665202916 -0.210355505347 1.603724360466 0
0.086686514318 -0.296546012163 1.577419996262 0
-0.312354862690 0.268171548843 1.603015303612 0
-0.339125514030 0.051750279963 1.526005506516 0
-0.250583827496 0.240340217948 1.404588460922 0
-0.211961001158 0.257648944855 1.392361879349 0
-0.086863689125 -0.113488279283 1.662152171135 0
-0.040187675506 -0.450625002384 1.683012247086 0
-0.046946078539 -0.757141292095 1.771376132965 0
-0.042162146419 -0.801539659500 1.687297821045 0
-0.226029664278 -0.116743505001 1.633410453796 0
-0.284961402416 -0.466167718172 1.666740536690 0
-0.295680135489 -0.765490174294 1.743028640747 0
-0.287281155586 -0.806942164898 1.669182896614 0
-0.155931413174 -0.044656910002 1.648952603340 0
-0.156507670879 0.026675337926 1.649504065514 0
-0.155947163701 0.387289226055 1.642752647400 0
-0.148858308792 0.557369589806 1.581955432892 0
-0.005980836228 0.279081225395 1.677309751511 0
0.030276861042 0.011084025726 1.673437237740 0
0.093148984015 -0.210311517119 1.603380322456 0
0.087486490607 -0.297018438578 1.576497316360 0
-0.317900270224 0.273269742727 1.614656448364 0
-0.354487150908 0.049127440900 1.551641583443 0
-0.225771024823 0.155649855733 1.400875210762 0
-0.187683150172 0.169425562024 1.394845843315 0
-0.086545027792 -0.113409876823 1.661421418190 0
-0.039988193661 -0.450778663158 1.682447791100 0
-0.047044795007 -0.757192373276 1.771210670471 0
-0.042172074318 -0.801574647427 1.687217593193 0
-0.226074248552 -0.116438001394 1.633063793182 0
-0.285123616457 -0.466548651457 1.667181015015 0
-0.295720219612 -0.764730691910 1.744645118713 0
-0.287327885628 -0.806786417961 1.669372320175 0
-0.155963107944 -0.044100761414 1.648604154587 0
-0.156645327806 0.027157222852 1.649768471718 0
-0.156561404467 0.387513637543 1.644152879715 0
-0.148657381535 0.557252049446 1.581681132317 0
-0.005856010597 0.279067397118 1.677410244942 0
0.030413916335 0.010989206843 1.673411250114 0
0.093483097851 -0.210282519460 1.602949500084 0
0.088014304638 -0.296395540237 1.575873374939 0
-0.320824056864 0.276096612215 1.621629238129 0
-0.362053215504 0.049063414335 1.564718008041 0
-0.199689894915 0.099334605038 1.391445517540 0
-0.182631492615 0.084533408284 1.387575149536 0
-0.086314894259 -0.113217554986 1.660720467567 0
-0.039787787944 -0.451140373945 1.681945562363 0
-0.047155179083 -0.757250905037 1.770913243294 0
-0.042196232826 -0.801616966724 1.687061429024 0
-0.226204454899 -0.115941815078 1.632851004601 0
-0.285289943218 -0.466397851706 1.668086647987 0
-0.295580744743 -0.763738274574 1.746782064438 0
-0.287360757589 -0.806489586830 1.669837236404 0
-0.156070187688 -0.043455887586 1.648373126984 0
-0.156935155392 0.027855373919 1.650516748428 0
-0.157215297222 0.387681424618 1.645638108253 0
-0.148518472910 0.557144284248 1.581493020058 0
-0.005716318730 0.279033333063 1.677474141121 0
0.030579101294 0.010856233537 1.673329114914 0
0.093649737537 -0.210300356150 1.602711796761 0
0.088258624077 -0.296969950199 1.574954867363 0
-0.322645068169 0.278174847364 1.627449989319 0
-0.382765203714 0.060524608940 1.615987300873 0
-0.278539389372 -0.067885942757 1.426614642143 0
-0.212452098727 -0.112866126001 1.391919732094 0
-0.086151883006 -0.112974114716 1.660077095032 0
-0.039650011808 -0.451428860426 1.681510210037 0
-0.047240398824 -0.757325053215 1.770487666130 0
-0.042232211679 -0.801670789719 1.686821579933 0
-0.226457253098 -0.115289896727 1.632865786552 0
-0.285313755274 -0.465672522783 1.669938325882 0
-0.295352995396 -0.762583494186 1.749528169632 0
-0.287425011396 -0.806040167809 1.670699000359 0
-0.156171962619 -0.042846597731 1.648204088211 0
-0.157220125198 0.028543572873 1.651396274567 0
-0.157781600952 0.387820452452 1.646958231926 0
-0.148412466049 0.557051479816 1.581356763840 0
-0.005572147667 0.278990328312 1.677510142326 0
0.030734673142 0.010714849457 1.673217177391 0
0.093793407083 -0.210329696536 1.602517962456 0
0.088459171355 -0.297507941723 1.574147105217 0
-0.323804378510 0.279508203268 1.631601691246 0
-0.382999002934 0.060197442770 1.627095341682 0
-0.313700079918 -0.156312987208 1.444461941719 0
-0.259113937616 -0.203012764454 1.411025404930 0
-0.085960023105 -0.112664274871 1.659445405006 0
-0.039544504136 -0.451858788729 1.681160569191 0
-0.047299683094 -0.757395565510 1.770045518875 0
-0.042268943042 -0.801724314690 1.686559081078 0
-0.226707756519 -0.114699445665 1.632960319519 0
-0.285259395838 -0.464792042971 1.671911597252 0
-0.295233100653 -0.761684238911 1.751813411713 0
-0.287539184093 -0.805611073971 1.671588182449 0
-0.156270906329 -0.042285971344 1.648089647293 0
-0.157491564751 0.029196405783 1.652372002602 0
-0.158262684941 0.387931406498 1.648124933243 0
-0.148332685232 0.556972503662 1.581262230873 0
-0.005412224680 0.278932958841 1.677507400513 0
0.030871637166 0.010545101017 1.673050165176 0
0.093927644193 -0.210386678576 1.602316379547 0
0.088624931872 -0.298071444035 1.573377490044 0
-0.324619889259 0.280380547047 1.634869933128 0
-0.380550116301 0.056226860732 1.633773684502 0
-0.351994067430 -0.206102818251 1.477258563042 0
-0.311471462250 -0.285509407520 1.439254522324 0
-0.085775077343 -0.112341582775 1.658864259720 0
-0.039507355541 -0.451958417892 1.680930614471 0
-0.047339204699 -0.757455229759 1.769627928734 0
-0.042310509831 -0.801772713661 1.686296224594 0
-0.226968273520 -0.114183068275 1.633153080940 0
-0.285190850496 -0.464045345783 1.673949360847 0
-0.295161306858 -0.761011123657 1.753720045090 0
-0.287685930729 -0.805227160454 1.672472000122 0
-0.156534731388 -0.041613813490 1.648105740547 0
-0.157949581742 0.029990319163 1.653795599937 0
-0.158675357699 0.388041287661 1.649238586426 0
-0.148303657770 0.556927144527 1.581238985062 0
-0.005176472943 0.278844296932 1.677380681038 0
0.030953273177 0.010345654562 1.672700166702 0
0.093972437084 -0.210480645299 1.602090835571 0
0.088528223336 -0.298672616482 1.572602272034 0
-0.325382620096 0.280821800232 1.638050913811 0
-0.370355248451 0.035774059594 1.635558009148 0
-0.414218723774 -0.252895534039 1.580968379974 0
-0.411745876074 -0.348782420158 1.581383347511 0
-0.085736617446 -0.112024992704 1.658347249031 0
-0.039555639029 -0.452098876238 1.680798172951 0
-0.047311730683 -0.757488310337 1.769381642342 0
-0.042329918593 -0.801804304123 1.686124324799 0
-0.227673768997 -0.113407552242 1.633792638779 0
-0.285750001669 -0.463009536266 1.676295161247 0
-0.294900447130 -0.760444521904 1.755363106728 0
-0.287768274546 -0.804863274097 1.673330903053 0
-0.156902760267 -0.040970169008 1.648222446442 0
-0.158490449190 0.030718473718 1.655292630196 0
-0.159020826221 0.388142019510 1.650231599808 0
-0.148321211338 0.556876182556 1.581283926964 0
-0.004909582902 0.278746575117 1.677156329155 0
0.030993312597 0.010139195248 1.672194361687 0
0.093902565539 -0.210610225797 1.601790308952 0
0.088177628815 -0.299290031195 1.571796417236 0
-0.325899481773 0.280929118395 1.640395045280 0
-0.365322589874 0.025134343654 1.636444449425 0
-0.422932684422 -0.256378293037 1.599919676781 0
-0.428841590881 -0.346207827330 1.629476308823 0
-0.085810504854 -0.111748024821 1.657917857170 0
-0.039651930332 -0.452101260424 1.680707097054 0
-0.047268927097 -0.757509112358 1.769220829010 0
-0.042338892817 -0.801826894283 1.686005115509 0
-0.228606790304 -0.112634368241 1.634694695473 0
-0.286316215992 -0.462144553661 1.678590178490 0
-0.294632047415 -0.760015130043 1.756783604622 0
-0.287835031748 -0.804546415806 1.674167037010 0
-0.157677382231 -0.040055677295 1.648706912994 0
-0.159356474876 0.031636018306 1.657272338867 0
-0.159307464957 0.388252526522 1.651097893715 0
-0.148519590497 0.556850254536 1.581529140472 0
-0.004562699702 0.278646647930 1.676761269569 0
0.030983824283 0.009975272231 1.671432971954 0
0.093390330672 -0.210801154375 1.601179480553 0
0.086979947984 -0.300008654594 1.570627570152 0
-0.326458364725 0.280896693468 1.642555356026 0
-0.366806626320 0.014792104252 1.645713925362 0
-0.434443712234 -0.262165784836 1.636193394661 0
-0.435554265976 -0.324371665716 1.648687958717 0
-0.086049348116 -0.111449889839 1.657572269440 0
-0.039825502783 -0.452070057392 1.680688261986 0
-0.047260697931 -0.757509887218 1.769167661667 0
-0.042359340936 -0.801833748817 1.685952305794 0
-0.230656892061 -0.111439660192 1.637009859085 0
-0.286865890026 -0.461564391851 1.681473016739 0
-0.294376254082 -0.759664773941 1.758237838745 0
-0.287930101156 -0.804254412651 1.675104737282 0
-0.158712416887 -0.039027370512 1.649498701096 0
-0.160286650062 0.032556984574 1.659265637398 0
-0.159515544772 0.388372302055 1.651798009872 0
-0.149010226130 0.556861042976 1.581939458847 0
-0.004172697198 0.278562277555 1.676176548004 0
0.031011914834 0.009937285446 1.670556545258 0
0.092395156622 -0.210924729705 1.600269436836 0
0.085028499365 -0.300621718168 1.569212317467 0
-0.327127426863 0.280871748924 1.644952297211 0
-0.375094830990 0.007451861165 1.663346290588 0
-0.439798742533 -0.258080691099 1.665688037872 0
-0.444931507111 -0.351728886366 1.671897172928 0
-0.086443796754 -0.111116245389 1.657321214676 0
-0.040046624839 -0.452011168003 1.680719852448 0
-0.047246374190 -0.757508099079 1.769114971161 0
-0.042389623821 -0.801839888096 1.685896039009 0
-0.233100935817 -0.110237471759 1.640008091927 0
-0.288001865149 -0.460641831160 1.685141801834 0
-0.294086068869 -0.759393453598 1.759590029716 0
-0.288025468588 -0.803999841213 1.676047444344 0
-0.159688711166 -0.038114089519 1.650313615799 0
-0.161068513989 0.033319488168 1.660938978195 0
-0.159682661295 0.388479292393 1.652380824089 0
-0.149548932910 0.556856632233 1.582307815552 0
-0.003806930501 0.278488188982 1.675484180450 0
0.031052181497 0.009918078780 1.669728636742 0
0.091348432004 -0.211040988564 1.599405527115 0
0.083139054477 -0.301142096519 1.567996859550 0
-0.327785670757 0.280853927135 1.647325992584 0
-0.381048470736 0.004533460364 1.674890041351 0
-0.441667199135 -0.255265206099 1.677275538445 0
-0.445720136166 -0.349201470613 1.679790258408 0
-0.086873993278 -0.110787071288 1.657135725021 0
-0.040251888335 -0.451919913292 1.680761098862 0
-0.047232765704 -0.757503986359 1.769062995911 0
-0.042434412986 -0.801844835281 1.685833811760 0
-0.235104560852 -0.109320491552 1.642635703087 0
-0.289285510778 -0.459410876036 1.688523530960 0
-0.293751329184 -0.759179115295 1.760772109032 0
-0.288091212511 -0.803777277470 1.676928877831 0
-0.160754010081 -0.037268776447 1.651371836662 0
-0.161808356643 0.033973179758 1.662511467934 0
-0.159820124507 0.388571918011 1.652872085571 0
-0.150342404842 0.556800067425 1.582580089569 0
-0.003469735850 0.278358489275 1.674439549446 0
0.031068202108 0.009900555015 1.668893218040 0
0.090050861239 -0.211204439402 1.598590135574 0
0.081155247986 -0.301693201065 1.567237615585 0
-0.328473448753 0.280762076378 1.650431752205 0
-0.385683536530 0.003057495924 1.684423327446 0
-0.443513244390 -0.254190415144 1.686552047729 0
-0.447304755449 -0.348339706659 1.687373161316 0
-0.087414734066 -0.110452711582 1.657056570053 0
-0.040471371263 -0.452298462391 1.681053757668 0
-0.047211036086 -0.757519185543 1.768943667412 0
-0.042530883104 -0.801872313023 1.685708165169 0
-0.237072795630 -0.108556926250 1.645732998848 0
-0.290121763945 -0.458584427834 1.691202163696 0
-0.293474912643 -0.758978068829 1.762171268463 0
-0.288266927004 -0.803549706936 1.678013563156 0
-0.161933064461 -0.036437083036 1.652600765228 0
-0.162572160363 0.034576103091 1.663996934891 0
-0.159946188331 0.388650268316 1.653303861618 0
-0.151267394423 0.556712448597 1.582796931267 0
-0.003199047176 0.278225034475 1.673318862915 0
0.031046416610 0.009895280004 1.668080806732 0
0.088628418744 -0.211385115981 1.597883939743 0
0.079139530659 -0.302231460810 1.566806435585 0
-0.329373568296 0.280714899302 1.653938412666 0
-0.388443082571 0.002456369111 1.690370321274 0
-0.444451600313 -0.251394420862 1.691984772682 0
-0.449120968580 -0.347410410643 1.692383646965 0
-0.088073574007 -0.110098496079 1.657063245773 0
-0.040681667626 -0.452724456787 1.681367397308 0
-0.047178052366 -0.757544457912 1.768768310547 0
-0.042659502476 -0.801910161972 1.685539364815 0
-0.239042520523 -0.107892453671 1.648903965950 0
-0.290730029345 -0.458105027676 1.693467497826 0
-0.293318301439 -0.758828222752 1.763473272324 0
-0.288541465998 -0.803350865841 1.679108738899 0
-0.163114190102 -0.035659205168 1.653906226158 0
-0.163304343820 0.035118158907 1.665329456329 0
-0.160058110952 0.388718008995 1.653680562973 0
-0.152288511395 0.556604385376 1.582955360413 0
-0.002991314977 0.278122961521 1.672224044800 0
0.030997132882 0.009900828823 1.667309999466 0
0.087107151747 -0.211568757892 1.597285032272 0
0.077051267028 -0.302736103535 1.566575288773 0
-0.330157160759 0.280659794807 1.657053470612 0
-0.390076130629 0.002316188533 1.694374561310 0
-0.444401293993 -0.246866330504 1.694971084595 0
-0.450195312500 -0.345768421888 1.695893526077 0
-0.088815473020 -0.109731510282 1.657155036926 0
-0.040887564421 -0.453163921833 1.681690812111 0
-0.047142036259 -0.757575571537 1.768556833267 0
-0.042809162289 -0.801954150200 1.685343623161 0
-0.240830451250 -0.107304371893 1.651959657669 0
-0.291494399309 -0.457383483648 1.695749759674 0
-0.293143481016 -0.758726358414 1.764552950859 0
-0.288779348135 -0.803192675114 1.680077433586 0
-0.164780884981 -0.034760035574 1.655779004097 0
-0.164275899529 0.035704862326 1.666747093201 0
-0.160170748830 0.388775557280 1.654027819633 0
-0.153881862760 0.556434988976 1.583016395569 0
-0.002923581284 0.278050452471 1.670997500420 0
0.030882755294 0.009914672934 1.666528224945 0
0.084654107690 -0.211830005050 1.596758365631 0
0.073697194457 -0.303358614445 1.566682457924 0
-0.331187933683 0.280719757080 1.660847067833 0
-0.390808641911 0.002473717090 1.697379827499 0
-0.444882512093 -0.242282673717 1.696539878845 0
-0.451163798571 -0.342158555984 1.697318315506 0
-0.090100340545 -0.109242737293 1.657527565956 0
-0.041124626994 -0.453621745110 1.682032108307 0
-0.047100245953 -0.757604420185 1.768312454224 0
-0.042996913195 -0.802000582218 1.685119628906 0
-0.243179634213 -0.106593944132 1.655942320824 0
-0.292377561331 -0.456680804491 1.698100090027 0
-0.292968809605 -0.758647859097 1.765604019165 0
-0.289051502943 -0.803056120872 1.681053757668 0
-0.166541993618 -0.033893801272 1.657796978951 0
-0.165307670832 0.036267761141 1.668027758598 0
-0.160308048129 0.388829290867 1.654393076897 0
-0.155865132809 0.556284487247 1.583095431328 0
-0.003053187393 0.277968108654 1.669690608978 0
0.030703684315 0.009963653050 1.665763139725 0
0.081908792257 -0.212039977312 1.596273779869 0
0.070090278983 -0.303877323866 1.566901803017 0
-0.332396805286 0.280835419893 1.664878606796 0
-0.390807181597 0.002824351890 1.699766755104 0
-0.445471704006 -0.237750634551 1.696731090546 0
-0.451284348965 -0.336093068123 1.695364594460 0
-0.091622225940 -0.108717940748 1.658077597618 0
-0.041613243520 -0.453860640526 1.682433128357 0
-0.047023639083 -0.757640779018 1.768075108528 0
-0.043172899634 -0.802051365376 1.684910535812 0
-0.245370969176 -0.105922721326 1.659701943398 0
-0.293498009443 -0.456983506680 1.701095223427 0
-0.292852908373 -0.758626341820 1.766421914101 0
-0.289356768131 -0.802969455719 1.681897521019 0
-0.168108642101 -0.033186886460 1.659569382668 0
-0.166278257966 0.036747835577 1.669107198715 0
-0.160478308797 0.388883113861 1.654778718948 0
-0.157758533955 0.556178092957 1.583198070526 0
-0.003273291513 0.277871310711 1.668483376503 0
0.030505333096 0.010033802129 1.665054559708 0
0.079443171620 -0.212177902460 1.595885396004 0
0.067022785544 -0.304245591164 1.567147612572 0
-0.333427101374 0.280936002731 1.668204903603 0
-0.390644878149 0.003141145920 1.701503038406 0
-0.445926994085 -0.233925476670 1.696098566055 0
-0.451331496239 -0.331216990948 1.693036317825 0
-0.093103826046 -0.108244568110 1.658640623093 0
-0.042219724506 -0.453831493855 1.682857513428 0
-0.046965200454 -0.757661163807 1.767924308777 0
-0.043340399861 -0.802090048790 1.684753537178 0
-0.247129872441 -0.105411462486 1.662675738335 0
-0.294356435537 -0.456919819117 1.703212141991 0
-0.292742371559 -0.758611619473 1.767144322395 0
-0.289645582438 -0.802894532681 1.682668805122 0
-0.169670790434 -0.032595582306 1.661294579506 0
-0.167281508446 0.037164144218 1.670037984848 0
-0.160715386271 0.388945996761 1.655240297318 0
-0.159855678678 0.556162118912 1.583420753479 0
-0.003618556308 0.277765154839 1.667361259460 0
0.030182274058 0.010109459050 1.664281249046 0
0.076962508261 -0.212324306369 1.595425486565 0
0.064073637128 -0.304597496986 1.567328691483 0
-0.334530830383 0.280975937843 1.671539902687 0
-0.390413105488 0.003422985785 1.702821612358 0
-0.446540445089 -0.230669498444 1.694846153259 0
-0.451634079218 -0.327177017927 1.690223336220 0
-0.094703264534 -0.107817433774 1.659283876419 0
-0.043042398989 -0.453523576260 1.683437824249 0
-0.046959981322 -0.757661163807 1.767905235291 0
-0.043550509959 -0.802097201347 1.684716463089 0
-0.248763635755 -0.105011686683 1.665339231491 0
-0.295130699873 -0.456582158804 1.704819083214 0
-0.292635142803 -0.758597552776 1.767868280411 0
-0.289947092533 -0.802823483944 1.683440208435 0
-0.170988246799 -0.032131429762 1.662742137909 0
-0.168176099658 0.037511344999 1.670804977417 0
-0.160978332162 0.389018028975 1.655733108521 0
-0.161829948425 0.556212425232 1.583745002747 0
-0.003999142442 0.277660548687 1.666386723518 0
0.029835350811 0.010194762610 1.663557767868 0
0.074918523431 -0.212428212166 1.595036983490 0
0.061738349497 -0.304857164621 1.567474722862 0
-0.335525095463 0.281051188707 1.674405813217 0
-0.390203833580 0.003688110970 1.703836917877 0
-0.447029531002 -0.227945849299 1.693373799324 0
-0.451830029488 -0.323806673288 1.687173485756 0
-0.096124373376 -0.107463747263 1.659867405891 0
-0.043904002756 -0.453156203032 1.684062719345 0
-0.046951346099 -0.757654786110 1.767903447151 0
-0.043755602092 -0.802098214626 1.684711456299 0
-0.250057548285 -0.104713305831 1.667426943779 0
-0.296157240868 -0.457163393497 1.706798553467 0
-0.292539715767 -0.758602082729 1.768479347229 0
-0.290228217840 -0.802773714066 1.684118986130 0
-0.172091647983 -0.031778663397 1.663965463638 0
-0.168967038393 0.037790648639 1.671447038651 0
-0.161269277334 0.389090687037 1.656277060509 0
-0.163673564792 0.556308925152 1.584164977074 0
-0.004428385291 0.277540385723 1.665541172028 0
0.029476569965 0.010280765593 1.662900090218 0
0.073249146342 -0.212505459785 1.594736099243 0
0.059881448746 -0.305047631264 1.567593336105 0
-0.336385518312 0.281086117029 1.676798224449 0
-0.390018969774 0.003926996142 1.704640984535 0
-0.447379261255 -0.225716993213 1.691829085350 0
-0.451900631189 -0.321103483438 1.684220790863 0
-0.097366034985 -0.107175700366 1.660393714905 0
-0.044702738523 -0.452746599913 1.684649229050 0
-0.046942640096 -0.757647037506 1.767909646034 0
-0.043962314725 -0.802098512650 1.684715986252 0
-0.251075863838 -0.104504205287 1.669081687927 0
-0.296895295382 -0.457373499870 1.708199501038 0
-0.292479366064 -0.758602499962 1.769115209579 0
-0.290535330772 -0.802722334862 1.684813976288 0
-0.173145011067 -0.031479585916 1.665179967880 0
-0.169766426086 0.038041520864 1.672076821327 0
-0.161666423082 0.389178752899 1.657014966011 0
-0.165567398071 0.556492567062 1.584752678871 0
-0.004923845641 0.277426958084 1.664861321449 0
0.029096206650 0.010350503959 1.662316203117 0
0.071696326137 -0.212585568428 1.594469785690 0
0.058204423636 -0.305221170187 1.567706465721 0
-0.337277829647 0.281131893396 1.679110288620 0
-0.389891982079 0.004175288137 1.705372214317 0
-0.447702080011 -0.223722115159 1.689960479736 0
-0.451891958714 -0.318493872881 1.680208563805 0
-0.098577402532 -0.106915548444 1.660977244377 0
-0.045511394739 -0.452345967293 1.685276150703 0
-0.046932473779 -0.757641971111 1.767915248871 0
-0.044161237776 -0.802103340626 1.684719324112 0
-0.251986682415 -0.104339234531 1.670589923859 0
-0.297472983599 -0.457393825054 1.709319353104 0
-0.292433470488 -0.758594274521 1.769835114479 0
-0.290860950947 -0.802665352821 1.685557126999 0
