0.124424658716 -0.082599140704 1.614158868790 0
0.129881814122 -0.022705692798 1.645204901695 0
0.124038420618 0.288726717234 1.635274291039 0
0.150653198361 0.469058007002 1.618724942207 0
0.268588304520 0.198262378573 1.595153808594 0
0.328828036785 -0.049974098802 1.624483346939 0
0.352085441351 -0.249429389834 1.567441582680 0
0.348065435886 -0.336569726467 1.544278264046 0
-0.027422595769 0.192782282829 1.652951240540 0
-0.087231531739 -0.057828024030 1.664624333382 0
-0.108201600611 -0.243973970413 1.600295066833 0
-0.107200518250 -0.316442668438 1.580572485924 0
0.191662266850 -0.148059040308 1.602589011192 0
0.217639669776 -0.468219161034 1.665545940399 0
0.155700266361 -0.768959581852 1.784958362579 0
0.144970715046 -0.814043760300 1.709571242332 0
0.056948177516 -0.151071056724 1.614920377731 0
-0.002339415485 -0.517660498619 1.612939476967 0
-0.028264956549 -0.811677992344 1.600836992264 0
-0.039802618325 -0.857086718082 1.526101827621 0
0.124401815236 -0.082626082003 1.614469408989 0
0.129940494895 -0.022803079337 1.645882844925 0
0.123889207840 0.288792699575 1.635812997818 0
0.150519967079 0.469083279371 1.619147181511 0
0.268259674311 0.198459714651 1.595242023468 0
0.328703105450 -0.049788504839 1.624596714973 0
0.352095246315 -0.249433562160 1.567453265190 0
0.348049432039 -0.336579203606 1.544163823128 0
-0.027564413846 0.192631363869 1.653237819672 0
-0.087355419993 -0.057974901050 1.664726495743 0
-0.108185395598 -0.244019582868 1.600389361382 0
-0.107103593647 -0.316373080015 1.580647826195 0
0.191618293524 -0.148057550192 1.602816581726 0
0.210960969329 -0.491882324219 1.675632119179 0
0.155963420868 -0.769218504429 1.784806251526 0
0.145021066070 -0.814118206501 1.709497570992 0
0.057019606233 -0.151080474257 1.615186691284 0
-0.002431012224 -0.517814636230 1.613066315651 0
-0.028964625672 -0.811579048634 1.600792407990 0
-0.040345832705 -0.856979966164 1.526074171066 0
0.124380990863 -0.082647673786 1.614771127701 0
0.129976347089 -0.022885423154 1.646520256996 0
0.123732589185 0.288869500160 1.636332511902 0
0.150387495756 0.469116330147 1.619546413422 0
0.268074661493 0.198539867997 1.595393896103 0
0.328577995300 -0.049713779241 1.624737739563 0
0.352111577988 -0.249438568950 1.567461490631 0
0.348003834486 -0.336508393288 1.543680787086 0
-0.027690952644 0.192508593202 1.653500318527 0
-0.087475076318 -0.058102313429 1.664842724800 0
-0.108186170459 -0.244050726295 1.600480914116 0
-0.107070870697 -0.316335588694 1.580685257912 0
0.191579088569 -0.148055657744 1.603035092354 0
0.211745366454 -0.490512907505 1.675705194473 0
0.155881628394 -0.769221901894 1.784701824188 0
0.144919872284 -0.814097106457 1.709406971931 0
0.057087823749 -0.151087254286 1.615451216698 0
-0.002521506511 -0.517964720726 1.613189935684 0
-0.029612209648 -0.811483144760 1.600749135017 0
-0.040836825967 -0.856878757477 1.526044249535 0
0.124353118241 -0.082670137286 1.615103483200 0
0.129988715053 -0.022958984599 1.647181630135 0
0.123546540737 0.288987189531 1.636855840683 0
0.149268463254 0.469541877508 1.621145486832 0
0.267851471901 0.198665291071 1.595576047897 0
0.328254103661 -0.049483206123 1.625250816345 0
0.352280944586 -0.248660817742 1.567459225655 0
0.367708474398 -0.319745123386 1.508459210396 0
-0.027743466198 0.192383944988 1.653641581535 0
-0.087936185300 -0.058022636920 1.665375947952 0
-0.109528131783 -0.243677452207 1.598921060562 0
-0.115654081106 -0.314343988895 1.563311576843 0
0.191500306129 -0.148018091917 1.603367447853 0
0.212291672826 -0.486122071743 1.674805998802 0
0.155854627490 -0.769228279591 1.784640073776 0
0.144869878888 -0.814084291458 1.709347248077 0
0.057161085308 -0.151092797518 1.615731835365 0
-0.002635200974 -0.518163919449 1.613334774971 0
-0.030239304528 -0.811384201050 1.600712299347 0
-0.041306313127 -0.856777906418 1.526016235352 0
0.124286681414 -0.082656882703 1.615458011627 0
0.129965513945 -0.022985670716 1.647802472115 0
0.123386763036 0.289101272821 1.637311220169 0
0.147483274341 0.470287293196 1.623768329620 0
0.267644554377 0.198761820793 1.595739364624 0
0.328141838312 -0.049072220922 1.626246094704 0
0.366472452879 -0.229798674583 1.553665995598 0
0.391373723745 -0.290557473898 1.486664414406 0
-0.027782538906 0.192308887839 1.653768181801 0
-0.089307717979 -0.056492626667 1.667572021484 0
-0.120132505894 -0.229898571968 1.587108612061 0
-0.137062177062 -0.276374876499 1.523827195168 0
0.191345050931 -0.147892236710 1.603813290596 0
0.212272331119 -0.481238752604 1.673499703407 0
0.155857205391 -0.769228994846 1.784604549408 0
0.144849702716 -0.814071655273 1.709309697151 0
0.057179767638 -0.151062473655 1.616008639336 0
-0.002740042983 -0.518284499645 1.613462328911 0
-0.030812963843 -0.811272144318 1.600683331490 0
-0.041751544923 -0.856669545174 1.525992989540 0
0.124120965600 -0.082322157919 1.615992546082 0
0.129889264703 -0.022702779621 1.648486733437 0
0.123319424689 0.289409369230 1.637703657150 0
0.145620092750 0.471483141184 1.627598047256 0
0.267413407564 0.198815360665 1.595880866051 0
0.329255342484 -0.047839052975 1.628858327866 0
0.396307498217 -0.191549509764 1.524185776711 0
0.460317820311 -0.207675665617 1.425085186958 0
-0.027744181454 0.192448645830 1.653910636902 0
-0.090970836580 -0.036512553692 1.673520922661 0
-0.151656448841 -0.150128692389 1.545495629311 0
-0.178565561771 -0.187012270093 1.455633044243 0
0.190979987383 -0.147326529026 1.604471921921 0
0.212102964520 -0.477212458849 1.672369837761 0
0.155909493566 -0.769182384014 1.784511923790 0
0.144851550460 -0.814029276371 1.709242224693 0
0.057077571750 -0.150392249227 1.616690635681 0
-0.002846885007 -0.516503095627 1.613909125328 0
-0.027392610908 -0.810776174068 1.601329565048 0
-0.040378633887 -0.856376767159 1.526275396347 0
0.123958759010 -0.081940539181 1.616531729698 0
0.129745751619 -0.022373605520 1.649168014526 0
0.123258620501 0.289720863104 1.638106226921 0
0.144116103649 0.472790837288 1.631514430046 0
0.267373591661 0.198674291372 1.596491456032 0
0.330239355564 -0.046466052532 1.630741953850 0
0.406437635422 -0.174131214619 1.510370612144 0
0.481723636389 -0.152171313763 1.398338317871 0
-0.027681551874 0.192550152540 1.653989195824 0
-0.091907151043 -0.024666409940 1.675665974617 0
-0.159311935306 -0.125081345439 1.530267000198 0
-0.190400481224 -0.146266505122 1.429186820984 0
0.190668463707 -0.146798387170 1.605067849159 0
0.211989715695 -0.474614322186 1.671662330627 0
0.155969321728 -0.769134700298 1.784415483475 0
0.144879221916 -0.813983082771 1.709163069725 0
0.056969970465 -0.149745091796 1.617319464684 0
-0.002921416424 -0.514581799507 1.614337563515 0
-0.026011241600 -0.810464859009 1.601676344872 0
-0.039618592709 -0.856151044369 1.526457309723 0
0.123775981367 -0.081335857511 1.617170810699 0
0.129539564252 -0.021769538522 1.650000691414 0
0.123361840844 0.290776640177 1.638957500458 0
0.143963798881 0.473922550678 1.636882781982 0
0.267367333174 0.198629185557 1.597764015198 0
0.328815072775 -0.045293074101 1.633867859840 0
0.404298186302 -0.107854060829 1.469328165054 0
0.458485424519 -0.049974702299 1.361688613892 0
-0.027606591582 0.192612618208 1.654020428658 0
-0.094164781272 -0.010343851522 1.674105882645 0
-0.164450511336 -0.070874564350 1.494751572609 0
-0.187534168363 -0.055269416422 1.369035840034 0
0.190328359604 -0.146048218012 1.605722188950 0
0.211945399642 -0.472869336605 1.671210169792 0
0.156066015363 -0.769046723843 1.784272193909 0
0.144949436188 -0.813905835152 1.709043145180 0
0.056837305427 -0.148942768574 1.617989659309 0
-0.002909375820 -0.512357175350 1.614765405655 0
-0.025182921439 -0.810162246227 1.601956009865 0
-0.039030462503 -0.855911374092 1.526623129845 0
0.123609535396 -0.080818630755 1.617733597755 0
0.129327997565 -0.021248450503 1.650774240494 0
0.123513951898 0.292080372572 1.640073657036 0
0.143685668707 0.474996149540 1.641537547112 0
0.267465293407 0.198508739471 1.599322915077 0
0.326130092144 -0.043502241373 1.636985659599 0
0.386030495167 -0.067199066281 1.449485659599 0
0.427357554436 -0.019434871152 1.362462282181 0
-0.027536652982 0.192646846175 1.654040336609 0
-0.096396334469 0.000146069098 1.667655587196 0
-0.139105185866 -0.042342718691 1.434272170067 0
-0.175851613283 -0.027054239064 1.352556228638 0
0.190034776926 -0.145417720079 1.606303691864 0
0.211916550994 -0.471748292446 1.670937538147 0
0.156159773469 -0.768970549107 1.784135580063 0
0.145031511784 -0.813832938671 1.708920359612 0
0.056698918343 -0.148308739066 1.618527173996 0
-0.002884251997 -0.510554611683 1.615098953247 0
-0.024695893750 -0.809951782227 1.602140069008 0
-0.038600947708 -0.855718672276 1.526745080948 0
0.123440548778 -0.080314643681 1.618260025978 0
0.129040136933 -0.020715236664 1.651721239090 0
0.124079629779 0.293831199408 1.642136454582 0
0.145727351308 0.475569635630 1.648255705833 0
0.268332690001 0.197720795870 1.602882146835 0
0.315311223269 -0.033040653914 1.592035055161 0
0.348262101412 -0.025620091707 1.361141324043 0
0.338406473398 0.050216648728 1.330613613129 0
-0.027481196448 0.192656457424 1.654069423676 0
-0.095919929445 0.005092756357 1.658218383789 0
-0.105889499187 0.025813000277 1.340498685837 0
-0.106973849237 0.051220867783 1.317976236343 0
0.189781084657 -0.144875183702 1.606810569763 0
0.211908474565 -0.471055418253 1.670761942863 0
0.156259387732 -0.768897414207 1.784001708031 0
0.145162105560 -0.813751697540 1.708778262138 0
0.056474898010 -0.147730425000 1.618934512138 0
-0.002881664084 -0.510068893433 1.615191817284 0
-0.024115692824 -0.809739887714 1.602326989174 0
-0.037992060184 -0.855502843857 1.526872038841 0
0.123294636607 -0.079878352582 1.618711709976 0
0.128797575831 -0.020268179476 1.652508378029 0
0.124515607953 0.295162290335 1.643703937531 0
0.147038802505 0.475910484791 1.652418494225 0
0.268972784281 0.197141543031 1.605475544930 0
0.312834948301 -0.030650062487 1.581700205803 0
0.345242142677 -0.021474076435 1.353502273560 0
0.329979121685 0.056731436402 1.327729463577 0
-0.027426633984 0.192666828632 1.654095292091 0
-0.095558203757 0.008225756697 1.651805996895 0
-0.103141441941 0.032213319093 1.332008242607 0
-0.101346731186 0.058207321912 1.314742684364 0
0.189564421773 -0.144410118461 1.607241988182 0
0.211907103658 -0.470472663641 1.670610189438 0
0.156353607774 -0.768827199936 1.783875226974 0
0.145288512111 -0.813673436642 1.708642005920 0
0.056278992444 -0.147232025862 1.619280934334 0
-0.002878349973 -0.509661853313 1.615268349648 0
-0.023614011705 -0.809553980827 1.602489471436 0
-0.037432830781 -0.855305016041 1.526987791061 0
0.123220734298 -0.079212561250 1.619160294533 0
0.128615766764 -0.019783942029 1.653639197350 0
0.126938343048 0.290321022272 1.647644758224 0
0.150984391570 0.473632037640 1.658963441849 0
0.270707935095 0.197621449828 1.611020088196 0
0.308862298727 -0.021374735981 1.571905374527 0
0.222209423780 0.066481836140 1.333220362663 0
0.211276113987 0.092842727900 1.336790680885 0
-0.027384039015 0.192678540945 1.654193639755 0
-0.086309894919 0.017000667751 1.605278730392 0
0.017235398293 0.041076574475 1.379794955254 0
0.009960716590 0.082570880651 1.332531690598 0
0.189335241914 -0.143826723099 1.607537865639 0
0.211911529303 -0.470252722502 1.670543074608 0
0.156517207623 -0.768696486950 1.783681511879 0
0.145526319742 -0.813537657261 1.708435654640 0
0.056193850935 -0.146659195423 1.619490146637 0
-0.002863005036 -0.509481012821 1.615238308907 0
-0.023426650092 -0.809362947941 1.602627277374 0
-0.037079080939 -0.855087280273 1.527097463608 0
0.123155780137 -0.078658528626 1.619537711143 0
0.128378227353 -0.019599195570 1.654706358910 0
0.128901720047 0.282077044249 1.651687264442 0
0.155336424708 0.470310717821 1.664243340492 0
0.272240519524 0.196391522884 1.615287065506 0
0.305565208197 -0.018176123500 1.567001461983 0
0.094627551734 0.080485031009 1.361245274544 0
0.186379045248 0.098444610834 1.339505553246 0
-0.026275098324 0.192576482892 1.653925299644 0
-0.084033563733 0.018551755697 1.596559047699 0
0.034682363272 0.044658832252 1.386086702347 0
0.020699784160 0.086280122399 1.333974123001 0
0.188901185989 -0.143323585391 1.607966303825 0
0.211916923523 -0.470029294491 1.670448064804 0
0.156667262316 -0.768594026566 1.783517241478 0
0.145809710026 -0.813412904739 1.708231449127 0
0.056252222508 -0.146042600274 1.619472622871 0
-0.002843348077 -0.509381234646 1.615187048912 0
-0.023299701512 -0.809138774872 1.602769374847 0
-0.036733631045 -0.854839086533 1.527209520340 0
0.123166397214 -0.078088440001 1.619907617569 0
0.128241717815 -0.019457977265 1.655755877495 0
0.130104064941 0.277088969946 1.654161691666 0
0.158787474036 0.468819946051 1.668783783913 0
0.273321449757 0.195515468717 1.618238568306 0
0.304531604052 -0.017212580889 1.565722942352 0
0.089915722609 0.076071426272 1.368871927261 0
0.037823699415 0.099033147097 1.326557636261 0
-0.025239465758 0.192260295153 1.653622150421 0
-0.082639068365 0.018906736746 1.591439485550 0
0.140658095479 0.042036671191 1.405523419380 0
0.162770733237 0.076893836260 1.350987315178 0
0.188544332981 -0.142843320966 1.608336329460 0
0.211934372783 -0.470010071993 1.670407891273 0
0.156822368503 -0.768476605415 1.783343911171 0
0.146095603704 -0.813277781010 1.708023428917 0
0.056507069618 -0.145312741399 1.619430780411 0
-0.002821101109 -0.509315013885 1.615110874176 0
-0.022261507809 -0.808674395084 1.602964043617 0
-0.035541724414 -0.854405701160 1.527338027954 0
0.123236224055 -0.077471464872 1.620280146599 0
0.128190532327 -0.019388347864 1.656904697418 0
0.130902558565 0.273805975914 1.655983805656 0
0.161194249988 0.468470007181 1.673709273338 0
0.274103254080 0.194841787219 1.620512723923 0
0.304512590170 -0.010686380789 1.571837425232 0
0.091907724738 0.069494299591 1.389146089554 0
0.051435232162 0.086767487228 1.343257665634 0
-0.024139195681 0.191866427660 1.653278946877 0
-0.081383943558 0.013011593372 1.582360148430 0
0.151214763522 0.041832029819 1.406000733376 0
0.184174001217 0.059409685433 1.368562221527 0
0.188193827868 -0.142227873206 1.608743786812 0
0.212003678083 -0.470111578703 1.670361876488 0
0.157008469105 -0.768311917782 1.783111453056 0
0.146412640810 -0.813109099865 1.707773685455 0
0.056959480047 -0.144482582808 1.619271159172 0
-0.002793136984 -0.509335398674 1.614951848984 0
-0.020587708801 -0.808063089848 1.603005290031 0
-0.033871550113 -0.853873550892 1.527351975441 0
0.123331442475 -0.076821729541 1.620641589165 0
0.128166571259 -0.019314631820 1.657972216606 0
0.131436511874 0.271552622318 1.657282471657 0
0.162786498666 0.468250751495 1.677011489868 0
0.274702250957 0.194368496537 1.622323751450 0
0.305403470993 -0.005928870291 1.578081250191 0
0.149734884501 0.053185380995 1.361777305603 0
0.028101395816 0.097182832658 1.336217641830 0
-0.023312387988 0.191506803036 1.653019547462 0
-0.076170943677 0.005854690447 1.565281987190 0
0.078707419336 0.042286366224 1.387473583221 0
0.197690203786 0.068044669926 1.361204028130 0
0.187866374850 -0.141475185752 1.609304070473 0
0.212076231837 -0.470353424549 1.670309662819 0
0.157224074006 -0.768124461174 1.782865405083 0
0.146754026413 -0.812924742699 1.707515597343 0
0.057458113879 -0.143612593412 1.618949174881 0
-0.002769079991 -0.509390890598 1.614760279655 0
-0.018960531801 -0.807449877262 1.603059649467 0
-0.032222840935 -0.853334605694 1.527375936508 0
0.123328655958 -0.076222233474 1.620867609978 0
0.128146052361 -0.019077088684 1.658905386925 0
0.132917046547 0.283299505711 1.663093328476 0
0.163757145405 0.468309491873 1.679565906525 0
0.275286108255 0.194138258696 1.623954415321 0
0.307441234589 -0.003202685853 1.582108378410 0
0.191931143403 0.037486758083 1.366289615631 0
0.180440336466 0.056844852865 1.351316571236 0
-0.023035509512 0.192238867283 1.653761267662 0
-0.075925983489 0.004456152674 1.568011999130 0
0.012422285974 0.049355123192 1.395004630089 0
0.041077207774 0.085186824203 1.350393056870 0
0.187537223101 -0.140982151031 1.609446644783 0
0.212147474289 -0.470576733351 1.670247793198 0
0.157443299890 -0.767940819263 1.782618761063 0
0.147030606866 -0.812757611275 1.707280397415 0
0.057618971914 -0.142849966884 1.618593215942 0
-0.002647771966 -0.509101629257 1.614391446114 0
-0.017354769632 -0.806869566441 1.603262305260 0
-0.030744805932 -0.852840840816 1.527505636215 0
0.123255059123 -0.075650326908 1.620991468430 0
0.128216609359 -0.018748585135 1.659703016281 0
0.133706301451 0.289728730917 1.666020274162 0
0.164364010096 0.468655079603 1.681801676750 0
0.274465024471 0.196121215820 1.624827384949 0
0.302123010159 -0.020607974380 1.561540246010 0
0.223486796021 0.035871125758 1.358971595764 0
0.235997006297 0.050539080054 1.352585792542 0
-0.023129994050 0.193078145385 1.654898405075 0
-0.070753306150 -0.003126536030 1.561312317848 0
-0.004852509592 0.058263998479 1.383999466896 0
0.002669350244 0.086921513081 1.352498650551 0
0.187076389790 -0.140345826745 1.609358668327 0
0.212217956781 -0.470720440149 1.670172214508 0
0.157698094845 -0.767686069012 1.782317996025 0
0.147234454751 -0.812568068504 1.707047939301 0
0.057654909790 -0.142136171460 1.618252038956 0
-0.002535436070 -0.508823752403 1.613983750343 0
-0.015411752276 -0.806260347366 1.603340983391 0
-0.029297152534 -0.852364242077 1.527566432953 0
0.123147383332 -0.075154937804 1.621055245399 0
0.128243982792 -0.018450528383 1.660362005234 0
0.134138062596 0.293899029493 1.667745113373 0
0.164796859026 0.468935459852 1.683416604996 0
0.273540556431 0.198085784912 1.625431299210 0
0.300194621086 -0.026480644941 1.554358363152 0
0.247475504875 0.025207316503 1.350675582886 0
0.249727413058 0.048227891326 1.352824330330 0
-0.022381696850 0.195392876863 1.656242728233 0
-0.068136468530 -0.006534635555 1.556379675865 0
-0.012612458318 0.062292620540 1.376947522163 0
-0.010600525886 0.085864365101 1.353760361671 0
0.186473369598 -0.139649137855 1.609155297279 0
0.212289035320 -0.470831453800 1.670092821121 0
0.157949373126 -0.767401516438 1.782007455826 0
0.147438257933 -0.812357842922 1.706807255745 0
0.057654153556 -0.141418486834 1.617905855179 0
-0.002330530668 -0.507522702217 1.613300800323 0
-0.013456857763 -0.805627882481 1.603404045105 0
-0.027791000903 -0.851859927177 1.527619242668 0
0.123032897711 -0.074712790549 1.621084332466 0
0.128272742033 -0.018175853416 1.660917520523 0
0.134434059262 0.296800345182 1.668792486191 0
0.165104061365 0.469181746244 1.684610843658 0
0.272677481174 0.199754878879 1.625767588615 0
0.299092918634 -0.029760254547 1.550378084183 0
0.254510372877 0.024685336277 1.349075675011 0
0.256306529045 0.047118585557 1.352853417397 0
-0.021913683042 0.197123318911 1.657331585884 0
-0.065727584064 -0.009125191718 1.552303671837 0
-0.017251277342 0.064428873360 1.371969580650 0
-0.017567465082 0.085012555122 1.354460597038 0
0.185911953449 -0.139024943113 1.608921051025 0
0.212360396981 -0.470919400454 1.670011639595 0
0.158177658916 -0.767120480537 1.781710028648 0
0.147618487477 -0.812149524689 1.706576943398 0
0.057620868087 -0.140776112676 1.617585897446 0
-0.002142863348 -0.506433844566 1.612718820572 0
-0.011872656643 -0.805093288422 1.603454709053 0
-0.026505030692 -0.851410984993 1.527666091919 0
0.122856520116 -0.074176356196 1.621056795120 0
0.128278210759 -0.017799906433 1.661409616470 0
0.134637027979 0.299020349979 1.669328331947 0
0.165289193392 0.469409078360 1.685520291328 0
0.272189885378 0.200713023543 1.625959277153 0
0.298171341419 -0.032477036119 1.547160506248 0
0.254258900881 0.027065023780 1.350164771080 0
0.257736921310 0.046919275075 1.352977156639 0
-0.022162647918 0.197953566909 1.658280611038 0
-0.064121410251 -0.011795585975 1.551224231720 0
-0.017868319526 0.064735174179 1.371188163757 0
-0.018901523203 0.085109800100 1.354398369789 0
0.185311913490 -0.138348966837 1.608529210091 0
0.212421551347 -0.470966488123 1.669917941093 0
0.158412262797 -0.766802608967 1.781390786171 0
0.147792965174 -0.811918735504 1.706335544586 0
0.057475164533 -0.140160024166 1.617311000824 0
-0.002092090668 -0.506178021431 1.612410664558 0
-0.011661768891 -0.804900944233 1.603467345238 0
-0.026220373809 -0.851202547550 1.527682304382 0
0.122613854706 -0.072680048645 1.620976567268 0
0.128271728754 -0.016796125099 1.662038683891 0
0.134721487761 0.300689339638 1.669638872147 0
0.165409550071 0.469606369734 1.686196446419 0
0.272109210491 0.201022535563 1.626149535179 0
0.298526525497 -0.031859565526 1.548196077347 0
0.241559267044 0.039637431502 1.348169445992 0
0.252095907927 0.046181496233 1.354320168495 0
-0.022525154054 0.198397889733 1.659036874771 0
-0.063103057444 -0.013915318996 1.551346182823 0
-0.012083874084 0.062328808010 1.370052933693 0
-0.015258500353 0.082492470741 1.354938268661 0
0.184820070863 -0.137179508805 1.608411431313 0
0.212480127811 -0.471004128456 1.669825077057 0
0.158719494939 -0.766326367855 1.780960321426 0
0.148027434945 -0.811586856842 1.706017971039 0
0.057252351195 -0.138801723719 1.616546154022 0
-0.002059456427 -0.506043910980 1.612161517143 0
-0.011337200180 -0.804497659206 1.603491663933 0
-0.025809237733 -0.850842535496 1.527707219124 0
0.122470341623 -0.071500778198 1.620928287506 0
0.128189280629 -0.015902837738 1.662630200386 0
0.134669885039 0.301972001791 1.669787287712 0
0.165482148528 0.469677448273 1.686522245407 0
0.272124588490 0.201069757342 1.626289606094 0
0.302834242582 -0.008757058531 1.575110793114 0
0.135802894831 0.025831356645 1.380350470543 0
0.084529846907 0.024287698790 1.347958803177 0
-0.022408869117 0.198612064123 1.659110069275 0
-0.061799000949 -0.016368124634 1.552710771561 0
0.027063315734 0.034745838493 1.387282490730 0
0.029279628769 0.060267440975 1.352032184601 0
0.184445276856 -0.136190921068 1.608396768570 0
0.212533459067 -0.471033781767 1.669725298882 0
0.158988699317 -0.765892922878 1.780560731888 0
0.148306712508 -0.811254858971 1.705689072609 0
0.057304881513 -0.137677296996 1.615916728973 0
-0.001989723882 -0.505537927151 1.611791014671 0
-0.010864632204 -0.804024279118 1.603529810905 0
-0.025189638138 -0.850405871868 1.527736425400 0
0.122351951897 -0.070519976318 1.620885729790 0
0.128122761846 -0.015134413727 1.663135290146 0
0.134573772550 0.303003370762 1.669840931892 0
0.165530785918 0.469733923674 1.686739206314 0
0.272143393755 0.201076164842 1.626402258873 0
0.304186761379 -0.001998937689 1.583321332932 0
0.166235506535 0.012070960365 1.394139409065 0
0.095359221101 0.014296399429 1.357113361359 0
-0.022232295945 0.199088290334 1.659200191498 0
-0.061234906316 -0.019840551540 1.557740569115 0
0.072552397847 0.034664191306 1.384876489639 0
0.161601886153 0.010681078769 1.386653065681 0
0.184131339192 -0.135356321931 1.608385801315 0
0.212582379580 -0.471059679985 1.669625878334 0
0.159220546484 -0.765497565269 1.780195474625 0
0.148557543755 -0.810943186283 1.705379843712 0
0.057367537171 -0.136735215783 1.615406870842 0
-0.001910790219 -0.505002737045 1.611445307732 0
-0.010362425819 -0.803554892540 1.603557705879 0
-0.024560024962 -0.849977314472 1.527756929398 0
0.122266329825 -0.069829039276 1.620843529701 0
0.128032401204 -0.014519351535 1.663564801216 0
0.134390413761 0.303781807423 1.669782757759 0
0.165523111820 0.469747215509 1.686829566956 0
0.272201418877 0.200931221247 1.626488447189 0
0.304170548916 -0.000252431724 1.585199594498 0
0.157251298428 0.014677347615 1.389716982841 0
0.086360156536 0.019736111164 1.329622745514 0
-0.021967971697 0.199376985431 1.659037828445 0
-0.062510468066 -0.022878544405 1.570131897926 0
0.077196806669 0.034967087209 1.384469032288 0
0.148531436920 0.020826648921 1.379427552223 0
0.183865666389 -0.134697511792 1.608355760574 0
0.212606891990 -0.471101731062 1.669515490532 0
0.159403666854 -0.765152752399 1.779879450798 0
0.148796841502 -0.810654342175 1.705092668533 0
0.057448126376 -0.136054947972 1.615051269531 0
-0.001865127240 -0.504613459110 1.611148238182 0
-0.009820673615 -0.803112030029 1.603596925735 0
-0.023866923526 -0.849559843540 1.527782559395 0
0.122181132436 -0.069252967834 1.620809793472 0
0.127955600619 -0.013990379870 1.663936376572 0
0.134164199233 0.304439485073 1.669675588608 0
0.165460214019 0.469747602940 1.686778068542 0
0.272282183170 0.200684964657 1.626536726952 0
0.304097652435 -0.000638216967 1.585374116898 0
0.154532238841 0.018552755937 1.383094549179 0
0.144905775785 0.010375022888 1.373536229134 0
-0.021736033261 0.200019717216 1.658980727196 0
-0.063147932291 -0.024502700195 1.575744748116 0
0.079555302858 0.037209268659 1.383436918259 0
0.161033421755 0.023368563503 1.373162865639 0
0.183623284101 -0.134148448706 1.608311414719 0
0.212616920471 -0.471151113510 1.669404625893 0
0.159577310085 -0.764841854572 1.779596924782 0
0.149013280869 -0.810389101505 1.704831600189 0
0.057491235435 -0.135542407632 1.614824056625 0
-0.001810876769 -0.504156887531 1.610840916634 0
-0.009948410094 -0.802785515785 1.603594779968 0
-0.023770743981 -0.849342584610 1.527781248093 0
0.122113361955 -0.068787232041 1.620781540871 0
0.127893105149 -0.013530869037 1.664261579514 0
0.133855149150 0.305014163256 1.669438719749 0
0.165171846747 0.469761043787 1.686343789101 0
0.272390842438 0.200368329883 1.626540780067 0
0.305999368429 0.001673100749 1.589897036552 0
0.207042545080 -0.021748758852 1.402940273285 0
0.158648386598 0.013732404448 1.371011376381 0
-0.021567290649 0.200631707907 1.658946275711 0
-0.063510030508 -0.025367947295 1.578378796577 0
0.057254150510 0.029521159828 1.384305238724 0
0.064292609692 0.035740531981 1.368819355965 0
0.183441370726 -0.133720904589 1.608263134956 0
0.212597653270 -0.471243977547 1.669275403023 0
0.159750074148 -0.764570176601 1.779353618622 0
0.149221748114 -0.810149371624 1.704598069191 0
0.057538252324 -0.135190621018 1.614686608315 0
-0.001803647727 -0.504065990448 1.610645294189 0
-0.010412219912 -0.802392005920 1.603557825089 0
-0.023795165122 -0.849124848843 1.527765989304 0
0.122062139213 -0.068406157196 1.620746016502 0
0.127859592438 -0.013149945065 1.664519786835 0
0.133532837033 0.305458277464 1.669107794762 0
0.164816975594 0.469691038132 1.685713887215 0
0.272510915995 0.200031459332 1.626520752907 0
0.305438905954 -0.000723015168 1.586782693863 0
0.206245630980 0.009709752165 1.368907809258 0
0.173066332936 0.016680488363 1.366925120354 0
-0.021600287408 0.200755357742 1.658981084824 0
-0.063962809741 -0.025953821838 1.580160737038 0
0.044288422912 0.029055017978 1.381057024002 0
0.044823568314 0.038136620075 1.366984963417 0
0.183345451951 -0.133431136608 1.608177781105 0
0.212570697069 -0.471346080303 1.669144749641 0
0.159901425242 -0.764345049858 1.779149055481 0
0.149398773909 -0.809944391251 1.704396486282 0
0.057570822537 -0.134932428598 1.614582657814 0
-0.001783161308 -0.503976464272 1.610457420349 0
-0.010957423598 -0.802025020123 1.603534340858 0
-0.023877616972 -0.848911941051 1.527755260468 0
0.121976807714 -0.068120755255 1.620652437210 0
0.127815067768 -0.012891730294 1.664654254913 0
0.133146896958 0.305822193623 1.668585300446 0
0.164420053363 0.469568252563 1.684789061546 0
0.272643297911 0.199604630470 1.626439452171 0
0.309596836567 0.000409578090 1.590392351151 0
0.227003172040 0.015330461785 1.386770606041 0
0.195917338133 0.020991453901 1.359642386436 0
-0.022033995017 0.200781404972 1.659186124802 0
-0.064753592014 -0.026457967237 1.581538796425 0
0.014573643915 0.025064764544 1.384141087532 0
0.023002766073 0.041057500988 1.363573908806 0
0.183275997639 -0.133269667625 1.608008980751 0
0.212542951107 -0.471437662840 1.669013619423 0
0.160011887550 -0.764185488224 1.778996229172 0
0.149526283145 -0.809789896011 1.704238414764 0
0.057478010654 -0.134766817093 1.614448428154 0
-0.001764043001 -0.503962695599 1.610268473625 0
-0.011588053778 -0.801743090153 1.603515028954 0
-0.024028280750 -0.848728179932 1.527746200562 0
0.121864922345 -0.067881934345 1.620530009270 0
0.127763807774 -0.012716036290 1.664732217789 0
0.132716983557 0.305817633867 1.667955040932 0
0.164021342993 0.469402581453 1.683638691902 0
0.272713303566 0.199238047004 1.626300096512 0
0.297436118126 -0.039556555450 1.540488600731 0
0.228779867291 0.020567154512 1.371715903282 0
0.208488985896 0.022768847644 1.355862021446 0
-0.022531043738 0.200769275427 1.659409403801 0
-0.065516598523 -0.026873134077 1.582623720169 0
0.002350489609 0.023637246341 1.385876655579 0
0.010649004951 0.042351834476 1.361963987350 0
0.183167755604 -0.133139565587 1.607703804970 0
0.212520241737 -0.471497982740 1.668879747391 0
0.160108476877 -0.764040052891 1.778860926628 0
0.149634152651 -0.809648394585 1.704097151756 0
0.057338751853 -0.134628102183 1.614314794540 0
-0.001718404586 -0.503825008869 1.610061287880 0
-0.011617307551 -0.801649153233 1.603513240814 0
-0.023989697918 -0.848629832268 1.527744293213 0
0.121730297804 -0.067641153932 1.620368480682 0
0.127708837390 -0.012555710040 1.664776206017 0
0.132218360901 0.305665403605 1.667160987854 0
0.163393437862 0.469310671091 1.681662201881 0
0.272774815559 0.198893651366 1.626089215279 0
0.309409230947 -0.024053310975 1.562218427658 0
0.235560506582 0.021124454215 1.377992510796 0
0.214878857136 0.023696528748 1.353875041008 0
-0.023220695555 0.200647726655 1.659651875496 0
-0.062160223722 -0.040425259620 1.596150994301 0
-0.011178634129 0.017163053155 1.403840661049 0
0.004039538093 0.042980030179 1.361032366753 0
0.183047145605 -0.133006125689 1.607245087624 0
0.212501868606 -0.471480756998 1.668692111969 0
0.160198226571 -0.763881862164 1.778725624084 0
0.149729520082 -0.809500932693 1.703959703445 0
0.057160571218 -0.134502783418 1.614182353020 0
-0.001657692948 -0.503501951694 1.609796047211 0
-0.011930644512 -0.801484584808 1.603460550308 0
-0.024071862921 -0.848502039909 1.527718663216 0
0.121620170772 -0.067435309291 1.620221972466 0
0.127664193511 -0.012418163009 1.664810538292 0
0.131745293736 0.305463999510 1.666418790817 0
0.162729948759 0.469131439924 1.679502606392 0
0.272832870483 0.198516264558 1.625830173492 0
0.324910283089 -0.005490636453 1.584492564201 0
0.234504774213 0.024481143802 1.374456763268 0
0.217126399279 0.024381849915 1.352832674980 0
-0.023865418509 0.200493976474 1.659840941429 0
-0.064916603267 -0.038985975087 1.593934774399 0
-0.008972114883 0.026502391323 1.384110331535 0
0.001195191406 0.043176658452 1.360574722290 0
0.182966127992 -0.132889851928 1.606811523438 0
0.212487384677 -0.471432685852 1.668483734131 0
0.160281360149 -0.763726055622 1.778597116470 0
0.149817287922 -0.809356629848 1.703828573227 0
0.057045727968 -0.134420484304 1.614096164703 0
-0.001599508687 -0.503122806549 1.609525203705 0
-0.012262280099 -0.801332473755 1.603396773338 0
-0.024175386876 -0.848377585411 1.527686476707 0
0.121544837952 -0.067334868014 1.620089173317 0
0.127639725804 -0.012371255085 1.664828181267 0
0.131261527538 0.304526746273 1.665326952934 0
0.164207503200 0.465814858675 1.672467827797 0
0.272932380438 0.197964847088 1.625445365906 0
0.322473168373 -0.004952818155 1.584929466248 0
0.218533530831 -0.006662222091 1.385005116463 0
0.213788092136 0.024719594046 1.353125929832 0
-0.024180933833 0.200330108404 1.659716725349 0
-0.035946741700 -0.023938840255 1.521902799606 0
0.029955869541 0.037361744791 1.346882104874 0
0.010569218546 0.043445851654 1.359752535820 0
0.182911247015 -0.132872343063 1.606410503387 0
0.212474197149 -0.471389651299 1.668279290199 0
0.160340622067 -0.763610661030 1.778500199318 0
0.149899616838 -0.809237837791 1.703717112541 0
0.056955356151 -0.134380757809 1.614020705223 0
-0.001589130145 -0.503077089787 1.609363079071 0
-0.012703317218 -0.801191449165 1.603319883347 0
-0.024314623326 -0.848258674145 1.527646780014 0
0.121482491493 -0.067252904177 1.619963526726 0
0.127611935139 -0.012332232669 1.664840221405 0
0.130786120892 0.303670883179 1.664332747459 0
0.161204561591 0.466224253178 1.668350934982 0
0.272943586111 0.197322249413 1.624822497368 0
0.320088386536 -0.003484137356 1.586099386215 0
0.211211308837 -0.006288602483 1.386976242065 0
0.103126354516 0.038882769644 1.356799006462 0
-0.024670176208 0.199072733521 1.658723711967 0
-0.066076412797 0.001137760235 1.580529451370 0
0.053168736398 0.030094826594 1.361953616142 0
0.065884023905 0.035959806293 1.360521793365 0
0.182866945863 -0.132860660553 1.606024503708 0
0.212444186211 -0.471354454756 1.668071269989 0
0.160404816270 -0.763495981693 1.778401970863 0
0.149994537234 -0.809117853642 1.703602552414 0
0.056917551905 -0.134354293346 1.613980174065 0
-0.001568025560 -0.502777755260 1.609114885330 0
-0.012749387883 -0.801133215427 1.603284597397 0
-0.024303602055 -0.848188161850 1.527617812157 0
0.121423624456 -0.067184224725 1.619840979576 0
0.127579286695 -0.012299224734 1.664845347404 0
0.130325362086 0.302918136120 1.663447022438 0
0.158534005284 0.466789692640 1.665369987488 0
0.272934675217 0.196721896529 1.624204516411 0
0.318208307028 -0.002469115425 1.586903333664 0
0.206113174558 -0.005755051970 1.387964606285 0
0.092785060406 0.039749294519 1.357165813446 0
-0.025149544701 0.197506248951 1.657472014427 0
-0.071684099734 0.004483509343 1.588205099106 0
0.062538348138 0.027741285041 1.368686199188 0
0.077458851039 0.034519735724 1.360696673393 0
0.182825371623 -0.132856637239 1.605650186539 0
0.212406724691 -0.471329122782 1.667870640755 0
0.160470038652 -0.763383090496 1.778307914734 0
0.150093212724 -0.808999180794 1.703491330147 0
0.056883800775 -0.134335115552 1.613945722580 0
-0.001598354895 -0.502607047558 1.608924746513 0
-0.012616961263 -0.801052272320 1.603238344193 0
-0.024143552408 -0.848080456257 1.527576565742 0
0.121371261775 -0.067130036652 1.619722127914 0
0.127548784018 -0.012272519059 1.664844393730 0
0.129792958498 0.302165985107 1.662515878677 0
0.156236007810 0.467348486185 1.662733435631 0
0.272853732109 0.196104407310 1.623473882675 0
0.316278427839 -0.003396539949 1.586517930031 0
0.144605547190 0.009085576981 1.383890986443 0
0.088121302426 0.039861842990 1.357156515121 0
-0.025689676404 0.196004286408 1.656287193298 0
-0.077930375934 -0.009140035138 1.583042383194 0
0.063691146672 0.026888905093 1.370008468628 0
0.093192659318 0.035170394927 1.356281280518 0
0.182790249586 -0.132857024670 1.605304002762 0
0.212363153696 -0.471309483051 1.667668342590 0
0.160535693169 -0.763270497322 1.778213620186 0
0.150186941028 -0.808883368969 1.703382849693 0
0.056864641607 -0.134324327111 1.613922476768 0
-0.001615859219 -0.502271592617 1.608676314354 0
-0.012753300369 -0.800972938538 1.603126287460 0
-0.024173406884 -0.847999513149 1.527511954308 0
0.121316291392 -0.067129194736 1.619599223137 0
0.127505987883 -0.012273903936 1.664831280708 0
0.129266977310 0.301412642002 1.661610722542 0
0.154252454638 0.467873990536 1.660622239113 0
0.272662878036 0.195341050625 1.622599840164 0
0.314643353224 -0.004195762798 1.586126685143 0
0.135600551963 0.011491240934 1.383363723755 0
0.087089814246 0.045458927751 1.353734374046 0
-0.025946684182 0.194968879223 1.655161857605 0
-0.083578698337 -0.015866195783 1.583150148392 0
0.056984059513 0.018640957773 1.377381324768 0
0.096283242106 0.035366836935 1.355471134186 0
0.182749196887 -0.132880061865 1.604990243912 0
0.212318390608 -0.471295863390 1.667474627495 0
0.160596966743 -0.763169705868 1.778128623962 0
0.150277689099 -0.808776736259 1.703282237053 0
0.056845977902 -0.134338542819 1.613900661469 0
-0.001681467285 -0.502100229263 1.608482718468 0
-0.012886507437 -0.800914585590 1.603011727333 0
-0.024204188958 -0.847932100296 1.527446150780 0
0.121259778738 -0.067139454186 1.619450688362 0
0.127482980490 -0.012280172668 1.664800405502 0
0.128607720137 0.300560355186 1.660497784615 0
0.152155324817 0.468523263931 1.658664107323 0
0.271812260151 0.195419520140 1.620834469795 0
0.313349932432 -0.001631988212 1.587956070900 0
0.216543883085 -0.066327519715 1.407339334488 0
0.171167671680 0.017659949139 1.344986081123 0
-0.026233665645 0.194578960538 1.654478073120 0
-0.100151240826 -0.027436502278 1.593956947327 0
0.037901706994 0.007005105261 1.386928677559 0
0.070007152855 0.029581813142 1.359538912773 0
0.182705104351 -0.132897973061 1.604660749435 0
0.212267130613 -0.471273690462 1.667264819145 0
0.160649731755 -0.763063728809 1.778033852577 0
0.150330871344 -0.808676481247 1.703186869621 0
0.056834530085 -0.134355232120 1.613881707191 0
-0.001760680112 -0.502086162567 1.608302474022 0
-0.012398524210 -0.800826489925 1.602816700935 0
-0.023923179135 -0.847821533680 1.527331233025 0
0.121151596308 -0.067180201411 1.619218587875 0
0.127419561148 -0.012315054424 1.664708018303 0
0.127973303199 0.299787074327 1.659432411194 0
0.150258675218 0.469092965126 1.656989693642 0
0.271036356688 0.195271939039 1.619188427925 0
0.312831521034 0.000065078784 1.589519381523 0
0.227112174034 -0.074872359633 1.410220026970 0
0.179653778672 0.014827067032 1.343748569489 0
-0.026540918276 0.194051846862 1.653684973717 0
-0.106847271323 -0.032076101750 1.598048329353 0
0.030028561130 0.002643525135 1.388833045959 0
0.056217338890 0.026187675074 1.360285282135 0
0.182579591870 -0.132950767875 1.604185461998 0
0.212216779590 -0.471224069595 1.667040586472 0
0.160691097379 -0.762957096100 1.777941942215 0
0.150375321507 -0.808576583862 1.703094601631 0
0.056809518486 -0.134386360645 1.613851308823 0
-0.001825648360 -0.501951515675 1.608101963997 0
-0.011659179814 -0.800727128983 1.602633237839 0
-0.023504277691 -0.847696244717 1.527218222618 0
0.120828025043 -0.067282572389 1.618738055229 0
0.127229452133 -0.012399991974 1.664420843124 0
0.127326190472 0.298956364393 1.657953262329 0
0.147975385189 0.469906121492 1.654984951019 0
0.270217776299 0.194760635495 1.617279052734 0
0.313042312860 0.001287082210 1.591063261032 0
0.238350376487 -0.035478033125 1.408081769943 0
0.195548996329 0.006446338724 1.339243292809 0
-0.027068551630 0.193528026342 1.653092741966 0
-0.111184000969 -0.034120637923 1.599804401398 0
-0.002759213559 -0.002457168652 1.408458352089 0
0.037172123790 0.019182771444 1.358074426651 0
0.182196497917 -0.133129358292 1.603299021721 0
0.212176144123 -0.471130907536 1.666793465614 0
0.160721957684 -0.762853264809 1.777853250504 0
0.150401189923 -0.808481872082 1.703008890152 0
0.056580603123 -0.134510070086 1.613723754883 0
-0.001881191740 -0.501849651337 1.607921957970 0
-0.011724354699 -0.800701737404 1.602539181709 0
-0.023532580584 -0.847648561001 1.527157664299 0
0.120493777096 -0.067387498915 1.618245124817 0
0.127031087875 -0.012486399151 1.664089560509 0
0.126630455256 0.298199445009 1.656470775604 0
0.145891010761 0.470656931400 1.653172969818 0
0.269340872765 0.193999946117 1.615294575691 0
0.313960492611 0.002436587121 1.592838406563 0
0.238276183605 -0.032811634243 1.380323290825 0
0.210039511323 -0.005670879036 1.331422924995 0
-0.027669407427 0.193188950419 1.652704954147 0
-0.114017248154 -0.035154953599 1.600719571114 0
-0.006029999815 -0.005956555251 1.392987847328 0
0.030264437199 0.018614090979 1.344121694565 0
0.181864947081 -0.133303835988 1.602485418320 0
0.212142765522 -0.471034437418 1.666560173035 0
0.160748586059 -0.762753248215 1.777767062187 0
0.150415867567 -0.808391809464 1.702928066254 0
0.056285176426 -0.134652569890 1.613569021225 0
-0.001934527187 -0.501657783985 1.607719540596 0
-0.011841800995 -0.800678908825 1.602417945862 0
-0.023599864915 -0.847597897053 1.527080297470 0
0.120148584247 -0.067491546273 1.617729306221 0
0.126832574606 -0.012563082390 1.663691043854 0
0.125824600458 0.297448754311 1.654677987099 0
0.144038513303 0.471436440945 1.650325298309 0
0.268364727497 0.193636998534 1.613183498383 0
0.314393341541 0.003762487788 1.594685077667 0
0.252409040928 -0.068302422762 1.367564439774 0
0.256768614054 -0.080213442445 1.307406544685 0
-0.028446160257 0.192834451795 1.652407646179 0
-0.116375446320 -0.034039977938 1.600312829018 0
-0.033145252615 -0.033043585718 1.397738933563 0
-0.021399421617 -0.047138631344 1.346817255020 0
0.181594982743 -0.133460700512 1.601769089699 0
0.212090402842 -0.470919698477 1.666332364082 0
0.160780519247 -0.762658119202 1.777687191963 0
0.150423228741 -0.808307766914 1.702855706215 0
0.055891223252 -0.134824395180 1.613363623619 0
-0.002024463844 -0.501711249352 1.607582688332 0
-0.012120119296 -0.800653934479 1.602240085602 0
-0.023780493066 -0.847534418106 1.526968479156 0
0.119802318513 -0.067592799664 1.617201566696 0
0.126639395952 -0.012636449188 1.663242697716 0
0.125109717250 0.296778649092 1.652942061424 0
0.142602831125 0.472010970116 1.648090958595 0
0.267368882895 0.193495258689 1.611068606377 0
0.314447969198 0.003880937817 1.595560908318 0
0.313900738955 -0.133756771684 1.443045258522 0
0.280484825373 -0.132635965943 1.321547031403 0
-0.029154796153 0.192548722029 1.652179121971 0
-0.117957048118 -0.033149600029 1.600086212158 0
-0.047579787672 -0.058623798192 1.402125120163 0
-0.034324102104 -0.077129736543 1.350682616234 0
0.181366607547 -0.133597612381 1.601121306419 0
0.212039485574 -0.470782846212 1.666107177734 0
0.160799041390 -0.762559354305 1.777618408203 0
0.150414645672 -0.808220684528 1.702791810036 0
0.055436063558 -0.135001629591 1.613123774529 0
-0.002098025288 -0.501533865929 1.607423305511 0
-0.012399911880 -0.800631582737 1.602082729340 0
-0.023986285552 -0.847471952438 1.526863455772 0
0.119441680610 -0.067799918354 1.616414666176 0
0.126438438892 -0.012791627087 1.662494421005 0
0.124297618866 0.296197086573 1.650979518890 0
0.141224384308 0.472491174936 1.645988941193 0
0.266390889883 0.193458005786 1.608961582184 0
0.313908040524 -0.027062496170 1.597680926323 0
0.320849001408 -0.166177004576 1.446076869965 0
0.318794548512 -0.239308103919 1.358067393303 0
-0.029960719869 0.192260459065 1.652016639709 0
-0.119016990066 -0.031612720340 1.602098464966 0
-0.079954832792 -0.136567369103 1.449199080467 0
-0.054612897336 -0.169936850667 1.370405912399 0
0.181318104267 -0.133807390928 1.600268602371 0
0.211946725845 -0.470006823540 1.665512800217 0
0.160785377026 -0.762453496456 1.777557969093 0
0.150374159217 -0.808124244213 1.702732086182 0
0.054835300893 -0.135389819741 1.612625598907 0
-0.002162099816 -0.501327037811 1.607264518738 0
-0.012724339962 -0.800663709641 1.601932764053 0
-0.024240270257 -0.847441554070 1.526760935783 0
0.119271263480 -0.068165235221 1.615555882454 0
0.126377105713 -0.013070240617 1.661636710167 0
0.123589798808 0.295672446489 1.649186730385 0
0.140074253082 0.472767978907 1.644182920456 0
0.265422731638 0.193556204438 1.607005715370 0
0.313653409481 -0.036219421774 1.598399996758 0
0.326944947243 -0.189181029797 1.455480575562 0
0.335302740335 -0.279172211885 1.386441111565 0
-0.030670916662 0.192010343075 1.651867985725 0
-0.108154945076 -0.027989696711 1.617963194847 0
-0.091835618019 -0.154488593340 1.470980644226 0
-0.072236485779 -0.210754036903 1.400664448738 0
0.181488722563 -0.134108483791 1.599420428276 0
0.211891248822 -0.469079494476 1.664881348610 0
0.160748615861 -0.762361288071 1.777509927750 0
0.150310143828 -0.808033347130 1.702680468559 0
0.054505985230 -0.135914176702 1.612072706223 0
-0.002220723778 -0.501111447811 1.607113242149 0
-0.013063946739 -0.800738513470 1.601786255836 0
-0.024517612532 -0.847438752651 1.526659011841 0
0.119424678385 -0.069011211395 1.614517569542 0
0.126529097557 -0.013666247018 1.660611033440 0
0.122933179140 0.295183211565 1.647489070892 0
0.139484420419 0.472845077515 1.642044544220 0
0.264587581158 0.193713337183 1.605288743973 0
0.313627362251 -0.042720772326 1.598662257195 0
0.343384087086 -0.228996157646 1.488883137703 0
0.351080119610 -0.317602872849 1.413987636566 0
-0.031303547323 0.191656842828 1.651605844498 0
-0.102938123047 -0.027607355267 1.625383615494 0
-0.100182011724 -0.173936247826 1.491316199303 0
-0.081735908985 -0.248708352447 1.433706998825 0
0.182096123695 -0.134795024991 1.598559260368 0
0.211860477924 -0.468204468489 1.664312958717 0
0.160710453987 -0.762323617935 1.777493953705 0
0.150246411562 -0.807983875275 1.702654480934 0
0.054556183517 -0.136972263455 1.611303448677 0
-0.002302231500 -0.501085698605 1.607017278671 0
-0.013367638923 -0.800901472569 1.601656913757 0
-0.024763133377 -0.847492337227 1.526569604874 0
0.119578972459 -0.070226483047 1.613460779190 0
0.126694783568 -0.014498858713 1.659504771233 0
0.122261218727 0.294795066118 1.645809054375 0
0.138928785920 0.472947239876 1.640105605125 0
0.263760983944 0.193697646260 1.603537917137 0
0.313715457916 -0.047003444284 1.598843455315 0
0.356619536877 -0.252126812935 1.522682785988 0
0.379039496183 -0.348936825991 1.491320252419 0
-0.031858488917 0.191384941339 1.651374578476 0
-0.098089665174 -0.036791421473 1.632700920105 0
-0.119691498578 -0.251851469278 1.548261404037 0
-0.110976994038 -0.329382359982 1.512087106705 0
0.182705894113 -0.135678574443 1.597810745239 0
0.211878836155 -0.467100203037 1.663667559624 0
0.160651177168 -0.762299358845 1.777492165565 0
0.150158688426 -0.807945847511 1.702641129494 0
0.054598480463 -0.138489663601 1.610500097275 0
-0.002600428183 -0.502131998539 1.606807827950 0
-0.013762181625 -0.801203548908 1.601496338844 0
-0.025078849867 -0.847622752190 1.526462197304 0
0.119715899229 -0.071734331548 1.612475872040 0
0.126815766096 -0.015419504605 1.658440947533 0
0.121609851718 0.294648587704 1.644112706184 0
0.138399332762 0.473096698523 1.638664126396 0
0.262975811958 0.193766638637 1.601879119873 0
0.313806027174 -0.049518309534 1.599048018456 0
0.361972898245 -0.263892829418 1.540010809898 0
0.386786162853 -0.357327163219 1.508249878883 0
-0.032280102372 0.191053569317 1.650939822197 0
-0.095411896706 -0.043632589281 1.637244105339 0
-0.122961819172 -0.264946788549 1.561043620110 0
-0.124008074403 -0.356353491545 1.552540540695 0
0.183219075203 -0.136634767056 1.597223281860 0
0.211896076798 -0.466116756201 1.663099288940 0
0.160576149821 -0.762290298939 1.777504205704 0
0.150067269802 -0.807921767235 1.702638149261 0
0.054668035358 -0.140187084675 1.609806180000 0
-0.002885155845 -0.503442466259 1.606616973877 0
-0.014147222973 -0.801583707333 1.601327180862 0
-0.025383057073 -0.847799777985 1.526349306107 0
0.119682744145 -0.073400326073 1.611756563187 0
0.126796990633 -0.016514742747 1.657398819923 0
0.121073551476 0.294428974390 1.642387270927 0
0.138234406710 0.473190307617 1.637215733528 0
0.262306094170 0.193800851703 1.600279331207 0
0.314232617617 -0.051210418344 1.599650859833 0
0.364466965199 -0.269724756479 1.555826425552 0
0.395321249962 -0.360959112644 1.527920484543 0
-0.032583616674 0.190603673458 1.650105714798 0
-0.093948721886 -0.049713745713 1.641813993454 0
-0.129288703203 -0.276856034994 1.594859004021 0
-0.140159562230 -0.368883013725 1.603416204453 0
0.183456629515 -0.137792766094 1.597016692162 0
0.211915746331 -0.465297281742 1.662625193596 0
0.160457208753 -0.762320220470 1.777551412582 0
0.149961858988 -0.807922422886 1.702653765678 0
0.054537177086 -0.141853258014 1.609386563301 0
-0.003154216334 -0.504780292511 1.606443762779 0
-0.014596375637 -0.802048742771 1.601114630699 0
-0.025719905272 -0.848028063774 1.526208519936 0
0.119546629488 -0.074519313872 1.611257314682 0
0.126696869731 -0.017338816077 1.656493306160 0
0.120621107519 0.294212132692 1.640831708908 0
0.138006523252 0.473285287619 1.636147022247 0
0.261756300926 0.193835660815 1.598904967308 0
0.314937204123 -0.052447047085 1.600548624992 0
0.366361737251 -0.271377027035 1.563487052917 0
0.400158047676 -0.361105531454 1.538238883018 0
-0.032820127904 0.190392687917 1.649372100830 0
-0.093389749527 -0.052881531417 1.645488977432 0
-0.132462859154 -0.280040025711 1.609425425529 0
-0.144832760096 -0.371178358793 1.617280721664 0
0.183544203639 -0.138572514057 1.596899986267 0
0.211914867163 -0.464550971985 1.662195324898 0
0.160365164280 -0.762335121632 1.777584791183 0
0.149871990085 -0.807916939259 1.702664136887 0
0.054283048958 -0.142930582166 1.609139204025 0
-0.003389073303 -0.505903720856 1.606302499771 0
-0.015022465959 -0.802419900894 1.600904822350 0
-0.026057461277 -0.848223268986 1.526061773300 0
0.119361862540 -0.075347796082 1.610902428627 0
0.126540541649 -0.017998414114 1.655518293381 0
0.120382495224 0.293968260288 1.638879776001 0
0.137712776661 0.473353981972 1.635266542435 0
0.261241734028 0.193891376257 1.597404599190 0
0.316092491150 -0.053295090795 1.602088332176 0
0.368620753288 -0.270727008581 1.568741440773 0
0.404087215662 -0.358690291643 1.544907689095 0
-0.033037595451 0.190220028162 1.648688077927 0
-0.094773001969 -0.054945826530 1.651157617569 0
-0.135739028454 -0.280396908522 1.621181011200 0
-0.149068832397 -0.369411110878 1.628019809723 0
0.183553561568 -0.139199003577 1.596852421761 0
0.211908608675 -0.463863670826 1.661808252335 0
0.160301730037 -0.762347459793 1.777610182762 0
0.149794638157 -0.807913303375 1.702673912048 0
0.053933750838 -0.143737435341 1.609045028687 0
-0.003592544468 -0.507070124149 1.606159329414 0
-0.018154138699 -0.802986204624 1.599712610245 0
-0.028012400493 -0.848511099815 1.525351285934 0
0.119211032987 -0.076021708548 1.610651969910 0
0.126376718283 -0.018580300733 1.654491186142 0
0.120238363743 0.293673396111 1.637218475342 0
0.137427732348 0.473294109106 1.634454369545 0
0.260820150375 0.193916454911 1.595995426178 0
0.317647665739 -0.053791183978 1.604077696800 0
0.370774328709 -0.268967211246 1.571900725365 0
0.407557606697 -0.354465365410 1.547964930534 0
-0.033199317753 0.190116748214 1.648059129715 0
-0.096814498305 -0.055896297097 1.656080722809 0
-0.137733802199 -0.279819071293 1.627622723579 0
-0.151457414031 -0.367398530245 1.633621573448 0
0.183559805155 -0.139733418822 1.596883177757 0
0.211895197630 -0.463316500187 1.661495447159 0
0.160255759954 -0.762360692024 1.777634382248 0
0.149729445577 -0.807912528515 1.702685117722 0
0.053648021072 -0.144403249025 1.609014272690 0
-0.003753592260 -0.508094549179 1.606022119522 0
-0.020536951721 -0.803408086300 1.598736882210 0
-0.029725339264 -0.848759710789 1.524694085121 0
0.119094267488 -0.076569877565 1.610477089882 0
0.126231238246 -0.019066223875 1.653561353683 0
0.120140962303 0.293376028538 1.635879397392 0
0.137154579163 0.473174333572 1.633733749390 0
0.260503768921 0.193930059671 1.594864487648 0
0.318942576647 -0.054091490805 1.605719208717 0
0.372423827648 -0.266676485538 1.573638677597 0
0.410054296255 -0.349375844002 1.548632979393 0
-0.033345602453 0.190025687218 1.647534608841 0
-0.098537340760 -0.056432712823 1.659551382065 0
-0.138887450099 -0.279109925032 1.631271362305 0
-0.152825087309 -0.364607423544 1.636469602585 0
0.183572411537 -0.140214443207 1.596954584122 0
0.211884215474 -0.462845772505 1.661227941513 0
0.160216256976 -0.762375473976 1.777658581734 0
0.149669885635 -0.807913839817 1.702697038651 0
0.053419031203 -0.144958317280 1.609025835991 0
-0.003879351076 -0.508988738060 1.605893135071 0
-0.022409014404 -0.803728997707 1.597920298576 0
-0.031223535538 -0.848972558975 1.524089932442 0
0.118992082775 -0.077035121620 1.610365748405 0
0.126048535109 -0.019501779228 1.652643680573 0
0.120050214231 0.293068915606 1.634850025177 0
0.136883497238 0.473035752773 1.633076906204 0
0.260440200567 0.193760842085 1.594186306000 0
0.320289939642 -0.054664682597 1.607324600220 0
0.373506098986 -0.263566970825 1.573909521103 0
0.410698920488 -0.342589795589 1.545633912086 0
-0.033474769443 0.189961031079 1.647131919861 0
-0.099801391363 -0.056783150882 1.661876201630 0
-0.139202132821 -0.277972102165 1.632589221001 0
-0.150905445218 -0.357023775578 1.631324291229 0
0.183586806059 -0.140689551830 1.597071409225 0
0.211876437068 -0.462425619364 1.660989522934 0
0.160181209445 -0.762394249439 1.777685403824 0
0.149622395635 -0.807917952538 1.702709317207 0
0.053207285702 -0.145461812615 1.609081029892 0
-0.003984577022 -0.509762704372 1.605763077736 0
-0.023931829259 -0.803994834423 1.597194671631 0
-0.032514445484 -0.849163651466 1.523519396782 0
0.118903607130 -0.077430732548 1.610282540321 0
0.125880405307 -0.019869240001 1.651816248894 0
0.119963444769 0.292818099260 1.634063124657 0
0.136825382710 0.472905039787 1.632383346558 0
0.260399162769 0.193620949984 1.593639850616 0
0.321357846260 -0.055064953864 1.608569860458 0
0.373880773783 -0.260086119175 1.573171854019 0
0.409205198288 -0.335739731789 1.540604710579 0
-0.033585470170 0.189910635352 1.646812796593 0
-0.100429072976 -0.057091876864 1.663094520569 0
-0.138394519687 -0.275884062052 1.631413221359 0
-0.146935373545 -0.350601881742 1.623783111572 0
0.183597251773 -0.141104638577 1.597183108330 0
0.211871534586 -0.462055116892 1.660780906677 0
0.160150900483 -0.762412011623 1.777710318565 0
0.149578273296 -0.807922303677 1.702721118927 0
0.053028084338 -0.145896822214 1.609148740768 0
-0.004073265940 -0.510402262211 1.605651378632 0
-0.025198560208 -0.804205477238 1.596579074860 0
-0.033668339252 -0.849328458309 1.523002862930 0
0.118825018406 -0.077774494886 1.610217928886 0
0.125729620457 -0.020184241235 1.651064634323 0
0.119885265827 0.292623966932 1.633463382721 0
0.136821269989 0.472786605358 1.631747961044 0
0.260360449553 0.193522378802 1.593199253082 0
0.322180807590 -0.055319324136 1.609490752220 0
0.373704463243 -0.256973892450 1.572094321251 0
0.406073153019 -0.329856455326 1.534947752953 0
-0.033678237349 0.189892023802 1.646596908569 0
-0.100540407002 -0.057338867337 1.663601279259 0
-0.135849356651 -0.273182928562 1.626810550690 0
-0.140688970685 -0.343600988388 1.612550973892 0
0.183601275086 -0.141472786665 1.597287535667 0
0.211873963475 -0.461707293987 1.660590767860 0
0.160121411085 -0.762428522110 1.777734398842 0
0.149532124400 -0.807926416397 1.702733516693 0
0.052875183523 -0.146274328232 1.609217524529 0
-0.004138947465 -0.511019408703 1.605545163155 0
-0.026212379336 -0.804374814034 1.596062421799 0
-0.034670997411 -0.849471569061 1.522541999817 0
0.118804447353 -0.078103676438 1.610162138939 0
0.125630930066 -0.020475571975 1.650351405144 0
0.119802981615 0.292501211166 1.633052706718 0
0.136948645115 0.472648352385 1.631099581718 0
0.260336101055 0.193490326405 1.592885136604 0
0.322710484266 -0.055470623076 1.610078096390 0
0.372703701258 -0.254353642464 1.570496082306 0
0.400468945503 -0.324567288160 1.527714133263 0
-0.033736612648 0.189808264375 1.646399974823 0
-0.100373335183 -0.057804953307 1.663838386536 0
-0.129592701793 -0.267187356949 1.615314006805 0
-0.129734098911 -0.333247512579 1.594731688499 0
0.183670178056 -0.141821533442 1.597359538078 0
0.211922436953 -0.461365818977 1.660418152809 0
0.160083189607 -0.762444615364 1.777758955956 0
0.149477675557 -0.807929813862 1.702746033669 0
0.052844427526 -0.146650850773 1.609277844429 0
-0.004176047631 -0.511577844620 1.605446577072 0
-0.027150833979 -0.804526448250 1.595602035522 0
-0.035618070513 -0.849604606628 1.522117376328 0
0.118864357471 -0.078592158854 1.610100984573 0
0.125615015626 -0.020857475698 1.649683117867 0
0.119730152190 0.292379677296 1.632742047310 0
0.137384846807 0.472273111343 1.630265116692 0
0.260319322348 0.193462997675 1.592624187469 0
0.323075205088 -0.055596601218 1.610494732857 0
0.371096014977 -0.252170920372 1.568253993988 0
0.395122468472 -0.321288257837 1.521515130997 0
-0.033797547221 0.189719647169 1.646255970001 0
-0.099971234798 -0.058444350958 1.663814067841 0
-0.124800018966 -0.262705713511 1.605771303177 0
-0.122935906053 -0.326294928789 1.582802057266 0
0.183905273676 -0.142401754856 1.597468376160 0
0.211996227503 -0.461086571217 1.660289049149 0
0.160019308329 -0.762488126755 1.777805805206 0
0.149403095245 -0.807948231697 1.702770590782 0
0.052913587540 -0.147233039141 1.609296083450 0
-0.004197396338 -0.512068688869 1.605360865593 0
-0.028050437570 -0.804731488228 1.595220804214 0
-0.036541622132 -0.849778056145 1.521748065948 0
0.119049489498 -0.079132884741 1.610029339790 0
0.125682368875 -0.021235127002 1.649070858955 0
0.119658999145 0.292301982641 1.632540464401 0
0.137818306684 0.471918493509 1.629526853561 0
0.260306268930 0.193459868431 1.592446208000 0
0.323201000690 -0.055708050728 1.610617518425 0
0.368937969208 -0.250441849232 1.565738320351 0
0.389546871185 -0.319129616022 1.515994668007 0
-0.033853042871 0.189520657063 1.646093487740 0
-0.099038049579 -0.059261403978 1.663255095482 0
-0.120326347649 -0.257781267166 1.595918059349 0
-0.116870477796 -0.320687383413 1.570729851723 0
0.184327214956 -0.143032550812 1.597548484802 0
0.212109178305 -0.460795193911 1.660170912743 0
0.159950986505 -0.762537062168 1.777853012085 0
0.149326831102 -0.807969868183 1.702794909477 0
0.053176317364 -0.147892102599 1.609267354012 0
-0.004188288469 -0.512493908405 1.605289101601 0
-0.028896646574 -0.804917395115 1.594907283783 0
-0.037413444370 -0.849938571453 1.521429419518 0
0.119406193495 -0.079768322408 1.609950542450 0
0.125891283154 -0.021659698337 1.648492336273 0
0.119612596929 0.292225420475 1.632385849953 0
0.138451740146 0.471532464027 1.628760814667 0
0.260374754667 0.194524228573 1.591997385025 0
0.323218494654 -0.055075500160 1.610560059547 0
0.366908818483 -0.249849632382 1.563139200211 0
0.385527968407 -0.318667113781 1.511508226395 0
-0.033813707530 0.189017489552 1.645759701729 0
-0.097818940878 -0.059982396662 1.662385702133 0
-0.115752436221 -0.255560547113 1.588619470596 0
-0.111589267850 -0.317664623260 1.563246846199 0
0.184896454215 -0.143688172102 1.597647070885 0
0.212230145931 -0.460544645786 1.660071849823 0
0.159881025553 -0.762591362000 1.777902603149 0
0.149247437716 -0.807995259762 1.702821373940 0
0.053722690791 -0.148717477918 1.609165072441 0
-0.004176131915 -0.512867450714 1.605228662491 0
-0.029796427116 -0.805101871490 1.594642519951 0
-0.038319747895 -0.850097954273 1.521148562431 0
0.119761124253 -0.080329500139 1.609876751900 0
0.126105234027 -0.022034808993 1.647998452187 0
0.119573876262 0.292157262564 1.632275223732 0
0.139013871551 0.471204221249 1.628119111061 0
0.260434269905 0.195045262575 1.591799259186 0
0.323238372803 -0.054799802601 1.610531568527 0
0.365214288235 -0.249359965324 1.561027407646 0
0.382558643818 -0.318417131901 1.508440613747 0
-0.033828146756 0.188638925552 1.645601153374 0
-0.096603490412 -0.060504484922 1.661432385445 0
-0.113053135574 -0.254141896963 1.583923697472 0
-0.108569152653 -0.315866321325 1.558607339859 0
0.185489505529 -0.144282087684 1.597705364227 0
0.212398022413 -0.460295379162 1.659989714622 0
0.159806430340 -0.762639939785 1.777946472168 0
0.149163037539 -0.808018028736 1.702845454216 0
0.054219160229 -0.149421110749 1.609069347382 0
-0.004151503090 -0.513121902943 1.605197310448 0
-0.030552588403 -0.805251836777 1.594451308250 0
-0.039111971855 -0.850233316422 1.520926117897 0
0.120077632368 -0.080807037652 1.609818816185 0
0.126307547092 -0.022354243323 1.647584915161 0
0.119539454579 0.292097657919 1.632189869881 0
0.139499828219 0.470932930708 1.627589464188 0
0.260475695133 0.195381596684 1.591685056686 0
0.323252171278 -0.054624397308 1.610518932343 0
0.363899797201 -0.248988747597 1.559413313866 0
0.380511850119 -0.318285971880 1.506386995316 0
-0.033882867545 0.188465937972 1.645583152771 0
-0.095574803650 -0.060918159783 1.660587191582 0
-0.111375510693 -0.253129303455 1.580974102020 0
-0.106774725020 -0.314692109823 1.555845022202 0
0.186012879014 -0.144787341356 1.597758531570 0
0.212584361434 -0.460056602955 1.659921169281 0
0.159731656313 -0.762683689594 1.777986526489 0
0.149071231484 -0.808039247990 1.702869057655 0
0.054649423808 -0.150013953447 1.608989357948 0
-0.004124315456 -0.513348877430 1.605172872543 0
-0.031208468601 -0.805378019810 1.594290852547 0
-0.039834905416 -0.850352227688 1.520731925964 0
0.120389960706 -0.081254877150 1.609777450562 0
0.126501664519 -0.022643703967 1.647249341011 0
0.119508624077 0.292052984238 1.632131218910 0
0.139825075865 0.470802187920 1.627258539200 0
0.260515242815 0.195649966598 1.591613888741 0
0.323275208473 -0.054456721991 1.610557913780 0
0.363106757402 -0.248686164618 1.558483242989 0
0.379417091608 -0.318274497986 1.505499958992 0
-0.033915318549 0.188282519579 1.645570278168 0
-0.094716779888 -0.061249405146 1.659854173660 0
-0.110245771706 -0.252428025007 1.579162120819 0
-0.105728365481 -0.314031571150 1.554477453232 0
0.186504408717 -0.145242527127 1.597816228867 0
0.212787061930 -0.459806919098 1.659857988358 0
0.159658193588 -0.762724518776 1.778026461601 0
0.148982107639 -0.808058917522 1.702892780304 0
0.055058669299 -0.150558844209 1.608925938606 0
-0.004083520733 -0.513570845127 1.605158686638 0
-0.031763672829 -0.805491924286 1.594162344933 0
-0.040462750942 -0.850461006165 1.520567893982 0
0.120652288198 -0.081644460559 1.609748005867 0
0.126655712724 -0.022892307490 1.646985054016 0
0.119481310248 0.292017012835 1.632089853287 0
0.140157535672 0.470665276051 1.626953125000 0
0.260551422834 0.195816799998 1.591581702232 0
0.323325783014 -0.054323092103 1.610640406609 0
0.362774550915 -0.248500823975 1.558100223541 0
0.379016727209 -0.318390011787 1.505384802818 0
-0.033891323954 0.187983050942 1.645512580872 0
-0.094008058310 -0.061580184847 1.659237742424 0
-0.109690397978 -0.252034097910 1.578449249268 0
-0.105318479240 -0.313834011555 1.554064512253 0
0.186917424202 -0.145627379417 1.597863554955 0
0.213002353907 -0.459540665150 1.659793376923 0
0.159588485956 -0.762760162354 1.778064012527 0
0.148902371526 -0.808075010777 1.702914118767 0
0.055360019207 -0.151004880667 1.608887672424 0
-0.004035520367 -0.513791263103 1.605154752731 0
-0.032214138657 -0.805593490601 1.594059824944 0
-0.040980100632 -0.850558280945 1.520430088043 0
0.120871163905 -0.081954821944 1.609736204147 0
0.126785889268 -0.023090440780 1.646778583527 0
0.119456700981 0.291985154152 1.632058620453 0
0.140455648303 0.470557242632 1.626695513725 0
0.260586023331 0.195942297578 1.591565847397 0
0.323386728764 -0.054193835706 1.610745191574 0
0.362607121468 -0.248327836394 1.557893157005 0
0.378775537014 -0.318622678518 1.505674123764 0
-0.033867739141 0.187745913863 1.645480751991 0
-0.093392722309 -0.061919160187 1.658714413643 0
-0.109329305589 -0.251772463322 1.578057408333 0
-0.104975394905 -0.313737660646 1.553891181946 0
0.187256544828 -0.145933613181 1.597903013229 0
0.213199093938 -0.459295451641 1.659735441208 0
0.159526005387 -0.762789547443 1.778097867966 0
0.148827686906 -0.808087885380 1.702934026718 0
0.055607084185 -0.151347205043 1.608891963959 0
-0.003987214528 -0.514001786709 1.605156898499 0
-0.032608833164 -0.805671870708 1.593960404396 0
-0.041442725807 -0.850636780262 1.520299553871 0
0.120963618159 -0.082066357136 1.609735608101 0
0.126856014132 -0.023178519681 1.646649003029 0
0.119429700077 0.291951715946 1.632039427757 0
0.140681296587 0.470492094755 1.626494526863 0
0.260621458292 0.196053326130 1.591562986374 0
0.323531597853 -0.053967744112 1.610990762711 0
0.362573385239 -0.248085036874 1.557886600494 0
0.378992736340 -0.319085180759 1.507462859154 0
-0.033878687769 0.187601462007 1.645514130592 0
-0.092926569283 -0.062228005379 1.658342003822 0
-0.109118796885 -0.251497805119 1.578021407127 0
-0.104835219681 -0.313896417618 1.554540276527 0
0.187438011169 -0.146056696773 1.597909927368 0
0.213383182883 -0.459056258202 1.659678578377 0
0.159490928054 -0.762795567513 1.778115510941 0
0.148768275976 -0.808085620403 1.702946066856 0
0.055701557547 -0.151481673121 1.608915448189 0
-0.003925628494 -0.514218151569 1.605164885521 0
-0.032862007618 -0.805700600147 1.593874096870 0
-0.041791550815 -0.850674629211 1.520184040070 0
0.121051304042 -0.082163982093 1.609740734100 0
0.126914769411 -0.023252218962 1.646546483040 0
0.119403555989 0.291918933392 1.632027983665 0
0.140882432461 0.470436573029 1.626322388649 0
0.260665535927 0.196121260524 1.591585874557 0
0.323693871498 -0.053809519857 1.611249089241 0
0.362616479397 -0.247808024287 1.557963967323 0
0.379468053579 -0.319664865732 1.509844899178 0
-0.033872220665 0.187432959676 1.645534276962 0
-0.092573218048 -0.062470722944 1.658080697060 0
-0.108968116343 -0.251210868359 1.578241705894 0
-0.104837387800 -0.314159303904 1.555628180504 0
0.187600225210 -0.146161094308 1.597916960716 0
0.213556513190 -0.458821415901 1.659620285034 0
0.159459978342 -0.762800037861 1.778131842613 0
0.148718446493 -0.808082878590 1.702956557274 0
0.055799171329 -0.151604205370 1.608951091766 0
-0.003861262696 -0.514425158501 1.605173707008 0
-0.033095501363 -0.805724143982 1.593788623810 0
-0.042101237923 -0.850706636906 1.520073056221 0
0.121122203767 -0.082245565951 1.609746336937 0
0.126957818866 -0.023313399404 1.646463751793 0
0.119378380477 0.291887551546 1.632021903992 0
0.141028389335 0.470405459404 1.626190662384 0
0.260733693838 0.196138516068 1.591647148132 0
0.323879390955 -0.053747076541 1.611528277397 0
0.362739354372 -0.247491434216 1.558144330978 0
0.380033046007 -0.320208698511 1.512300610542 0
-0.033853165805 0.187216386199 1.645546078682 0
-0.092275477946 -0.062708683312 1.657885313034 0
-0.108953356743 -0.250979036093 1.578671813011 0
-0.105101346970 -0.314564764500 1.557087540627 0
0.187736853957 -0.146249130368 1.597921133041 0
0.213719561696 -0.458593994379 1.659564256668 0
0.159431651235 -0.762803256512 1.778147697449 0
0.148676171899 -0.808079540730 1.702966213226 0
0.055865596980 -0.151703312993 1.608983755112 0
-0.003795829369 -0.514619410038 1.605182886124 0
-0.033291619271 -0.805746257305 1.593710422516 0
-0.042359743267 -0.850735664368 1.519972443581 0
0.121185518801 -0.082315504551 1.609758496284 0
0.126997888088 -0.023365367204 1.646399617195 0
0.119355149567 0.291844427586 1.632024884224 0
0.141213148832 0.470299214125 1.626034498215 0
0.260799199343 0.196157500148 1.591712355614 0
0.324102818966 -0.053646590561 1.611876487732 0
0.362947314978 -0.247156888247 1.558455824852 0
0.380680769682 -0.320803165436 1.514979481697 0
-0.033856034279 0.187039077282 1.645598173141 0
-0.092033527792 -0.062949009240 1.657772302628 0
-0.108977131546 -0.250817507505 1.579314470291 0
-0.105396263301 -0.314976006746 1.558633089066 0
0.187858790159 -0.146324962378 1.597932338715 0
0.213865429163 -0.458394020796 1.659515738487 0
0.159405872226 -0.762804865837 1.778165102005 0
0.148633986712 -0.808075010777 1.702977776527 0
0.055920340121 -0.151790112257 1.609022378922 0
-0.003727853764 -0.514808952808 1.605191349983 0
-0.033464483917 -0.805765986443 1.593632817268 0
-0.042597051710 -0.850762009621 1.519874572754 0
0.121248185635 -0.082384645939 1.609775066376 0
0.127034470439 -0.023413361982 1.646348953247 0
0.119338825345 0.291804879904 1.632035017014 0
0.141375184059 0.470214128494 1.625897765160 0
0.260882318020 0.196154057980 1.591799974442 0
0.324335306883 -0.053577072918 1.612237930298 0
0.363222151995 -0.246730148792 1.558858156204 0
0.381180793047 -0.321123301983 1.517120718956 0
-0.033843986690 0.186825081706 1.645637512207 0
-0.091827102005 -0.063177354634 1.657694816589 0
-0.109068229795 -0.250700563192 1.580003857613 0
-0.105766333640 -0.315382361412 1.560140371323 0
0.187972247601 -0.146398186684 1.597942590714 0
0.214001849294 -0.458191663027 1.659468054771 0
0.159379154444 -0.762806296349 1.778184175491 0
0.148593917489 -0.808070540428 1.702989935875 0
0.055973466486 -0.151875644922 1.609068989754 0
-0.003656296991 -0.514998733997 1.605198979378 0
-0.033622983843 -0.805786132813 1.593554735184 0
-0.042809799314 -0.850787341595 1.519779443741 0
0.121295347810 -0.082434199750 1.609789609909 0
0.127064213157 -0.023448765278 1.646308779716 0
0.119323566556 0.291768193245 1.632050156593 0
0.141526237130 0.470136165619 1.625774621964 0
0.260960847139 0.196147710085 1.591888546944 0
0.324560165405 -0.053504493088 1.612597227097 0
0.363477259874 -0.246349126101 1.559232950211 0
0.381564378738 -0.321370899677 1.518802046776 0
-0.033853787929 0.186675578356 1.645707845688 0
-0.091651432216 -0.063380539417 1.657634973526 0
-0.109199963510 -0.250605911016 1.580657839775 0
-0.106145143509 -0.315737605095 1.561422228813 0
0.188062354922 -0.146452635527 1.597950220108 0
0.214126721025 -0.458002835512 1.659423708916 0
0.159355416894 -0.762805700302 1.778200984001 0
0.148553922772 -0.808064341545 1.703001260757 0
0.056009780616 -0.151937961578 1.609108448029 0
-0.003588876454 -0.515173554420 1.605206370354 0
-0.033763654530 -0.805799782276 1.593481183052 0
-0.043006051332 -0.850806534290 1.519690036774 0
0.121344096959 -0.082482039928 1.609807610512 0
0.127087771893 -0.023479405791 1.646278142929 0
0.119308896363 0.291735529900 1.632069468498 0
0.141656264663 0.470074057579 1.625668883324 0
0.261097192764 0.196093678474 1.592047691345 0
0.324770152569 -0.053505197167 1.612925767899 0
0.363713860512 -0.245980605483 1.559615969658 0
0.381821095943 -0.321521043777 1.520101666451 0
-0.033822804689 0.186511993408 1.645731449127 0
-0.091504469514 -0.063554927707 1.657590031624 0
-0.109337598085 -0.250522404909 1.581265926361 0
-0.106481328607 -0.316049069166 1.562508106232 0
0.188148975372 -0.146503984928 1.597959756851 0
0.214242577553 -0.457823455334 1.659382700920 0
0.159331679344 -0.762804687023 1.778218388557 0
0.148520961404 -0.808058679104 1.703011870384 0
0.056050639600 -0.151997968554 1.609152793884 0
-0.003523997730 -0.515337705612 1.605213165283 0
-0.033903688192 -0.805811405182 1.593405961990 0
-0.043182462454 -0.850822865963 1.519603252411 0
0.121385075152 -0.082519605756 1.609825134277 0
0.127109184861 -0.023503217846 1.646254658699 0
0.119296967983 0.291709303856 1.632092714310 0
0.141761898994 0.470029145479 1.625580906868 0
0.261205554008 0.196056485176 1.592189431190 0
0.324959367514 -0.053480979055 1.613230943680 0
0.363923460245 -0.245579168200 1.559961318970 0
0.381918698549 -0.321520894766 1.520878791809 0
-0.033815488219 0.186426445842 1.645778775215 0
-0.091377072036 -0.063711225986 1.657554268837 0
-0.109466396272 -0.250449866056 1.581809401512 0
-0.106775529683 -0.316325098276 1.563427329063 0
0.188221797347 -0.146543711424 1.597970604897 0
0.214350253344 -0.457648873329 1.659344553947 0
0.159311205149 -0.762802302837 1.778234720230 0
0.148488223553 -0.808051645756 1.703022480011 0
0.056079603732 -0.152041986585 1.609189152718 0
-0.003460036591 -0.515495538712 1.605220556259 0
-0.034027408808 -0.805818080902 1.593336582184 0
-0.043346319348 -0.850834488869 1.519522547722 0
0.121440388262 -0.082568243146 1.609852075577 0
0.127135097980 -0.023531083018 1.646236777306 0
0.119286842644 0.291682869196 1.632118344307 0
0.141775280237 0.470019340515 1.625558495522 0
0.261307299137 0.196019902825 1.592324137688 0
0.325136303902 -0.053455278277 1.613517522812 0
0.364100605249 -0.245222106576 1.560251355171 0
0.381956130266 -0.321493297815 1.521385192871 0
-0.033778812736 0.186260759830 1.645798206329 0
-0.091269306839 -0.063842080534 1.657525897026 0
-0.109562717378 -0.250379592180 1.582301616669 0
-0.106989674270 -0.316559284925 1.564195513725 0
0.188303947449 -0.146587789059 1.597990512848 0
0.214448258281 -0.457486301661 1.659310102463 0
0.159291148186 -0.762800991535 1.778252363205 0
0.148459091783 -0.808046102524 1.703033089638 0
0.056125484407 -0.152099356055 1.609236240387 0
-0.003398898989 -0.515644192696 1.605227112770 0
-0.034163132310 -0.805828094482 1.593262195587 0
-0.043509420007 -0.850848138332 1.519440889359 0
0.121506355703 -0.082619018853 1.609887003899 0
0.127164065838 -0.023558912799 1.646225690842 0
0.119278110564 0.291655331850 1.632149338722 0
0.141789957881 0.470011740923 1.625541210175 0
0.261409759521 0.195999428630 1.592456817627 0
0.325321257114 -0.053418438882 1.613811969757 0
0.364237993956 -0.244917631149 1.560475468636 0
0.381938487291 -0.321451008320 1.521626114845 0
-0.033707130700 0.186033949256 1.645777821541 0
-0.091170027852 -0.063979163766 1.657500863075 0
-0.109614379704 -0.250351756811 1.582718372345 0
-0.107128173113 -0.316774845123 1.564850330353 0
0.188389331102 -0.146629035473 1.598014831543 0
0.214536800981 -0.457350879908 1.659289836884 0
0.159271493554 -0.762799203396 1.778270721436 0
0.148432895541 -0.808040440083 1.703043580055 0
0.056192126125 -0.152162894607 1.609297513962 0
-0.003341066418 -0.515791058540 1.605236053467 0
-0.034310724586 -0.805835425854 1.593184113503 0
-0.043671894819 -0.850859045982 1.519358873367 0
0.121577709913 -0.082670845091 1.609926819801 0
0.127196222544 -0.023586926982 1.646218776703 0
0.119271062315 0.291629493237 1.632182121277 0
0.141802325845 0.470005512238 1.625526785851 0
0.261503875256 0.195981755853 1.592581391335 0
0.325487464666 -0.053388524801 1.614076972008 0
0.364352345467 -0.244660645723 1.560671210289 0
0.381913036108 -0.321409940720 1.521792650223 0
-0.033638410270 0.185814902186 1.645756602287 0
-0.091077581048 -0.064116179943 1.657477259636 0
-0.109653025866 -0.250348657370 1.583089351654 0
-0.107234954834 -0.316960722208 1.565413713455 0
0.188476353884 -0.146668404341 1.598043322563 0
0.214623242617 -0.457230120897 1.659276485443 0
0.159251272678 -0.762796998024 1.778288841248 0
0.148406371474 -0.808034598827 1.703054189682 0
0.056268233806 -0.152229636908 1.609364867210 0
-0.003282186808 -0.515941262245 1.605249285698 0
-0.034455940127 -0.805842757225 1.593110084534 0
-0.043828625232 -0.850869238377 1.519281506538 0
0.121650390327 -0.082723513246 1.609969377518 0
0.127224147320 -0.023614419624 1.646216988564 0
0.119263045490 0.291601240635 1.632223248482 0
0.141813099384 0.470000594854 1.625514626503 0
0.261689007282 0.195796936750 1.592836380005 0
0.325736075640 -0.053544644266 1.614411711693 0
0.364432096481 -0.244481056929 1.560813903809 0
0.381882578135 -0.321387827396 1.521913170815 0
-0.033561803401 0.185568004847 1.645718216896 0
-0.091008923948 -0.064222753048 1.657462716103 0
-0.109759427607 -0.250346094370 1.583435654640 0
-0.107424378395 -0.317171186209 1.565960526466 0
0.188563257456 -0.146708279848 1.598073363304 0
0.214710325003 -0.457129478455 1.659273147583 0
0.159230485559 -0.762794852257 1.778306007385 0
0.148384258151 -0.808029294014 1.703062772751 0
0.056348081678 -0.152300119400 1.609436869621 0
-0.003223147010 -0.516086578369 1.605263113976 0
-0.034597378224 -0.805851101875 1.593036890030 0
-0.043968219310 -0.850879311562 1.519207239151 0
0.121717028320 -0.082769520581 1.610012054443 0
0.127251207829 -0.023638622835 1.646217942238 0
0.119255289435 0.291575044394 1.632265210152 0
0.141822397709 0.469997078180 1.625504255295 0
0.261862009764 0.195621132851 1.593080759048 0
0.325962036848 -0.053700141609 1.614716291428 0
0.364499896765 -0.244324147701 1.560938477516 0
0.381846785545 -0.321364432573 1.522009491920 0
-0.033524159342 0.185430213809 1.645721673965 0
-0.090946719050 -0.064329899848 1.657452464104 0
-0.109857782722 -0.250360786915 1.583747506142 0
-0.107591554523 -0.317355573177 1.566435933113 0
0.188643127680 -0.146743908525 1.598102450371 0
0.214793935418 -0.457036435604 1.659272074699 0
0.159212201834 -0.762792706490 1.778321623802 0
0.148362681270 -0.808023929596 1.703070998192 0
0.056420888752 -0.152363449335 1.609508275986 0
-0.003167010611 -0.516225159168 1.605277419090 0
-0.034733723849 -0.805857658386 1.592964768410 0
-0.044104713947 -0.850887715816 1.519134759903 0
0.121781788766 -0.082807697356 1.610056519508 0
0.127280086279 -0.023659130558 1.646222710609 0
0.119246393442 0.291551887989 1.632309556007 0
0.141831055284 0.469994217157 1.625494956970 0
0.262015044689 0.195484071970 1.593299031258 0
0.326163887978 -0.053832046688 1.614980936050 0
0.364556461573 -0.244197010994 1.561051368713 0
0.381800383329 -0.321347057819 1.522097229958 0
-0.033515896648 0.185346946120 1.645750522614 0
-0.090893104672 -0.064431510866 1.657449126244 0
-0.109949283302 -0.250387698412 1.584032893181 0
-0.107740767300 -0.317520529032 1.566865086555 0
0.188720434904 -0.146774813533 1.598131537437 0
0.214877054095 -0.456925839186 1.659268140793 0
0.159199506044 -0.762790977955 1.778334140778 0
0.148343980312 -0.808019042015 1.703078150749 0
0.056492097676 -0.152421876788 1.609583377838 0
-0.003114106134 -0.516358554363 1.605293035507 0
-0.034868318588 -0.805861711502 1.592893362045 0
-0.044242050499 -0.850893735886 1.519063115120 0
0.121837154031 -0.082838237286 1.610096573830 0
0.127308830619 -0.023677090183 1.646228790283 0
0.119236975908 0.291528731585 1.632357001305 0
0.141839653254 0.469992369413 1.625485301018 0
0.262112736702 0.195398032665 1.593456745148 0
0.326330065727 -0.053923584521 1.615199327469 0
0.364605963230 -0.244108051062 1.561150312424 0
0.381759881973 -0.321342289448 1.522169947624 0
-0.033524021506 0.185298874974 1.645793557167 0
-0.090845823288 -0.064525790513 1.657451987267 0
-0.110021300614 -0.250421345234 1.584295630455 0
-0.107861801982 -0.317674219608 1.567257523537 0
0.188788250089 -0.146800026298 1.598156929016 0
0.214954897761 -0.456817895174 1.659264683723 0
0.159188166261 -0.762788772583 1.778345465660 0
0.148324027658 -0.808013617992 1.703085184097 0
0.056542612612 -0.152465015650 1.609643816948 0
-0.003062451025 -0.516486108303 1.605309605598 0
-0.034986987710 -0.805863022804 1.592829585075 0
-0.044371742755 -0.850897312164 1.518997192383 0
