0.045452281833 -0.070323191583 2.108575820923 0
0.043951224536 -0.003724489827 2.108056783676 0
0.030852241442 0.328875184059 2.103269577026 0
0.008853284642 0.496957510710 2.064490318298 0
0.187936440110 0.218628317118 2.093652248383 0
0.245522528887 -0.033864736557 2.111291885376 0
0.270254313946 -0.233964025974 2.041514873505 0
0.263273864985 -0.261730194092 2.026209354401 0
-0.079478986561 0.244748666883 2.139768362045 0
-0.168944522738 0.079824544489 1.973062396049 0
-0.101388223469 0.305362164974 1.872524619102 0
-0.094439588487 0.369004309177 1.859474062920 0
0.111429564655 -0.134506106377 2.090435504913 0
0.219065308571 -0.491013586521 2.073117017746 0
0.290289908648 -0.786026537418 2.109313011169 0
0.291016668081 -0.825644016266 2.054165601730 0
-0.015986194834 -0.137828171253 2.120456457138 0
-0.029504846781 -0.488650292158 2.162466764450 0
-0.005104038399 -0.830180585384 2.241865158081 0
-0.010797129944 -0.874331057072 2.190744400024 0
0.045445788652 -0.070793315768 2.108043909073 0
0.043950937688 -0.004181194119 2.108554363251 0
0.030483560637 0.328299403191 2.105037212372 0
0.008624825627 0.495796531439 2.062385320663 0
0.187638774514 0.218521580100 2.094818115234 0
0.245050683618 -0.033609636128 2.111011743546 0
0.268324017525 -0.233837753534 2.041574001312 0
0.261412382126 -0.267676472664 2.025520563126 0
-0.077397167683 0.242996528745 2.136697769165 0
-0.171834766865 0.118157282472 1.944328427315 0
-0.076202325523 0.341622620821 1.904954195023 0
-0.083165138960 0.384176045656 1.876787424088 0
0.111286781728 -0.134552121162 2.090163946152 0
0.218727305532 -0.491126269102 2.072618722916 0
0.290215820074 -0.785950601101 2.109143495560 0
0.291180938482 -0.825517296791 2.053946495056 0
-0.015641652048 -0.137876480818 2.119052886963 0
-0.029670948163 -0.488057106733 2.161927938461 0
-0.005097974092 -0.830168008804 2.241844892502 0
-0.010591404513 -0.874346196651 2.190708160400 0
0.045490551740 -0.071523003280 2.107428312302 0
0.043983452022 -0.005059419665 2.109440326691 0
0.030318735167 0.327513158321 2.106620073318 0
0.008532703854 0.494749069214 2.060247659683 0
0.187291949987 0.218398958445 2.096142053604 0
0.244549006224 -0.033399995416 2.110930204391 0
0.266648471355 -0.233675763011 2.041654825211 0
0.258615583181 -0.276050001383 2.024346113205 0
-0.075985945761 0.241389945149 2.134314060211 0
-0.173295646906 0.125612929463 1.937114119530 0
-0.072143092752 0.343989610672 1.914717316628 0
-0.078384637833 0.390896737576 1.884862184525 0
0.111154213548 -0.134639710188 2.089960098267 0
0.218410924077 -0.491240441799 2.072211265564 0
0.290163516998 -0.785922467709 2.109028100967 0
0.291481196880 -0.825410366058 2.053737878799 0
-0.015202166513 -0.138009309769 2.117588043213 0
-0.029974626377 -0.487168043852 2.161246538162 0
-0.005101606250 -0.830137372017 2.241790771484 0
-0.010243271478 -0.874327063560 2.190599918365 0
0.045543596148 -0.072215877473 2.106886625290 0
0.044011637568 -0.005954648368 2.110394716263 0
0.030195917934 0.326807677746 2.107859849930 0
0.008555252105 0.493723720312 2.058031797409 0
0.186981812119 0.218268409371 2.097406387329 0
0.244084298611 -0.033256698400 2.110929489136 0
0.265405148268 -0.233584031463 2.041783332825 0
0.257092446089 -0.269388198853 2.026573657990 0
-0.074820891023 0.239759922028 2.132011651993 0
-0.173073798418 0.138495072722 1.925942659378 0
-0.070853270590 0.354260623455 1.914350032806 0
-0.074867084622 0.400653690100 1.887594819069 0
0.111041627824 -0.134733572602 2.089815616608 0
0.218087121844 -0.491309762001 2.071890592575 0
0.290109336376 -0.785890102386 2.108923196793 0
0.291819393635 -0.825273096561 2.053532123566 0
-0.014803783968 -0.138144209981 2.116332292557 0
-0.030245866627 -0.486383706331 2.160654306412 0
-0.005120092072 -0.830096304417 2.241716146469 0
-0.009897591546 -0.874290823936 2.190466642380 0
0.045595366508 -0.072806090117 2.106427431107 0
0.044019155204 -0.006749126129 2.111333608627 0
0.030051130801 0.326272547245 2.108750581741 0
0.008614113554 0.492876231670 2.056175470352 0
0.186695188284 0.218170702457 2.098583698273 0
0.243672668934 -0.033139716834 2.110966682434 0
0.264535367489 -0.233515933156 2.041920900345 0
0.256311327219 -0.265010774136 2.027999877930 0
-0.074003033340 0.238341063261 2.129792928696 0
-0.172839224339 0.144731953740 1.920110464096 0
-0.070018440485 0.357963770628 1.915368318558 0
-0.072531960905 0.406991481781 1.889387965202 0
0.110965155065 -0.134802192450 2.089723825455 0
0.217762440443 -0.491345226765 2.071652889252 0
0.290058881044 -0.785862326622 2.108831167221 0
0.292209208012 -0.825116336346 2.053328752518 0
-0.014444635250 -0.138237163424 2.115247488022 0
-0.030488822609 -0.485632717609 2.160115718842 0
-0.005140171852 -0.830053150654 2.241640090942 0
-0.009498325177 -0.874242663383 2.190324306488 0
0.045648440719 -0.073336891830 2.106034994125 0
0.043999373913 -0.007521014195 2.112361669540 0
0.029813012108 0.325811773539 2.109398365021 0
0.008802919649 0.491916894913 2.054018020630 0
0.186354979873 0.218118831515 2.099838733673 0
0.243266448379 -0.032987322658 2.111108303070 0
0.263958930969 -0.233446434140 2.042325019836 0
0.256110638380 -0.264941424131 2.028075218201 0
-0.073669068515 0.237668469548 2.128609895706 0
-0.172952264547 0.145920991898 1.918270707130 0
-0.069419756532 0.360625207424 1.916128754616 0
-0.070916704834 0.411321282387 1.890577793121 0
0.110909216106 -0.134860843420 2.089679479599 0
0.217440187931 -0.491363435984 2.071485519409 0
0.290009200573 -0.785845518112 2.108758211136 0
0.292629092932 -0.824961960316 2.053151130676 0
-0.014119552448 -0.138321802020 2.114308357239 0
-0.030696904287 -0.484994113445 2.159670114517 0
-0.005158015061 -0.830018758774 2.241570234299 0
-0.009022788145 -0.874197244644 2.190174341202 0
0.045752227306 -0.073938086629 2.105644226074 0
0.044017884880 -0.008368181065 2.113360166550 0
0.029501438141 0.325072675943 2.110057353973 0
0.008818482980 0.490334808826 2.051482915878 0
0.186045065522 0.218022108078 2.100965976715 0
0.242868036032 -0.032849121839 2.111273288727 0
0.263540953398 -0.233379051089 2.042682409286 0
0.256352633238 -0.273487836123 2.028079509735 0
-0.073347546160 0.236086949706 2.126503467560 0
-0.168807700276 0.123441554606 1.929331064224 0
-0.068952314556 0.362187594175 1.916888356209 0
-0.069621339440 0.414381384850 1.891464710236 0
0.110868081450 -0.134948745370 2.089660644531 0
0.217156544328 -0.491386979818 2.071365118027 0
0.289956092834 -0.785826683044 2.108695030212 0
0.293005257845 -0.824810028076 2.053004026413 0
-0.013664214872 -0.138528555632 2.113260746002 0
-0.030873335898 -0.484455108643 2.159298419952 0
-0.005174535327 -0.829991757870 2.241509199142 0
-0.008574116044 -0.874166667461 2.190045356750 0
0.045931033790 -0.074770219624 2.105286359787 0
0.044109322131 -0.009434471838 2.114506006241 0
0.029274083674 0.324413657188 2.110581398010 0
0.008897401392 0.489218145609 2.049470663071 0
0.185740903020 0.217962726951 2.101993083954 0
0.242487296462 -0.032713454217 2.111488342285 0
0.263277381659 -0.233274981380 2.043026447296 0
0.256381690502 -0.270972102880 2.029518604279 0
-0.072924278677 0.235199689865 2.125515222549 0
-0.168896079063 0.124691076577 1.927664875984 0
-0.072160668671 0.336418032646 1.926342010498 0
-0.064412772655 0.407254099846 1.898871064186 0
0.110816650093 -0.135092332959 2.089690446854 0
0.216945260763 -0.491442710161 2.071292161942 0
0.289915204048 -0.785820722580 2.108655452728 0
0.293318063021 -0.824708521366 2.052912473679 0
-0.013155446388 -0.138794094324 2.112376928329 0
-0.031023140997 -0.483995735645 2.158985853195 0
-0.005191848613 -0.829967081547 2.241449594498 0
-0.008192356676 -0.874140381813 2.189930677414 0
0.046102106571 -0.075542598963 2.104984045029 0
0.044186066836 -0.010349985212 2.115489721298 0
0.029062649235 0.323899686337 2.110926866531 0
0.008912744932 0.488392531872 2.047895431519 0
0.185461014509 0.217917978764 2.102841854095 0
0.242121398449 -0.032550819218 2.111718893051 0
0.263046175241 -0.233140528202 2.043351888657 0
0.257604509592 -0.290521621704 2.026320695877 0
-0.072304703295 0.233648702502 2.123894929886 0
-0.167311444879 0.118795506656 1.930427312851 0
-0.075417824090 0.322781294584 1.931168437004 0
-0.062725327909 0.399637341499 1.905129432678 0
0.110769517720 -0.135247826576 2.089743614197 0
0.216751724482 -0.491500556469 2.071243762970 0
0.289870232344 -0.785816311836 2.108626365662 0
0.293576270342 -0.824622869492 2.052853345871 0
-0.012702196836 -0.139042750001 2.111649751663 0
-0.031144080684 -0.483615577221 2.158733129501 0
-0.005209452473 -0.829950153828 2.241397619247 0
-0.007853086106 -0.874127447605 2.189831018448 0
0.046250618994 -0.076190657914 2.104740619659 0
0.044237431139 -0.011086885817 2.116328477859 0
0.028795136139 0.323592036963 2.111114740372 0
0.008890441619 0.487757205963 2.046636343002 0
0.185179829597 0.217913329601 2.103580474854 0
0.241792514920 -0.032410956919 2.111944675446 0
0.262873828411 -0.233018502593 2.043623209000 0
0.258492082357 -0.299098312855 2.024922132492 0
-0.071849390864 0.232432901859 2.122524738312 0
-0.167097106576 0.118190787733 1.930349111557 0
-0.076321832836 0.319384425879 1.932120800018 0
-0.063008606434 0.393956303596 1.907649040222 0
0.110732905567 -0.135388761759 2.089829921722 0
0.216558769345 -0.491530209780 2.071235895157 0
0.289827793837 -0.785805761814 2.108599901199 0
0.293831676245 -0.824514627457 2.052795171738 0
-0.012309078127 -0.139242231846 2.111054658890 0
-0.031215855852 -0.483293384314 2.158562421799 0
-0.005224796943 -0.829931676388 2.241345882416 0
-0.007525403518 -0.874099195004 2.189728260040 0
0.046381250024 -0.076754897833 2.104541540146 0
0.044272352010 -0.011697858572 2.117037057877 0
0.028484415263 0.323348581791 2.111243724823 0
0.008771314286 0.487253457308 2.045606374741 0
0.184903740883 0.217948168516 2.104203939438 0
0.241494566202 -0.032287824899 2.112172603607 0
0.262737721205 -0.232903823256 2.043852567673 0
0.258767813444 -0.286696702242 2.028033018112 0
-0.071515239775 0.231443047523 2.121376037598 0
-0.166888311505 0.117994897068 1.930092573166 0
-0.076853170991 0.317823559046 1.932471036911 0
-0.063472196460 0.390172302723 1.908819556236 0
0.110705785453 -0.135534316301 2.089946746826 0
0.216408461332 -0.491502910852 2.071259260178 0
0.289782911539 -0.785798966885 2.108581304550 0
0.294034600258 -0.824424922466 2.052756309509 0
-0.011971213855 -0.139414653182 2.110560655594 0
-0.031231477857 -0.483070492744 2.158467769623 0
-0.005243934691 -0.829909145832 2.241287946701 0
-0.007247664500 -0.874059021473 2.189623117447 0
0.046504270285 -0.077268861234 2.104375123978 0
0.044301316142 -0.012214658782 2.117625951767 0
0.028214221820 0.323144853115 2.111319303513 0
0.008585246280 0.486884027719 2.044779777527 0
0.184660702944 0.217985376716 2.104725837708 0
0.241219297051 -0.032164499164 2.112398862839 0
0.262628018856 -0.232784703374 2.044062614441 0
0.258928596973 -0.277693718672 2.030315399170 0
-0.071225285530 0.230588570237 2.120361089706 0
-0.165161356330 0.112666063011 1.933148503304 0
-0.077919207513 0.314799487591 1.932594895363 0
-0.063593767583 0.388631463051 1.909377694130 0
0.110682949424 -0.135686680675 2.090080976486 0
0.216269969940 -0.491473615170 2.071288347244 0
0.289740025997 -0.785793781281 2.108566284180 0
0.294222742319 -0.824343562126 2.052725791931 0
-0.011669257656 -0.139570280910 2.110146045685 0
-0.031241441146 -0.482876151800 2.158391952515 0
-0.005261827260 -0.829887986183 2.241232633591 0
-0.006987291854 -0.874020040035 2.189524650574 0
0.046690765768 -0.077895604074 2.104219198227 0
0.044341251254 -0.012725729495 2.118107318878 0
0.028013836592 0.322981923819 2.111316919327 0
0.008368878625 0.486695170403 2.044192552567 0
0.184451639652 0.218032374978 2.105169296265 0
0.240972131491 -0.032062206417 2.112616777420 0
0.262542039156 -0.232679158449 2.044216156006 0
0.258856862783 -0.269199192524 2.032425880432 0
-0.070277027786 0.228892266750 2.117791891098 0
-0.163687229156 0.114061467350 1.930921554565 0
-0.077909417450 0.314724504948 1.932695865631 0
-0.063960097730 0.383782505989 1.910534858704 0
0.110671050847 -0.135885670781 2.090259790421 0
0.216175511479 -0.491466522217 2.071320533752 0
0.289709538221 -0.785790324211 2.108552932739 0
0.294493913651 -0.824240922928 2.052691221237 0
-0.011268272996 -0.139787897468 2.109751462936 0
-0.031246721745 -0.482687771320 2.158329963684 0
-0.005278095603 -0.829874217510 2.241176843643 0
-0.006654948462 -0.873982608318 2.189408779144 0
0.046878874302 -0.078512996435 2.104089260101 0
0.044376049191 -0.013192798942 2.118500471115 0
0.027838738635 0.322831153870 2.111269474030 0
0.008135979995 0.486572593451 2.043711185455 0
0.184267371893 0.218078911304 2.105511903763 0
0.240752458572 -0.031962141395 2.112819433212 0
0.262473702431 -0.232572823763 2.044331073761 0
0.258641213179 -0.263893842697 2.033653259277 0
-0.069734871387 0.228089883924 2.116447687149 0
-0.162960961461 0.114791966975 1.929537415504 0
-0.077916964889 0.314554005861 1.932776689529 0
-0.063963830471 0.381730020046 1.911288022995 0
0.110661365092 -0.136093020439 2.090449333191 0
0.216105714440 -0.491415470839 2.071346521378 0
0.289689183235 -0.785788536072 2.108542680740 0
0.294799983501 -0.824138522148 2.052661418915 0
-0.010886485688 -0.140002101660 2.109421491623 0
-0.031244786456 -0.482502758503 2.158276081085 0
-0.005293130409 -0.829869210720 2.241130113602 0
-0.006317805499 -0.873962700367 2.189306497574 0
0.047064539045 -0.079069130123 2.103983640671 0
0.044408060610 -0.013580954634 2.118791341782 0
0.027647899464 0.322714954615 2.111181020737 0
0.007856518030 0.486519068480 2.043352365494 0
0.184089869261 0.218147262931 2.105784416199 0
0.240567356348 -0.031853657216 2.113012552261 0
0.262406855822 -0.232449457049 2.044443845749 0
0.258535444736 -0.260234832764 2.034481763840 0
-0.069235347211 0.227419003844 2.115158081055 0
-0.162619009614 0.115075029433 1.928793787956 0
-0.078074909747 0.313070446253 1.932442307472 0
-0.062966868281 0.380132913589 1.911931514740 0
0.110667586327 -0.136289238930 2.090643644333 0
0.216007605195 -0.491182774305 2.071407794952 0
0.289676934481 -0.785787940025 2.108534336090 0
0.295125395060 -0.824034750462 2.052628993988 0
-0.010507357307 -0.140197172761 2.109144687653 0
-0.031221954152 -0.482293546200 2.158223867416 0
-0.005306156818 -0.829863071442 2.241084337234 0
-0.005987515207 -0.873936235905 2.189208030701 0
0.047236755490 -0.079540006816 2.103899002075 0
0.044437557459 -0.013900434598 2.119017124176 0
0.027448227629 0.322612643242 2.111066102982 0
0.007532697171 0.486522555351 2.043087244034 0
0.183928012848 0.218231499195 2.106008052826 0
0.240406021476 -0.031742125750 2.113195896149 0
0.262345790863 -0.232317596674 2.044550657272 0
0.258494675159 -0.257407903671 2.035112619400 0
-0.068815238774 0.226852878928 2.114010572433 0
-0.162001341581 0.110400564969 1.931518435478 0
-0.079220451415 0.306646913290 1.932122111320 0
-0.072401002049 0.347086310387 1.913268566132 0
0.110689431429 -0.136459410191 2.090834617615 0
0.215926244855 -0.490968674421 2.071470975876 0
0.289668649435 -0.785788059235 2.108527421951 0
0.295446783304 -0.823939502239 2.052599668503 0
-0.010149436072 -0.140360876918 2.108911275864 0
-0.031185973436 -0.482083708048 2.158179998398 0
-0.005318441894 -0.829857468605 2.241039514542 0
-0.005685909651 -0.873910248280 2.189116477966 0
0.047416523099 -0.079976759851 2.103820800781 0
0.044472478330 -0.014180343598 2.119189500809 0
0.027252940461 0.322519242764 2.110933065414 0
0.007108316291 0.486524134874 2.042838573456 0
0.183779969811 0.218314528465 2.106197357178 0
0.240261778235 -0.031625162810 2.113364696503 0
0.262310177088 -0.232170075178 2.044621467590 0
0.258519768715 -0.255349218845 2.035547494888 0
-0.068448230624 0.226361200213 2.112976551056 0
-0.161725029349 0.109988585114 1.931400179863 0
-0.079274803400 0.305700957775 1.931951403618 0
-0.073867820203 0.340806663036 1.913552403450 0
0.110722333193 -0.136618673801 2.091012477875 0
0.215856596828 -0.490768969059 2.071532964706 0
0.289662301540 -0.785790085793 2.108521938324 0
0.295758098364 -0.823862910271 2.052574396133 0
-0.009761067107 -0.140531033278 2.108693838120 0
-0.031148800626 -0.481921643019 2.158157348633 0
-0.005329254083 -0.829854905605 2.240997552872 0
-0.005402903538 -0.873890221119 2.189031600952 0
0.047617256641 -0.080405384302 2.103752374649 0
0.044518589973 -0.014433085918 2.119306087494 0
0.027102598920 0.322454005480 2.110749244690 0
0.006690694019 0.486637264490 2.042713403702 0
0.183646306396 0.218408331275 2.106346130371 0
0.240134656429 -0.031463064253 2.113551616669 0
0.262276232243 -0.231956034899 2.044708251953 0
0.258487135172 -0.253822892904 2.035870313644 0
-0.068009488285 0.225930303335 2.111886024475 0
-0.161293774843 0.110592633486 1.930310249329 0
-0.079050272703 0.304584354162 1.931416869164 0
-0.071426555514 0.341407448053 1.913602948189 0
0.110763691366 -0.136770233512 2.091181993484 0
0.215810120106 -0.490595161915 2.071592092514 0
0.289659351110 -0.785796821117 2.108517646790 0
0.296105116606 -0.823809385300 2.052562475204 0
-0.009330089204 -0.140710502863 2.108512401581 0
-0.031102877110 -0.481782644987 2.158145904541 0
-0.005334445275 -0.829855442047 2.240959167480 0
-0.005092316307 -0.873873770237 2.188947439194 0
0.047819301486 -0.080803692341 2.103697776794 0
0.044569529593 -0.014658163302 2.119387865067 0
0.026984848082 0.322410583496 2.110519886017 0
0.006264990196 0.486849337816 2.042656660080 0
0.183528810740 0.218507930636 2.106470346451 0
0.240025922656 -0.031295455992 2.113729476929 0
0.262251079082 -0.231728389859 2.044790983200 0
0.258438199759 -0.252588093281 2.036168575287 0
-0.067550495267 0.225567132235 2.110819816589 0
-0.159978374839 0.103531099856 1.935028433800 0
-0.074229754508 0.289163768291 1.927502512932 0
-0.063505083323 0.337037533522 1.912307977676 0
0.110807985067 -0.136912405491 2.091344356537 0
0.215801700950 -0.490499943495 2.071640253067 0
0.289658397436 -0.785808146000 2.108514547348 0
0.296446263790 -0.823773384094 2.052560567856 0
-0.008899900131 -0.140884459019 2.108372926712 0
-0.031042192131 -0.481679588556 2.158141613007 0
-0.005338632967 -0.829857230186 2.240921974182 0
-0.004794280045 -0.873859345913 2.188869476318 0
0.048057947308 -0.081180058420 2.103658437729 0
0.044641979039 -0.014856087044 2.119424343109 0
0.026886990294 0.322404086590 2.110240459442 0
0.005820414517 0.487186491489 2.042713165283 0
0.183433398604 0.218599364161 2.106555461884 0
0.239936158061 -0.031144516543 2.113898277283 0
0.262257963419 -0.231509700418 2.044871568680 0
0.258455961943 -0.251689285040 2.036364793777 0
-0.067099049687 0.225288033485 2.109797716141 0
-0.158795922995 0.097938761115 1.938960075378 0
-0.072159141302 0.281667679548 1.925644278526 0
-0.058694608510 0.334281802177 1.911458849907 0
0.110879272223 -0.137050241232 2.091516971588 0
0.215819269419 -0.490428984165 2.071685314178 0
0.289663463831 -0.785817325115 2.108510255814 0
0.296816170216 -0.823726236820 2.052552223206 0
-0.008387546055 -0.141051203012 2.108268737793 0
-0.030951870605 -0.481643229723 2.158166408539 0
-0.005339107011 -0.829862654209 2.240891218185 0
-0.004509230144 -0.873854875565 2.188804626465 0
0.048341441900 -0.081531442702 2.103642463684 0
0.044738322496 -0.015036241151 2.119426965714 0
0.026783347130 0.322424799204 2.109944820404 0
0.005346880294 0.487649619579 2.042884111404 0
0.183349952102 0.218680605292 2.106608390808 0
0.239876806736 -0.030935131013 2.114111423492 0
0.262314826250 -0.231240168214 2.045365095139 0
0.258767634630 -0.257759451866 2.035294532776 0
-0.066878490150 0.225150421262 2.109277009964 0
-0.155321553349 0.089387170970 1.944872975349 0
-0.071874417365 0.277447938919 1.925003409386 0
-0.057627815753 0.333219319582 1.911407113075 0
0.111005082726 -0.137184113264 2.091720104218 0
0.215857058764 -0.490355640650 2.071737051010 0
0.289683669806 -0.785836040974 2.108503580093 0
0.297210782766 -0.823694944382 2.052540540695 0
-0.007773188874 -0.141215443611 2.108212709427 0
-0.030834648758 -0.481611162424 2.158203840256 0
-0.005335432943 -0.829873263836 2.240863800049 0
-0.004239756148 -0.873864948750 2.188751459122 0
0.048614591360 -0.081854596734 2.103647232056 0
0.044838733971 -0.015203388408 2.119414567947 0
0.026693761349 0.322457671165 2.109661340714 0
0.004910185002 0.488074123859 2.043063402176 0
0.183276042342 0.218763083220 2.106646060944 0
0.239833399653 -0.030719777569 2.114312410355 0
0.262342572212 -0.230952858925 2.045557975769 0
0.258864283562 -0.257720082998 2.035416841507 0
-0.066520281136 0.224976673722 2.108444213867 0
-0.152476683259 0.083431452513 1.948988437653 0
-0.071045406163 0.272469818592 1.921367287636 0
-0.069232821465 0.311447322369 1.895888447762 0
0.111132688820 -0.137313887477 2.091925144196 0
0.215914964676 -0.490236997604 2.071797132492 0
0.289712160826 -0.785861611366 2.108496665955 0
0.297580718994 -0.823678255081 2.052530765533 0
-0.007188785821 -0.141371205449 2.108211517334 0
-0.030686959624 -0.481615543365 2.158271789551 0
-0.005325063132 -0.829887568951 2.240841627121 0
-0.003961444367 -0.873884797096 2.188713550568 0
0.048877872527 -0.082144543529 2.103683233261 0
0.044941585511 -0.015351548791 2.119375705719 0
0.026583667845 0.322552174330 2.109312772751 0
0.004358711652 0.488728404045 2.043467760086 0
0.183210939169 0.218863472342 2.106655120850 0
0.239816471934 -0.030481968075 2.114521980286 0
0.262418150902 -0.230684697628 2.045892953873 0
0.258975267410 -0.262033998966 2.034160137177 0
-0.066340610385 0.224904403090 2.107989549637 0
-0.148774027824 0.078313276172 1.952032923698 0
-0.080641068518 0.248266115785 1.867281079292 0
-0.078171692789 0.263739615679 1.855687618256 0
0.111273556948 -0.137442663312 2.092152833939 0
0.216012597084 -0.490060389042 2.071871757507 0
0.289750486612 -0.785886883736 2.108489274979 0
0.297939121723 -0.823657393456 2.052521228790 0
-0.006624623667 -0.141519829631 2.108301162720 0
-0.030476685613 -0.481689572334 2.158411979675 0
-0.005312873516 -0.829901993275 2.240826845169 0
-0.003700620029 -0.873903334141 2.188694477081 0
0.049116838723 -0.082380123436 2.103743314743 0
0.045034281909 -0.015465456061 2.119333744049 0
0.026395594701 0.322740614414 2.108912229538 0
0.003759802086 0.489466875792 2.043992042542 0
0.183150231838 0.218974307179 2.106637716293 0
0.239817067981 -0.030230499804 2.114724874496 0
0.262546360493 -0.230364829302 2.046127080917 0
0.259113788605 -0.261967241764 2.034145355225 0
-0.066114112735 0.224888175726 2.107240676880 0
-0.144533187151 0.074607446790 1.953457593918 0
-0.082191817462 0.232774779201 1.835023403168 0
-0.080637335777 0.241314738989 1.829671502113 0
0.111426495016 -0.137561231852 2.092396974564 0
0.216150432825 -0.489928543568 2.071953773499 0
0.289802223444 -0.785913765430 2.108481884003 0
0.298286020756 -0.823637962341 2.052513122559 0
-0.006108314730 -0.141633212566 2.108448743820 0
-0.030235145241 -0.481791555882 2.158596754074 0
-0.005298397969 -0.829916656017 2.240815162659 0
-0.003460856155 -0.873917758465 2.188682079315 0
0.048424262553 -0.076169319451 2.105225086212 0
0.044956970960 -0.012082135305 2.119452953339 0
0.026182964444 0.322962284088 2.108500957489 0
0.003154061269 0.490236461163 2.044609546661 0
0.183095186949 0.219105452299 2.106595754623 0
0.239849925041 -0.029936682433 2.114924192429 0
0.262594372034 -0.230006054044 2.046380758286 0
0.258873969316 -0.261262714863 2.034556865692 0
-0.097670353949 0.315532803535 2.137211561203 0
-0.137168794870 0.077664077282 1.957101464272 0
-0.085886821151 0.167411357164 1.756136059761 0
-0.090466044843 0.167761176825 1.782412648201 0
0.111527830362 -0.136700868607 2.093160629272 0
0.216309398413 -0.489813059568 2.072052001953 0
0.289863407612 -0.785945653915 2.108476400375 0
0.298141062260 -0.823724567890 2.052526712418 0
-0.006355278194 -0.139248475432 2.109551191330 0
-0.029989274219 -0.481895476580 2.158810138702 0
-0.005271207541 -0.829939842224 2.240808725357 0
-0.003696192987 -0.873966217041 2.188707351685 0
0.048133049160 -0.072583876550 2.106189489365 0
0.044975049794 -0.009594695643 2.119310855865 0
0.026027087122 0.323148846626 2.108115434647 0
0.002487256890 0.490899085999 2.045455217361 0
0.183050706983 0.219245105982 2.106487751007 0
0.239959880710 -0.029633557424 2.115108013153 0
0.263259410858 -0.229477107525 2.046550512314 0
0.260209232569 -0.259226411581 2.034925460815 0
-0.103233091533 0.291500389576 2.145033597946 0
-0.111030526459 0.001117999665 2.042409896851 0
-0.098010100424 0.027532801032 1.757552862167 0
-0.094921462238 0.037126302719 1.708929181099 0
0.111680999398 -0.135863736272 2.093836307526 0
0.216523826122 -0.489729315042 2.072200059891 0
0.289961010218 -0.785975456238 2.108477115631 0
0.297913134098 -0.823826849461 2.052562236786 0
-0.006609555800 -0.137569248676 2.110621690750 0
-0.029713768512 -0.481971144676 2.159093141556 0
-0.005233965814 -0.829975426197 2.240816116333 0
-0.004113958683 -0.874046087265 2.188792467117 0
0.048126291484 -0.070408634841 2.106794357300 0
0.045037664473 -0.007716372609 2.119004964828 0
0.025876438245 0.323366731405 2.107705116272 0
0.001661637565 0.491677790880 2.046667337418 0
0.182998895645 0.219426810741 2.106256484985 0
0.240148335695 -0.029377957806 2.115245819092 0
0.265752762556 -0.228715270758 2.046576976776 0
0.264032006264 -0.255413055420 2.035344123840 0
-0.107769869268 0.270852863789 2.146959066391 0
-0.117554739118 -0.005138733424 2.031207799911 0
-0.106067202985 -0.121347218752 1.707263112068 0
-0.100107803941 -0.123627692461 1.680651783943 0
0.112036652863 -0.135013014078 2.094372034073 0
0.216841712594 -0.489621609449 2.072409629822 0
0.290122240782 -0.786019980907 2.108493804932 0
0.297807365656 -0.823902010918 2.052596330643 0
-0.006759919692 -0.136506244540 2.111517429352 0
-0.029418777674 -0.482020854950 2.159423828125 0
-0.005165783223 -0.830040752888 2.240847587585 0
-0.004381135572 -0.874137103558 2.188884973526 0
0.048240426928 -0.069104023278 2.107184648514 0
0.045149739832 -0.006371835247 2.118690967560 0
0.025738803670 0.323574185371 2.107315540314 0
0.000958576507 0.492332905531 2.047762870789 0
0.182940706611 0.219625458121 2.105948925018 0
0.240350991488 -0.029152201489 2.115355014801 0
0.268861234188 -0.227999910712 2.046600341797 0
0.267932772636 -0.252097725868 2.035607814789 0
-0.109920620918 0.256915897131 2.146907329559 0
-0.118396408856 -0.008172957227 2.031977891922 0
-0.117629468441 -0.156612336636 1.805866956711 0
-0.115816645324 -0.189660474658 1.740898013115 0
0.112482614815 -0.134270831943 2.094810962677 0
0.217212378979 -0.489487975836 2.072633504868 0
0.290286004543 -0.786061465740 2.108514070511 0
0.297719240189 -0.823966622353 2.052628040314 0
-0.006829566322 -0.135920435190 2.112202644348 0
-0.029097354040 -0.482076734304 2.159788608551 0
-0.005094207358 -0.830114424229 2.240889072418 0
-0.004617843311 -0.874227762222 2.188979148865 0
0.048436496407 -0.068451829255 2.107396125793 0
0.045340470970 -0.005481900182 2.118309974670 0
0.025610042736 0.323812901974 2.106856346130 0
0.000335053774 0.492894023657 2.048778533936 0
0.182901710272 0.219841241837 2.105466127396 0
0.240534558892 -0.029065584764 2.115404844284 0
0.272243976593 -0.227722764015 2.046355724335 0
0.271839469671 -0.249099224806 2.035717248917 0
-0.110805585980 0.247329622507 2.145518064499 0
-0.117019161582 -0.009985137731 2.034654855728 0
-0.128537163138 -0.236506670713 1.872658133507 0
-0.123503446579 -0.311169028282 1.821603536606 0
0.113049112260 -0.133652433753 2.095148801804 0
0.217765808105 -0.489093840122 2.073014497757 0
0.290458470583 -0.786085367203 2.108540534973 0
0.297659873962 -0.823999106884 2.052650690079 0
-0.006811544765 -0.135701283813 2.112706899643 0
-0.028672352433 -0.482202857733 2.160293340683 0
-0.005014150869 -0.830190181732 2.240941286087 0
-0.004799701273 -0.874300420284 2.189063072205 0
0.048573557287 -0.068091720343 2.107484340668 0
0.045508779585 -0.004804651253 2.117750406265 0
0.025419773534 0.324204891920 2.105854511261 0
-0.000105666026 0.493321776390 2.049558401108 0
0.182928740978 0.220070019364 2.104850530624 0
0.240752428770 -0.029063725844 2.115451335907 0
0.274992853403 -0.227790728211 2.046134710312 0
0.274735748768 -0.246940389276 2.035783290863 0
-0.110849887133 0.240685105324 2.143071174622 0
-0.115654446185 -0.030221391469 2.041969060898 0
-0.131842836738 -0.275947988033 1.939842581749 0
-0.126887828112 -0.360728114843 1.911376953125 0
0.113548241556 -0.133180782199 2.095379829407 0
0.218434557319 -0.488341450691 2.073551177979 0
0.290669709444 -0.786099255085 2.108588457108 0
0.297644078732 -0.824011504650 2.052667856216 0
-0.006813747343 -0.135621964931 2.113046169281 0
-0.028280751780 -0.482328712940 2.160731077194 0
-0.004933633376 -0.830262780190 2.240994930267 0
-0.004912025295 -0.874357283115 2.189127206802 0
0.048681315035 -0.067836925387 2.107530117035 0
0.045662134886 -0.004230939317 2.117084980011 0
0.025239443406 0.324682265520 2.104429483414 0
-0.000427492341 0.493658661842 2.050165891647 0
0.183009132743 0.220299527049 2.104172945023 0
0.241011515260 -0.029135189950 2.115502834320 0
0.277210533619 -0.228042647243 2.045982837677 0
0.276883870363 -0.245418578386 2.035862445831 0
-0.110686264932 0.236368402839 2.141037702560 0
-0.115294650197 -0.044456146657 2.052282571793 0
-0.135126054287 -0.291999191046 1.976442456245 0
-0.129458755255 -0.379264295101 1.959749698639 0
0.113979980350 -0.132808208466 2.095537900925 0
0.219252154231 -0.487609475851 2.074078083038 0
0.290887981653 -0.786108493805 2.108640909195 0
0.297629892826 -0.824022531509 2.052685976028 0
-0.006829318125 -0.135588914156 2.113326549530 0
-0.027931097895 -0.482471942902 2.161078453064 0
-0.004854958504 -0.830328106880 2.241044044495 0
-0.005005271640 -0.874407052994 2.189182758331 0
0.048743121326 -0.067677095532 2.107521533966 0
0.045774031430 -0.003725262592 2.115994215012 0
0.025115022436 0.325309932232 2.101740598679 0
-0.000585679314 0.493898451328 2.050459861755 0
0.183232456446 0.220566168427 2.103091478348 0
0.241332441568 -0.029255347326 2.115595102310 0
0.278882592916 -0.228320717812 2.046093463898 0
0.277845293283 -0.244649484754 2.036066293716 0
-0.110269203782 0.233226969838 2.138606309891 0
-0.115082815289 -0.053390882909 2.073560476303 0
-0.159638330340 -0.297019004822 2.042044401169 0
-0.154305338860 -0.384226858616 2.045522689819 0
0.114277631044 -0.132588982582 2.095551490784 0
0.220245450735 -0.486919283867 2.074599981308 0
0.291203945875 -0.786054909229 2.108682394028 0
0.297633111477 -0.824019312859 2.052693843842 0
-0.006886040326 -0.135602012277 2.113558053970 0
-0.027701457962 -0.482573479414 2.161193132401 0
-0.004784281366 -0.830364763737 2.241069078445 0
-0.005063800607 -0.874435842037 2.189215898514 0
0.048807594925 -0.067556291819 2.107480049133 0
0.045887190849 -0.003321091644 2.114740133286 0
0.025007860735 0.325805425644 2.098608970642 0
-0.000667777727 0.494073390961 2.050608396530 0
0.183508604765 0.220862999558 2.101844787598 0
0.241693735123 -0.029423447326 2.115704059601 0
0.280399501324 -0.228660985827 2.046370267868 0
0.278654038906 -0.244151785970 2.036274909973 0
-0.109799295664 0.230715185404 2.136402606964 0
-0.116355352104 -0.056433402002 2.088794469833 0
-0.167413711548 -0.296306580305 2.065519094467 0
-0.161724224687 -0.384108692408 2.070922851563 0
0.114576086402 -0.132422924042 2.095480203629 0
0.221374422312 -0.486305683851 2.075057029724 0
0.291548103094 -0.785964250565 2.108708858490 0
0.297639220953 -0.824006736279 2.052701711655 0
-0.006946842652 -0.135640785098 2.113770961761 0
-0.027577947825 -0.482633531094 2.161223649979 0
-0.004711180925 -0.830384969711 2.241077899933 0
-0.005100514740 -0.874450147152 2.189232349396 0
0.048885393888 -0.067459806800 2.107335805893 0
0.046004187316 -0.002947693458 2.112929105759 0
0.025111176074 0.326346337795 2.094370841980 0
-0.000710911467 0.494232416153 2.050643444061 0
0.183988422155 0.221210494637 2.099642515182 0
0.242155775428 -0.029658831656 2.115764856339 0
0.281862497330 -0.229009017348 2.046709537506 0
0.279604107141 -0.243352711201 2.036640405655 0
-0.109333343804 0.228568807244 2.134129524231 0
-0.121891178191 -0.057556498796 2.115316867828 0
-0.179181963205 -0.302028119564 2.127156734467 0
-0.173617139459 -0.397707968950 2.136390209198 0
0.114911533892 -0.132296532393 2.095207452774 0
0.222853496671 -0.485555827618 2.075281143188 0
0.292030394077 -0.785810351372 2.108683347702 0
0.297657221556 -0.823982119560 2.052701950073 0
-0.007031574845 -0.135701537132 2.113966703415 0
-0.027372943237 -0.482756078243 2.161121845245 0
-0.004598136991 -0.830388724804 2.241055250168 0
-0.005125849508 -0.874457061291 2.189236164093 0
