0.050454676151 -0.062041424215 1.915009379387 0
0.065081231296 0.000842735404 1.951611161232 0
0.080536864698 0.338751077652 1.938796401024 0
0.091547667980 0.504920721054 1.885181188583 0
0.218342125416 0.196208640933 1.877184391022 0
0.255956470966 -0.053309701383 1.894454002380 0
0.312840282917 -0.288047879934 1.875679135323 0
0.312664866447 -0.371396780014 1.882740139961 0
-0.077860526741 0.220724016428 1.950095653534 0
-0.128963857889 -0.026469107717 1.955922126770 0
-0.228392392397 -0.242867350578 1.876356482506 0
-0.233578041196 -0.338438242674 1.840541481972 0
0.111023925245 -0.133628606796 1.893868088722 0
0.119392842054 -0.477248311043 1.848976969719 0
0.142401859164 -0.817630767822 1.804352402687 0
0.122720092535 -0.863088190556 1.721364617348 0
-0.019843397662 -0.128896653652 1.925999403000 0
-0.003231739160 -0.514416217804 1.969970226288 0
0.028411393985 -0.770839035511 2.006677389145 0
-0.002104464453 -0.795164644718 1.968523859978 0
0.050315380096 -0.062570452690 1.915406703949 0
0.064656749368 0.000466905505 1.951946735382 0
0.079925693572 0.338699787855 1.939085125923 0
0.091255106032 0.504907727242 1.885609269142 0
0.218238502741 0.196032747626 1.878323078156 0
0.262040853500 -0.052541263402 1.908619403839 0
0.316556781530 -0.284126341343 1.899406194687 0
0.315198898315 -0.367692708969 1.908279299736 0
-0.078608132899 0.220635071397 1.950209975243 0
-0.129499495029 -0.027041459456 1.955808281898 0
-0.228267133236 -0.242810577154 1.875885486603 0
-0.233237653971 -0.338443577290 1.839995503426 0
0.111210681498 -0.134324193001 1.894504427910 0
0.119427077472 -0.477301865816 1.848912000656 0
0.142327666283 -0.817719936371 1.804056644440 0
0.122771993279 -0.863042473793 1.721098542213 0
-0.020181430504 -0.129514560103 1.926120162010 0
-0.003601443721 -0.513894021511 1.970549821854 0
0.028132475913 -0.770115375519 2.006878852844 0
-0.000863557216 -0.796206414700 1.966638207436 0
0.050167050213 -0.063048221171 1.915733695030 0
0.064232498407 0.000116667157 1.952207207680 0
0.079276680946 0.338626623154 1.939270973206 0
0.090940244496 0.504894256592 1.885973334312 0
0.218080654740 0.195888265967 1.879440426826 0
0.266491115093 -0.051174473017 1.921482682228 0
0.317343354225 -0.278821617365 1.918085336685 0
0.314890146255 -0.362451553345 1.927713155746 0
-0.079364567995 0.220562100410 1.950316071510 0
-0.130033850670 -0.027570288628 1.955709218979 0
-0.228163763881 -0.242799386382 1.875576734543 0
-0.232879951596 -0.338473081589 1.839452385902 0
0.111345671117 -0.134892582893 1.894999861717 0
0.119509503245 -0.477314025164 1.848768353462 0
0.142263740301 -0.817828714848 1.803614377975 0
0.122848883271 -0.862991690636 1.720722198486 0
-0.020528141409 -0.130121737719 1.926221013069 0
-0.003372905776 -0.532370328903 1.980163931847 0
0.030700186267 -0.784379601479 2.012433767319 0
-0.000499856600 -0.789518177509 1.969062924385 0
0.050022147596 -0.063497930765 1.916007637978 0
0.063835769892 -0.000218056186 1.952415108681 0
0.078701123595 0.338555961847 1.939406037331 0
0.090649098158 0.504881381989 1.886281847954 0
0.217918649316 0.195767492056 1.880404829979 0
0.268665403128 -0.050222270191 1.929312586784 0
0.317068845034 -0.275786608458 1.927920460701 0
0.313948810101 -0.359280169010 1.937841653824 0
-0.080005094409 0.220498740673 1.950384736061 0
-0.130521818995 -0.028022190556 1.955626726151 0
-0.228079080582 -0.242831245065 1.875339984894 0
-0.232572615147 -0.338543981314 1.839003801346 0
0.111448660493 -0.135375142097 1.895405292511 0
0.119594886899 -0.477321624756 1.848616719246 0
0.142207473516 -0.817939877510 1.803154706955 0
0.122931875288 -0.862942576408 1.720324158669 0
-0.020844684914 -0.130686402321 1.926292300224 0
-0.003232959658 -0.540717601776 1.984314560890 0
0.031917959452 -0.791910648346 2.015379905701 0
-0.001880675089 -0.769456386566 1.981529355049 0
0.049893427640 -0.063931025565 1.916231036186 0
0.063455373049 -0.000547347823 1.952565073967 0
0.078106731176 0.338466018438 1.939473390579 0
0.090387918055 0.504864990711 1.886542558670 0
0.217705205083 0.195656329393 1.881402730942 0
0.269734680653 -0.049197763205 1.934632182121 0
0.316347628832 -0.273334026337 1.934231758118 0
0.312693566084 -0.356552153826 1.944387793541 0
-0.080573059618 0.220433235168 1.950379729271 0
-0.130971983075 -0.028452588245 1.955544233322 0
-0.228043392301 -0.242813199759 1.875315308571 0
-0.232449889183 -0.338566303253 1.838943600655 0
0.111536413431 -0.135787814856 1.895744323730 0
0.120024606586 -0.477947235107 1.847869753838 0
0.142193600535 -0.818049788475 1.802688241005 0
0.123046740890 -0.862908840179 1.719914674759 0
-0.021113369614 -0.131244838238 1.926313042641 0
-0.003643318079 -0.537268459797 1.983165264130 0
0.030632263049 -0.788194537163 2.015108823776 0
0.003803393338 -0.789011895657 1.967610716820 0
0.049788214266 -0.064320728183 1.916414856911 0
0.063119240105 -0.000843748741 1.952678561211 0
0.077569499612 0.338383257389 1.939515471458 0
0.090156167746 0.504845023155 1.886763691902 0
0.217515841126 0.195566713810 1.882305979729 0
0.270237833261 -0.048498511314 1.937842845917 0
0.315690129995 -0.271632224321 1.937795042992 0
0.311624079943 -0.354312390089 1.947838902473 0
-0.081071563065 0.220376625657 1.950357675552 0
-0.131379842758 -0.028839942068 1.955468893051 0
-0.228004276752 -0.242815122008 1.875314593315 0
-0.232343763113 -0.338608443737 1.838932991028 0
0.111621677876 -0.136148110032 1.896035075188 0
0.120401024818 -0.478494286537 1.847218394279 0
0.142202034593 -0.818155050278 1.802199244499 0
0.123183526099 -0.862870216370 1.719474077225 0
-0.021325908601 -0.131748512387 1.926295876503 0
-0.003930444829 -0.534553825855 1.982171058655 0
0.029517704621 -0.785409033298 2.014805078506 0
0.004601083230 -0.790392577648 1.965884447098 0
0.049694668502 -0.064679987729 1.916566252708 0
0.062807887793 -0.001120483270 1.952762126923 0
0.077089801431 0.338306695223 1.939535737038 0
0.089946739376 0.504826486111 1.886959195137 0
0.217335879803 0.195494145155 1.883134961128 0
0.270456314087 -0.047951735556 1.939914464951 0
0.314922362566 -0.270057022572 1.939608454704 0
0.310422867537 -0.352040827274 1.948407888412 0
-0.081517569721 0.220317363739 1.950297474861 0
-0.131753087044 -0.029206132516 1.955395579338 0
-0.227954059839 -0.242858558893 1.875353693962 0
-0.232230484486 -0.338742911816 1.839114665985 0
0.111695349216 -0.136461392045 1.896282553673 0
0.120734140277 -0.478984534740 1.846646785736 0
0.142210438848 -0.818252921104 1.801744341850 0
0.123320400715 -0.862833499908 1.719047427177 0
-0.021510811523 -0.132212400436 1.926256060600 0
-0.004149559420 -0.532675862312 1.981402039528 0
0.028692884371 -0.783549785614 2.014572143555 0
0.005305177998 -0.791718006134 1.964326262474 0
0.049626514316 -0.065021097660 1.916682600975 0
0.062508575618 -0.001388607430 1.952809810638 0
0.076639354229 0.338232338428 1.939527750015 0
0.089755445719 0.504808664322 1.887133598328 0
0.217156931758 0.195442408323 1.884201169014 0
0.270476281643 -0.047668002546 1.941222429276 0
0.313363432884 -0.266977816820 1.936608791351 0
0.307976245880 -0.346974045038 1.938852429390 0
-0.081956662238 0.220253109932 1.950177669525 0
-0.132097974420 -0.029561992735 1.955327510834 0
-0.227877035737 -0.242966070771 1.875455498695 0
-0.232095018029 -0.338959783316 1.839429855347 0
0.111788474023 -0.136762484908 1.896514773369 0
0.121081531048 -0.479571908712 1.846079826355 0
0.142223283648 -0.818357050419 1.801331162453 0
0.123473651707 -0.862809419632 1.718636751175 0
-0.021641166881 -0.132659807801 1.926156401634 0
-0.004455052316 -0.530043780804 1.979893088341 0
0.027715338394 -0.781057059765 2.014065027237 0
0.005902835634 -0.792772531509 1.962926506996 0
0.049581080675 -0.065370179713 1.916773319244 0
0.062230862677 -0.001661261893 1.952833652496 0
0.076256394386 0.338162541389 1.939506888390 0
0.089582636952 0.504784822464 1.887286543846 0
0.217014923692 0.195403844118 1.885305523872 0
0.270426213741 -0.047578230500 1.942065477371 0
0.311436086893 -0.262720733881 1.929202079773 0
0.305614411831 -0.341590881348 1.924345731735 0
-0.082351379097 0.220122188330 1.949954986572 0
-0.132405743003 -0.029885064811 1.955262303352 0
-0.227790728211 -0.243085816503 1.875572919846 0
-0.231953009963 -0.339204251766 1.839816689491 0
0.111890040338 -0.137059390545 1.896733880043 0
0.121384508908 -0.480066686869 1.845601081848 0
0.142249897122 -0.818462312222 1.800937414169 0
0.123652368784 -0.862790226936 1.718225121498 0
-0.021733151749 -0.133114650846 1.926010012627 0
-0.004685592838 -0.528071761131 1.978726267815 0
0.026943191886 -0.779216527939 2.013622283936 0
0.006453773472 -0.793768882751 1.961621522903 0
0.049571171403 -0.065742775798 1.916831731796 0
0.061967451125 -0.001946438453 1.952825427055 0
0.075888179243 0.338090747595 1.939460992813 0
0.089419327676 0.504760742188 1.887420415878 0
0.216971248388 0.195377081633 1.886594057083 0
0.269660621881 -0.048039998859 1.941709995270 0
0.307693600655 -0.260464847088 1.903531908989 0
0.301889181137 -0.336901277304 1.892427325249 0
-0.082751981914 0.219914317131 1.949586749077 0
-0.132703408599 -0.030232742429 1.955172777176 0
-0.227689862251 -0.243153601885 1.875730752945 0
-0.231794834137 -0.339395999908 1.840269088745 0
0.112039335072 -0.137384131551 1.896963477135 0
0.121679961681 -0.480566352606 1.845151543617 0
0.142275795341 -0.818568229675 1.800636053085 0
0.123839199543 -0.862790703773 1.717874288559 0
-0.021759403870 -0.133646264672 1.925756096840 0
-0.004866433796 -0.526857376099 1.977894663811 0
0.026372371241 -0.778131127357 2.013274908066 0
0.006991983391 -0.794807791710 1.960361719131 0
0.049600329250 -0.066114500165 1.916853547096 0
0.061742383987 -0.002222617157 1.952781319618 0
0.075565293431 0.338021993637 1.939387321472 0
0.089244782925 0.504730522633 1.887542724609 0
0.217059195042 0.195401459932 1.887879014015 0
0.267958343029 -0.048854373395 1.938710093498 0
0.302110761404 -0.259006381035 1.867578983307 0
0.294117063284 -0.332948833704 1.845502614975 0
-0.083149164915 0.219657137990 1.949103116989 0
-0.132969483733 -0.030611153692 1.955038666725 0
-0.227588146925 -0.243129611015 1.875826835632 0
-0.231644466519 -0.339448750019 1.840515613556 0
0.112243898213 -0.137731343508 1.897192716599 0
0.122094951570 -0.481273829937 1.844566583633 0
0.142291560769 -0.818674743176 1.800391197205 0
0.124013029039 -0.862807929516 1.717571973801 0
-0.021728701890 -0.134197205305 1.925408124924 0
-0.004991860595 -0.525905847549 1.977211594582 0
0.025864575058 -0.777314543724 2.012917280197 0
0.007482079789 -0.795816540718 1.959146618843 0
0.049638736993 -0.066448748112 1.916854619980 0
0.061545025557 -0.002473545726 1.952720522881 0
0.075280308723 0.337949186563 1.939298152924 0
0.089079424739 0.504699647427 1.887652277946 0
0.217216327786 0.195439547300 1.889016270638 0
0.266334414482 -0.049653172493 1.935260295868 0
0.298367232084 -0.258589148521 1.847562551498 0
0.289551556110 -0.331693351269 1.824391961098 0
-0.083503484726 0.219418376684 1.948630809784 0
-0.133166953921 -0.030908854678 1.954895615578 0
-0.227466449142 -0.243028208613 1.875849962234 0
-0.231509536505 -0.339428991079 1.840595006943 0
0.112449705601 -0.138055548072 1.897393465042 0
0.122456222773 -0.481909275055 1.844054579735 0
0.142290771008 -0.818769514561 1.800215721130 0
0.124153636396 -0.862832188606 1.717336535454 0
-0.021690115333 -0.134688824415 1.925052404404 0
-0.005039797630 -0.525269806385 1.976685047150 0
0.025491347536 -0.776792287827 2.012659788132 0
0.007934438996 -0.796829104424 1.958029508591 0
0.049759522080 -0.066762432456 1.916776418686 0
0.061418652534 -0.002692905487 1.952600717545 0
0.075028672814 0.337879687548 1.939166188240 0
0.088897258043 0.504671454430 1.887757420540 0
0.217504918575 0.195551961660 1.890080690384 0
0.264829903841 -0.049701772630 1.931028008461 0
0.280306518078 -0.240231662989 1.787532687187 0
0.256481230259 -0.304126948118 1.743253588676 0
-0.083807453513 0.219130754471 1.948020815849 0
-0.133259251714 -0.030979979783 1.954803109169 0
-0.226251393557 -0.240817144513 1.873415112495 0
-0.229547232389 -0.337648570538 1.837563395500 0
0.112819224596 -0.138386875391 1.897530674934 0
0.122918494046 -0.482785373926 1.843347668648 0
0.142261371017 -0.818850517273 1.800122261047 0
0.124238237739 -0.862864673138 1.717197299004 0
-0.021557223052 -0.135164305568 1.924558281898 0
-0.004994561896 -0.524812519550 1.976261615753 0
0.025215158239 -0.776453018188 2.012470483780 0
0.008366486989 -0.797838866711 1.956995725632 0
0.049912802875 -0.066980145872 1.916644930840 0
0.061336420476 -0.002846964868 1.952445507050 0
0.074788443744 0.337811887264 1.938984751701 0
0.088675834239 0.504623234272 1.887839555740 0
0.217823073268 0.195739626884 1.890996217728 0
0.264128595591 -0.046998739243 1.927016496658 0
0.263629227877 -0.217037230730 1.750486254692 0
0.229718193412 -0.284320622683 1.703840613365 0
-0.084050402045 0.218862906098 1.947417974472 0
-0.133570402861 -0.030306311324 1.954505562782 0
-0.214163780212 -0.217646747828 1.845485210419 0
-0.180554032326 -0.293737053871 1.759594917297 0
0.113255806267 -0.138605058193 1.897577166557 0
0.123233661056 -0.483364045620 1.842863321304 0
0.142230674624 -0.818909287453 1.800040125847 0
0.124316230416 -0.862882494926 1.717065811157 0
-0.021396145225 -0.135507836938 1.924036383629 0
-0.004933947232 -0.524437606335 1.975901603699 0
0.025032218546 -0.776194930077 2.012317180634 0
0.008800822310 -0.798811435699 1.956036448479 0
0.050066582859 -0.067052170634 1.916417241096 0
0.061262227595 -0.002901260043 1.952167987823 0
0.074589252472 0.337757021189 1.938616275787 0
0.088420227170 0.504564523697 1.887878060341 0
0.218208104372 0.196025073528 1.891775369644 0
0.263347387314 -0.037512108684 1.920576334000 0
0.229935809970 -0.150141179562 1.702291250229 0
0.165566712618 -0.191285461187 1.650873184204 0
-0.084244064987 0.218630850315 1.946775078773 0
-0.134519428015 -0.026502935216 1.953654646873 0
-0.174202397466 -0.161076173186 1.763781070709 0
-0.096449807286 -0.229437202215 1.674428224564 0
0.113687545061 -0.138683050871 1.897515535355 0
0.123285107315 -0.483472973108 1.842762351036 0
0.142227232456 -0.818947196007 1.799941778183 0
0.124455869198 -0.862871229649 1.716878890991 0
-0.021324995905 -0.135590419173 1.923401117325 0
-0.004927330650 -0.524292230606 1.975740194321 0
0.024953581393 -0.776102662086 2.012253284454 0
0.009284758009 -0.799869239330 1.955124855042 0
0.050273615867 -0.067007519305 1.916139483452 0
0.061234526336 -0.002853913233 1.951812148094 0
0.074509769678 0.337698221207 1.938023567200 0
0.088132940233 0.504489302635 1.887866616249 0
0.218626454473 0.196321398020 1.892430543900 0
0.263687640429 -0.020442899317 1.914468050003 0
0.178116500378 -0.105397075415 1.660769820213 0
0.122268252075 -0.153906881809 1.630708456039 0
-0.084385387599 0.218435615301 1.946160793304 0
-0.136724174023 -0.015606710687 1.953086495399 0
-0.158121779561 -0.131899431348 1.739449024200 0
-0.057491492480 -0.185045629740 1.648136973381 0
0.114181779325 -0.138672754169 1.897423744202 0
0.123190939426 -0.483484059572 1.842788219452 0
0.142278954387 -0.818962395191 1.799772858620 0
0.124724254012 -0.862798392773 1.716578960419 0
-0.021256694570 -0.135486811399 1.922802448273 0
-0.004920086358 -0.524096846581 1.975578188896 0
0.024881381541 -0.775980949402 2.012162685394 0
0.018852267414 -0.802806496620 1.964696049690 0
0.050531685352 -0.066869191825 1.915840744972 0
0.061251662672 -0.002717273543 1.951386332512 0
0.074519664049 0.337637066841 1.937220573425 0
0.087796255946 0.504384875298 1.887773156166 0
0.219059243798 0.196671366692 1.892963171005 0
0.264159560204 -0.012046162970 1.910659074783 0
0.130481511354 -0.085373699665 1.638546943665 0
0.098280668259 -0.141668200493 1.624327063560 0
-0.084476284683 0.218282058835 1.945537686348 0
-0.137956112623 -0.006345025264 1.952024817467 0
-0.136535719037 -0.102770775557 1.715752482414 0
-0.023816918954 -0.147297531366 1.635584235191 0
0.114683009684 -0.138598963618 1.897338509560 0
0.122628971934 -0.483204364777 1.843260765076 0
0.142387837172 -0.818939685822 1.799539446831 0
0.125099390745 -0.862651288509 1.716192126274 0
-0.021132282913 -0.135242909193 1.922248482704 0
-0.004915434401 -0.523945152760 1.975445508957 0
0.024851571769 -0.775889396667 2.012080430984 0
0.076847508550 -0.826798856258 2.018665790558 0
0.051018219441 -0.066429354250 1.915494918823 0
0.061416350305 -0.002317273756 1.950759053230 0
0.074653752148 0.337577104568 1.936120510101 0
0.087248690426 0.504186630249 1.887430548668 0
0.219599902630 0.197049722075 1.893369197845 0
0.269853502512 -0.004768933170 1.902880430222 0
0.078808084130 -0.003946457058 1.627261638641 0
0.037231050432 -0.043138246983 1.624803900719 0
-0.084544345737 0.218144357204 1.944866299629 0
-0.138275608420 0.001058860682 1.947099208832 0
-0.029944244772 -0.018447548151 1.651055812836 0
0.060630626976 -0.071587890387 1.625393152237 0
0.115404002368 -0.138299658895 1.897311210632 0
0.121951751411 -0.482776194811 1.843906641006 0
0.142417311668 -0.818896830082 1.799433827400 0
0.125336751342 -0.862506747246 1.715954065323 0
-0.020810322836 -0.134736314416 1.921726346016 0
-0.004918997642 -0.523790776730 1.975323796272 0
0.024826338515 -0.775802791119 2.011995315552 0
0.082920923829 -0.828860521317 2.024310588837 0
0.051660329103 -0.065719857812 1.915101051331 0
0.061685390770 -0.001712995814 1.950002431870 0
0.074827678502 0.337499141693 1.935003995895 0
0.086630195379 0.503928482533 1.886896967888 0
0.220123425126 0.197412073612 1.893673896790 0
0.274476021528 -0.001782706939 1.897106647491 0
0.072345443070 0.012630990706 1.626162767410 0
0.025826383382 0.020153619349 1.629562735558 0
-0.084605388343 0.218011394143 1.944207429886 0
-0.137426465750 0.006685327739 1.941432952881 0
-0.019798971713 0.004801049829 1.644942760468 0
0.073006130755 0.003540769918 1.620137214661 0
0.116264469922 -0.137740716338 1.897291183472 0
0.121239200234 -0.482308357954 1.844599604607 0
0.142442032695 -0.818807482719 1.799336194992 0
0.125561118126 -0.862316787243 1.715737581253 0
-0.020365325734 -0.134062916040 1.921199083328 0
-0.004935744684 -0.523632884026 1.975217700005 0
0.024807095528 -0.775715529919 2.011905431747 0
0.085827305913 -0.829956829548 2.027094602585 0
0.052441332489 -0.064764328301 1.914656043053 0
0.062080323696 -0.000870011398 1.949008703232 0
0.075129561126 0.337333649397 1.933719635010 0
0.085876248777 0.503532886505 1.885849595070 0
0.220652207732 0.197761699557 1.893903493881 0
0.280348688364 -0.003577875439 1.888751626015 0
0.067321166396 0.039336390793 1.628500580788 0
0.028596393764 0.096861131489 1.636679410934 0
-0.084662280977 0.217874825001 1.943500995636 0
-0.137691855431 0.010079243220 1.932338595390 0
-0.014923091978 0.018066139892 1.643029808998 0
0.072251722217 0.105860374868 1.636662125587 0
0.117161564529 -0.137069165707 1.897261500359 0
0.120325826108 -0.481103867292 1.845703244209 0
0.142449185252 -0.818647861481 1.799242496490 0
0.125764057040 -0.862071037292 1.715538620949 0
-0.019740607589 -0.133104711771 1.920615553856 0
-0.004989681765 -0.522927343845 1.975005388260 0
0.024744039401 -0.775076150894 2.011566638947 0
0.086593262851 -0.830846965313 2.028666257858 0
0.053148869425 -0.063891351223 1.914266586304 0
0.062452588230 -0.000085279375 1.948064923286 0
0.075411729515 0.337154358625 1.932584285736 0
0.085070915520 0.503034651279 1.884525537491 0
0.221123769879 0.198068827391 1.894083976746 0
0.284991025925 -0.006459150929 1.882600426674 0
0.068380847573 0.057947963476 1.631454944611 0
0.028749857098 0.114105038345 1.638162970543 0
-0.084708727896 0.217742219567 1.942834377289 0
-0.139850914478 0.010240200907 1.924836277962 0
-0.014021771960 0.045889649540 1.646065235138 0
0.073492795229 0.140165030956 1.638790607452 0
0.117970094085 -0.136444866657 1.897225737572 0
0.119584463537 -0.480118095875 1.846602797508 0
0.142448917031 -0.818490087986 1.799165010452 0
0.125946551561 -0.861837029457 1.715364456177 0
-0.019156191498 -0.132221773267 1.920122742653 0
-0.005034076050 -0.522366106510 1.974842786789 0
0.024703692645 -0.774581551552 2.011295557022 0
0.087161071599 -0.831444263458 2.029744863510 0
0.053739797324 -0.063147388399 1.913937926292 0
0.062769293785 0.000627850182 1.947122931480 0
0.075638040900 0.336937129498 1.931583523750 0
0.084103658795 0.502262532711 1.882651329041 0
0.221526414156 0.198283523321 1.894216537476 0
0.287537246943 -0.011366461404 1.874155879021 0
0.065058313310 0.096354015172 1.637096166611 0
0.036198943853 0.153560727835 1.642853617668 0
-0.084751121700 0.217587262392 1.942170619965 0
-0.143358603120 0.008741455153 1.912281155586 0
-0.013194867410 0.058719933033 1.646886229515 0
0.073217809200 0.156472861767 1.640416741371 0
0.118654891849 -0.135894805193 1.897184967995 0
0.118969693780 -0.479288250208 1.847357630730 0
0.142411321402 -0.818310201168 1.799226403236 0
0.126061737537 -0.861663579941 1.715331792831 0
-0.018666211516 -0.131469950080 1.919719338417 0
-0.005043276120 -0.521716356277 1.974678277969 0
0.024637099355 -0.773878931999 2.010959148407 0
0.056647330523 -0.829946339130 1.982779741287 0
0.054211176932 -0.062605813146 1.913678884506 0
0.063010700047 0.001169600640 1.946314215660 0
0.075816452503 0.336719214916 1.930761337280 0
0.083241015673 0.501458227634 1.880850315094 0
0.221844866872 0.198375895619 1.894303917885 0
0.288002043962 -0.015324566513 1.866267561913 0
0.064314968884 0.110812775791 1.639159202576 0
0.038951881230 0.165781825781 1.644198894501 0
-0.084701359272 0.217228069901 1.941184759140 0
-0.144223555923 0.009441501461 1.904339909554 0
-0.011649152264 0.066925868392 1.647174954414 0
0.071596339345 0.183165252209 1.644183397293 0
0.119217604399 -0.135491013527 1.897159814835 0
0.118435241282 -0.478498876095 1.848063468933 0
0.142376244068 -0.818140566349 1.799278140068 0
0.126182705164 -0.861486196518 1.715296149254 0
-0.018257005140 -0.130861803889 1.919385194778 0
-0.005036436953 -0.521049559116 1.974516153336 0
0.024561833590 -0.773104429245 2.010606050491 0
0.051127191633 -0.827741086483 1.976533770561 0
0.054572746158 -0.062360819429 1.913497924805 0
0.063191056252 0.001446682960 1.945651292801 0
0.075935140252 0.336485743523 1.930183529854 0
0.082475751638 0.500675320625 1.879186511040 0
0.222069740295 0.198329016566 1.894346594810 0
0.285944998264 -0.019071973860 1.857598662376 0
0.074500657618 0.137530103326 1.642682552338 0
0.041904568672 0.174406558275 1.644822597504 0
-0.084615819156 0.215602502227 1.939136028290 0
-0.144170179963 0.008648932911 1.897728085518 0
-0.010385874659 0.077194117010 1.648305296898 0
0.072223410010 0.189069136977 1.644328117371 0
0.119715124369 -0.135282546282 1.897165298462 0
0.118016481400 -0.477930277586 1.848596334457 0
0.142346128821 -0.817999958992 1.799330472946 0
0.126312628388 -0.861323714256 1.715267062187 0
-0.017925607041 -0.130541995168 1.919102907181 0
-0.005052948836 -0.520760178566 1.974448919296 0
0.024565488100 -0.772643446922 2.010387182236 0
0.047597259283 -0.826380252838 1.972392797470 0
0.054867193103 -0.062205370516 1.913354635239 0
0.063336007297 0.001626048470 1.945094347000 0
0.076010584831 0.336271166801 1.929741740227 0
0.081842154264 0.500028550625 1.877792954445 0
0.222250893712 0.198237538338 1.894365906715 0
0.283925086260 -0.021591406316 1.851770877838 0
0.077919542789 0.146559700370 1.644001245499 0
0.045023083687 0.181588053703 1.645647764206 0
-0.084536708891 0.214258179069 1.937486052513 0
-0.143577128649 0.008542731404 1.893309116364 0
-0.009066035040 0.080689013004 1.648052811623 0
0.072330698371 0.194584280252 1.644836306572 0
0.120140045881 -0.135142743587 1.897180438042 0
0.117640629411 -0.477380186319 1.849081516266 0
0.142320394516 -0.817865610123 1.799379467964 0
0.126442164183 -0.861161589622 1.715238809586 0
-0.017643233761 -0.130304068327 1.918859601021 0
-0.005071725231 -0.520557880402 1.974402785301 0
0.024572854862 -0.772263944149 2.010205507278 0
0.045032102615 -0.825410127640 1.969388365746 0
0.055097974837 -0.062145438045 1.913241147995 0
0.063443511724 0.001700348803 1.944641470909 0
0.076061040163 0.336119115353 1.929495334625 0
0.081300035119 0.499473482370 1.876567244530 0
0.222409144044 0.198073893785 1.894389510155 0
0.281648695469 -0.022799683735 1.846970319748 0
0.095265470445 0.171704277396 1.649118900299 0
0.054212082177 0.208380162716 1.648769021034 0
-0.084363222122 0.213033646345 1.936015129089 0
-0.142338827252 0.009157225490 1.890235662460 0
0.063410751522 0.154036223888 1.646593451500 0
0.070950105786 0.201969593763 1.645772099495 0
0.120483323932 -0.135083898902 1.897201418877 0
0.117302313447 -0.476953506470 1.849493145943 0
0.142297089100 -0.817734241486 1.799428701401 0
0.126577720046 -0.860994875431 1.715212106705 0
-0.017406800762 -0.130141749978 1.918637752533 0
-0.005094507243 -0.520456552505 1.974378585815 0
0.024578636512 -0.771979510784 2.010060787201 0
0.046033356339 -0.825066328049 1.973910570145 0
0.055297717452 -0.062118593603 1.913137674332 0
0.063529729843 0.001735402504 1.944259405136 0
0.076098762453 0.335998296738 1.929327487946 0
0.080842830241 0.498872101307 1.875513792038 0
0.222569346428 0.197804257274 1.894426703453 0
0.279006242752 -0.018999427557 1.844699859619 0
0.097927384079 0.184541612864 1.650569319725 0
0.077257163823 0.263982206583 1.653491616249 0
-0.084220364690 0.212069064379 1.934870719910 0
-0.141243785620 0.009595817886 1.887915372849 0
0.070857524872 0.161179244518 1.646286845207 0
0.070244602859 0.206904307008 1.646411657333 0
0.120783746243 -0.135058835149 1.897214055061 0
0.116991423070 -0.476635217667 1.849847912788 0
0.142275974154 -0.817605257034 1.799475908279 0
0.126716464758 -0.860824108124 1.715185523033 0
-0.017209433019 -0.130027368665 1.918429851532 0
-0.005116068758 -0.520379841328 1.974360346794 0
0.024580784142 -0.771719515324 2.009929895401 0
0.040368791670 -0.825417339802 1.963317513466 0
0.055447008461 -0.062109604478 1.913046360016 0
0.063583157957 0.001740966458 1.943978667259 0
0.076119318604 0.335909008980 1.929263234138 0
0.080475024879 0.498411029577 1.874710917473 0
0.222781419754 0.197386458516 1.894564270973 0
0.277619451284 -0.016747381538 1.843738675117 0
0.100695818663 0.191184312105 1.651748299599 0
0.079366870224 0.270351380110 1.654024958611 0
-0.084160000086 0.211524590850 1.934270739555 0
-0.140830785036 0.010048904456 1.886664152145 0
0.086668729782 0.157762363553 1.646887660027 0
0.071207001805 0.208577632904 1.646636366844 0
0.121021665633 -0.135063305497 1.897209644318 0
0.116674959660 -0.476354926825 1.850175976753 0
0.142250820994 -0.817464292049 1.799528002739 0
0.126854166389 -0.860639452934 1.715162158012 0
-0.017093224451 -0.129955396056 1.918225526810 0
-0.005141673144 -0.520307779312 1.974343657494 0
0.024559928104 -0.771407604218 2.009785890579 0
0.039403576404 -0.825019299984 1.962190985680 0
0.055563878268 -0.062117345631 1.912960886955 0
0.063616037369 0.001724258880 1.943762540817 0
0.076124094427 0.335809230804 1.929253101349 0
0.080191060901 0.498022258282 1.874118924141 0
0.222999155521 0.196879670024 1.894773006439 0
0.276925802231 -0.015199263580 1.843481898308 0
0.101917825639 0.193664923310 1.652256131172 0
0.080168470740 0.273562103510 1.654240250587 0
-0.084160000086 0.211137726903 1.933930158615 0
-0.140797406435 0.010362466797 1.886041402817 0
0.089160047472 0.158782184124 1.646765589714 0
0.071363747120 0.210046842694 1.646866440773 0
0.121222160757 -0.135100364685 1.897191166878 0
0.116385847330 -0.476132035255 1.850438952446 0
0.142228692770 -0.817336082458 1.799579501152 0
0.126987099648 -0.860463798046 1.715143442154 0
-0.017020892352 -0.129911005497 1.918004393578 0
-0.005165216513 -0.520262658596 1.974330425262 0
0.024534324184 -0.771153390408 2.009667396545 0
0.038629528135 -0.824712336063 1.961301684380 0
0.055653925985 -0.062107872218 1.912882566452 0
0.063625842333 0.001718039974 1.943656206131 0
0.076077565551 0.335630029440 1.929499864578 0
0.080032452941 0.497831344604 1.873910546303 0
0.223585143685 0.196363672614 1.895725846291 0
0.277166903019 -0.012782817706 1.845484733582 0
0.094515509903 0.176436603069 1.652791023254 0
0.076207295060 0.184563964605 1.654478311539 0
-0.084184534848 0.210915133357 1.933814167976 0
-0.141129836440 0.010904705152 1.885993838310 0
0.085948936641 0.153429701924 1.647437334061 0
0.070780187845 0.187477469444 1.649800300598 0
0.121406584978 -0.135120004416 1.897149085999 0
0.116105213761 -0.475963950157 1.850597143173 0
0.142150223255 -0.817138671875 1.799739837646 0
0.127102747560 -0.860281109810 1.715185403824 0
-0.016983021051 -0.129859253764 1.917755126953 0
-0.005226321053 -0.520195305347 1.974302411079 0
0.024479907006 -0.770772993565 2.009513378143 0
0.038024906069 -0.824420511723 1.960571050644 0
0.055722758174 -0.062096770853 1.912817001343 0
0.063631147146 0.001716632047 1.943613529205 0
0.075998097658 0.335417568684 1.930194497108 0
0.079896472394 0.497702032328 1.873973011971 0
0.224444314837 0.195706680417 1.897411823273 0
0.278279513121 -0.015341947787 1.849854111671 0
0.091701865196 0.148550614715 1.652608990669 0
0.073021106422 0.158630669117 1.653783798218 0
-0.084277689457 0.210667237639 1.933909058571 0
-0.142446190119 0.011959220283 1.887617468834 0
0.078212223947 0.144818231463 1.648249506950 0
0.068033471704 0.157595515251 1.651159882545 0
0.121570341289 -0.135144844651 1.897099733353 0
0.115819334984 -0.475788921118 1.850679159164 0
0.142015531659 -0.816910684109 1.799915671349 0
0.127186477184 -0.860093653202 1.715231060982 0
-0.016982221976 -0.129810109735 1.917510509491 0
-0.005317207426 -0.520147085190 1.974261403084 0
0.024379530922 -0.770404040813 2.009356975555 0
0.037510436028 -0.824174344540 1.959960341454 0
0.055780194700 -0.062088742852 1.912761092186 0
0.063632257283 0.001698692096 1.943604350090 0
0.075951486826 0.335224628448 1.931170225143 0
0.079760745168 0.497591078281 1.874308109283 0
0.225292131305 0.195116892457 1.899291753769 0
0.280420213938 -0.018080951646 1.858870148659 0
0.092487514019 0.135571151972 1.652608513832 0
0.071468591690 0.150132462382 1.653596162796 0
-0.084491044283 0.210396751761 1.934303283691 0
-0.143976211548 0.013045637868 1.889982700348 0
0.071828551590 0.138462483883 1.648890376091 0
0.064272262156 0.156186237931 1.652057290077 0
0.121718063951 -0.135171279311 1.897051572800 0
0.115552365780 -0.475671112537 1.850676894188 0
0.141874477267 -0.816667079926 1.800125360489 0
0.127266600728 -0.859905719757 1.715297341347 0
-0.017001494765 -0.129782959819 1.917287349701 0
-0.005440155044 -0.520112395287 1.974219560623 0
0.024260468781 -0.770065307617 2.009213447571 0
0.037064101547 -0.823964536190 1.959439992905 0
0.055810809135 -0.062082972378 1.912738323212 0
0.063605412841 0.001594875939 1.943847060204 0
0.075830057263 0.335009962320 1.932846426964 0
0.079553648829 0.497579574585 1.875759601593 0
0.226024746895 0.194591805339 1.901411533356 0
0.285801500082 -0.020980820060 1.866105675697 0
0.095865607262 0.126747936010 1.653355717659 0
0.076110579073 0.153136983514 1.654812932014 0
-0.084900870919 0.210034310818 1.935359120369 0
-0.145693644881 0.014060534537 1.893133878708 0
0.068577423692 0.134526386857 1.649598479271 0
0.060080494732 0.160868212581 1.653881072998 0
0.121842853725 -0.135201722383 1.897012233734 0
0.115200079978 -0.475585967302 1.850617289543 0
0.141679331660 -0.816396355629 1.800310134888 0
0.127310991287 -0.859704554081 1.715349316597 0
-0.017043303698 -0.129778474569 1.917131423950 0
-0.005652314518 -0.520186245441 1.974181890488 0
0.024126740173 -0.769875824451 2.009141921997 0
0.036665465683 -0.823831737041 1.959024667740 0
0.055827219039 -0.062076956034 1.912728309631 0
0.063540965319 0.001423083828 1.944354176521 0
0.075704097748 0.334747672081 1.934809923172 0
0.079346016049 0.497593224049 1.877519726753 0
0.226573064923 0.194226562977 1.903365850449 0
0.288507759571 -0.022465389222 1.871405482292 0
0.097153984010 0.122690305114 1.654104471207 0
0.077281571925 0.153982371092 1.655404210091 0
-0.085390500724 0.209728941321 1.936801195145 0
-0.147302985191 0.015006866306 1.896106362343 0
0.066440239549 0.131648421288 1.650503635406 0
0.058644123375 0.162320286036 1.654736995697 0
0.121932618320 -0.135231778026 1.896985650063 0
0.114810004830 -0.475511878729 1.850548744202 0
0.141501337290 -0.816129803658 1.800477147102 0
0.127354875207 -0.859492361546 1.715398907661 0
-0.017104975879 -0.129779294133 1.917017340660 0
-0.005980758928 -0.520237207413 1.974154472351 0
0.023931451142 -0.769603431225 2.009064435959 0
0.036287531257 -0.823690772057 1.958649873734 0
0.055793594569 -0.062088724226 1.912800908089 0
0.063269466162 0.001057661953 1.945790529251 0
0.075431793928 0.334352642298 1.937468647957 0
0.079096272588 0.497708857059 1.880435228348 0
0.226984128356 0.193931743503 1.905778646469 0
0.288381159306 -0.017133429646 1.875702142715 0
0.094763398170 0.121749125421 1.655107259750 0
0.075293272734 0.154655113816 1.656747221947 0
-0.086142823100 0.209505036473 1.939152598381 0
-0.149500727654 0.016217641532 1.899840831757 0
0.063445568085 0.128538429737 1.652233958244 0
0.056878939271 0.163734689355 1.656024336815 0
0.121971108019 -0.135276988149 1.897002339363 0
0.114300593734 -0.475427836180 1.850491404533 0
0.141333445907 -0.815866589546 1.800637006760 0
0.127399504185 -0.859269738197 1.715451240540 0
-0.017270088196 -0.129796817899 1.916986584663 0
-0.006453659851 -0.520259737968 1.974169731140 0
0.023625599220 -0.769199728966 2.009028673172 0
0.035913977772 -0.823536932468 1.958324551582 0
0.055679619312 -0.062138278037 1.913008093834 0
0.062868416309 0.000570619479 1.947687268257 0
0.075030311942 0.333910524845 1.940320014954 0
0.078779064119 0.497679948807 1.883605837822 0
0.227183714509 0.193725124002 1.908020973206 0
0.288328558207 -0.013370923698 1.878440976143 0
0.092237487435 0.120520375669 1.656335353851 0
0.072204336524 0.151025161147 1.658361196518 0
-0.086946636438 0.209154069424 1.941563606262 0
-0.151885926723 0.017133703455 1.903736591339 0
0.059570010751 0.125377640128 1.654314279556 0
0.054781157523 0.164962276816 1.657515406609 0
0.121980555356 -0.135359212756 1.897067785263 0
0.113776348531 -0.475387364626 1.850451469421 0
0.141181483865 -0.815618157387 1.800791621208 0
0.127445459366 -0.859047055244 1.715506672859 0
-0.017525589094 -0.129851073027 1.917034983635 0
-0.006972131785 -0.520315110683 1.974240899086 0
0.023339029402 -0.768850028515 2.009020805359 0
0.035571891814 -0.823401868343 1.958035469055 0
0.055488780141 -0.062194962054 1.913349747658 0
0.062406674027 0.000100913268 1.949818611145 0
0.074565045536 0.333582907915 1.943162322044 0
0.078423440456 0.497678935528 1.886839747429 0
0.227235943079 0.193594381213 1.910134792328 0
0.288368016481 -0.010469533503 1.880348205566 0
0.088941648602 0.118079863489 1.657756686211 0
0.068144463003 0.143732771277 1.660219788551 0
-0.087743684649 0.208863049746 1.944044947624 0
-0.154089465737 0.017949465662 1.907287359238 0
-0.031744387001 0.074394255877 1.675073981285 0
0.018505761400 0.150136217475 1.667286038399 0
0.121959216893 -0.135454893112 1.897177577019 0
0.113242536783 -0.475370556116 1.850449204445 0
0.141025185585 -0.815354347229 1.800979375839 0
0.127487853169 -0.858812391758 1.715583801270 0
-0.017866548151 -0.129911705852 1.917180776596 0
-0.007496830076 -0.520375072956 1.974340319633 0
0.023042712361 -0.768504440784 2.009035110474 0
0.035243488848 -0.823275566101 1.957772970200 0
0.055184978992 -0.062192149460 1.913890838623 0
0.061870999634 -0.000245522067 1.952212095261 0
0.073916204274 0.333385527134 1.946430921555 0
0.078070506454 0.497651964426 1.889823079109 0
0.227220684290 0.193494051695 1.912128806114 0
0.288379907608 -0.008270327002 1.881690621376 0
0.085247807205 0.114687152207 1.659207224846 0
0.063525177538 0.132252082229 1.661934137344 0
-0.088632032275 0.208596274257 1.946875095367 0
-0.155610769987 0.018478717655 1.910083055496 0
-0.036985404789 0.071278400719 1.676340341568 0
0.010290447623 0.146653562784 1.669638514519 0
0.121893048286 -0.135513320565 1.897351503372 0
0.112637661397 -0.475425839424 1.850526213646 0
0.140873268247 -0.815024375916 1.801207184792 0
0.127537354827 -0.858515679836 1.715687990189 0
-0.018315788358 -0.129964381456 1.917450428009 0
-0.007987860590 -0.520441055298 1.974457144737 0
0.022764611989 -0.768181741238 2.009056091309 0
0.034924115986 -0.823159635067 1.957527399063 0
0.054699417204 -0.062306404114 1.914826631546 0
0.061243023723 -0.000814609462 1.955262660980 0
0.073294639587 0.333082139492 1.949847221375 0
0.077485933900 0.497455060482 1.893480896950 0
0.227087423205 0.193378955126 1.914270520210 0
0.288556903601 -0.006369451061 1.882856011391 0
0.081893026829 0.110015913844 1.660931229591 0
0.060260631144 0.121709384024 1.663652658463 0
-0.089649952948 0.208097070456 1.950263977051 0
-0.157410249114 0.018744252622 1.914244413376 0
0.005361660384 0.073703944683 1.670745611191 0
0.023007424548 0.128908723593 1.669837594032 0
0.121700823307 -0.135669529438 1.897742986679 0
0.111928187311 -0.475723981857 1.850768685341 0
0.140707194805 -0.814659833908 1.801668763161 0
0.127587884665 -0.858216285706 1.715919971466 0
-0.019015133381 -0.130185335875 1.918103456497 0
-0.008571342565 -0.520581245422 1.974688649178 0
0.022477064282 -0.767912566662 2.009103775024 0
0.034595020115 -0.823054790497 1.957294225693 0
0.053957570344 -0.062461789697 1.916197180748 0
0.060472015291 -0.001444252324 1.958748817444 0
0.072608649731 0.332666277885 1.953529477119 0
0.076459944248 0.497092008591 1.897802591324 0
0.226807624102 0.193252354860 1.916527628899 0
0.288722127676 -0.004764149431 1.883792996407 0
0.079110123217 0.105754114687 1.662938594818 0
0.058349974453 0.113802745938 1.665513038635 0
-0.090748012066 0.207618489861 1.954166293144 0
-0.158922478557 0.018926978111 1.918298363686 0
0.006937080063 0.073258645833 1.671152949333 0
0.030442023650 0.117318421602 1.670669317245 0
0.121269382536 -0.135916188359 1.898434758186 0
0.111346654594 -0.475954115391 1.851130723953 0
0.140442907810 -0.814235389233 1.802502870560 0
0.127589777112 -0.857895493507 1.716347932816 0
-0.019999111071 -0.130432888865 1.919174671173 0
-0.009203540161 -0.520777642727 1.975005149841 0
0.022152120247 -0.767665088177 2.009174585342 0
0.034240547568 -0.822957813740 1.957068204880 0
0.053262140602 -0.062628269196 1.917505860329 0
0.059888314456 -0.001991211437 1.961634516716 0
0.072207398713 0.332278966904 1.956466794014 0
0.075515300035 0.496760070324 1.901448726654 0
0.226522535086 0.193112894893 1.918461203575 0
0.288846611977 -0.003522460815 1.884489893913 0
0.077175788581 0.102792605758 1.664363861084 0
0.057259794325 0.109290905297 1.666674852371 0
-0.091787442565 0.207076072693 1.957691550255 0
-0.160049557686 0.018881931901 1.921458840370 0
0.009700136259 0.073460049927 1.671192526817 0
0.034337271005 0.111586220562 1.671158075333 0
0.120817214251 -0.136185109615 1.899139523506 0
0.110761523247 -0.476249545813 1.851602911949 0
0.140181303024 -0.813842117786 1.803365349770 0
0.127573296428 -0.857577741146 1.716820955276 0
-0.020978318527 -0.130697920918 1.920297741890 0
-0.009784586728 -0.521111905575 1.975395441055 0
0.021869260818 -0.767541766167 2.009261369705 0
0.033882305026 -0.822900235653 1.956855058670 0
0.052492968738 -0.062864884734 1.918950915337 0
0.059286095202 -0.002588861389 1.964491367340 0
0.071895040572 0.331868052483 1.959263682365 0
0.074451766908 0.496491879225 1.905062437057 0
0.226143687963 0.192966714501 1.920440196991 0
0.289012908936 -0.002386566717 1.885118246078 0
0.075920797884 0.100582256913 1.665753364563 0
0.056492824107 0.106246247888 1.667812108994 0
-0.092655517161 0.206572443247 1.960736036301 0
-0.160954862833 0.018789913505 1.924203157425 0
0.011735528708 0.073815211654 1.671445488930 0
0.036823142320 0.108218356967 1.671852231026 0
0.120248943567 -0.136516585946 1.899967312813 0
0.110254384577 -0.476524859667 1.852190852165 0
0.139806002378 -0.813395380974 1.804835677147 0
0.127509728074 -0.857239842415 1.717659115791 0
-0.022032106295 -0.131032705307 1.921604156494 0
-0.010344476439 -0.521445631981 1.975827336311 0
0.021602764726 -0.767418801785 2.009343862534 0
0.033535338938 -0.822840094566 1.956641077995 0
0.051749497652 -0.063111610711 1.920449256897 0
0.058734938502 -0.003135529812 1.967198610306 0
0.071581229568 0.331528246403 1.961767554283 0
0.073515392840 0.496342182159 1.908242106438 0
0.225679457188 0.192912489176 1.922407150269 0
0.289211332798 -0.001196820755 1.885770797729 0
0.075017169118 0.098944380879 1.667149662971 0
0.055897548795 0.104223750532 1.668931365013 0
-0.093353845179 0.206224650145 1.963294267654 0
-0.161671638489 0.018782578409 1.926522135735 0
0.013336497359 0.074319697917 1.671869874001 0
0.038525924087 0.106147259474 1.672648549080 0
0.119650982320 -0.136844262481 1.900888919830 0
0.109722502530 -0.477048665285 1.853004097939 0
0.139491289854 -0.812969505787 1.806177735329 0
0.127458155155 -0.856885910034 1.718492150307 0
-0.022996973246 -0.131369188428 1.922970414162 0
-0.010850746185 -0.521798372269 1.976389288902 0
0.021353697404 -0.767314016819 2.009429931641 0
0.033189978451 -0.822775721550 1.956420540810 0
0.051111903042 -0.063311472535 1.921759486198 0
0.058287624270 -0.003559762845 1.969398379326 0
0.071304492652 0.331257462502 1.963802695274 0
0.072704903781 0.496275633574 1.910869956017 0
0.225244298577 0.192876622081 1.924105405807 0
0.289404779673 -0.000154946581 1.886348247528 0
0.074374102056 0.097671911120 1.668344259262 0
0.055459488183 0.102750994265 1.669872164726 0
-0.093889109790 0.205989882350 1.965306401253 0
-0.162179842591 0.018805643544 1.928265929222 0
0.014797416516 0.074877940118 1.672297120094 0
0.039859913290 0.104803353548 1.673337101936 0
0.119105532765 -0.137129098177 1.901741981506 0
0.109331503510 -0.477440357208 1.853765726089 0
0.139203473926 -0.812549710274 1.807631969452 0
0.127410635352 -0.856535792351 1.719452023506 0
-0.023800248280 -0.131630271673 1.924155354500 0
-0.011267050169 -0.522103667259 1.976962208748 0
0.021093267947 -0.767206013203 2.009525299072 0
0.032835274935 -0.822707533836 1.956195712090 0
0.050549704581 -0.063482202590 1.923005223274 0
0.057898662984 -0.003919090610 1.971403956413 0
0.070976942778 0.331036239862 1.965680003166 0
0.072040818632 0.496264606714 1.913094162941 0
0.224770039320 0.192875653505 1.925751090050 0
0.289562672377 0.000835045706 1.886923551559 0
0.073942258954 0.096631616354 1.669496774673 0
0.055166780949 0.101614080369 1.670778751373 0
-0.094348818064 0.205809041858 1.967043876648 0
-0.162530884147 0.018835213035 1.929646372795 0
0.016087904572 0.075498268008 1.672783255577 0
0.041114635766 0.103844419122 1.674058198929 0
0.118596412241 -0.137362495065 1.902603507042 0
0.109028682113 -0.477884709835 1.854602813721 0
0.138943463564 -0.812107443810 1.809127330780 0
0.127366557717 -0.856163740158 1.720499277115 0
-0.024469370022 -0.131864681840 1.925270438194 0
-0.011579536833 -0.522562503815 1.977683305740 0
0.020847510546 -0.767171442509 2.009670019150 0
0.032494176179 -0.822670102119 1.955996632576 0
0.050082568079 -0.063624121249 1.924070715904 0
0.057585466653 -0.004200522322 1.973030686378 0
0.070694118738 0.330873042345 1.967169880867 0
0.071507327259 0.496288776398 1.914863109589 0
0.224358752370 0.192913785577 1.927176356316 0
0.289720714092 0.001758643193 1.887515902519 0
0.073709391057 0.095819294453 1.670453310013 0
0.054961774498 0.100772358477 1.671523213387 0
-0.094721883535 0.205658465624 1.968417406082 0
-0.162792742252 0.018851976842 1.930714607239 0
0.017210938036 0.076106853783 1.673223614693 0
0.042186211795 0.103221304715 1.674671053886 0
0.118158772588 -0.137553557754 1.903371810913 0
0.108794175088 -0.478273987770 1.855431914330 0
0.138729959726 -0.811719954014 1.810328841209 0
0.127328068018 -0.855805993080 1.721412181854 0
-0.025020139292 -0.132075190544 1.926233410835 0
-0.011821977794 -0.523049771786 1.978438258171 0
0.020624309778 -0.767166733742 2.009820699692 0
0.032165963203 -0.822643637657 1.955801606178 0
0.049701530486 -0.063728876412 1.924982666969 0
0.057337477803 -0.004413069692 1.974370956421 0
0.070431455970 0.330753505230 1.968416333199 0
0.071073427796 0.496324956417 1.916269898415 0
0.223970517516 0.193004116416 1.928424119949 0
0.289843261242 0.002640170045 1.888095736504 0
0.073562927544 0.095174059272 1.671311378479 0
0.054822389036 0.100120738149 1.672196745872 0
-0.095020681620 0.205546766520 1.969520211220 0
-0.162959486246 0.018865894526 1.931547522545 0
0.018236609176 0.076694086194 1.673651337624 0
0.043234270066 0.103944964707 1.675531387329 0
0.117792353034 -0.137699514627 1.904047966003 0
0.108579948545 -0.478700876236 1.856386423111 0
0.138560175896 -0.811343133450 1.811478734016 0
0.127310320735 -0.855444252491 1.722322463989 0
-0.025458121672 -0.132235527039 1.927058219910 0
-0.011992805637 -0.523447751999 1.979147195816 0
0.020419733599 -0.767144441605 2.009964466095 0
0.031842827797 -0.822608768940 1.955603361130 0
0.049362648278 -0.063842162490 1.925839781761 0
0.057122450322 -0.004608845804 1.975584149361 0
0.070197470486 0.330666244030 1.969465732574 0
0.070705667138 0.496362268925 1.917445182800 0
0.223610654473 0.193127617240 1.929552316666 0
0.289988905191 0.003535814350 1.888723254204 0
0.073565296829 0.094646744430 1.672095417976 0
0.054780576378 0.099597655237 1.672806262970 0
-0.095297023654 0.205421879888 1.970470428467 0
-0.163116335869 0.018867025152 1.932274103165 0
0.019028197974 0.077215149999 1.674044370651 0
0.044374611229 0.103529907763 1.676092743874 0
0.117440395057 -0.137831002474 1.904743552208 0
0.108554735780 -0.479056507349 1.857328772545 0
0.138378962874 -0.810978293419 1.812558174133 0
0.127260982990 -0.855084538460 1.723214030266 0
-0.025833634660 -0.132425561547 1.927834987640 0
-0.012112007476 -0.523767411709 1.979864597321 0
0.020259464160 -0.767086029053 2.010102987289 0
0.031546033919 -0.822554886341 1.955410003662 0
0.049090094864 -0.063932746649 1.926561713219 0
0.056958306581 -0.004762929864 1.976577043533 0
0.069990500808 0.330604135990 1.970330238342 0
0.070412069559 0.496387571096 1.918384790421 0
0.223307162523 0.193232536316 1.930469274521 0
0.290111303329 0.004300769884 1.889282703400 0
0.073617205024 0.094230100513 1.672722578049 0
0.054766576737 0.099199131131 1.673287153244 0
-0.095543727279 0.205294698477 1.971256136894 0
-0.163242936134 0.018849212676 1.932871818542 0
0.019663317129 0.077655509114 1.674360156059 0
0.045531325042 0.103178821504 1.676553368568 0
0.117154754698 -0.137938261032 1.905351638794 0
0.108540825546 -0.479378372431 1.858272552490 0
0.138250932097 -0.810646831989 1.813446998596 0
0.127236112952 -0.854735553265 1.723994493484 0
-0.026130365208 -0.132579877973 1.928482294083 0
-0.012182962149 -0.523959279060 1.980488300323 0
0.020096601918 -0.766975164413 2.010241985321 0
0.031244108453 -0.822478055954 1.955208897591 0
0.048872333020 -0.064019247890 1.927175045013 0
0.056832913309 -0.004899133928 1.977416396141 0
0.069808952510 0.330572247505 1.971054315567 0
0.070173494518 0.496424973011 1.919149398804 0
0.223033770919 0.193360000849 1.931252360344 0
0.290206342936 0.005039768759 1.889817237854 0
0.073719665408 0.093925371766 1.673289060593 0
0.054790649563 0.098865367472 1.673727512360 0
-0.095724113286 0.205186292529 1.971878528595 0
-0.163331776857 0.018842823803 1.933374166489 0
0.020208217204 0.078064970672 1.674652814865 0
0.046515330672 0.102907247841 1.676951646805 0
0.116918683052 -0.138020858169 1.905871391296 0
0.108573585749 -0.479686737061 1.859273433685 0
0.138191223145 -0.810311794281 1.814254164696 0
0.127256393433 -0.854374408722 1.724730610847 0
-0.026345575228 -0.132745072246 1.929041862488 0
-0.012193309143 -0.524108409882 1.981071710587 0
0.019945932552 -0.766835749149 2.010379076004 0
0.034990333021 -0.822868108749 1.963979363441 0
0.048692587763 -0.064092904329 1.927692174911 0
0.056733235717 -0.005010690074 1.978108882904 0
0.069648891687 0.330561429262 1.971654653549 0
0.069978244603 0.496473580599 1.919771552086 0
0.222806930542 0.193468451500 1.931892037392 0
0.290265142918 0.005661139265 1.890294075012 0
0.073833435774 0.093690648675 1.673756241798 0
0.054829515517 0.098608694971 1.674089193344 0
-0.095868848264 0.205099210143 1.972380757332 0
-0.163371294737 0.018834382296 1.933792948723 0
0.022277856246 0.079549364746 1.675241708755 0
0.047252643853 0.102726511657 1.677249073982 0
0.116720497608 -0.138087123632 1.906315922737 0
0.108649842441 -0.480067998171 1.860183954239 0
0.138151109219 -0.810001611710 1.814941167831 0
0.127282872796 -0.854028105736 1.725386619568 0
-0.026516903192 -0.132892832160 1.929517626762 0
-0.012193812057 -0.524242401123 1.981587409973 0
0.019813381135 -0.766693890095 2.010516405106 0
0.054903246462 -0.825865268707 2.006439447403 0
0.048547308892 -0.064147904515 1.928123116493 0
0.056656565517 -0.005093233660 1.978687524796 0
0.069473214447 0.330594092607 1.972160696983 0
0.069775283337 0.496590495110 1.920359373093 0
0.222593203187 0.193594351411 1.932421088219 0
0.290255159140 0.006264057010 1.890792489052 0
0.073997370899 0.093641825020 1.674187064171 0
0.054854802787 0.098446719348 1.674388885498 0
-0.095985837281 0.205045014620 1.972798347473 0
-0.163381651044 0.018849775195 1.934147000313 0
0.024449700490 0.081379026175 1.675779700279 0
0.047686226666 0.102703884244 1.677470088005 0
0.116564787924 -0.138101845980 1.906675219536 0
0.108846671879 -0.480357199907 1.860950350761 0
0.138163775206 -0.809672415257 1.815524697304 0
0.127339109778 -0.853664517403 1.725973010063 0
-0.026644283906 -0.133018210530 1.929914116859 0
-0.012111181393 -0.524122774601 1.981972455978 0
0.019670510665 -0.766467869282 2.010654687881 0
0.058214202523 -0.826826632023 2.015815973282 0
0.048425495625 -0.064197510481 1.928490877151 0
0.056594632566 -0.005162210204 1.979173421860 0
0.069319143891 0.330634236336 1.972583174706 0
0.069604791701 0.496693432331 1.920833945274 0
0.222410827875 0.193704038858 1.932860970497 0
0.290223449469 0.006778038107 1.891235589981 0
0.074154011905 0.093620084226 1.674547433853 0
0.054865524173 0.098329164088 1.674633502960 0
-0.096083357930 0.204998582602 1.973143815994 0
-0.163375243545 0.018863297999 1.934433102608 0
0.025336043909 0.082114167511 1.675996899605 0
0.047599390149 0.103029921651 1.677729606628 0
0.116430684924 -0.138112485409 1.906986951828 0
0.109074451029 -0.480646818876 1.861616611481 0
0.138196885586 -0.809368073940 1.816007375717 0
0.127407014370 -0.853317677975 1.726482033730 0
-0.026746632531 -0.133135780692 1.930254459381 0
-0.012026260607 -0.524001002312 1.982315897942 0
0.019589290023 -0.766246974468 2.010783672333 0
0.044462401420 -0.824291884899 1.990958094597 0
0.048334810883 -0.064235299826 1.928785562515 0
0.056550294161 -0.005212882534 1.979570388794 0
0.069170966744 0.330682158470 1.972905874252 0
0.069464653730 0.496800035238 1.921216964722 0
0.222252458334 0.193807542324 1.933216810226 0
0.289960652590 0.007191380952 1.891682505608 0
0.074224807322 0.093701943755 1.674842476845 0
0.054820980877 0.098822675645 1.675061106682 0
-0.096163041890 0.204970151186 1.973417282104 0
-0.163308143616 0.018873644993 1.934619784355 0
0.026313522831 0.083013601601 1.676192641258 0
0.047316968441 0.104346603155 1.678137898445 0
0.116332918406 -0.138103485107 1.907234787941 0
0.109300836921 -0.480906933546 1.862200260162 0
0.138274714351 -0.809050083160 1.816404581070 0
0.127512112260 -0.852954745293 1.726922988892 0
-0.026811612770 -0.133239462972 1.930524945259 0
-0.011936491355 -0.523928999901 1.982637882233 0
0.019516879693 -0.766043961048 2.010901451111 0
0.041587520391 -0.823573589325 1.985463500023 0
0.048262648284 -0.064264386892 1.929028153419 0
0.056515503675 -0.005250300281 1.979896426201 0
0.069030955434 0.330733001232 1.973165273666 0
0.069361031055 0.496897250414 1.921506643295 0
0.222119346261 0.193897351623 1.933511734009 0
0.289633065462 0.007534315810 1.892084598541 0
0.074317775667 0.094084523618 1.675193309784 0
0.054489441216 0.100499548018 1.675724029541 0
-0.096228361130 0.204949378967 1.973636031151 0
-0.163210317492 0.018881810829 1.934740781784 0
0.027267273515 0.083800844848 1.676332116127 0
0.047574754804 0.105100795627 1.678353548050 0
0.116257369518 -0.138089403510 1.907436966896 0
0.109528124332 -0.481113672256 1.862713336945 0
0.138357087970 -0.808738827705 1.816758155823 0
0.127619594336 -0.852598965168 1.727324485779 0
-0.026860110462 -0.133329465985 1.930750489235 0
-0.011851893738 -0.523880243301 1.982920169830 0
0.019451575354 -0.765861690044 2.011007308960 0
0.039324320853 -0.823022961617 1.981097340584 0
0.048212766647 -0.064294651151 1.929203987122 0
0.056491412222 -0.005283822306 1.980141997337 0
0.068914860487 0.330783098936 1.973350167274 0
0.069303803146 0.496986061335 1.921692132950 0
0.222015485168 0.193956896663 1.933733701706 0
0.289088428020 0.007784590591 1.892441272736 0
0.074833512306 0.096215859056 1.675873279572 0
0.053647201508 0.105254754424 1.676762938499 0
-0.096267715096 0.204939201474 1.973771572113 0
-0.162927031517 0.018887881190 1.934740185738 0
0.030906222761 0.088182702661 1.676680207253 0
0.046856440604 0.107027284801 1.678673982620 0
0.116203650832 -0.138079017401 1.907585263252 0
0.109822861850 -0.481376171112 1.863165378571 0
0.138438642025 -0.808429419994 1.817084074020 0
0.127724096179 -0.852249920368 1.727700114250 0
-0.026889005676 -0.133415699005 1.930918931961 0
-0.011602066457 -0.522411406040 1.983189463615 0
0.019385792315 -0.765692591667 2.011107683182 0
0.037469103932 -0.822590053082 1.977567791939 0
0.048178002238 -0.064320757985 1.929342269897 0
0.056474745274 -0.005311004817 1.980337977409 0
0.068809777498 0.330830067396 1.973491787910 0
0.069261096418 0.497074157000 1.921834707260 0
0.221942156553 0.194001704454 1.933904409409 0
0.288476586342 0.007968615741 1.892740368843 0
0.074987098575 0.098350845277 1.676347017288 0
0.052511613816 0.110681563616 1.677639484406 0
-0.096298493445 0.204925492406 1.973861455917 0
-0.162494823337 0.018858600408 1.934609055519 0
0.033650983125 0.092222914100 1.676871657372 0
0.045834418386 0.112746074796 1.679247498512 0
0.116170361638 -0.138071566820 1.907697677612 0
0.110105887055 -0.481582790613 1.863556265831 0
0.138535022736 -0.808126866817 1.817382454872 0
0.127842918038 -0.851909101009 1.728047966957 0
-0.026904815808 -0.133497416973 1.931054472923 0
-0.011465484276 -0.522017836571 1.983370661736 0
0.019325645640 -0.765539765358 2.011199474335 0
0.038749113679 -0.822830617428 1.980208158493 0
0.048153568059 -0.064361348748 1.929435849190 0
0.056457709521 -0.005348919891 1.980473399162 0
0.068735420704 0.330859869719 1.973570942879 0
0.069255262613 0.497131109238 1.921896696091 0
0.221879675984 0.194037050009 1.934031128883 0
0.287278831005 0.008061476983 1.892898440361 0
0.075232058764 0.104877032340 1.677147150040 0
0.049821864814 0.123417913914 1.679091811180 0
-0.096315473318 0.204890921712 1.973890662193 0
-0.161313295364 0.018592476845 1.933773040771 0
0.036496136338 0.098926380277 1.677137732506 0
0.045116070658 0.133982107043 1.681063413620 0
0.116144016385 -0.138075113297 1.907780289650 0
0.110438518226 -0.481803715229 1.863908171654 0
0.138625100255 -0.807841718197 1.817652106285 0
0.127964362502 -0.851583480835 1.728369355202 0
-0.026910139248 -0.133593440056 1.931147933006 0
-0.011359601282 -0.521757364273 1.983510732651 0
0.019278118387 -0.765410542488 2.011280536652 0
0.033733032644 -0.822025358677 1.970843672752 0
0.048140086234 -0.064411096275 1.929501771927 0
0.056445810944 -0.005388287362 1.980566859245 0
0.068678125739 0.330881923437 1.973605871201 0
0.069269999862 0.497183650732 1.921911954880 0
0.221824556589 0.194065034389 1.934128403664 0
0.285161286592 0.007999595255 1.892748832703 0
0.082228988409 0.124226503074 1.679716348648 0
0.046575535089 0.139346465468 1.680696606636 0
-0.096314594150 0.204825475812 1.973834276199 0
-0.159822061658 0.018278760836 1.932363152504 0
0.038736302406 0.105996035039 1.677409172058 0
0.043649218976 0.152417644858 1.682575941086 0
0.116125985980 -0.138083025813 1.907842159271 0
0.110735207796 -0.482000321150 1.864217162132 0
0.138746976852 -0.807548344135 1.817907452583 0
0.128123730421 -0.851251602173 1.728676795959 0
-0.026896944270 -0.133710905910 1.931212663651 0
-0.011263213120 -0.521535277367 1.983625531197 0
0.019232315943 -0.765290200710 2.011353015900 0
0.032958984375 -0.821841359138 1.969245672226 0
0.048130523413 -0.064455650747 1.929551601410 0
0.056435588747 -0.005419886205 1.980637788773 0
0.068607933819 0.330917596817 1.973617434502 0
0.069294340909 0.497247785330 1.921902179718 0
0.221773967147 0.194090709090 1.934203863144 0
0.282815277576 0.007872081362 1.892389059067 0
0.083720088005 0.132126718760 1.680455803871 0
0.045065052807 0.148909643292 1.681484699249 0
-0.096307553351 0.204754009843 1.973731637001 0
-0.157883897424 0.017927320674 1.930255651474 0
0.041426751763 0.112109132111 1.677529335022 0
0.042706925422 0.161972373724 1.683230400085 0
0.116112440825 -0.138088092208 1.907890081406 0
0.110998101532 -0.482097893953 1.864512920380 0
0.138881847262 -0.807253718376 1.818132042885 0
0.128297477961 -0.850914657116 1.728953957558 0
-0.026877727360 -0.133822992444 1.931257843971 0
-0.011174161918 -0.521337807178 1.983719825745 0
0.019192568958 -0.765175998211 2.011418104172 0
0.032316178083 -0.821685314178 1.967891335487 0
0.048134677112 -0.064523927867 1.929575562477 0
0.056428033859 -0.005453757476 1.980682253838 0
0.068507708609 0.330983489752 1.973578453064 0
0.069349244237 0.497357577085 1.921809911728 0
0.221723169088 0.194113135338 1.934244155884 0
0.279975563288 0.007666333113 1.891623616219 0
0.084462061524 0.138813763857 1.680789113045 0
0.043901897967 0.161592632532 1.682249903679 0
-0.096213951707 0.204579189420 1.973325371742 0
-0.155991211534 0.017516938969 1.927834033966 0
0.043542586267 0.119510531425 1.677587270737 0
0.041521474719 0.174007534981 1.683862328529 0
0.116105221212 -0.138094380498 1.907923102379 0
0.111293993890 -0.482190907001 1.864780306816 0
0.139030545950 -0.806957364082 1.818337202072 0
0.128491058946 -0.850575745106 1.729212760925 0
-0.026812346652 -0.133982598782 1.931242942810 0
-0.011081123725 -0.521131575108 1.983780980110 0
0.019156340510 -0.765045404434 2.011466026306 0
0.031782843173 -0.821532189846 1.966704130173 0
0.048147987574 -0.064596794546 1.929579734802 0
0.056424479932 -0.005484456196 1.980710148811 0
0.068388819695 0.331071794033 1.973495483398 0
0.069407664239 0.497465491295 1.921692371368 0
0.221657291055 0.194134995341 1.934255957603 0
0.277456849813 0.007460485678 1.890818357468 0
0.085475735366 0.144878983498 1.680900573730 0
0.043389864266 0.170497938991 1.682495713234 0
-0.096130594611 0.204341441393 1.972804069519 0
-0.154345691204 0.017069965601 1.925448179245 0
0.044311612844 0.125764459372 1.677489876747 0
0.038636971265 0.180269271135 1.684066772461 0
0.116102464497 -0.138098642230 1.907945990562 0
0.111572526395 -0.482191771269 1.865026235580 0
0.139189153910 -0.806649684906 1.818571090698 0
0.128691554070 -0.850238502026 1.729489445686 0
-0.026725126430 -0.134156346321 1.931187033653 0
-0.010983745568 -0.520873665810 1.983807444572 0
0.019126992673 -0.764925539494 2.011506795883 0
0.031328737736 -0.821404993534 1.965676546097 0
0.048170946538 -0.064677119255 1.929563641548 0
0.056424144655 -0.005516745616 1.980723619461 0
0.068257987499 0.331173717976 1.973378419876 0
0.069476187229 0.497594773769 1.921528458595 0
0.221588104963 0.194163456559 1.934251308441 0
0.275274455547 0.007314579561 1.890017390251 0
0.086548008025 0.150519266725 1.680979847908 0
0.043202083558 0.178411141038 1.682673335075 0
-0.096061937511 0.204132139683 1.972274303436 0
-0.153027504683 0.016761125997 1.923365950584 0
0.022315071896 0.156679838896 1.681921601295 0
0.028177669272 0.195902034640 1.686435461044 0
0.116103783250 -0.138102650642 1.907962799072 0
0.111827626824 -0.482190400362 1.865241527557 0
0.139349371195 -0.806348681450 1.818775892258 0
0.128894925117 -0.849905192852 1.729738831520 0
-0.026616452262 -0.134348437190 1.931086659431 0
-0.010886989534 -0.520648837090 1.983817100525 0
0.019095541909 -0.764793157578 2.011531591415 0
0.030923098326 -0.821279168129 1.964743733406 0
0.048231646419 -0.064821913838 1.929477453232 0
0.056447502226 -0.005577754229 1.980690121651 0
0.068055950105 0.331356525421 1.973121762276 0
0.069577597082 0.497758626938 1.921269536018 0
0.221266344190 0.194187477231 1.933932304382 0
0.273120671511 0.007105970290 1.889092803001 0
0.089371874928 0.159126549959 1.681041121483 0
0.043869532645 0.189180359244 1.682600498199 0
-0.096032336354 0.203927084804 1.971588492393 0
-0.151934996247 0.016516560689 1.921357393265 0
0.016709774733 0.165234744549 1.682550787926 0
0.022413430735 0.204845771194 1.687358140945 0
0.116122558713 -0.138113841414 1.907968997955 0
0.112140208483 -0.482110232115 1.865412354469 0
0.139546945691 -0.806039214134 1.818995952606 0
0.129105642438 -0.849585056305 1.729994535446 0
-0.026426160708 -0.134626671672 1.930858731270 0
-0.010815117508 -0.520491778851 1.983781099319 0
0.019043957815 -0.764604210854 2.011513233185 0
0.030514027923 -0.821141600609 1.963850975037 0
0.048299502581 -0.064987041056 1.929353237152 0
0.056476432830 -0.005651934538 1.980621933937 0
0.067853637040 0.331559449434 1.972800254822 0
0.069699101150 0.497905075550 1.920931458473 0
0.220950931311 0.194197893143 1.933576107025 0
0.271399229765 0.006920882035 1.888279199600 0
0.093704663217 0.167787238955 1.681270122528 0
0.045343693346 0.197883397341 1.682369232178 0
-0.096021436155 0.203746020794 1.970884561539 0
-0.151108607650 0.016376795247 1.919697403908 0
0.014075616375 0.169662237167 1.682622313499 0
0.018882038072 0.210589393973 1.687738776207 0
0.116146720946 -0.138129666448 1.907966613770 0
0.112454853952 -0.482013583183 1.865554332733 0
0.139759346843 -0.805740416050 1.819177508354 0
0.129330262542 -0.849270880222 1.730217695236 0
-0.026235817000 -0.134919196367 1.930575966835 0
-0.010761648417 -0.520411789417 1.983748555183 0
0.018989823759 -0.764407277107 2.011477708817 0
0.030143996701 -0.821011900902 1.963033795357 0
0.048388734460 -0.065173931420 1.929129958153 0
0.056520570070 -0.005737808067 1.980462431908 0
0.067599482834 0.331869900227 1.972305655479 0
0.069843031466 0.498069703579 1.920436382294 0
0.220627322793 0.194193720818 1.933090329170 0
0.269965857267 0.006758228410 1.887436389923 0
0.098158650100 0.174556985497 1.681090354919 0
0.045870006084 0.199531659484 1.682122826576 0
-0.096067957580 0.203629806638 1.970092654228 0
-0.150503069162 0.016370514408 1.918165206909 0
0.014216192067 0.171057194471 1.682153344154 0
0.018095538020 0.212792366743 1.687498450279 0
0.116209782660 -0.138160869479 1.907911419868 0
0.112877219915 -0.482001185417 1.865622520447 0
0.139985233545 -0.805445313454 1.819339036942 0
0.129558131099 -0.848967969418 1.730422496796 0
-0.026039915159 -0.135220378637 1.930178165436 0
-0.010697703809 -0.520409882069 1.983698010445 0
0.018957898021 -0.764212727547 2.011426448822 0
0.029827067629 -0.820898294449 1.962294936180 0
0.048475034535 -0.065356843174 1.928871631622 0
0.056568071246 -0.005822292529 1.980260014534 0
0.067345924675 0.332207053900 1.971772193909 0
0.069990642369 0.498245775700 1.919953703880 0
0.220310226083 0.194154903293 1.932512760162 0
0.268870830536 0.006591010373 1.886722803116 0
0.101577319205 0.178756728768 1.680814027786 0
0.076035179198 0.243921682239 1.682872533798 0
-0.096129454672 0.203548297286 1.969328999519 0
-0.150047346950 0.016405221075 1.916838169098 0
0.014991409145 0.171962901950 1.681323289871 0
0.017680950463 0.214285477996 1.687206864357 0
0.116281121969 -0.138194888830 1.907826066017 0
0.113301955163 -0.481937259436 1.865663647652 0
0.140218243003 -0.805152833462 1.819471955299 0
0.129788458347 -0.848667800426 1.730601429939 0
-0.025863353163 -0.135503023863 1.929764509201 0
-0.010637136176 -0.520413637161 1.983630537987 0
0.018923642114 -0.764037847519 2.011363983154 0
0.029527524486 -0.820797860622 1.961604595184 0
0.048612292856 -0.065640784800 1.928387999535 0
0.056686304510 -0.005968509242 1.979840874672 0
0.067084498703 0.332607537508 1.971065640450 0
0.070196323097 0.498448818922 1.919325351715 0
0.219456344843 0.194007068872 1.931070804596 0
0.268117904663 0.006478424650 1.886096000671 0
0.103965282440 0.181410983205 1.680442810059 0
0.078456699848 0.248572230339 1.682739615440 0
-0.096197061241 0.203537598252 1.968418359756 0
-0.149611368775 0.016526451334 1.915360212326 0
0.014935076237 0.173661127687 1.680675029755 0
0.016785623506 0.216863065958 1.686763525009 0
0.116400122643 -0.138260275126 1.907617449760 0
0.113727897406 -0.481806397438 1.865674495697 0
0.140458256006 -0.804868698120 1.819577932358 0
0.130002781749 -0.848380625248 1.730755329132 0
-0.025618642569 -0.135840535164 1.929126977921 0
-0.010555475950 -0.520417451859 1.983487129211 0
0.018850751221 -0.763826727867 2.011239051819 0
0.029181858525 -0.820695400238 1.960906028748 0
0.048723846674 -0.065943382680 1.927857756615 0
0.056806020439 -0.006135537289 1.979361653328 0
0.066836066544 0.332981824875 1.970365762711 0
0.070414237678 0.498641818762 1.918699741364 0
0.218408763409 0.193798705935 1.929295301437 0
0.267600148916 0.006406092085 1.885490655899 0
0.105862252414 0.183273330331 1.680159568787 0
0.079983972013 0.251610994339 1.682611584663 0
-0.096276625991 0.203583613038 1.967535018921 0
-0.149265319109 0.016670465469 1.913916707039 0
0.015313311480 0.174761384726 1.680012822151 0
0.016373341903 0.218530893326 1.686367273331 0
0.116497412324 -0.138340562582 1.907370448112 0
0.114132784307 -0.481667846441 1.865672945976 0
0.140688747168 -0.804601907730 1.819650053978 0
0.130199894309 -0.848106682301 1.730878710747 0
-0.025403868407 -0.136155009270 1.928476691246 0
-0.010460095480 -0.520495116711 1.983294129372 0
0.018769325688 -0.763616442680 2.011096715927 0
0.028835292906 -0.820604324341 1.960246682167 0
0.048834789544 -0.066320672631 1.927155494690 0
0.056943424046 -0.006357740611 1.978709220886 0
0.066573135555 0.333379328251 1.969549417496 0
0.070663034916 0.498841136694 1.918003201485 0
0.217096343637 0.193523943424 1.927093744278 0
0.267302244902 0.006393718068 1.884887337685 0
0.107648439705 0.184653475881 1.679842829704 0
0.081064820290 0.253692597151 1.682440876961 0
-0.096366435289 0.203686267138 1.966471910477 0
-0.148869067430 0.016988832504 1.912203550339 0
0.017757473513 0.174979045987 1.678475141525 0
0.016504511237 0.219443053007 1.685907363892 0
0.116589568555 -0.138452321291 1.906997680664 0
0.114599123597 -0.481453180313 1.865608692169 0
0.140921846032 -0.804340124130 1.819691777229 0
0.130389049649 -0.847841620445 1.730977058411 0
-0.025165611878 -0.136485278606 1.927677989006 0
-0.010340750217 -0.520469546318 1.982939124107 0
0.018678659573 -0.763407826424 2.010934591293 0
0.028488611802 -0.820529043674 1.959626913071 0
0.048925247043 -0.066705249250 1.926401138306 0
0.057066142559 -0.006593556609 1.977989315987 0
0.066296033561 0.333750814199 1.968691349030 0
0.070903651416 0.499012321234 1.917334914207 0
0.215930104256 0.193304061890 1.925155401230 0
0.267101377249 0.006424432620 1.884252905846 0
0.109157241881 0.185686647892 1.679556369781 0
0.081859186292 0.255199551582 1.682281374931 0
-0.096462547779 0.203811660409 1.965483069420 0
-0.148615509272 0.017364379019 1.910636425018 0
0.019752165303 0.175052285194 1.677171468735 0
0.016677739099 0.220191970468 1.685437798500 0
0.116668418050 -0.138575911522 1.906570315361 0
0.115115851164 -0.481212615967 1.865479946136 0
0.141140371561 -0.804093122482 1.819721102715 0
0.130563318729 -0.847592949867 1.731063246727 0
-0.024946160614 -0.136799335480 1.926834821701 0
-0.010199655779 -0.520393431187 1.982535958290 0
0.018571987748 -0.763171613216 2.010747909546 0
0.028139224276 -0.820446550846 1.959026694298 0
0.049006231129 -0.067067869008 1.925630927086 0
0.057166203856 -0.006818785332 1.977250337601 0
0.065980963409 0.334097743034 1.967842459679 0
0.071128308773 0.499174147844 1.916699886322 0
0.214958086610 0.193194463849 1.923532128334 0
0.266966521740 0.006516404450 1.883623838425 0
0.110188029706 0.186373561621 1.679328203201 0
0.082378759980 0.256259351969 1.682162761688 0
-0.096544548869 0.203968912363 1.964475870132 0
-0.148447319865 0.017745865509 1.909261226654 0
0.021394377574 0.174988567829 1.676098704338 0
0.016874531284 0.220781624317 1.684991836548 0
0.116746358573 -0.138697952032 1.906074166298 0
0.115548700094 -0.481006443501 1.865371704102 0
0.141355380416 -0.803846299648 1.819744944572 0
0.130742058158 -0.847339510918 1.731142878532 0
-0.024730082601 -0.137077972293 1.925986289978 0
-0.010062680580 -0.520303249359 1.982125997543 0
0.018469978124 -0.762954652309 2.010564088821 0
0.027807559818 -0.820370137691 1.958456635475 0
0.049120645970 -0.067332766950 1.924706578255 0
0.057255297899 -0.006975034252 1.976358294487 0
0.065545886755 0.334464699030 1.966847538948 0
0.071360692382 0.499321222305 1.915981650352 0
0.214275136590 0.193203523755 1.922199010849 0
0.266894459724 0.006683382206 1.882960081100 0
0.110933318734 0.186820670962 1.679074287415 0
0.082712627947 0.257015436888 1.682052731514 0
-0.096608959138 0.204262331128 1.963307261467 0
-0.148359909654 0.018301229924 1.907769918442 0
0.021839540452 0.175287663937 1.675513029099 0
0.016879422590 0.221448689699 1.684564471245 0
0.116891130805 -0.138723164797 1.905334234238 0
0.115967974067 -0.480637818575 1.865259766579 0
0.141629889607 -0.803510844707 1.819737434387 0
0.130978137255 -0.847009360790 1.731203198433 0
-0.024449246004 -0.137277260423 1.924949645996 0
-0.009885804728 -0.519878506660 1.981427669525 0
0.018348688260 -0.762652516365 2.010306596756 0
0.027488404885 -0.820272922516 1.957887053490 0
0.049236960709 -0.067457787693 1.923645019531 0
0.057300288230 -0.007028345950 1.975327849388 0
0.065002799034 0.334813803434 1.965732455254 0
0.071560762823 0.499464243650 1.915287137032 0
0.213921338320 0.193340033293 1.921230912209 0
0.266872912645 0.006987468805 1.882099270821 0
0.111530207098 0.187165096402 1.678788423538 0
0.082959614694 0.257608383894 1.681919217110 0
-0.096667625010 0.204633191228 1.962027192116 0
-0.148364812136 0.018935166299 1.906346440315 0
0.021908720955 0.175669252872 1.675026774406 0
0.016729535535 0.222196519375 1.684090018272 0
0.117096222937 -0.138640716672 1.904392719269 0
0.116339005530 -0.480352848768 1.865145444870 0
0.141938835382 -0.803102731705 1.819699287415 0
0.131259739399 -0.846612036228 1.731242179871 0
-0.024183407426 -0.137376993895 1.923768162727 0
-0.009705248289 -0.518933355808 1.980335950851 0
0.018228163943 -0.762314975262 2.009999036789 0
0.027197502553 -0.820171058178 1.957328915596 0
0.049326442182 -0.067579254508 1.922680854797 0
0.057330980897 -0.007083964534 1.974374651909 0
0.064480468631 0.335112720728 1.964682579041 0
0.071727022529 0.499604791403 1.914630413055 0
0.213569313288 0.193477645516 1.920297265053 0
0.266888439655 0.007308432832 1.881243348122 0
0.112018719316 0.187403872609 1.678531765938 0
0.083151362836 0.258062720299 1.681783676147 0
-0.096728712320 0.204958721995 1.960916996002 0
-0.148359254003 0.019502885640 1.905051589012 0
0.021996565163 0.175984457135 1.674573659897 0
0.016627656296 0.222840741277 1.683637976646 0
0.117262579501 -0.138582915068 1.903533816338 0
0.116676002741 -0.480125397444 1.865023732185 0
0.142229288816 -0.802720010281 1.819664835930 0
0.131527140737 -0.846234202385 1.731279134750 0
-0.023959593847 -0.137462526560 1.922729492188 0
-0.009557840414 -0.518100619316 1.979374527931 0
0.018116103485 -0.761994898319 2.009696960449 0
0.026912482455 -0.820069551468 1.956786751747 0
0.049388546497 -0.067665822804 1.921704173088 0
0.057332079858 -0.007113714702 1.973392009735 0
0.063968591392 0.335376590490 1.963629364967 0
0.071843013167 0.499745994806 1.913966298103 0
0.213203996420 0.193644925952 1.919328689575 0
0.266951918602 0.007688911166 1.880358219147 0
0.112259179354 0.187470138073 1.678280711174 0
0.083191029727 0.258330851793 1.681577801704 0
-0.096733532846 0.205299586058 1.959709763527 0
-0.148373067379 0.020040299743 1.903900146484 0
0.020245375112 0.177581861615 1.674040913582 0
0.015659384429 0.224363967776 1.683139443398 0
0.117388598621 -0.138518288732 1.902619838715 0
0.117040574551 -0.479630619287 1.864848852158 0
0.142536878586 -0.802316069603 1.819588780403 0
0.131816342473 -0.845832526684 1.731284737587 0
-0.023762926459 -0.137464731932 1.921695947647 0
-0.009390400723 -0.516886651516 1.978160977364 0
0.018001146615 -0.761697828770 2.009380578995 0
0.026629956439 -0.819975733757 1.956254243851 0
0.049421440810 -0.067772179842 1.920778751373 0
0.057314511389 -0.007166306023 1.972456932068 0
0.063481092453 0.335591554642 1.962652802467 0
0.071923352778 0.499873667955 1.913323402405 0
0.212828129530 0.193800896406 1.918379306793 0
0.267035663128 0.008054233156 1.879546165466 0
0.112415790558 0.187416404486 1.678001165390 0
0.083129771054 0.258435279131 1.681323051453 0
-0.096726320684 0.205593779683 1.958644509315 0
-0.148393571377 0.020496055484 1.902947068214 0
0.019235556945 0.178438007832 1.673618793488 0
0.014997808263 0.225387364626 1.682713150978 0
0.117474712431 -0.138481959701 1.901760578156 0
0.117356412113 -0.479183077812 1.864691972733 0
0.142819076777 -0.801944613457 1.819520235062 0
0.132087901235 -0.845451831818 1.731289386749 0
-0.023600701243 -0.137472391129 1.920756816864 0
-0.009257393889 -0.515950024128 1.977192878723 0
0.017901355401 -0.761436104774 2.009091854095 0
0.026356687769 -0.819887638092 1.955744504929 0
0.049421358854 -0.067858271301 1.919856667519 0
0.057263340801 -0.007204765920 1.971517205238 0
0.062977746129 0.335783749819 1.961669683456 0
0.071966663003 0.500007033348 1.912637352943 0
0.212516546249 0.193980097771 1.917500019073 0
0.267141163349 0.008453257382 1.878740429878 0
0.112474486232 0.187204390764 1.677651524544 0
0.082943476737 0.258350521326 1.680997967720 0
-0.096690870821 0.205907866359 1.957637786865 0
-0.148396208882 0.020917467773 1.902145147324 0
0.018749095500 0.178826406598 1.673272252083 0
0.014591985382 0.226026967168 1.682338714600 0
0.117520548403 -0.138441383839 1.900895595551 0
0.117640130222 -0.478734344244 1.864529967308 0
0.143106326461 -0.801562368870 1.819439649582 0
0.132369011641 -0.845058381557 1.731283068657 0
-0.023469269276 -0.137461572886 1.919849276543 0
-0.009148678742 -0.515219628811 1.976384401321 0
0.017836062238 -0.761208415031 2.008829355240 0
0.026111125946 -0.819807112217 1.955262422562 0
0.049420692027 -0.067900553346 1.919005751610 0
0.057209976017 -0.007212220691 1.970649838448 0
0.062515005469 0.335940778255 1.960765361786 0
0.071990437806 0.500130534172 1.912021160126 0
0.212282523513 0.194133281708 1.916773438454 0
0.267236620188 0.008800337091 1.878042936325 0
0.112499475479 0.186926200986 1.677281498909 0
0.082719683647 0.258166551590 1.680648922920 0
-0.096650071442 0.206193834543 1.956755876541 0
-0.148402035236 0.021267745644 1.901484966278 0
0.017682047561 0.179514467716 1.672904491425 0
0.013941999525 0.226851895452 1.681953430176 0
0.117568634450 -0.138349473476 1.900050282478 0
0.117856018245 -0.478386461735 1.864396333694 0
0.143398746848 -0.801152169704 1.819343566895 0
0.132663607597 -0.844635069370 1.731261849403 0
-0.023354953155 -0.137441009283 1.919032573700 0
-0.009078080766 -0.514875411987 1.975809574127 0
0.017775030807 -0.760961472988 2.008546590805 0
0.025878565386 -0.819721221924 1.954788208008 0
0.049403320998 -0.067941613495 1.918173670769 0
0.057147186249 -0.007217701059 1.969790458679 0
0.062090143561 0.336082875729 1.959848880768 0
0.071975223720 0.500288724899 1.911419034004 0
0.212077870965 0.194292366505 1.916066288948 0
0.267317324877 0.009161689319 1.877298235893 0
0.112408384681 0.186521053314 1.676822543144 0
0.082384943962 0.257840782404 1.680228829384 0
-0.096589721739 0.206470921636 1.955924630165 0
-0.148410692811 0.021583743393 1.900923609734 0
0.016359468922 0.180260539055 1.672544598579 0
0.013188959099 0.227691605687 1.681565999985 0
0.117581717670 -0.138269633055 1.899217963219 0
0.118072301149 -0.478156715631 1.864234805107 0
0.143654271960 -0.800765693188 1.819256067276 0
0.132925242186 -0.844237148762 1.731244325638 0
-0.023260325193 -0.137419521809 1.918251752853 0
-0.009007891640 -0.514545798302 1.975273251534 0
0.017712721601 -0.760762453079 2.008299350739 0
0.025646770373 -0.819646060467 1.954334378242 0
