-0.181672379375 -0.037421498448 1.795651793480 0
-0.181065306067 0.032520547509 1.791581153870 0
-0.178252041340 0.382012665272 1.784568667412 0
-0.221496284008 0.555551588535 1.740040659904 0
-0.035416364670 0.267071604729 1.775916695595 0
0.038515876979 0.011024584994 1.807009100914 0
0.063057847321 -0.209422066808 1.774773836136 0
0.068392105401 -0.285690665245 1.764214158058 0
-0.343542397022 0.261880874634 1.838635444641 0
-0.387073159218 0.008443572558 1.900067925453 0
-0.428133696318 -0.197469830513 1.879767417908 0
-0.439753025770 -0.282843559980 1.875241398811 0
-0.113536201417 -0.106420919299 1.782066583633 0
-0.105406977236 -0.512815296650 1.833486437798 0
-0.112155862153 -0.739485323429 1.843731760979 0
-0.145126000047 -0.781952857971 1.791332960129 0
-0.251124531031 -0.109059393406 1.808278560638 0
-0.252636045218 -0.504000842571 1.888832688332 0
-0.228508830070 -0.749159634113 1.959234118462 0
-0.238482505083 -0.820731937885 1.948025941849 0
-0.178065061569 -0.038390342146 1.786697387695 0
-0.177299216390 0.031650256366 1.783260941505 0
-0.173701360822 0.381586253643 1.777515888214 0
-0.216926082969 0.555155217648 1.733841419220 0
-0.031779818237 0.266281604767 1.768032193184 0
0.044179305434 0.010678312741 1.798607349396 0
0.069070734084 -0.210238263011 1.768157243729 0
0.074064232409 -0.286881506443 1.759022235870 0
-0.340240597725 0.261494636536 1.832684874535 0
-0.382534503937 0.007948404178 1.890684008598 0
-0.424613684416 -0.197314426303 1.868439435959 0
-0.435330986977 -0.282603591681 1.859953761101 0
-0.110052555799 -0.107315562665 1.772878289223 0
-0.102941602468 -0.514313578606 1.827120304108 0
-0.111808240414 -0.739702224731 1.843253731728 0
-0.144337058067 -0.782738208771 1.790842652321 0
-0.247695833445 -0.110056288540 1.798865795135 0
-0.250060677528 -0.502263307571 1.877266407013 0
-0.225994408131 -0.746966958046 1.951245903969 0
-0.240555003285 -0.819280862808 1.943850874901 0
-0.173387244344 -0.039764326066 1.775784134865 0
-0.172554939985 0.030462175608 1.773816108704 0
-0.168511927128 0.381102204323 1.769909501076 0
-0.210470899940 0.554646074772 1.725258827209 0
-0.027251007035 0.265342354774 1.759080767632 0
0.050529401749 0.009633230045 1.787074208260 0
0.075540110469 -0.211361035705 1.753192424774 0
0.081178888679 -0.288570940495 1.741899490356 0
-0.333385378122 0.261421889067 1.822287082672 0
-0.377968221903 0.007818781771 1.881110548973 0
-0.418579429388 -0.197642683983 1.849620819092 0
-0.429444015026 -0.282803654671 1.839820265770 0
-0.105740353465 -0.108373686671 1.761814832687 0
-0.100149370730 -0.515839874744 1.819692492485 0
-0.111125886440 -0.739987194538 1.842051386833 0
-0.143334299326 -0.783631503582 1.790012121201 0
-0.242906734347 -0.111271582544 1.787106037140 0
-0.246944949031 -0.500835001469 1.864759445190 0
-0.223400413990 -0.744456708431 1.942008256912 0
-0.237642705441 -0.817989051342 1.945188283920 0
-0.168919324875 -0.041242703795 1.765580415726 0
-0.167863950133 0.029245503247 1.765129327774 0
-0.162621155381 0.381036669016 1.761793851852 0
-0.203108042479 0.554795682430 1.715803503990 0
-0.022298699245 0.264470219612 1.750186443329 0
0.055984538049 0.008063503541 1.774556279182 0
0.081623442471 -0.210754975677 1.733482122421 0
0.085439659655 -0.289311498404 1.715439677238 0
-0.326990157366 0.261102855206 1.812804222107 0
-0.372580885887 0.006630817428 1.869088292122 0
-0.414938956499 -0.199006736279 1.834001421928 0
-0.424075305462 -0.284179508686 1.821887373924 0
-0.101681232452 -0.109534695745 1.751751303673 0
-0.095694631338 -0.521348714828 1.809029221535 0
-0.110356137156 -0.740289926529 1.840565323830 0
-0.142367243767 -0.784597694874 1.789120435715 0
-0.238465294242 -0.112554088235 1.776112675667 0
-0.245640963316 -0.496994674206 1.850454092026 0
-0.220241203904 -0.740542769432 1.929487586021 0
-0.232892513275 -0.811951994896 1.906555533409 0
-0.165930554271 -0.042226523161 1.758721113205 0
-0.164609402418 0.028414204717 1.759264230728 0
-0.158434569836 0.381011068821 1.756141424179 0
-0.198603123426 0.554873764515 1.710090994835 0
-0.018620237708 0.263809710741 1.743796944618 0
0.059568088502 0.006833378226 1.765746474266 0
0.085295133293 -0.208135291934 1.718300223351 0
0.086826182902 -0.288459122181 1.696524500847 0
-0.323091506958 0.260870754719 1.807029843330 0
-0.367921888828 0.005619886331 1.859683752060 0
-0.413243174553 -0.200349032879 1.823664546013 0
-0.421018481255 -0.285531431437 1.810767054558 0
-0.098900273442 -0.110363595188 1.744875907898 0
-0.092222198844 -0.527998030186 1.801722884178 0
-0.109512954950 -0.741162300110 1.838918209076 0
-0.141410470009 -0.785559594631 1.788076877594 0
-0.235619872808 -0.113417796791 1.768896222115 0
-0.244051322341 -0.496467500925 1.841621279716 0
-0.218661263585 -0.737298369408 1.920450687408 0
-0.233116015792 -0.811575829983 1.904941558838 0
-0.161635935307 -0.044119149446 1.750030636787 0
-0.160200506449 0.026886733249 1.752389311790 0
-0.153515085578 0.380929589272 1.750026345253 0
-0.193827718496 0.554883003235 1.704426884651 0
-0.014660436660 0.263030767441 1.737174391747 0
0.063093006611 0.005338603631 1.756445050240 0
0.088443048298 -0.203850120306 1.701904058456 0
0.086718343198 -0.284720301628 1.675981402397 0
-0.313265889883 0.258084475994 1.793338179588 0
-0.363086432219 0.004158132244 1.850679993629 0
-0.408899247646 -0.202693030238 1.811247348785 0
-0.415417969227 -0.287899255753 1.798237800598 0
-0.095082424581 -0.111684657633 1.735965847969 0
-0.089878588915 -0.532842695713 1.796619892120 0
-0.108321197331 -0.742516160011 1.836423039436 0
-0.140030086040 -0.786730527878 1.786392211914 0
-0.231152892113 -0.114939771593 1.759861707687 0
-0.241751566529 -0.491836756468 1.826912879944 0
-0.218731746078 -0.728243231773 1.902326345444 0
-0.233870014548 -0.810407221317 1.901942729950 0
-0.158642560244 -0.045199550688 1.744019031525 0
-0.157014012337 0.025981135666 1.747642517090 0
-0.149996772408 0.380984157324 1.745679974556 0
-0.190429031849 0.554987967014 1.700522065163 0
-0.011634632945 0.262519091368 1.732279300690 0
0.065577104688 0.004314124119 1.749785304070 0
0.090568721294 -0.201098904014 1.690721273422 0
0.086651019752 -0.282195150852 1.662912607193 0
-0.309111386538 0.257489144802 1.787883281708 0
-0.359619021416 0.003231314942 1.844506382942 0
-0.406386435032 -0.204255118966 1.803779959679 0
-0.412223488092 -0.288868844509 1.790012240410 0
-0.092364750803 -0.112436875701 1.729779362679 0
-0.087988734245 -0.536663055420 1.792662501335 0
-0.107057064772 -0.743951976299 1.834020495415 0
-0.138665005565 -0.787816762924 1.784646153450 0
-0.228035151958 -0.115862220526 1.753508567810 0
-0.240246772766 -0.488374263048 1.817015528679 0
-0.219256281853 -0.723371267319 1.891415715218 0
-0.234818428755 -0.809073269367 1.898403048515 0
-0.156249105930 -0.045974209905 1.739288449287 0
-0.154375821352 0.025275524706 1.743933200836 0
-0.146915122867 0.380866557360 1.742052912712 0
-0.187350615859 0.554934442043 1.697105526924 0
-0.009050874040 0.262129336596 1.728353261948 0
0.067695185542 0.003457895946 1.744150996208 0
0.092211969197 -0.199383601546 1.682255864143 0
0.086635403335 -0.280738323927 1.653995871544 0
-0.306732147932 0.257182210684 1.784807205200 0
-0.356631964445 0.002483620541 1.839576959610 0
-0.404704451561 -0.205759793520 1.798075556755 0
-0.410218805075 -0.289760082960 1.784308910370 0
-0.090174868703 -0.113034710288 1.724990725517 0
-0.086374193430 -0.539664030075 1.789476513863 0
-0.105856083333 -0.745298862457 1.831910967827 0
-0.137375354767 -0.788834035397 1.782965660095 0
-0.225586354733 -0.116584017873 1.748393774033 0
-0.239018723369 -0.485678017139 1.809144377708 0
-0.221928015351 -0.708203673363 1.867652416229 0
-0.236839696765 -0.804317653179 1.889677286148 0
-0.152844876051 -0.047584936023 1.732946872711 0
-0.150908455253 0.023961817846 1.739559292793 0
-0.143385723233 0.380777597427 1.738307118416 0
-0.184229180217 0.555006146431 1.693731427193 0
-0.006290186662 0.261688232422 1.724146246910 0
0.070528559387 0.002612923738 1.737539529800 0
0.093955554068 -0.198353365064 1.673098802567 0
0.086958914995 -0.279893487692 1.644608378410 0
-0.300510674715 0.255198448896 1.777064323425 0
-0.352629125118 0.001283682068 1.833749055862 0
-0.401246726513 -0.207045421004 1.792196750641 0
-0.406443595886 -0.289925098419 1.777945876122 0
-0.087166689336 -0.114165470004 1.718128561974 0
-0.084534026682 -0.542242050171 1.786064386368 0
-0.104423433542 -0.746659338474 1.829543948174 0
-0.135741874576 -0.789990425110 1.780932784081 0
-0.221957325935 -0.117907315493 1.741907238960 0
-0.239377483726 -0.482301354408 1.799096703529 0
-0.223440214992 -0.700020253658 1.854758977890 0
-0.240837320685 -0.800158798695 1.888297200203 0
-0.149552598596 -0.049304146320 1.726728320122 0
-0.147306293249 0.022466354072 1.735381722450 0
-0.138619706035 0.380480498075 1.733900904655 0
-0.180514499545 0.554818868637 1.690140366554 0
-0.002950681373 0.260963618755 1.719501852989 0
0.073851868510 0.002208470367 1.731490373611 0
0.095665022731 -0.196598827839 1.661428093910 0
0.085556410253 -0.275213688612 1.623923301697 0
-0.295606523752 0.253502786160 1.771127462387 0
-0.348500490189 -0.000329551724 1.827660322189 0
-0.398611634970 -0.208897560835 1.786994934082 0
-0.403799295425 -0.292300432920 1.772090792656 0
-0.084412775934 -0.115457907319 1.711615920067 0
-0.082635052502 -0.544316589832 1.782332897186 0
-0.102749258280 -0.747916519642 1.826979994774 0
-0.133913055062 -0.791244029999 1.778676390648 0
-0.218517899513 -0.119272850454 1.735475659370 0
-0.240666896105 -0.479658246040 1.790721297264 0
-0.224400728941 -0.692528069019 1.842257618904 0
-0.260471910238 -0.763552129269 1.856201410294 0
-0.147190049291 -0.050548698753 1.722107529640 0
-0.144536733627 0.021307772025 1.732223987579 0
-0.134598597884 0.380141675472 1.730288743973 0
-0.177638992667 0.554594755173 1.687461972237 0
-0.000267942669 0.260363847017 1.715967774391 0
0.077969521284 0.003073911881 1.726556539536 0
0.094375647604 -0.186728119850 1.637318849564 0
0.075764611363 -0.250472813845 1.575395703316 0
-0.292509973049 0.252383977175 1.767392277718 0
-0.345270812511 -0.001870699460 1.822933912277 0
-0.396928459406 -0.210239484906 1.783484578133 0
-0.402260184288 -0.293928921223 1.768564820290 0
-0.082442104816 -0.116440325975 1.706836581230 0
-0.080907821655 -0.545809090137 1.778932571411 0
-0.101262539625 -0.748910963535 1.824755787849 0
-0.132222533226 -0.792414009571 1.776572823524 0
-0.216138407588 -0.120269939303 1.730658769608 0
-0.241869866848 -0.477940440178 1.785492420197 0
-0.224648460746 -0.688583135605 1.835239291191 0
-0.264115273952 -0.755689501762 1.849443554878 0
-0.144926860929 -0.051641400903 1.717126965523 0
-0.141811817884 0.020231444389 1.728830456734 0
-0.129513919353 0.379574567080 1.725459694862 0
-0.173978209496 0.554241359234 1.684396982193 0
0.002995696384 0.259873360395 1.712464332581 0
0.090335994959 0.013778689317 1.718241930008 0
0.076042510569 -0.114237010479 1.555136799812 0
0.042168669403 -0.164072722197 1.487507104874 0
-0.286950379610 0.250120878220 1.760567784309 0
-0.341418921947 -0.003271262161 1.817380309105 0
-0.395210415125 -0.211298555136 1.780210614204 0
-0.400900155306 -0.295139968395 1.765928268433 0
-0.080623365939 -0.117398984730 1.701774597168 0
-0.077226184309 -0.539725244045 1.768387198448 0
-0.100116744637 -0.749008119106 1.822998046875 0
-0.130784884095 -0.793517351151 1.775029897690 0
-0.214030310512 -0.120939575136 1.725624680519 0
-0.241229921579 -0.476428836584 1.779124379158 0
-0.224398285151 -0.685803174973 1.829101800919 0
-0.265800058842 -0.750880837440 1.845266819000 0
-0.143247112632 -0.052163451910 1.713409304619 0
-0.139636665583 0.019634589553 1.726131916046 0
-0.125105410814 0.379191756248 1.721126437187 0
-0.170751839876 0.554170191288 1.681811451912 0
0.005635728128 0.259589463472 1.709767699242 0
0.097808398306 0.022134572268 1.711735844612 0
0.061904761940 -0.069805547595 1.510800480843 0
0.013830710202 -0.079272411764 1.448079586029 0
-0.283939749002 0.249252200127 1.756921172142 0
-0.338530153036 -0.004205759615 1.813288211823 0
-0.394108772278 -0.211996853352 1.777799248695 0
-0.400098860264 -0.295941084623 1.764145016670 0
-0.079292699695 -0.117892138660 1.698049664497 0
-0.075325310230 -0.538102447987 1.763541340828 0
-0.098871119320 -0.749138414860 1.820834279060 0
-0.129285573959 -0.794546604156 1.773083090782 0
-0.212572261691 -0.121230527759 1.722038149834 0
-0.240901857615 -0.475493580103 1.774862408638 0
-0.224116176367 -0.684152126312 1.825265049934 0
-0.266603350639 -0.748106896877 1.841150760651 0
-0.141792610288 -0.052525334060 1.710458278656 0
-0.137661322951 0.019181990996 1.723791241646 0
-0.120954990387 0.378813773394 1.717015981674 0
-0.166800603271 0.554170250893 1.678854465485 0
0.007909722626 0.259295254946 1.707396984100 0
0.103411898017 0.031946990639 1.700536608696 0
0.044858418405 0.001675970852 1.469914674759 0
-0.012716298923 0.004762891680 1.421579718590 0
-0.281224101782 0.248837560415 1.753548622131 0
-0.336192071438 -0.004751949105 1.809981703758 0
-0.393050909042 -0.212756171823 1.775494217873 0
-0.399358212948 -0.296781033278 1.762578248978 0
-0.078247308731 -0.118208259344 1.695295810699 0
-0.074001751840 -0.537448048592 1.760427117348 0
-0.097594045103 -0.749338626862 1.818486332893 0
-0.127705872059 -0.795534610748 1.770848035812 0
-0.211238980293 -0.121371053159 1.719142794609 0
-0.240681409836 -0.474757373333 1.771459579468 0
-0.223703876138 -0.682963788509 1.822158336639 0
-0.266584336758 -0.746328294277 1.836619615555 0
-0.139705121517 -0.052583195269 1.707321763039 0
-0.135008916259 0.018973320723 1.720952630043 0
-0.116622805595 0.378252565861 1.712001085281 0
-0.160343736410 0.554194748402 1.674198269844 0
0.012295849621 0.258866578341 1.703744769096 0
0.109192617238 0.041393037885 1.653915405273 0
0.000966332853 0.122365444899 1.432932853699 0
-0.048946533352 0.159200355411 1.388428926468 0
-0.278105795383 0.248983740807 1.749544382095 0
-0.333557546139 -0.004732537083 1.806095719337 0
-0.391503095627 -0.213700085878 1.772229075432 0
-0.398165255785 -0.297842115164 1.760532975197 0
-0.076566740870 -0.118329249322 1.692570209503 0
-0.070345662534 -0.530231654644 1.753288984299 0
-0.096702091396 -0.749422430992 1.816270232201 0
-0.126591056585 -0.796318531036 1.768770813942 0
-0.209350377321 -0.121286123991 1.716109633446 0
-0.240533083677 -0.474057525396 1.768147349358 0
-0.222813591361 -0.681978404522 1.818622946739 0
-0.266356945038 -0.744801998138 1.833230972290 0
-0.137328505516 -0.052279293537 1.704427719116 0
-0.131872370839 0.019148156047 1.717680573463 0
-0.111558079720 0.377552539110 1.705222606659 0
-0.152533560991 0.554462313652 1.668554067612 0
0.022971274331 0.258090347052 1.695713043213 0
0.109590038657 0.063223406672 1.584954619408 0
-0.039136994630 0.264074712992 1.413861751556 0
-0.054750077426 0.293721854687 1.419462203979 0
-0.275147646666 0.249825373292 1.745750308037 0
-0.330604314804 -0.004102179315 1.801767706871 0
-0.390946030617 -0.214171841741 1.768698930740 0
-0.397789448500 -0.298527747393 1.757949233055 0
-0.074095189571 -0.118357919157 1.689866304398 0
-0.067920461297 -0.524815499783 1.748505115509 0
-0.095749892294 -0.749565243721 1.813897371292 0
-0.125494062901 -0.797045528889 1.766495347023 0
-0.207728296518 -0.121130667627 1.713786959648 0
-0.240462616086 -0.473492801189 1.765427589417 0
-0.221997037530 -0.681334972382 1.815366506577 0
-0.265646755695 -0.743917346001 1.827606916428 0
-0.135379597545 -0.052056480199 1.702227711678 0
-0.129198104143 0.019342385232 1.714619398117 0
-0.107756435871 0.377226233482 1.697745800018 0
-0.146220952272 0.554792523384 1.663873910904 0
0.031971678138 0.255711227655 1.685620784760 0
0.116217598319 0.061776582152 1.537544965744 0
-0.003197831102 0.262548416853 1.438559889793 0
-0.037329122424 0.306037575006 1.424343109131 0
-0.271866738796 0.250703096390 1.741507649422 0
-0.328055649996 -0.003270684509 1.798234581947 0
-0.391012102365 -0.213999614120 1.765238761902 0
-0.397999376059 -0.298613429070 1.754499435425 0
-0.071906670928 -0.118469461799 1.687773704529 0
-0.066378973424 -0.521561563015 1.745581626892 0
-0.094822496176 -0.749787211418 1.811765909195 0
-0.124513313174 -0.797728419304 1.764355778694 0
-0.206414073706 -0.121020272374 1.712136507034 0
-0.240393415093 -0.473046481609 1.763298988342 0
-0.221398353577 -0.680884480476 1.813022613525 0
-0.264996469021 -0.743447124958 1.823483347893 0
-0.133728563786 -0.051847010851 1.700520753860 0
-0.126962736249 0.019529862329 1.711859583855 0
-0.105096772313 0.376594454050 1.691638946533 0
-0.140778079629 0.555328786373 1.659556031227 0
0.037541940808 0.254217833281 1.677945852280 0
0.114690572023 0.081069253385 1.493351459503 0
-0.001316733658 0.287088811398 1.435064196587 0
-0.033692706376 0.344049662352 1.421225309372 0
-0.269046217203 0.251624375582 1.737841963768 0
-0.325993388891 -0.002314686310 1.795480966568 0
-0.390709102154 -0.213503018022 1.761895895004 0
-0.397814452648 -0.298268675804 1.750543951988 0
-0.069999687374 -0.118571452796 1.686131000519 0
-0.065657787025 -0.522324502468 1.744659423828 0
-0.093816146255 -0.750096142292 1.809640169144 0
-0.123475231230 -0.798385322094 1.762115836143 0
-0.205281689763 -0.120911344886 1.710960149765 0
-0.240379840136 -0.472694873810 1.761746168137 0
-0.220985069871 -0.680585682392 1.811256885529 0
-0.264401912689 -0.743290185928 1.820682883263 0
-0.131914019585 -0.051570866257 1.698914170265 0
-0.124419018626 0.019736861810 1.708360671997 0
-0.101430855691 0.373765438795 1.681482672691 0
-0.134493127465 0.555694043636 1.653894424438 0
0.041221443564 0.254268586636 1.668637633324 0
0.092796988785 0.155688896775 1.433812856674 0
0.001395037398 0.348632454872 1.428118944168 0
-0.044210992754 0.397086024284 1.411921024323 0
-0.265170842409 0.253121167421 1.732973456383 0
-0.323733985424 -0.000599166669 1.792735815048 0
-0.388003259897 -0.212322071195 1.756971836090 0
-0.395106136799 -0.297223448753 1.744905948639 0
-0.068209968507 -0.118575237691 1.684779524803 0
-0.064650230110 -0.520702958107 1.743183493614 0
-0.092951625586 -0.750327587128 1.807854533195 0
-0.122675985098 -0.798922479153 1.760209679604 0
-0.203776225448 -0.120624050498 1.710030198097 0
-0.232969939709 -0.493822842836 1.761903762817 0
-0.219569995999 -0.701299846172 1.814236879349 0
-0.259003937244 -0.692003905773 1.790293216705 0
-0.130053073168 -0.051298823208 1.697430491447 0
-0.121794767678 0.019912716001 1.704444646835 0
-0.097857318819 0.371335357428 1.670858740807 0
-0.128269731998 0.556043803692 1.647022366524 0
0.041610248387 0.254544436932 1.657196998596 0
0.089759454131 0.172361955047 1.418668270111 0
0.004948763177 0.364456057549 1.426975488663 0
-0.045716047287 0.418338239193 1.408224105835 0
-0.261508852243 0.254806160927 1.728268265724 0
-0.321300566196 0.001522812760 1.790398716927 0
-0.384239405394 -0.211000531912 1.752695202827 0
-0.391187399626 -0.295698404312 1.739507555962 0
-0.066654652357 -0.118456184864 1.683692574501 0
-0.063058562577 -0.517038881779 1.741171360016 0
-0.092203259468 -0.750482380390 1.806296229362 0
-0.122126474977 -0.799326121807 1.758574128151 0
-0.201756790280 -0.120097510517 1.709306716919 0
-0.230280280113 -0.501003265381 1.761950373650 0
-0.219258353114 -0.709114611149 1.814748644829 0
-0.257513195276 -0.681249797344 1.783485054970 0
-0.128311932087 -0.051094360650 1.696148991585 0
-0.119535453618 0.019976718351 1.701014041901 0
-0.095156252384 0.369468957186 1.662617564201 0
-0.123942703009 0.555951595306 1.641527414322 0
0.041404247284 0.254593282938 1.648688673973 0
0.088144779205 0.180263504386 1.410963654518 0
0.006569023710 0.371903151274 1.425751090050 0
-0.046349860728 0.429298520088 1.405663609505 0
-0.258094817400 0.256386756897 1.723948478699 0
-0.319101244211 0.003747012001 1.788557291031 0
-0.380599498749 -0.209666147828 1.749616265297 0
-0.387621104717 -0.294341355562 1.735924720764 0
-0.065322935581 -0.118306890130 1.682839274406 0
-0.061938889325 -0.514452159405 1.739773273468 0
-0.091508954763 -0.750619292259 1.804918766022 0
-0.121625907719 -0.799681544304 1.757075548172 0
-0.199693217874 -0.119565635920 1.708770394325 0
-0.228678926826 -0.505229532719 1.762089014053 0
-0.219238609076 -0.713851749897 1.815046548843 0
-0.256704539061 -0.676044940948 1.780050396919 0
-0.126853689551 -0.050979778171 1.695116400719 0
-0.117733582854 0.019922608510 1.698122262955 0
-0.093034714460 0.367911785841 1.655668258667 0
-0.120801277459 0.555690348148 1.636963963509 0
0.040395054966 0.254147231579 1.641031622887 0
0.087300524116 0.184595793486 1.405968785286 0
0.007393837441 0.376086503267 1.424503922462 0
-0.046759665012 0.435472905636 1.403674721718 0
-0.255441814661 0.257458627224 1.720306992531 0
-0.317140877247 0.005586275365 1.787279605865 0
-0.377844005823 -0.208640709519 1.747730493546 0
-0.385109364986 -0.293470323086 1.733997106552 0
-0.064272232354 -0.118178874254 1.682205915451 0
-0.061038721353 -0.512375831604 1.738709807396 0
-0.090869322419 -0.750757098198 1.803697466850 0
-0.121197968721 -0.800002157688 1.755720257759 0
-0.197921425104 -0.119112282991 1.708402276039 0
-0.227833569050 -0.507248103619 1.762183547020 0
-0.219277352095 -0.716290712357 1.815025568008 0
-0.256579965353 -0.672836422920 1.777858853340 0
-0.125500261784 -0.050927348435 1.694162368774 0
-0.116116322577 0.019750442356 1.695129752159 0
-0.091425478458 0.366140961647 1.648195981979 0
-0.117875114083 0.554728746414 1.631344437599 0
0.039075464010 0.253197044134 1.632486462593 0
0.086507782340 0.187689483166 1.401314854622 0
0.008207884617 0.378669440746 1.422474980354 0
-0.047135602683 0.439770102501 1.401247620583 0
-0.253107011318 0.258212149143 1.716520071030 0
-0.315177202225 0.007344415411 1.786427974701 0
-0.375287532806 -0.207719936967 1.747454762459 0
-0.382546305656 -0.292739719152 1.734863042831 0
-0.063349723816 -0.118055410683 1.681689500809 0
-0.060133550316 -0.510317444801 1.737773299217 0
-0.090278871357 -0.750889539719 1.802592515945 0
-0.120848052204 -0.800287842751 1.754492402077 0
-0.196299359202 -0.118700236082 1.708161354065 0
-0.227283760905 -0.508361935616 1.762301564217 0
-0.219994336367 -0.729090452194 1.817685127258 0
-0.250736773014 -0.749018669128 1.763812899590 0
-0.124432824552 -0.050953634083 1.693411469460 0
-0.114937216043 0.019481174648 1.692674160004 0
-0.090430341661 0.364461958408 1.641460061073 0
-0.116030625999 0.553823828697 1.627058744431 0
0.037543233484 0.252101898193 1.625318050385 0
0.085938118398 0.189589992166 1.397814512253 0
0.009038941003 0.379306048155 1.419618129730 0
-0.047456193715 0.442497730255 1.398365259171 0
-0.251096576452 0.258652359247 1.712944984436 0
-0.313486874104 0.008850822225 1.785800337791 0
-0.372540235519 -0.206619262695 1.748318433762 0
-0.379599958658 -0.291737169027 1.737258076668 0
-0.062627345324 -0.117964252830 1.681305766106 0
-0.059350933880 -0.508563756943 1.737017750740 0
-0.089675836265 -0.751044213772 1.801533102989 0
-0.120502077043 -0.800571501255 1.753315329552 0
-0.194981172681 -0.118377685547 1.708035230637 0
-0.227022722363 -0.508873343468 1.762532830238 0
-0.220130607486 -0.729791343212 1.818933367729 0
-0.250530838966 -0.754823088646 1.766391277313 0
-0.123413503170 -0.051103308797 1.692654132843 0
-0.113834060729 0.018945265561 1.689927697182 0
-0.089584186673 0.362080782652 1.633412957191 0
-0.114442095160 0.552271366119 1.621757507324 0
0.035359263420 0.250452011824 1.615947127342 0
0.085060559213 0.190231010318 1.393447279930 0
0.010458701290 0.377602785826 1.414920926094 0
-0.047089830041 0.443731218576 1.393921732903 0
-0.249359175563 0.258876174688 1.708989977837 0
-0.311789512634 0.010317443870 1.785292506218 0
-0.368521571159 -0.205234318972 1.751891255379 0
-0.375105857849 -0.290410876274 1.744322657585 0
-0.062015559524 -0.117902375758 1.680999517441 0
-0.058631084859 -0.507037103176 1.736330032349 0
-0.088955655694 -0.751262903214 1.800340414047 0
-0.120142631233 -0.800879001617 1.752090692520 0
-0.193770796061 -0.118128322065 1.707969665527 0
-0.226806253195 -0.509243726730 1.762774705887 0
-0.220231950283 -0.730275571346 1.819862723351 0
-0.250539571047 -0.758859336376 1.768326282501 0
-0.122532151639 -0.051276020706 1.691986441612 0
-0.112960360944 0.018416834995 1.687546372414 0
-0.088923513889 0.360157191753 1.627014279366 0
-0.113337591290 0.550462424755 1.616865038872 0
0.034211847931 0.249122709036 1.609674096107 0
0.084260702133 0.190261110663 1.389902472496 0
0.011521606706 0.374782711267 1.409878730774 0
-0.046747274697 0.443746745586 1.389052271843 0
-0.247762396932 0.258941322565 1.704911470413 0
-0.310329824686 0.011707697995 1.784825801849 0
-0.365176320076 -0.204191029072 1.755678415298 0
-0.371605783701 -0.289453834295 1.751173496246 0
-0.061494529247 -0.117859289050 1.680759668350 0
-0.057983271778 -0.505665063858 1.735686898232 0
-0.088163241744 -0.751538634300 1.799029588699 0
-0.119702331722 -0.801222562790 1.750741600990 0
-0.192757591605 -0.117929942906 1.707938432693 0
-0.226627647877 -0.509505808353 1.763014554977 0
-0.220314830542 -0.730610430241 1.820571780205 0
-0.250559270382 -0.761767446995 1.769778132439 0
-0.121543079615 -0.051637224853 1.691118121147 0
-0.112049028277 0.017609547824 1.684682369232 0
-0.088254444301 0.358295172453 1.620198607445 0
-0.112412147224 0.548394441605 1.611130714417 0
0.032979033887 0.246948868036 1.601101160049 0
0.083449751139 0.189124748111 1.384340763092 0
0.009995837696 0.372105926275 1.401972413063 0
-0.047236323357 0.443433582783 1.382967948914 0
-0.245748326182 0.258879810572 1.698846220970 0
-0.308785825968 0.013523487374 1.784145712852 0
-0.361776441336 -0.203293934464 1.759815812111 0
-0.368071258068 -0.288532882929 1.758637785912 0
-0.060995839536 -0.117863141000 1.680525779724 0
-0.057209946215 -0.503999829292 1.734778046608 0
-0.087400272489 -0.751885056496 1.797588229179 0
-0.119313411415 -0.801600694656 1.749311685562 0
-0.191705793142 -0.117797620595 1.707867741585 0
-0.226464375854 -0.509674310684 1.763270974159 0
-0.220343694091 -0.730853319168 1.821133852005 0
-0.250581294298 -0.763965427876 1.770953774452 0
-0.120551042259 -0.052061785012 1.690166234970 0
-0.111161343753 0.016719704494 1.681651949883 0
-0.087187364697 0.356032609940 1.611987352371 0
-0.111806489527 0.546165347099 1.604895591736 0
0.032352536917 0.245029255748 1.593927145004 0
0.082366555929 0.187270984054 1.378734350204 0
0.010565565899 0.369952589273 1.392990231514 0
-0.047272533178 0.443579703569 1.374905824661 0
-0.244055584073 0.258394390345 1.692333936691 0
-0.307458013296 0.015191765502 1.783438444138 0
-0.359438747168 -0.202638030052 1.762961268425 0
-0.365997731686 -0.287864595652 1.763630151749 0
-0.060479003936 -0.117895372212 1.680301904678 0
-0.056278750300 -0.502045333385 1.733552813530 0
-0.086446441710 -0.752349078655 1.795796871185 0
-0.118770249188 -0.802068889141 1.747604250908 0
-0.190766155720 -0.117700532079 1.707784652710 0
-0.226413071156 -0.509298324585 1.763830661774 0
-0.220278427005 -0.731044650078 1.821524381638 0
-0.250428766012 -0.765627622604 1.771781325340 0
-0.119645871222 -0.052504546940 1.689197659492 0
-0.110446095467 0.015876274556 1.678894281387 0
-0.086597025394 0.354137808084 1.605641484261 0
-0.111226372421 0.543673515320 1.598827123642 0
0.031898386776 0.243773117661 1.589057207108 0
0.081389129162 0.185721233487 1.374647259712 0
0.010860533454 0.367428541183 1.386251330376 0
-0.047435380518 0.442864269018 1.367936372757 0
-0.242942228913 0.257919400930 1.687384009361 0
-0.306383758783 0.016541808844 1.782796144485 0
-0.357888370752 -0.202034309506 1.765183687210 0
-0.364803761244 -0.287289649248 1.766754865646 0
-0.059999611229 -0.117940522730 1.680088877678 0
-0.055421471596 -0.500184416771 1.732313871384 0
-0.085448145866 -0.752837598324 1.793987751007 0
-0.118150591850 -0.802562952042 1.745846986771 0
-0.189921662211 -0.117634706199 1.707663059235 0
-0.226398020983 -0.508708000183 1.764433264732 0
-0.220208838582 -0.731189489365 1.821829795837 0
-0.250284761190 -0.766928017139 1.772429704666 0
-0.118673168123 -0.053017135710 1.688041806221 0
-0.109753079712 0.015037083998 1.676161766052 0
-0.086245216429 0.352641940117 1.600591540337 0
-0.110813178122 0.541687011719 1.594019174576 0
0.031607404351 0.242950275540 1.585439324379 0
0.080560199916 0.184346154332 1.371511220932 0
0.010750496760 0.364260554314 1.380717158318 0
-0.047874748707 0.441099286079 1.361705422401 0
-0.242149651051 0.257333874702 1.683051705360 0
-0.305517673492 0.017630286515 1.782153844833 0
-0.356875687838 -0.201516553760 1.766741394997 0
-0.364126473665 -0.286806195974 1.768792510033 0
-0.059408474714 -0.118022114038 1.679788470268 0
-0.054717160761 -0.498664230108 1.731218695641 0
-0.084543146193 -0.753344655037 1.792169928551 0
-0.117534071207 -0.803071975708 1.744019746780 0
-0.189036488533 -0.117621332407 1.707433581352 0
-0.226389676332 -0.508158028126 1.764979124069 0
-0.220132023096 -0.731297671795 1.822096467018 0
-0.250137746334 -0.767983257771 1.772976756096 0
-0.117619767785 -0.053646225482 1.686561226845 0
-0.109063908458 0.014077935368 1.673047900200 0
-0.086118191481 0.350882351398 1.594713926315 0
-0.110524334013 0.539507508278 1.588832259178 0
0.031290214509 0.242207437754 1.581708192825 0
0.079639807343 0.182884216309 1.368000626564 0
0.007550255395 0.361996382475 1.372203826904 0
-0.049105536193 0.439370602369 1.354999542236 0
-0.241512373090 0.256528466940 1.678163051605 0
-0.304724842310 0.018596142530 1.781129837036 0
-0.356309354305 -0.200663641095 1.767270207405 0
-0.363809764385 -0.286157906055 1.769399642944 0
-0.058726012707 -0.118157982826 1.679354548454 0
-0.054020520300 -0.497191727161 1.729996800423 0
-0.083710305393 -0.753908455372 1.790171504021 0
-0.116929560900 -0.803625285625 1.742023587227 0
-0.188052654266 -0.117660939693 1.707035541534 0
-0.226299941540 -0.507730007172 1.765451192856 0
-0.220059007406 -0.731379091740 1.822342038155 0
-0.250012040138 -0.768863976002 1.773465275764 0
-0.116620324552 -0.054291129112 1.685068845749 0
-0.108450904489 0.013173521496 1.670271754265 0
-0.086006656289 0.349316835403 1.590136528015 0
-0.110224246979 0.537351548672 1.584144234657 0
0.031050952151 0.241618484259 1.578039884567 0
0.078870005906 0.181407615542 1.364704370499 0
0.006023908500 0.360270410776 1.367309808731 0
-0.049819227308 0.437768250704 1.349976658821 0
-0.240836411715 0.255571484566 1.673313140869 0
-0.303945928812 0.019453581423 1.779853582382 0
-0.355821281672 -0.199735566974 1.767332196236 0
-0.363577723503 -0.285401165485 1.769543886185 0
-0.058033876121 -0.118322409689 1.678870916367 0
-0.053350191563 -0.495894551277 1.728799343109 0
-0.082983575761 -0.754445135593 1.788296103477 0
-0.116373591125 -0.804162144661 1.740094542503 0
-0.187036857009 -0.117745831609 1.706524252892 0
-0.226202905178 -0.507340431213 1.765855669975 0
-0.219989255071 -0.731442630291 1.822561144829 0
-0.249901622534 -0.769605636597 1.773891568184 0
-0.115743927658 -0.054976020008 1.683489203453 0
-0.107981346548 0.012243745849 1.667511820793 0
-0.086025275290 0.347746014595 1.585693240166 0
-0.110090240836 0.535643875599 1.580005884171 0
0.030428178608 0.240205690265 1.573305368423 0
0.078019745648 0.179632738233 1.360423684120 0
0.005175524391 0.358597218990 1.362796425819 0
-0.050158113241 0.436085611582 1.345011353493 0
-0.240433499217 0.254802048206 1.668970584869 0
-0.303139805794 0.020180923864 1.778001666069 0
-0.355325907469 -0.198826253414 1.766764283180 0
-0.363164693117 -0.284420788288 1.768427133560 0
-0.057357855141 -0.118540838361 1.678261518478 0
-0.052479699254 -0.494253993034 1.727087020874 0
-0.082355685532 -0.755048871040 1.786117076874 0
-0.115950442851 -0.804719209671 1.737984776497 0
-0.186129957438 -0.117858991027 1.705963373184 0
-0.225820675492 -0.505812942982 1.766197323799 0
-0.219909042120 -0.731487393379 1.822796702385 0
-0.249827980995 -0.770261645317 1.774331450462 0
-0.115104623139 -0.055541522801 1.682148694992 0
-0.107709959149 0.011499205604 1.665282249451 0
-0.086115144193 0.346463441849 1.582207679749 0
-0.110075645149 0.534290850163 1.576641440392 0
0.029790313914 0.238841772079 1.569349169731 0
0.077146738768 0.178042158484 1.356152772903 0
0.004429285415 0.357540309429 1.359180688858 0
-0.050402946770 0.434787869453 1.340971350670 0
-0.240204289556 0.254300117493 1.665539622307 0
-0.302359372377 0.020778588951 1.775967597961 0
-0.354786545038 -0.198198750615 1.765772104263 0
-0.362654387951 -0.283672690392 1.766680002213 0
-0.056819122285 -0.118743814528 1.677689909935 0
-0.051696240902 -0.492845565081 1.725489139557 0
-0.081438764930 -0.755741655827 1.783633232117 0
-0.115313015878 -0.805332839489 1.735634565353 0
-0.185418948531 -0.117946527898 1.705475449562 0
-0.225524395704 -0.504910528660 1.766499876976 0
-0.219663441181 -0.727520465851 1.822365760803 0
-0.256370514631 -0.759991049767 1.783567667007 0
-0.114522650838 -0.056084454060 1.680739283562 0
-0.107452429831 0.010799717158 1.663004875183 0
-0.085871271789 0.345228344202 1.578168272972 0
-0.110095657408 0.532782256603 1.572549700737 0
0.029141301289 0.237074717879 1.565000057220 0
0.072816178203 0.183369621634 1.347028017044 0
-0.000554738508 0.365107148886 1.346397519112 0
-0.052712403238 0.437952488661 1.335346937180 0
-0.239986300468 0.253807276487 1.661875844002 0
-0.301497370005 0.021295405924 1.773403167725 0
-0.353852719069 -0.197631821036 1.763876676559 0
-0.361598700285 -0.283089965582 1.763322830200 0
-0.056306850165 -0.118943110108 1.677034974098 0
-0.050913855433 -0.491389036179 1.723641157150 0
-0.080220639706 -0.756497442722 1.780821323395 0
-0.114451393485 -0.806002616882 1.733038425446 0
-0.184763491154 -0.118030548096 1.704931616783 0
-0.225215584040 -0.504224002361 1.766715049744 0
-0.219382256269 -0.724635303020 1.820985555649 0
-0.277861654758 -0.742095470428 1.810039997101 0
-0.114072598517 -0.056716747582 1.679403305054 0
-0.107274301350 0.010075766593 1.661006808281 0
-0.085481382906 0.344277441502 1.574880480766 0
-0.110275387764 0.531504392624 1.568888068199 0
0.025013169274 0.231413096189 1.557889580727 0
0.064895123243 0.197335019708 1.331256508827 0
-0.012623798102 0.405195564032 1.309744477272 0
-0.058140750974 0.454667091370 1.321374773979 0
-0.239695101976 0.253181725740 1.658374786377 0
-0.300761491060 0.021676775068 1.771117925644 0
-0.353123545647 -0.196899682283 1.761943578720 0
-0.360935539007 -0.282317489386 1.759993672371 0
-0.055947326124 -0.119183398783 1.676301002502 0
-0.050022695214 -0.489561945200 1.721425056458 0
-0.079347655177 -0.757163882256 1.778324842453 0
-0.113963708282 -0.806575477123 1.730759143829 0
-0.184196889400 -0.118121191859 1.704435467720 0
-0.224991917610 -0.494619548321 1.765524506569 0
-0.219015002251 -0.709948122501 1.815185189247 0
-0.271284341812 -0.741971910000 1.793246507645 0
-0.113804474473 -0.057416584343 1.678168296814 0
-0.107213340700 0.009354467504 1.659272193909 0
-0.085012994707 0.343595892191 1.572271347046 0
-0.111855134368 0.529047131538 1.563634157181 0
0.023102775216 0.228843852878 1.555115342140 0
0.058672979474 0.208083882928 1.305422663689 0
0.001981201582 0.405231207609 1.201128602028 0
-0.023872716352 0.479054808617 1.191392540932 0
-0.238580748439 0.252234786749 1.653785586357 0
-0.299907356501 0.022139739245 1.768401265144 0
-0.352435201406 -0.196001842618 1.759963631630 0
-0.360421240330 -0.281380861998 1.756937980652 0
-0.055842716247 -0.119455233216 1.675416231155 0
-0.048739805818 -0.484797328711 1.717671394348 0
-0.078801855445 -0.757383465767 1.775921463966 0
-0.113698370755 -0.807081520557 1.728553414345 0
-0.183727681637 -0.118200682104 1.704004406929 0
-0.226492360234 -0.485650032759 1.764948844910 0
-0.218749284744 -0.699561953545 1.811158895493 0
-0.269427180290 -0.740962028503 1.790722012520 0
-0.113678455353 -0.058092292398 1.677123427391 0
-0.107236787677 0.008719186299 1.657882213593 0
-0.084662362933 0.343142658472 1.570407390594 0
-0.113103725016 0.527180910110 1.559741258621 0
0.010760329664 0.219982460141 1.549733042717 0
0.055880427361 0.211390480399 1.292036294937 0
0.007195260841 0.401422202587 1.174992561340 0
0.000984419603 0.441834479570 1.154085516930 0
-0.237513661385 0.251820176840 1.650157809258 0
-0.299080878496 0.022755712271 1.765715837479 0
-0.351853966713 -0.194879189134 1.758063793182 0
-0.359646201134 -0.280275613070 1.754345536232 0
-0.056101068854 -0.119646184146 1.674321055412 0
-0.047663081437 -0.478596895933 1.713830113411 0
-0.078299522400 -0.756930112839 1.773382425308 0
-0.113601811230 -0.807454824448 1.726497173309 0
-0.183320745826 -0.118252769113 1.703637719154 0
-0.227783590555 -0.479581743479 1.764558076859 0
-0.218642532825 -0.693165242672 1.808701753616 0
-0.267883807421 -0.740105450153 1.788436770439 0
-0.113635584712 -0.058522973210 1.676148295403 0
-0.107273988426 0.008330802433 1.656635642052 0
-0.083979427814 0.343071281910 1.568807721138 0
-0.114139936864 0.525604307652 1.556433677673 0
0.004546060693 0.217427715659 1.547577738762 0
0.055132556707 0.210036590695 1.280653238297 0
0.025604326278 0.366176068783 1.111552000046 0
0.039177395403 0.357162863016 1.106476902962 0
-0.237630158663 0.252458512783 1.649093508720 0
-0.298509597778 0.023560859263 1.763504385948 0
-0.351533353329 -0.193802729249 1.756457209587 0
-0.359514594078 -0.279244482517 1.752411723137 0
-0.056641690433 -0.119389429688 1.672866940498 0
-0.046878740191 -0.472984582186 1.710696458817 0
-0.077803492546 -0.756137430668 1.770604014397 0
-0.113571017981 -0.807596802711 1.724311947823 0
-0.182871088386 -0.118111357093 1.703153967857 0
-0.229663103819 -0.468947798014 1.763404726982 0
-0.218853890896 -0.682821810246 1.805076837540 0
-0.266387999058 -0.738481462002 1.785679221153 0
-0.113621696830 -0.058866411448 1.675266742706 0
-0.107315003872 0.008043005131 1.655581831932 0
-0.083370797336 0.343115895987 1.567620038986 0
-0.114948332310 0.524253427982 1.553833365440 0
0.000870666467 0.215766757727 1.546276211739 0
0.055195331573 0.208232179284 1.270466566086 0
0.030901700258 0.354045063257 1.091665625572 0
0.044384330511 0.345392376184 1.091977953911 0
-0.237768605351 0.252969890833 1.648350477219 0
-0.298088371754 0.024109810591 1.761949539185 0
-0.351406991482 -0.193033933640 1.755244135857 0
-0.359711796045 -0.278490126133 1.750943183899 0
-0.057134293020 -0.119132369757 1.671589612961 0
-0.046310476959 -0.468874961138 1.708464384079 0
-0.077334739268 -0.755351364613 1.767910361290 0
-0.113538928330 -0.807709813118 1.722089529037 0
-0.182446300983 -0.117931753397 1.702613353729 0
-0.230991095304 -0.455806434155 1.761033535004 0
-0.218985930085 -0.677318751812 1.803180217743 0
-0.260170131922 -0.730864644051 1.763453960419 0
-0.113658115268 -0.059050537646 1.674385190010 0
-0.107386216521 0.007906245068 1.654609918594 0
-0.082894913852 0.343205213547 1.566779375076 0
-0.115706361830 0.523085892200 1.551617860794 0
-0.001640465809 0.214680194855 1.545441031456 0
0.055687788874 0.203816875815 1.263794183731 0
0.036368537694 0.332502722740 1.074094653130 0
0.047168795019 0.331309586763 1.071225523949 0
-0.238141179085 0.253738909960 1.647967100143 0
-0.297793477774 0.024572705850 1.760825395584 0
-0.351496130228 -0.192749097943 1.754533052444 0
-0.360074311495 -0.278105586767 1.750047326088 0
-0.057703871280 -0.118678301573 1.670238256454 0
-0.045765284449 -0.465353548527 1.706590533257 0
-0.076924495399 -0.754483819008 1.765375852585 0
-0.113553449512 -0.807699620724 1.719942808151 0
-0.182002365589 -0.117591232061 1.701933741570 0
-0.231542497873 -0.448293358088 1.759894728661 0
-0.219100967050 -0.673985123634 1.802088856697 0
-0.258032292128 -0.727902173996 1.755031108856 0
-0.113698095083 -0.059267058969 1.673611640930 0
-0.107452668250 0.007745209616 1.653795719147 0
-0.082520931959 0.343260854483 1.566161632538 0
-0.116321466863 0.522139370441 1.549905300140 0
-0.003399274778 0.214000374079 1.544929862022 0
0.056097719818 0.200282737613 1.259969234467 0
0.038902394474 0.319024890661 1.065748333931 0
0.047502722591 0.322948694229 1.058398723602 0
-0.238289296627 0.254206210375 1.647629261017 0
-0.297554790974 0.024925073609 1.759960293770 0
-0.351475328207 -0.192586123943 1.754020214081 0
-0.360202580690 -0.277756541967 1.749460697174 0
-0.058190952986 -0.118318118155 1.669129848480 0
-0.045369599015 -0.462858915329 1.705240249634 0
-0.076560236514 -0.753765225410 1.763100504875 0
-0.113550931215 -0.807697415352 1.717874526978 0
-0.181574717164 -0.117319799960 1.701305270195 0
-0.231838613749 -0.445018857718 1.759495139122 0
-0.219221383333 -0.671861112118 1.801444530487 0
-0.256875842810 -0.726368069649 1.750474095345 0
-0.113886475563 -0.059692952782 1.672917008400 0
-0.107637248933 0.007417977322 1.653100371361 0
-0.082298591733 0.343237042427 1.565765976906 0
-0.116849139333 0.521470785141 1.548648834229 0
-0.005012099631 0.213076680899 1.544587850571 0
0.060486916453 0.179244086146 1.259913802147 0
0.039382189512 0.299591690302 1.051577687263 0
0.044111832976 0.308643966913 1.037287592888 0
-0.238339364529 0.254456996918 1.647377967834 0
-0.297363311052 0.025142394006 1.759378194809 0
-0.351489275694 -0.192403957248 1.753753066063 0
-0.360428065062 -0.277284234762 1.749123334885 0
-0.058951381594 -0.118292585015 1.668016314507 0
-0.045088130981 -0.461127817631 1.704184651375 0
-0.076302990317 -0.753199756145 1.760903000832 0
-0.113624408841 -0.807799041271 1.715809345245 0
-0.181301996112 -0.117216497660 1.700925827026 0
-0.232086688280 -0.443891555071 1.759480714798 0
-0.219343096018 -0.670472204685 1.801080703735 0
-0.256223529577 -0.725523471832 1.747818827629 0
-0.114099897444 -0.060323256999 1.672273874283 0
-0.107852883637 0.006941514090 1.652491927147 0
-0.082204692066 0.343183249235 1.565531611443 0
-0.117241121829 0.521117985249 1.547827005386 0
-0.006884334143 0.212923899293 1.544562935829 0
0.062411159277 0.170033946633 1.260489225388 0
0.038539990783 0.287628293037 1.041351795197 0
0.040482439101 0.299195140600 1.023679971695 0
-0.238332197070 0.254504561424 1.647197961807 0
-0.297220855951 0.025204181671 1.759040951729 0
-0.351453125477 -0.192298576236 1.753604173660 0
-0.360377937555 -0.277087509632 1.748948812485 0
-0.059608910233 -0.118335843086 1.667093873024 0
-0.044920880347 -0.459950536489 1.703364968300 0
-0.076038382947 -0.752804636955 1.758939146996 0
-0.113643027842 -0.807939887047 1.713854670525 0
-0.181030124426 -0.117220193148 1.700597763062 0
-0.232298269868 -0.443323880434 1.759553909302 0
-0.219435542822 -0.669527590275 1.800876259804 0
-0.255746483803 -0.725032269955 1.746123552322 0
-0.114543184638 -0.061539433897 1.671620368958 0
-0.108285799623 0.006062214728 1.651930570602 0
-0.082206815481 0.343126207590 1.565412998199 0
-0.117520734668 0.521096169949 1.547486186028 0
-0.011271087453 0.214752450585 1.545541167259 0
0.062349744141 0.164281934500 1.262784719467 0
0.034337267280 0.268847137690 1.021817207336 0
0.033043909818 0.281555324793 1.004612684250 0
-0.238094702363 0.254435837269 1.646949052811 0
-0.297034680843 0.025215918198 1.758774757385 0
-0.351416200399 -0.192197859287 1.753530979156 0
-0.360365033150 -0.277008175850 1.748860597610 0
-0.060792289674 -0.118585705757 1.665947556496 0
-0.044884718955 -0.459529161453 1.702828407288 0
-0.075791604817 -0.752830922604 1.757326245308 0
-0.113598197699 -0.808144509792 1.712058663368 0
-0.180658504367 -0.117372445762 1.700305461884 0
-0.233134567738 -0.444613903761 1.760476469994 0
-0.219459742308 -0.669217050076 1.800841569901 0
-0.255436658859 -0.725134968758 1.745398640633 0
-0.114958330989 -0.062838703394 1.671029090881 0
-0.108705058694 0.005187664181 1.651461124420 0
-0.082452721894 0.343167275190 1.565524220467 0
-0.117817163467 0.521282970905 1.547336339951 0
-0.015016783029 0.216523289680 1.546669125557 0
0.062067076564 0.159765660763 1.265370011330 0
0.032448478043 0.245420053601 1.016910672188 0
0.027816941962 0.269247174263 0.993255436420 0
-0.237747281790 0.254344046116 1.646709680557 0
-0.296861261129 0.025253001601 1.758595466614 0
-0.351354509592 -0.191960081458 1.753556489944 0
-0.360350817442 -0.276850283146 1.748831152916 0
-0.061871204525 -0.118870355189 1.664894938469 0
-0.044901546091 -0.459317296743 1.702385544777 0
-0.075646497309 -0.753000855446 1.755914211273 0
-0.113602392375 -0.808351755142 1.710404992104 0
-0.180155441165 -0.117656052113 1.699998736382 0
-0.233920708299 -0.449167042971 1.762142419815 0
-0.219479665160 -0.670547306538 1.801651597023 0
-0.255130201578 -0.726132571697 1.746389627457 0
-0.115270361304 -0.064602710307 1.670316338539 0
-0.109076134861 0.004270707723 1.651016712189 0
-0.083359241486 0.344333201647 1.566132307053 0
-0.118181340396 0.521755874157 1.547480821609 0
-0.017249189317 0.217846438289 1.547500491142 0
0.058691758662 0.158497646451 1.265883445740 0
0.030980076641 0.231812581420 1.015125632286 0
0.023134842515 0.252530276775 0.986883878708 0
-0.236076578498 0.253067314625 1.645965576172 0
-0.296708345413 0.025203805417 1.758543372154 0
-0.351282864809 -0.191806644201 1.753602623940 0
-0.360332697630 -0.276751577854 1.748830556870 0
-0.062759846449 -0.119343303144 1.663836359978 0
-0.045028135180 -0.459703236818 1.701802015305 0
-0.075561501086 -0.753488123417 1.754804015160 0
-0.113598756492 -0.808613598347 1.709025382996 0
-0.179189860821 -0.118501864374 1.699405908585 0
-0.233915641904 -0.461068153381 1.765334844589 0
-0.219171524048 -0.677994132042 1.805133461952 0
-0.256162494421 -0.731847465038 1.763278007507 0
-0.115588881075 -0.066026709974 1.669726014137 0
-0.109438695014 0.003562575206 1.650666356087 0
-0.085533335805 0.350001543760 1.568427801132 0
-0.118906304240 0.523689985275 1.549186229706 0
-0.017737928778 0.218258738518 1.547826051712 0
0.056456279010 0.156607747078 1.266272425652 0
0.023535741493 0.201162546873 1.004389405251 0
0.015765732154 0.217776671052 0.979361891747 0
-0.235463872552 0.252605080605 1.646467328072 0
-0.296519815922 0.025039959699 1.758982777596 0
-0.351260215044 -0.191662073135 1.753729343414 0
-0.360359728336 -0.276565104723 1.748933315277 0
-0.063600078225 -0.120093949139 1.662507176399 0
-0.045214407146 -0.460933744907 1.701106786728 0
-0.075771249831 -0.754222810268 1.753849267960 0
-0.113867029548 -0.808853626251 1.707878708839 0
-0.178591728210 -0.119234703481 1.698986649513 0
-0.231814518571 -0.477853924036 1.768187046051 0
-0.219107657671 -0.690929532051 1.811645388603 0
-0.277231156826 -0.736141860485 1.796089887619 0
-0.115467384458 -0.065218634903 1.668756723404 0
-0.109540268779 0.003953612410 1.650341272354 0
-0.086670711637 0.354309946299 1.572982192039 0
-0.120313927531 0.526759684086 1.553299307823 0
0.026596786454 0.293767452240 1.580505132675 0
0.050602443516 0.168374404311 1.276450753212 0
0.016560157761 0.167482197285 1.008323550224 0
0.007683017291 0.152492225170 0.976380169392 0
-0.236390009522 0.252604454756 1.651302456856 0
-0.296481281519 0.024198420346 1.760434865952 0
-0.351231992245 -0.191594392061 1.753875970840 0
-0.360466927290 -0.276287972927 1.749119997025 0
-0.063307844102 -0.119793102145 1.661157250404 0
-0.045396178961 -0.462857663631 1.700340509415 0
-0.075764559209 -0.754482328892 1.753142714500 0
-0.113488838077 -0.808896481991 1.706457018852 0
-0.178384542465 -0.119531504810 1.698324203491 0
-0.230326727033 -0.489729672670 1.770141959190 0
-0.216140061617 -0.700083374977 1.822528481483 0
-0.277083098888 -0.735053002834 1.796994686127 0
-0.115375839174 -0.064243540168 1.667872548103 0
-0.109653487802 0.004608157557 1.650050044060 0
-0.087370760739 0.357528060675 1.577963829041 0
-0.121608659625 0.529483258724 1.557633399963 0
0.029340256006 0.297411173582 1.581990242004 0
0.049065887928 0.168408796191 1.282579541206 0
0.015969384462 0.115443944931 1.019701480865 0
0.007564825471 0.129471749067 0.981613337994 0
-0.237676694989 0.252828568220 1.656450510025 0
-0.296575158834 0.023335834965 1.762251377106 0
-0.351210057735 -0.191547587514 1.754043579102 0
-0.360567033291 -0.276080518961 1.749282360077 0
-0.062998823822 -0.119457520545 1.660036921501 0
-0.045592404902 -0.464599192142 1.699669480324 0
-0.075730919838 -0.754703223705 1.752497673035 0
-0.113213568926 -0.808896481991 1.705213069916 0
-0.178327575326 -0.119650967419 1.697596073151 0
-0.229497060180 -0.496228992939 1.771174430847 0
-0.217419549823 -0.705308675766 1.826404333115 0
-0.277752608061 -0.731777548790 1.795246362686 0
-0.115523770452 -0.063235305250 1.667217493057 0
-0.109966009855 0.005550276488 1.649969577789 0
-0.088264152408 0.361221045256 1.586958169937 0
-0.124056160450 0.533503949642 1.565950989723 0
0.029362548143 0.294312596321 1.582841277122 0
0.093315005302 0.150346755981 1.396771907806 0
0.081302858889 0.163247317076 1.175342321396 0
0.006103537045 0.058913901448 1.004562020302 0
-0.241346925497 0.254012405872 1.666880846024 0
-0.297067105770 0.021902263165 1.765152812004 0
-0.351270198822 -0.191783428192 1.754422664642 0
-0.360791653395 -0.276186645031 1.749486804008 0
-0.062858171761 -0.119124673307 1.659142851830 0
-0.045925833285 -0.466265350580 1.698997497559 0
-0.075593307614 -0.754893302917 1.751936554909 0
-0.113030672073 -0.808865785599 1.704238057137 0
-0.178544580936 -0.119614049792 1.696875095367 0
-0.229025006294 -0.500602483749 1.771823048592 0
-0.218467384577 -0.708934366703 1.828929185867 0
-0.279029041529 -0.729469120502 1.794680118561 0
-0.115931592882 -0.062207255512 1.666727066040 0
-0.110519886017 0.006654487923 1.650082349777 0
-0.089159920812 0.363940149546 1.594920516014 0
-0.126136094332 0.536675274372 1.573434114456 0
0.028184358031 0.288150370121 1.583829998970 0
0.096609920263 0.146602258086 1.409472465515 0
0.046699948609 0.071978121996 1.191457152367 0
0.007025347557 0.025538241491 1.021225929260 0
-0.243513748050 0.254662275314 1.673199295998 0
-0.297700732946 0.020795624703 1.767970204353 0
-0.351541757584 -0.192037954926 1.754951119423 0
-0.361120134592 -0.276308715343 1.749766826630 0
-0.063021570444 -0.118770524859 1.658258676529 0
-0.046248137951 -0.467590928078 1.698394536972 0
-0.075590781868 -0.755029499531 1.751438021660 0
-0.113003849983 -0.808790922165 1.703345537186 0
-0.178964570165 -0.119477175176 1.696267843246 0
-0.228740140796 -0.503488659859 1.772219777107 0
-0.219484955072 -0.711482584476 1.830446124077 0
-0.280641406775 -0.725428938866 1.793635606766 0
-0.116722792387 -0.060957118869 1.666346430779 0
-0.111443050206 0.008050880395 1.650440931320 0
-0.090122222900 0.366077572107 1.602627873421 0
-0.128078967333 0.539656400681 1.580440402031 0
0.027076479048 0.282639145851 1.584686875343 0
0.093017280102 0.138833194971 1.419283151627 0
0.038840152323 0.001624260098 1.252751946449 0
0.007054279558 -0.012511355802 1.049139976501 0
-0.245232716203 0.255243837833 1.678515195847 0
-0.298377066851 0.019825786352 1.770566463470 0
-0.352309167385 -0.192067340016 1.756003975868 0
-0.362107425928 -0.276418328285 1.750351786613 0
-0.063491284847 -0.118346646428 1.657333254814 0
-0.046580590308 -0.468717455864 1.697852611542 0
-0.075613759458 -0.755125045776 1.750991225243 0
-0.113025903702 -0.808686375618 1.702532768250 0
-0.179842993617 -0.119131855667 1.695627927780 0
-0.228558227420 -0.505479097366 1.772470116615 0
-0.220235347748 -0.713265478611 1.831454515457 0
-0.282216578722 -0.721863329411 1.793215751648 0
-0.119192063808 -0.059212837368 1.666107177734 0
-0.113769158721 0.010012395680 1.651422619820 0
-0.091427780688 0.368668287992 1.613049626350 0
-0.131147325039 0.543386220932 1.590351462364 0
0.025875406340 0.275094091892 1.586703896523 0
0.085778109729 0.122387319803 1.433653354645 0
0.045405868441 -0.018842997029 1.267681837082 0
0.011668179184 -0.100537627935 1.115550637245 0
-0.247622758150 0.255850672722 1.685920596123 0
-0.299386471510 0.018428660929 1.773859858513 0
-0.357748895884 -0.191572561860 1.759978771210 0
-0.368866980076 -0.276091665030 1.753288269043 0
-0.065600477159 -0.118018820882 1.655714988708 0
-0.047557741404 -0.470518082380 1.697349548340 0
-0.075616046786 -0.755236744881 1.750668525696 0
-0.113032951951 -0.808640658855 1.701905131340 0
-0.183648139238 -0.118254192173 1.694705128670 0
-0.228478595614 -0.507177948952 1.772655606270 0
-0.220248073339 -0.714528679848 1.832956314087 0
-0.282770395279 -0.721424758434 1.793938517570 0
-0.122179217637 -0.057769700885 1.666009664536 0
-0.116570904851 0.011738459580 1.652663707733 0
-0.092958368361 0.371055334806 1.623716831207 0
-0.134392559528 0.546602606773 1.600869178772 0
0.024752579629 0.266667008400 1.590334534645 0
0.077456817031 0.089932098985 1.454859018326 0
0.048149291426 -0.123762577772 1.267285227776 0
0.024333383888 -0.182238593698 1.190794706345 0
-0.249562546611 0.256358563900 1.692387104034 0
-0.300632029772 0.017199229449 1.777337908745 0
-0.364081889391 -0.191004559398 1.764971852303 0
-0.376326143742 -0.275657385588 1.757255434990 0
-0.068198762834 -0.118075869977 1.654061079025 0
-0.049068193883 -0.473157405853 1.697057843208 0
-0.075595304370 -0.755332708359 1.750517249107 0
-0.112994253635 -0.808654010296 1.701531767845 0
-0.188344985247 -0.117444314063 1.693765640259 0
-0.228504106402 -0.508532226086 1.772791504860 0
-0.220590651035 -0.715580999851 1.834047675133 0
-0.283311545849 -0.720858275890 1.794291138649 0
