0.027562053874 -0.017560280859 2.000675201416 0
0.032631773502 0.046591546386 2.062160491943 0
0.036012995988 0.431312322617 2.051936149597 0
0.045229494572 0.624027550220 2.038141727448 0
0.193003013730 0.291321486235 2.038391590118 0
0.245226785541 0.010633565485 2.064842700958 0
0.318226933479 -0.213596791029 2.031732082367 0
0.317414283752 -0.277493059635 2.008739709854 0
-0.125828266144 0.292251497507 2.066617012024 0
-0.178099438548 0.015511482023 2.097158670425 0
-0.263149172068 -0.201501488686 2.025189638138 0
-0.261231243610 -0.267193108797 1.977888464928 0
0.100610643625 -0.091832570732 1.982230782509 0
0.169177621603 -0.468837112188 2.010626554489 0
0.229265764356 -0.772074282169 2.063558340073 0
0.231250822544 -0.835310280323 1.988157510757 0
-0.042855702341 -0.087726399302 1.995031833649 0
-0.110201098025 -0.480609804392 2.025458574295 0
-0.180305480957 -0.791405141354 2.094836473465 0
-0.198160469532 -0.862125873566 2.044307708740 0
0.027819998562 -0.017795169726 2.000875234604 0
0.032760668546 0.046632509679 2.062134265900 0
0.036036040634 0.430997073650 2.050829410553 0
0.044133089483 0.623687922955 2.036114931107 0
0.193262666464 0.290918141603 2.038208246231 0
0.246491447091 0.011599656194 2.064541816711 0
0.306955605745 -0.182833060622 1.949607133865 0
0.297551870346 -0.266717374325 1.908503651619 0
-0.125949919224 0.291946649551 2.066264390945 0
-0.182170733809 0.020202048123 2.097120285034 0
-0.246894538403 -0.145775660872 1.949169754982 0
-0.226244360209 -0.218921184540 1.879750490189 0
0.101050764322 -0.092209644616 1.983053445816 0
0.169492945075 -0.468769639730 2.011080265045 0
0.229202419519 -0.772410333157 2.064018726349 0
0.231264337897 -0.835326790810 1.988178730011 0
-0.042794741690 -0.088150389493 1.995491027832 0
-0.110197201371 -0.475357413292 2.024475574493 0
-0.180196300149 -0.791521489620 2.095023870468 0
-0.198168084025 -0.862056910992 2.044054031372 0
0.028052976355 -0.017999628559 2.001055955887 0
0.032885812223 0.046670388430 2.062106609344 0
0.036036312580 0.430729120970 2.050041675568 0
0.043215539306 0.623487532139 2.034739255905 0
0.193474918604 0.290572792292 2.038054466248 0
0.248171716928 0.015595559962 2.061923503876 0
0.293761372566 -0.161606252193 1.897748231888 0
0.269999682903 -0.244145929813 1.836624026299 0
-0.126077964902 0.291705936193 2.065992832184 0
-0.186494544148 0.027281817049 2.095168113708 0
-0.204886034131 -0.129532277584 1.841827630997 0
-0.154600843787 -0.201941907406 1.774571418762 0
0.101443551481 -0.092469975352 1.983729004860 0
0.169717639685 -0.468721926212 2.011419057846 0
0.229143902659 -0.772704124451 2.064424037933 0
0.231277927756 -0.835345029831 1.988201856613 0
-0.042744286358 -0.088518969715 1.995886325836 0
-0.110191099346 -0.475180715322 2.024816989899 0
-0.180105596781 -0.791657507420 2.095223665237 0
-0.198193445802 -0.861967027187 2.043775796890 0
0.028111871332 -0.018136085942 2.001294136047 0
0.032930690795 0.046699870378 2.062109708786 0
0.036037083715 0.430555254221 2.049597740173 0
0.041905820370 0.623533666134 2.034055471420 0
0.193609386683 0.290309309959 2.037951469421 0
0.249360173941 0.025478497148 2.053673744202 0
0.216435566545 -0.124338544905 1.783207416534 0
0.134943306446 -0.175559863448 1.722056746483 0
-0.126200303435 0.291623741388 2.065905809402 0
-0.191098883748 0.041866194457 2.083837270737 0
-0.186847418547 -0.062652528286 1.810909152031 0
-0.086831748486 -0.089924849570 1.726895093918 0
0.101527623832 -0.092638924718 1.984405755997 0
0.169768363237 -0.468676000834 2.011820077896 0
0.229102551937 -0.773002147675 2.064821481705 0
0.231293395162 -0.835364401340 1.988226056099 0
-0.043046545237 -0.088824242353 1.996458768845 0
-0.110137566924 -0.475287288427 2.025508403778 0
-0.180039346218 -0.791796565056 2.095440387726 0
-0.198242008686 -0.861868441105 2.043502330780 0
0.028129238635 -0.018275260925 2.001603603363 0
0.032959170640 0.046722948551 2.062126874924 0
0.036021780223 0.430421292782 2.049332618713 0
0.040020063519 0.623774051666 2.034068584442 0
0.193674549460 0.290133744478 2.037896156311 0
0.249418705702 0.036996662617 2.040898561478 0
0.208380445838 -0.090255342424 1.772930145264 0
0.120548166335 -0.134650096297 1.710703372955 0
-0.126324430108 0.291569769382 2.065864324570 0
-0.193286299706 0.053096201271 2.069901704788 0
-0.109618283808 0.010549843311 1.748516321182 0
0.017479602247 -0.032546103001 1.698587775230 0
0.101483047009 -0.092779934406 1.985128164291 0
0.169791117311 -0.468623042107 2.012199640274 0
0.229068920016 -0.773276746273 2.065190315247 0
0.231309324503 -0.835385560989 1.988252878189 0
-0.043352719396 -0.089091978967 1.997049927711 0
-0.110088765621 -0.475411295891 2.026173591614 0
-0.179984688759 -0.791922926903 2.095643997192 0
-0.198295891285 -0.861769914627 2.043236255646 0
0.028049319983 -0.018295843154 2.002037525177 0
0.032960422337 0.046801220626 2.062209129333 0
0.035904530436 0.430275768042 2.049508333206 0
0.035772807896 0.624177753925 2.036606550217 0
0.193680524826 0.290097892284 2.037889003754 0
0.249393522739 0.053884092718 2.014770507813 0
0.127134740353 0.024921212345 1.732748031616 0
0.057606451213 0.033203825355 1.708860397339 0
-0.126524195075 0.291563153267 2.065916061401 0
-0.193576261401 0.063912428916 2.039674043655 0
-0.063584260643 0.054419688880 1.728760242462 0
0.039124011993 0.020834235474 1.701598763466 0
0.100946769118 -0.092531271279 1.986110210419 0
0.169752106071 -0.468564391136 2.012575626373 0
0.229048877954 -0.773513555527 2.065516233444 0
0.231328576803 -0.835409224033 1.988283276558 0
-0.043612368405 -0.089239947498 1.997604012489 0
-0.110154986382 -0.475741028786 2.027097463608 0
-0.179956004024 -0.792035698891 2.095850706100 0
-0.198364481330 -0.861669838428 2.042983770370 0
0.027927005664 -0.018184065819 2.002525806427 0
0.032933671027 0.046966288239 2.062357425690 0
0.035613078624 0.430149137974 2.050185918808 0
0.031714867800 0.624557077885 2.039870023727 0
0.193654432893 0.290156543255 2.037900209427 0
0.246818751097 0.066391609609 1.991067290306 0
0.100826181471 0.047441925853 1.724161267281 0
0.059849068522 0.107552312315 1.727261185646 0
-0.126754418015 0.291617095470 2.066030263901 0
-0.188070878386 0.070178382099 2.014424085617 0
-0.026713520288 0.078532680869 1.720856070518 0
0.058406062424 0.053661853075 1.706861138344 0
0.100285105407 -0.092054858804 1.987058520317 0
0.169672578573 -0.468475371599 2.012912034988 0
0.229038357735 -0.773701190948 2.065791606903 0
0.231349557638 -0.835432529449 1.988315105438 0
-0.043796677142 -0.089261338115 1.998082876205 0
-0.110248751938 -0.476101666689 2.027956962585 0
-0.179930120707 -0.792131900787 2.096038818359 0
-0.198436707258 -0.861571133137 2.042740583420 0
0.027757601812 -0.017832595855 2.003016233444 0
0.032867986709 0.047308634967 2.062570810318 0
0.035038568079 0.430289298296 2.051944255829 0
0.025634467602 0.626121222973 2.047679901123 0
0.193395540118 0.291672050953 2.038020849228 0
0.240298300982 0.077713750303 1.965690970421 0
0.017990887165 0.121560193598 1.723268866539 0
-0.069514803588 0.136824667454 1.747558116913 0
-0.126978784800 0.291718840599 2.066156387329 0
-0.180464580655 0.076081261039 1.996073126793 0
-0.015090394765 0.099479228258 1.722927570343 0
-0.037041060627 0.123862229288 1.744649648666 0
0.099497877061 -0.091190882027 1.987720131874 0
0.169589444995 -0.468405753374 2.013195037842 0
0.229044556618 -0.773821175098 2.065995454788 0
0.231374248862 -0.835454702377 1.988347887993 0
-0.043909300119 -0.089071370661 1.998476028442 0
-0.110359817743 -0.476478129625 2.028733730316 0
-0.179930880666 -0.792216181755 2.096225023270 0
-0.198529928923 -0.861477196217 2.042516469955 0
0.027545955032 -0.017317211255 2.003463029861 0
0.032778974622 0.047762952745 2.062790393829 0
0.034432221204 0.430571764708 2.054027080536 0
0.021474529058 0.627116739750 2.053953170776 0
0.193099051714 0.293315231800 2.038044452667 0
0.236607342958 0.081461668015 1.949347257614 0
0.008869281039 0.130841493607 1.723045468330 0
-0.088776111603 0.153033003211 1.751316785812 0
-0.127278342843 0.291956663132 2.066353559494 0
-0.178840070963 0.078025497496 1.990415811539 0
-0.019399147481 0.116036862135 1.731516838074 0
-0.005168602802 0.153475701809 1.675847768784 0
0.098651520908 -0.090096518397 1.988127350807 0
0.169480070472 -0.468292564154 2.013420343399 0
0.229058697820 -0.773891448975 2.066139698029 0
0.231400236487 -0.835474014282 1.988378882408 0
-0.044018190354 -0.088767707348 1.998809456825 0
-0.110461108387 -0.476812809706 2.029393672943 0
-0.179935142398 -0.792295277119 2.096401691437 0
-0.198631927371 -0.861387670040 2.042304277420 0
0.027187850326 -0.016388723627 2.003869056702 0
0.032614570111 0.048471156508 2.063021659851 0
0.033698473126 0.431036770344 2.056808471680 0
0.016227254644 0.629024744034 2.063315629959 0
0.192624256015 0.295414566994 2.037964344025 0
0.233930677176 0.084692157805 1.938029289246 0
0.009790032171 0.136712729931 1.727469205856 0
-0.098644301295 0.163117229939 1.751570343971 0
-0.127825602889 0.292569041252 2.066760778427 0
-0.175395190716 0.079764232039 1.986155152321 0
0.075592026114 0.136084780097 1.738724350929 0
0.054366126657 0.157379001379 1.675290584564 0
0.097558304667 -0.088515765965 1.988178491592 0
0.169387340546 -0.468182981014 2.013571977615 0
0.229073897004 -0.773919463158 2.066211223602 0
0.231424927711 -0.835488736629 1.988402485847 0
-0.044192865491 -0.088086158037 1.999081373215 0
-0.110540084541 -0.477064698935 2.029856681824 0
-0.179935142398 -0.792332231998 2.096526145935 0
-0.198750257492 -0.861289560795 2.042093038559 0
0.026736494154 -0.015142639168 2.004249572754 0
0.032402917743 0.049360722303 2.063265085220 0
0.033079620451 0.431435853243 2.059361696243 0
0.013047514483 0.629785358906 2.070324897766 0
0.192209869623 0.297251999378 2.037895679474 0
0.228552743793 0.087038055062 1.929936528206 0
0.004129715730 0.139388427138 1.726867437363 0
-0.091533459723 0.156988322735 1.746276855469 0
-0.128491014242 0.293337911367 2.067304134369 0
-0.173480346799 0.080732777715 1.984491944313 0
0.080402068794 0.139262139797 1.738266468048 0
0.070293247700 0.159795612097 1.673948049545 0
0.096424110234 -0.086715370417 1.988024950027 0
0.169300392270 -0.468071103096 2.013672828674 0
0.229091852903 -0.773938059807 2.066263675690 0
0.231451719999 -0.835504949093 1.988426208496 0
-0.044421903789 -0.087173685431 1.999325156212 0
-0.110599145293 -0.477258920670 2.030197620392 0
-0.179933503270 -0.792354762554 2.096623659134 0
-0.198875114322 -0.861189901829 2.041883945465 0
0.026112597436 -0.013393661007 2.004653215408 0
0.032145027071 0.050620540977 2.063583850861 0
0.032487962395 0.432153701782 2.062555789948 0
0.009858116508 0.630620002747 2.077693462372 0
0.191658794880 0.299128055573 2.037899494171 0
0.227546066046 0.089336574078 1.930780172348 0
0.098393425345 0.068138897419 1.740701913834 0
-0.044137146324 0.146621480584 1.730108499527 0
-0.129767864943 0.294801026583 2.068944454193 0
-0.171172231436 0.082002304494 1.988107323647 0
0.022226376459 0.102723233402 1.740892410278 0
0.082035869360 0.109948799014 1.657992243767 0
0.095039494336 -0.084396816790 1.987551450729 0
0.169096097350 -0.467612206936 2.013549804688 0
0.229121848941 -0.773932814598 2.066283226013 0
0.231474772096 -0.835522115231 1.988445758820 0
-0.044768594205 -0.085802927613 1.999643802643 0
-0.110585741699 -0.477264076471 2.030263900757 0
-0.179926097393 -0.792359411716 2.096679449081 0
-0.199035763741 -0.861082971096 2.041676759720 0
0.025577407330 -0.011993476190 2.004964351654 0
0.031959991902 0.051633473486 2.063841342926 0
0.031993109733 0.432948142290 2.065599203110 0
0.007521761116 0.631046772003 2.082744598389 0
0.190982475877 0.300794064999 2.037980556488 0
0.237663775682 0.098181419075 1.952341318130 0
0.166256323457 0.064377784729 1.689489960670 0
0.090285465121 0.118334069848 1.661144137383 0
-0.131178259850 0.296347826719 2.071187973022 0
-0.168065771461 0.080204479396 1.993704676628 0
-0.098082534969 0.056238681078 1.772482395172 0
-0.071234330535 0.081844642758 1.685435414314 0
0.093930654228 -0.082614071667 1.987086057663 0
0.168922305107 -0.467194974422 2.013387441635 0
0.229160338640 -0.773908555508 2.066280603409 0
0.231491059065 -0.835537493229 1.988461613655 0
-0.045114271343 -0.084652125835 1.999913096428 0
-0.110576428473 -0.477268159389 2.030311346054 0
-0.179920241237 -0.792359113693 2.096720933914 0
-0.199220135808 -0.860967636108 2.041465520859 0
0.025120252743 -0.010967092589 2.005193948746 0
0.031821351498 0.052406929433 2.064049959183 0
0.031557679176 0.433684468269 2.068317651749 0
0.005792594049 0.631188929081 2.086419820786 0
0.190113767982 0.302139788866 2.038094997406 0
0.235525101423 0.099840909243 1.959170103073 0
0.228578448296 0.042696379125 1.678531289101 0
0.225644454360 0.072426125407 1.632192015648 0
-0.132492199540 0.297816187143 2.073674678802 0
-0.154205575585 0.078297056258 2.008744716644 0
-0.164156958461 0.055798143148 1.796618461609 0
-0.188620120287 0.081697188318 1.725912094116 0
0.093068435788 -0.081326343119 1.986650943756 0
0.168727040291 -0.466706573963 2.013123750687 0
0.229201033711 -0.773875415325 2.066258192062 0
0.231503278017 -0.835554718971 1.988476395607 0
-0.045448392630 -0.083737127483 2.000141859055 0
-0.110559515655 -0.477270931005 2.030339479446 0
-0.179914578795 -0.792357504368 2.096754312515 0
-0.199421808124 -0.860850274563 2.041258096695 0
0.024728629738 -0.010263589211 2.005336999893 0
0.031742878258 0.052959393710 2.064202070236 0
0.031180541962 0.434357494116 2.070785760880 0
0.004164996091 0.630950212479 2.089815616608 0
0.189243137836 0.303075283766 2.038169622421 0
0.232412308455 0.100211992860 1.964629173279 0
0.300361216068 0.027901893482 1.678825259209 0
0.325944989920 0.053214997053 1.635959744453 0
-0.133954331279 0.298918008804 2.076896905899 0
-0.152242422104 0.074647851288 2.012646675110 0
-0.274647653103 0.049231052399 1.783129930496 0
-0.304338663816 0.064838260412 1.746590375900 0
0.092405691743 -0.080443844199 1.986166715622 0
0.168484866619 -0.466009616852 2.012538671494 0
0.229253321886 -0.773804247379 2.066172838211 0
0.231508150697 -0.835574090481 1.988489389420 0
-0.045799579471 -0.083093844354 2.000312328339 0
-0.110533699393 -0.477274715900 2.030339717865 0
-0.179907470942 -0.792352199554 2.096776008606 0
-0.199658796191 -0.860716521740 2.041041851044 0
0.024391207844 -0.009707950987 2.005445480347 0
0.031727384776 0.053397253156 2.064320325851 0
0.030800072476 0.434988260269 2.073008775711 0
0.002290480770 0.630691826344 2.092896699905 0
0.188121765852 0.303841084242 2.038114786148 0
0.237462222576 0.084579356015 1.970519781113 0
0.326970726252 0.031287360936 1.674070954323 0
0.344447582960 0.049937751144 1.636900782585 0
-0.136133417487 0.299435347319 2.081139802933 0
-0.156439036131 0.060728643090 2.036623239517 0
-0.288091659546 0.047786597162 1.787650346756 0
-0.317690342665 0.062904208899 1.750319600105 0
0.091884836555 -0.079753026366 1.985701560974 0
0.168231844902 -0.465314567089 2.011730670929 0
0.229334905744 -0.773630261421 2.065937042236 0
0.231505781412 -0.835590064526 1.988496184349 0
-0.046136554331 -0.082595251501 2.000457048416 0
-0.110497169197 -0.477279722691 2.030283451080 0
-0.179899379611 -0.792340397835 2.096785306931 0
-0.199953258038 -0.860552430153 2.040800333023 0
0.024097587913 -0.009259170853 2.005530595779 0
0.031724624336 0.053758662194 2.064419746399 0
0.030413389206 0.435559809208 2.074881076813 0
0.000863540685 0.630593717098 2.095116615295 0
0.186964586377 0.304464399815 2.037993907928 0
0.240246936679 0.076690763235 1.974011659622 0
0.335561215878 0.032456427813 1.673027634621 0
0.352389812469 0.048701658845 1.637377023697 0
-0.137851446867 0.299731791019 2.084549427032 0
-0.158001661301 0.056074395776 2.043876647949 0
-0.294024795294 0.047196626663 1.789438843727 0
-0.323887825012 0.062220610678 1.751998186111 0
0.091458708048 -0.079199440777 1.985279202461 0
0.168006613851 -0.464732557535 2.010926008224 0
0.229421481490 -0.773435771465 2.065670013428 0
0.231500804424 -0.835607767105 1.988503217697 0
-0.046440016478 -0.082192845643 2.000586509705 0
-0.110458724201 -0.477283179760 2.030204296112 0
-0.179889976978 -0.792325139046 2.096789836884 0
-0.200258240104 -0.860384106636 2.040559768677 0
0.023845782503 -0.008942003362 2.005582809448 0
0.031728908420 0.054016847163 2.064492940903 0
0.030074581504 0.435994803905 2.076414823532 0
-0.000789268932 0.630480468273 2.096998453140 0
0.185677096248 0.304964274168 2.037793159485 0
0.242504313588 0.069928526878 1.980674386024 0
0.340410202742 0.033798966557 1.675024986267 0
0.357647836208 0.048144381493 1.638133168221 0
-0.139307171106 0.299753397703 2.087494373322 0
-0.159095525742 0.053065605462 2.047134876251 0
-0.297786146402 0.046978563070 1.790397524834 0
-0.328344762325 0.062114182860 1.752776622772 0
0.091095082462 -0.078768476844 1.984830141068 0
0.167782336473 -0.464203178883 2.010073900223 0
0.229508638382 -0.773141622543 2.065276384354 0
0.231492400169 -0.835621535778 1.988505721092 0
-0.046709794551 -0.081920497119 2.000697135925 0
-0.110420577228 -0.477290809155 2.030104875565 0
-0.179879650474 -0.792305886745 2.096787691116 0
-0.200581550598 -0.860207796097 2.040315628052 0
0.023619988933 -0.008686317131 2.005619525909 0
0.031733721495 0.054223809391 2.064553022385 0
0.029779203236 0.436340034008 2.077700853348 0
-0.002429285552 0.630272626877 2.098496675491 0
0.184527859092 0.305354177952 2.037609338760 0
0.243886470795 0.065739713609 1.983720779419 0
0.343338310719 0.034839674830 1.676058650017 0
0.360836565495 0.047963742167 1.639341831207 0
-0.140490785241 0.299662292004 2.089879035950 0
-0.159937366843 0.051053971052 2.048977375031 0
-0.300333857536 0.046886362135 1.791181921959 0
-0.331574678421 0.062039524317 1.753361701965 0
0.090782769024 -0.078419685364 1.984400987625 0
0.167581468821 -0.463741451502 2.009299993515 0
0.229588672519 -0.772852599621 2.064898490906 0
0.231482192874 -0.835635781288 1.988508462906 0
-0.046963054687 -0.081703923643 2.000792980194 0
-0.110385179520 -0.477301418781 2.029999494553 0
-0.179869607091 -0.792286276817 2.096783876419 0
-0.200903937221 -0.860035061836 2.040079116821 0
0.023418333381 -0.008477616124 2.005646944046 0
0.031735669822 0.054387047887 2.064603567123 0
0.029515901580 0.436570227146 2.078773021698 0
-0.003858856624 0.629971623421 2.099604368210 0
0.183547347784 0.305658370256 2.037456989288 0
0.244885787368 0.062952630222 1.985564589500 0
0.345079660416 0.035927291960 1.677116990089 0
0.362055003643 0.048151541501 1.641259789467 0
-0.141414150596 0.299526005983 2.091719865799 0
-0.160996466875 0.049433093518 2.049781799316 0
-0.301675289869 0.046963598579 1.792076945305 0
-0.333523482084 0.062224235386 1.753670811653 0
0.090517550707 -0.078139007092 1.984006047249 0
0.167336076498 -0.463263183832 2.008543252945 0
0.229655697942 -0.772567629814 2.064527750015 0
0.231471717358 -0.835649490356 1.988510370255 0
-0.047195889056 -0.081530347466 2.000877380371 0
-0.110349185765 -0.477310478687 2.029887199402 0
-0.179856196046 -0.792261183262 2.096773147583 0
-0.201216250658 -0.859864711761 2.039843797684 0
0.023242298514 -0.008310059085 2.005664825439 0
0.031737238169 0.054517015815 2.064646244049 0
0.029289344326 0.436745405197 2.079710245132 0
-0.004834265448 0.629704833031 2.100210189819 0
0.182736590505 0.305902153254 2.037353992462 0
0.245697960258 0.060883350670 1.986890673637 0
0.345960646868 0.037195615470 1.678432822227 0
0.361693650484 0.048708155751 1.643621683121 0
-0.142164573073 0.299337863922 2.093200922012 0
-0.162525951862 0.048215437680 2.050004959106 0
-0.302686601877 0.046955715865 1.792638659477 0
-0.335032880306 0.062282733619 1.753549456596 0
0.090305715799 -0.077920965850 1.983619928360 0
0.167131781578 -0.462868243456 2.007872104645 0
0.229717776179 -0.772302031517 2.064180374146 0
0.231461033225 -0.835663676262 1.988512158394 0
-0.047409333289 -0.081398524344 2.000949382782 0
-0.110313892365 -0.477321594954 2.029756069183 0
-0.179836705327 -0.792228043079 2.096749782562 0
-0.201515182853 -0.859698832035 2.039609193802 0
0.023086862639 -0.008171162568 2.005679130554 0
0.031737584621 0.054620422423 2.064684867859 0
0.029086986557 0.436845123768 2.080547332764 0
-0.005501359701 0.629407763481 2.100475788116 0
0.182112038136 0.306046217680 2.037291288376 0
0.246357709169 0.059476017952 1.987772941589 0
0.346117615700 0.038167703897 1.679652333260 0
0.360123008490 0.049009095877 1.646018624306 0
-0.142789334059 0.299148678780 2.094405412674 0
-0.164249047637 0.047359086573 2.049841165543 0
-0.302853912115 0.046201113611 1.793527364731 0
-0.335861712694 0.061144538224 1.752395868301 0
0.090140357614 -0.077757298946 1.983274221420 0
0.166915357113 -0.462462514639 2.007228851318 0
0.229775145650 -0.772067785263 2.063864946365 0
0.231451094151 -0.835678577423 1.988514065742 0
-0.047609522939 -0.081297054887 2.001013994217 0
-0.110277242959 -0.477330505848 2.029613971710 0
-0.179811522365 -0.792184889317 2.096714735031 0
-0.201800629497 -0.859536111355 2.039376258850 0
0.022988682613 -0.008090336807 2.005696535110 0
0.031735360622 0.054675623775 2.064723730087 0
0.028944408521 0.436716586351 2.081444263458 0
-0.005847706459 0.628741681576 2.099977493286 0
0.181891217828 0.306035280228 2.037361383438 0
0.251115858555 0.071460522711 1.990016937256 0
0.328903734684 0.009834973142 1.694053888321 0
0.336658775806 -0.037986956537 1.617586374283 0
-0.143269330263 0.298882514238 2.095288515091 0
-0.173033431172 0.049109578133 2.046798467636 0
-0.291097730398 0.002640990540 1.821316242218 0
-0.321431905031 -0.001580913551 1.740567207336 0
0.090103775263 -0.077712655067 1.983002066612 0
0.166773185134 -0.462197214365 2.006733894348 0
0.229833424091 -0.771846294403 2.063566923141 0
0.231447696686 -0.835689723492 1.988514661789 0
-0.047780413181 -0.081251509488 2.001070261002 0
-0.110200025141 -0.477317929268 2.029433012009 0
-0.179777249694 -0.792130827904 2.096666097641 0
-0.202043801546 -0.859393060207 2.039155006409 0
0.022926008329 -0.008048712276 2.005717754364 0
0.031730048358 0.054705373943 2.064773797989 0
0.028809176758 0.436493903399 2.082282543182 0
-0.005716858432 0.627821862698 2.098661184311 0
0.181743115187 0.305945575237 2.037542343140 0
0.256512016058 0.081492014229 1.990544319153 0
0.322208553553 -0.027936782688 1.795773625374 0
0.317717969418 -0.046986185014 1.682053208351 0
-0.143618836999 0.298621118069 2.095854759216 0
-0.186181589961 0.051867879927 2.041906833649 0
-0.288586974144 -0.023441396654 1.831917881966 0
-0.307935059071 -0.061474062502 1.764651656151 0
0.090136252344 -0.077746182680 1.982776403427 0
0.166666880250 -0.461973398924 2.006321191788 0
0.229891926050 -0.771653294563 2.063304185867 0
0.231447845697 -0.835699021816 1.988514542580 0
-0.047932829708 -0.081254884601 2.001130580902 0
-0.110090658069 -0.477282285690 2.029237031937 0
-0.179750189185 -0.792089760303 2.096625328064 0
-0.202257290483 -0.859271585941 2.038949012756 0
0.022876042873 -0.008173680864 2.005819082260 0
0.031685840338 0.054584905505 2.064951419830 0
0.028681026772 0.436168670654 2.083009004593 0
-0.003966945689 0.626409351826 2.094671726227 0
0.181794911623 0.305373132229 2.038333654404 0
0.266344457865 0.084200255573 1.984959721565 0
0.319829970598 -0.047793544829 1.797836065292 0
0.308137148619 -0.142365604639 1.721176862717 0
-0.143789917231 0.298128724098 2.095930576324 0
-0.195062428713 0.055857673287 2.040660381317 0
-0.275484710932 -0.055862993002 1.848035454750 0
-0.284281402826 -0.168851315975 1.741173148155 0
0.090373456478 -0.078155465424 1.982643723488 0
0.166654914618 -0.461940497160 2.006223440170 0
0.229988142848 -0.771542727947 2.063144207001 0
0.231468051672 -0.835709333420 1.988510727882 0
-0.048120610416 -0.081502787769 2.001296043396 0
-0.109975680709 -0.477255493402 2.029081344604 0
-0.179732501507 -0.792071759701 2.096602439880 0
-0.202397257090 -0.859193623066 2.038771152496 0
0.022958481684 -0.009140780196 2.006245374680 0
0.031573321670 0.053967896849 2.065377950668 0
0.028568116948 0.435814410448 2.083351850510 0
0.000888415962 0.625020802021 2.086679458618 0
0.182076483965 0.304276794195 2.039502382278 0
0.274378925562 0.079644314945 1.981675863266 0
0.304390639067 -0.161412358284 1.808519601822 0
0.292420357466 -0.260280609131 1.773751497269 0
-0.143192738295 0.296420425177 2.094384193420 0
-0.201163217425 0.055782802403 2.041008234024 0
-0.241082489491 -0.166319578886 1.840119719505 0
-0.237448394299 -0.265524834394 1.778260707855 0
0.091116502881 -0.079696901143 1.983052253723 0
0.167116507888 -0.463019579649 2.006909132004 0
0.230157122016 -0.771557390690 2.063107252121 0
0.231546297669 -0.835726678371 1.988504171371 0
-0.048262845725 -0.082428127527 2.001714229584 0
-0.109905235469 -0.477421373129 2.029144287109 0
-0.179715961218 -0.792055487633 2.096587419510 0
-0.202477127314 -0.859113633633 2.038576126099 0
0.023131184280 -0.010323590599 2.006754875183 0
0.031454328448 0.053282659501 2.065825939178 0
0.028505040333 0.435488879681 2.083405494690 0
0.004684966989 0.624198436737 2.080630779266 0
0.182452172041 0.303170293570 2.040591716766 0
0.278859585524 0.071222938597 1.982343077660 0
0.299719333649 -0.184376731515 1.820238232613 0
0.285712301731 -0.293249607086 1.800374865532 0
-0.141857981682 0.294692784548 2.091929435730 0
-0.204190909863 0.054932788014 2.042379856110 0
-0.229445621371 -0.193468853831 1.851874470711 0
-0.212204471231 -0.298284530640 1.806724548340 0
0.091975606978 -0.081470280886 1.983807682991 0
0.167848110199 -0.464780390263 2.008248090744 0
0.230356857181 -0.771627128124 2.063141584396 0
0.231644898653 -0.835742294788 1.988500833511 0
-0.048317987472 -0.083437867463 2.002166748047 0
-0.109833352268 -0.477815449238 2.029370069504 0
-0.179702356458 -0.792041778564 2.096579074860 0
-0.202528476715 -0.859034836292 2.038379669189 0
0.023336824030 -0.011480542831 2.007272720337 0
0.031327735633 0.052696868777 2.066235780716 0
0.028382075951 0.434993296862 2.082864046097 0
0.008101640269 0.624213039875 2.074599742889 0
0.182948842645 0.302084028721 2.041575193405 0
0.279965281487 0.060311902314 1.987881779671 0
0.292301297188 -0.202143177390 1.846780657768 0
0.280305087566 -0.306618809700 1.820136785507 0
-0.140386089683 0.293274372816 2.089174032211 0
-0.204650223255 0.048042643815 2.047176599503 0
-0.227234780788 -0.206999152899 1.864859104156 0
-0.208036303520 -0.309613853693 1.821110486984 0
0.092905901372 -0.083282209933 1.984878897667 0
0.168710172176 -0.466851860285 2.010060787201 0
0.230509951711 -0.771688938141 2.063223361969 0
0.231732115149 -0.835742950439 1.988498210907 0
-0.048319038004 -0.084431700408 2.002629041672 0
-0.109784699976 -0.478353589773 2.029736757278 0
-0.179695174098 -0.792038440704 2.096582651138 0
-0.202557817101 -0.858971476555 2.038205623627 0
0.023570900783 -0.012452688999 2.007803678513 0
0.031159030274 0.052355609834 2.066578388214 0
0.027903625742 0.433930903673 2.078291893005 0
0.012288694270 0.624991774559 2.065791845322 0
0.183429747820 0.301150262356 2.042342901230 0
0.270539402962 0.039054695517 2.009420871735 0
0.291372895241 -0.209720253944 1.935084342957 0
0.279542684555 -0.306874603033 1.886407494545 0
-0.138797104359 0.292047232389 2.084558248520 0
-0.198213949800 0.038426566869 2.057193994522 0
-0.242653131485 -0.206091165543 1.967285275459 0
-0.226700052619 -0.296515256166 1.907433509827 0
0.093949638307 -0.084919221699 1.986466765404 0
0.170014053583 -0.468508541584 2.012450218201 0
0.230620399117 -0.771872997284 2.063501358032 0
0.231791198254 -0.835738718510 1.988503575325 0
-0.048235174268 -0.085274845362 2.003221035004 0
-0.109716013074 -0.478534162045 2.029989242554 0
-0.179684951901 -0.792054355145 2.096627235413 0
-0.202543362975 -0.858922541142 2.038043022156 0
0.023845925927 -0.013316097669 2.008450508118 0
0.030974101275 0.052177682519 2.066835165024 0
0.027431186289 0.432365208864 2.068861722946 0
0.016980331391 0.625580430031 2.053295135498 0
0.183882728219 0.300289541483 2.042752504349 0
0.259262770414 0.028513111174 2.031253337860 0
0.294710189104 -0.210517033935 1.987386345863 0
0.288499265909 -0.305965453386 1.951901912689 0
-0.136791557074 0.291721820831 2.077823400497 0
-0.188591569662 0.036463279277 2.068512916565 0
-0.244584336877 -0.200423672795 2.020488977432 0
-0.235674068332 -0.289563149214 1.959371685982 0
0.095114804804 -0.086510643363 1.989220142365 0
0.171106040478 -0.469476133585 2.014917850494 0
0.230739906430 -0.772290825844 2.064189434052 0
0.231864988804 -0.835736334324 1.988530397415 0
-0.048046514392 -0.086030736566 2.004103183746 0
-0.109603926539 -0.478713214397 2.030601739883 0
-0.179716661572 -0.792146503925 2.096824884415 0
-0.202507063746 -0.858885169029 2.037903308868 0
0.024268267676 -0.014105665497 2.009257555008 0
0.030874535441 0.052085246891 2.066984415054 0
0.027104264125 0.431211352348 2.061230897903 0
0.019962714985 0.626154005527 2.042871475220 0
0.184245049953 0.299581140280 2.042946815491 0
0.253392487764 0.024052955210 2.042264699936 0
0.296662539244 -0.210980609059 2.007733821869 0
0.293602854013 -0.307017594576 1.980630993843 0
-0.135437548161 0.291660666466 2.072955369949 0
-0.183230951428 0.035695217550 2.074746131897 0
-0.244329378009 -0.199406817555 2.030741691589 0
-0.237071186304 -0.288290709257 1.973936557770 0
0.096494957805 -0.087794594467 1.992369890213 0
0.173496261239 -0.468578547239 2.018511295319 0
0.230870962143 -0.772823989391 2.065077543259 0
0.232297316194 -0.835748434067 1.988764762878 0
-0.047571223229 -0.086776055396 2.005391120911 0
-0.109505958855 -0.478935182095 2.031722784042 0
-0.179779440165 -0.792295813560 2.097109079361 0
-0.202466920018 -0.858846843243 2.037766933441 0
0.024762881920 -0.014853858389 2.010191440582 0
0.030824404210 0.052035808563 2.067054271698 0
0.026842586696 0.430246472359 2.055193185806 0
0.021844953299 0.625802218914 2.033398628235 0
0.184554114938 0.298933774233 2.042948961258 0
0.249780923128 0.021141417325 2.049590349197 0
0.298411726952 -0.211533501744 2.031515359879 0
0.298905789852 -0.308598935604 2.023672580719 0
-0.134523317218 0.291666448116 2.069368124008 0
-0.180043995380 0.034562598914 2.078672409058 0
-0.244016632438 -0.199581414461 2.035273075104 0
-0.237173423171 -0.288441002369 1.979544162750 0
0.097833767533 -0.088845819235 1.995529651642 0
0.175289973617 -0.467888861895 2.021431684494 0
0.230986222625 -0.773397922516 2.066053152084 0
0.232660129666 -0.835787415504 1.989046573639 0
-0.046973731369 -0.087519094348 2.006940126419 0
-0.109382860363 -0.479131162167 2.033018827438 0
-0.179915472865 -0.792549073696 2.097602128983 0
-0.199190407991 -0.860990881920 2.044232368469 0
0.025419726968 -0.015528096817 2.011306524277 0
0.030815595761 0.052012480795 2.067063570023 0
0.026709623635 0.429194331169 2.049974918365 0
0.023059269413 0.624478459358 2.022285461426 0
0.184939622879 0.298131883144 2.042512655258 0
0.247498780489 0.019207336009 2.054772615433 0
0.299415707588 -0.211282923818 2.056261539459 0
0.300138980150 -0.309517174959 2.036428451538 0
-0.134006351233 0.291652053595 2.066740036011 0
-0.178837031126 0.033033296466 2.080430746078 0
-0.243723198771 -0.200413912535 2.037679195404 0
-0.236920863390 -0.289518326521 1.982421875000 0
0.099231757224 -0.089635297656 1.998504996300 0
0.176702737808 -0.467451274395 2.024370908737 0
0.231068745255 -0.774018943310 2.067102670670 0
0.232879698277 -0.835835576057 1.989326119423 0
-0.046157225966 -0.088293872774 2.008902072906 0
-0.109220847487 -0.479296416044 2.034511566162 0
-0.180073603988 -0.792975485325 2.098291635513 0
-0.179423063993 -0.873899042606 2.081154823303 0
0.025968942791 -0.016096225008 2.012223243713 0
0.030830858275 0.051979955286 2.066880226135 0
0.026576653123 0.428226411343 2.046116590500 0
0.023560235277 0.623062014580 2.013825416565 0
0.185347273946 0.297254621983 2.041696310043 0
0.246353521943 0.018021006137 2.058266639709 0
0.298570424318 -0.209708675742 2.074784040451 0
0.297971457243 -0.288035154343 2.086045980453 0
-0.133667275310 0.291581720114 2.064706325531 0
-0.179163023829 0.030174165964 2.080004453659 0
-0.242826566100 -0.203567385674 2.035645484924 0
-0.236549839377 -0.292206615210 1.984244346619 0
0.100238010287 -0.090209595859 2.000627756119 0
0.177677631378 -0.467141181231 2.026670694351 0
0.231110662222 -0.774548768997 2.068040132523 0
0.233020141721 -0.835875988007 1.989588737488 0
-0.045517768711 -0.088948562741 2.010450839996 0
-0.109164893627 -0.479578047991 2.036118984222 0
-0.180096328259 -0.793391466141 2.098884820938 0
-0.173900380731 -0.877397537231 2.090977907181 0
0.026422576979 -0.016576338559 2.012961149216 0
0.030862508342 0.051931478083 2.066524028778 0
0.026495065540 0.427436918020 2.043345212936 0
0.023856081069 0.621916592121 2.008142471313 0
0.185735478997 0.296470105648 2.040860176086 0
0.245802372694 0.017360214144 2.060619592667 0
0.297916650772 -0.208527252078 2.083347320557 0
0.297218769789 -0.290320187807 2.096173048019 0
-0.133424386382 0.291513592005 2.063148260117 0
-0.180458024144 0.026527389884 2.078313350677 0
-0.241813778877 -0.207782655954 2.030876398087 0
-0.236132010818 -0.295829683542 1.984760284424 0
0.100966192782 -0.090652890503 2.002144336700 0
0.178329482675 -0.466869980097 2.028383970261 0
0.231139048934 -0.774999201298 2.068842172623 0
0.233138978481 -0.835914313793 1.989833950996 0
-0.045019511133 -0.089493744075 2.011649608612 0
-0.109233818948 -0.479908585548 2.037602186203 0
-0.179995492101 -0.793686866760 2.099320173264 0
-0.179543256760 -0.872262716293 2.075226068497 0
0.026780473068 -0.017010254785 2.013485908508 0
0.030912598595 0.051803801209 2.065697669983 0
0.026408722624 0.426670044661 2.041229724884 0
0.024009697139 0.620839059353 2.004054546356 0
0.186104580760 0.295730888844 2.039978265762 0
0.245998144150 0.016836320981 2.062901258469 0
0.297500371933 -0.208153322339 2.087413072586 0
0.296915262938 -0.291425138712 2.100466728210 0
-0.133250400424 0.291427761316 2.061890363693 0
-0.182912141085 0.022316427901 2.075322151184 0
-0.240558430552 -0.213733658195 2.022912979126 0
-0.235612154007 -0.301369011402 1.983911395073 0
0.101449817419 -0.091028161347 2.003074407578 0
0.178826868534 -0.466810494661 2.029721975327 0
0.231128126383 -0.775366663933 2.069511651993 0
0.233215242624 -0.835945188999 1.990049958229 0
-0.044660963118 -0.089988894761 2.012465238571 0
-0.109468817711 -0.480880200863 2.039401531219 0
-0.179914399981 -0.793956100941 2.099719047546 0
-0.182008370757 -0.870390892029 2.069705963135 0
0.027070375159 -0.017381586134 2.013874053955 0
0.030960457399 0.051647532731 2.064706087112 0
0.026335831732 0.426045328379 2.039676189423 0
0.024073522538 0.620064079762 2.001319885254 0
0.186413869262 0.295130342245 2.039219617844 0
0.246467277408 0.016577640548 2.064782857895 0
0.297276467085 -0.207874968648 2.089558839798 0
0.296814590693 -0.292137295008 2.102622032166 0
-0.133116200566 0.291351795197 2.060884475708 0
-0.184969723225 0.019296666607 2.072847127914 0
-0.239688411355 -0.217474877834 2.017037391663 0
-0.235191330314 -0.305322110653 1.982632160187 0
0.101793244481 -0.091318778694 2.003693342209 0
0.179221630096 -0.466785311699 2.030747652054 0
0.231110379100 -0.775657236576 2.070068359375 0
0.233278542757 -0.835965812206 1.990245461464 0
-0.044384166598 -0.090400189161 2.013050794601 0
-0.109721198678 -0.481997311115 2.041005611420 0
-0.179844275117 -0.794195890427 2.100070714951 0
-0.184004917741 -0.868903160095 2.065316438675 0
0.027324834839 -0.017707450315 2.014148235321 0
0.031031044200 0.051454007626 2.063562870026 0
0.026289669797 0.425471156836 2.038479566574 0
0.024107912555 0.619450986385 1.999347925186 0
0.186678528786 0.294646084309 2.038574695587 0
0.247295558453 0.016540067270 2.066436767578 0
0.297025293112 -0.207099929452 2.090312480927 0
0.296823680401 -0.292859733105 2.100341558456 0
-0.133007511497 0.291278213263 2.060076951981 0
-0.186483085155 0.017270922661 2.070924520493 0
-0.238920718431 -0.219847500324 2.012540578842 0
-0.234710142016 -0.308152884245 1.980944633484 0
0.102058537304 -0.091547109187 2.004101514816 0
0.179555088282 -0.466799020767 2.031522989273 0
0.231088697910 -0.775895416737 2.070526361465 0
0.233329564333 -0.835984408855 1.990417361259 0
-0.044149201363 -0.090750917792 2.013443708420 0
-0.109953440726 -0.483115851879 2.042334556580 0
-0.179782301188 -0.794405698776 2.100377321243 0
-0.185640439391 -0.867706060410 2.061780214310 0
0.027564272285 -0.018032727763 2.014282703400 0
0.031133787706 0.051155682653 2.062084913254 0
0.026250137016 0.424958705902 2.037580966949 0
0.024134175852 0.618749082088 1.997732996941 0
0.186923548579 0.294247984886 2.038042783737 0
0.248718544841 0.016632262617 2.067997694016 0
0.297464847565 -0.204819440842 2.083005666733 0
0.299718856812 -0.292527496815 2.069406747818 0
-0.132888004184 0.291162759066 2.059382915497 0
-0.187562867999 0.015831639990 2.069411277771 0
-0.238300576806 -0.220629245043 2.009277820587 0
-0.234252691269 -0.309466183186 1.979110717773 0
0.102265007794 -0.091745294631 2.004310369492 0
0.179816126823 -0.466831147671 2.031899452209 0
0.231060147285 -0.776079595089 2.070870399475 0
0.233371585608 -0.836019337177 1.990575909615 0
-0.043935365975 -0.091079361737 2.013615608215 0
-0.110126957297 -0.484109938145 2.043277502060 0
-0.179695636034 -0.794499039650 2.100561857224 0
-0.186937481165 -0.866639971733 2.058810710907 0
0.027767775580 -0.018381448463 2.014312982559 0
0.031210139394 0.050766814500 2.060527086258 0
0.026235105470 0.424481689930 2.036929845810 0
0.024101201445 0.618155717850 1.996513843536 0
0.187136203051 0.293924093246 2.037636280060 0
0.250066906214 0.016708292067 2.069008111954 0
0.298611998558 -0.201473832130 2.062503576279 0
0.301427692175 -0.290648609400 2.031749248505 0
-0.132776007056 0.291035443544 2.058825969696 0
-0.188193321228 0.014695364982 2.068197727203 0
-0.237886488438 -0.220426663756 2.006711959839 0
-0.233903303742 -0.309664398432 1.976724267006 0
0.102409869432 -0.091947801411 2.004387617111 0
0.179972276092 -0.466859012842 2.032062530518 0
0.231027990580 -0.776202142239 2.071127176285 0
0.233415514231 -0.836061179638 1.990735411644 0
-0.043764483184 -0.091413632035 2.013659715652 0
-0.110229142010 -0.484655648470 2.043673276901 0
-0.179526641965 -0.794517159462 2.100661039352 0
-0.187892153859 -0.865684449673 2.056247472763 0
0.027943342924 -0.018718641251 2.014295339584 0
0.031268287450 0.050393421203 2.059164524078 0
0.026255685836 0.424048542976 2.036456584930 0
0.024044927210 0.617620050907 1.995580911636 0
0.187336474657 0.293639838696 2.037317276001 0
0.251226276159 0.016741044819 2.069520711899 0
0.299410641193 -0.198875561357 2.042937278748 0
0.301498055458 -0.288954705000 2.007490634918 0
-0.132662266493 0.290890544653 2.058379411697 0
-0.188495084643 0.013845938258 2.067216873169 0
-0.237663775682 -0.219957411289 2.004879236221 0
-0.233735784888 -0.309349179268 1.974485278130 0
0.102526143193 -0.092165365815 2.004385471344 0
0.180118471384 -0.466899544001 2.032159328461 0
0.230994835496 -0.776300370693 2.071339368820 0
0.233455568552 -0.836107611656 1.990889549255 0
-0.043625645339 -0.091729328036 2.013644933701 0
-0.110263012350 -0.484822899103 2.043776273727 0
-0.179376617074 -0.794531524181 2.100744962692 0
-0.188688620925 -0.864945232868 2.054186820984 0
0.028087930754 -0.019058153033 2.014194726944 0
0.031309831887 0.050011526793 2.057909488678 0
0.026321446523 0.423630744219 2.036115169525 0
0.023959957063 0.617065668106 1.994868516922 0
0.187520503998 0.293401032686 2.037077665329 0
0.252167731524 0.016690019518 2.068998813629 0
0.299438506365 -0.197339862585 2.022789955139 0
0.299528449774 -0.286689370871 1.979498267174 0
-0.132534161210 0.290742665529 2.058042764664 0
-0.187964662910 0.013146946207 2.066356897354 0
-0.237599581480 -0.218553140759 2.004010438919 0
-0.233842998743 -0.307734072208 1.972743868828 0
0.102587707341 -0.092442058027 2.004188060760 0
0.180312305689 -0.467055916786 2.032055616379 0
0.230962663889 -0.776388585567 2.071516275406 0
0.233484178782 -0.836159408092 1.990997314453 0
-0.043517477810 -0.092024855316 2.013558149338 0
-0.110278658569 -0.484686434269 2.043424606323 0
-0.179141461849 -0.794505834579 2.100784778595 0
-0.189296349883 -0.864348769188 2.052469491959 0
0.028208622709 -0.019378112629 2.014059543610 0
0.031342756003 0.049673963338 2.056860685349 0
0.026392316446 0.423261404037 2.035870790482 0
0.023828446865 0.616472303867 1.994337201118 0
0.187693104148 0.293190032244 2.036871433258 0
0.253088325262 0.016544792801 2.067615032196 0
0.299265146255 -0.196807488799 2.009314298630 0
0.298261642456 -0.286197960377 1.965916514397 0
-0.132410913706 0.290592968464 2.057786941528 0
-0.187030568719 0.012585530989 2.065559625626 0
-0.237616643310 -0.217242032290 2.003425121307 0
-0.234901025891 -0.297984033823 1.975523352623 0
0.102610766888 -0.092743702233 2.003852605820 0
0.180486932397 -0.467240780592 2.031814098358 0
0.230930954218 -0.776465475559 2.071667194366 0
0.233486816287 -0.836167871952 1.991021275520 0
-0.043430864811 -0.092299066484 2.013443470001 0
-0.110190398991 -0.484324157238 2.042777538300 0
-0.178945690393 -0.794483184814 2.100811719894 0
-0.189841911197 -0.863853275776 2.051019906998 0
0.028314169496 -0.019679890946 2.013890743256 0
0.031381383538 0.049376022071 2.055985450745 0
0.026497695595 0.422929167747 2.035709142685 0
0.023672964424 0.615937471390 1.993975520134 0
0.187869429588 0.292989909649 2.036682367325 0
0.253858387470 0.016270516440 2.065474748611 0
0.298933476210 -0.196510598063 1.997209906578 0
0.296500474215 -0.285525768995 1.952567338943 0
-0.132279545069 0.290417283773 2.057591199875 0
-0.185592636466 0.012352841906 2.064800977707 0
-0.237755388021 -0.215588748455 2.003002166748 0
-0.235889837146 -0.284801810980 1.979043364525 0
0.102604024112 -0.093053147197 2.003404855728 0
0.180622220039 -0.467468559742 2.031442642212 0
0.230900928378 -0.776541292667 2.071802854538 0
0.233487293124 -0.836178779602 1.991044282913 0
-0.043361533433 -0.092556662858 2.013295412064 0
-0.110065892339 -0.483890712261 2.042043447495 0
-0.178729161620 -0.794428944588 2.100813627243 0
-0.190311640501 -0.863403856754 2.049753427505 0
0.028399068862 -0.019969120622 2.013648033142 0
0.031441595405 0.049110192806 2.055264949799 0
0.026656165719 0.422631114721 2.035635232925 0
0.023456916213 0.615440070629 1.993800997734 0
0.188052788377 0.292790681124 2.036468982697 0
0.254389762878 0.015851624310 2.061625242233 0
0.298436135054 -0.196444109082 1.985409855843 0
0.294327676296 -0.284886777401 1.939365029335 0
-0.132157355547 0.290207833052 2.057518959045 0
-0.183635354042 0.012285117060 2.064014911652 0
-0.238093614578 -0.213987365365 2.002722024918 0
-0.236880108714 -0.276453763247 1.981265187263 0
0.102519787848 -0.093384340405 2.002629995346 0
0.180615797639 -0.467756211758 2.030751943588 0
0.230873942375 -0.776599466801 2.071904659271 0
0.233483985066 -0.836193919182 1.991067886353 0
-0.043316010386 -0.092805393040 2.013095140457 0
-0.109903492033 -0.483327597380 2.041192770004 0
-0.178536370397 -0.794371902943 2.100802898407 0
-0.190761178732 -0.863004684448 2.048648357391 0
0.028465857729 -0.020244771615 2.013376235962 0
0.031510613859 0.048874694854 2.054669141769 0
0.026826582849 0.422361016273 2.035606145859 0
0.023213325068 0.614938735962 1.993770122528 0
0.188248410821 0.292569428682 2.036199331284 0
0.254753232002 0.015538946725 2.057945489883 0
0.298110455275 -0.196424052119 1.978149056435 0
0.293063730001 -0.284565508366 1.931958317757 0
-0.132028087974 0.289971381426 2.057533979416 0
-0.182007983327 0.012261196971 2.063411712646 0
-0.238484397531 -0.212621062994 2.002548694611 0
-0.238638654351 -0.263789981604 1.984397649765 0
0.102384798229 -0.093713127077 2.001721858978 0
0.180551841855 -0.468045234680 2.029954195023 0
0.230848476291 -0.776651561260 2.071993589401 0
0.233475744724 -0.836213409901 1.991092920303 0
-0.043285619467 -0.093036405742 2.012886047363 0
-0.109774768353 -0.482836097479 2.040435791016 0
-0.178397521377 -0.794330120087 2.100794076920 0
-0.191199868917 -0.862654209137 2.047683715820 0
0.028518272564 -0.020503016189 2.013086080551 0
0.031585395336 0.048666968942 2.054189920425 0
0.027045628056 0.422105520964 2.035639047623 0
0.022927895188 0.614440560341 1.993866562843 0
0.188464015722 0.292337596416 2.035867214203 0
0.255061894655 0.015243715607 2.054497957230 0
0.297795385122 -0.196539193392 1.973219871521 0
0.292176753283 -0.284522950649 1.927374720573 0
-0.131877288222 0.289737492800 2.057609558105 0
-0.180698186159 0.012230015360 2.062966823578 0
-0.238877952099 -0.211495026946 2.002449274063 0
-0.238882333040 -0.263178586960 1.984567999840 0
0.102204933763 -0.094013884664 2.000732898712 0
0.180430799723 -0.468341648579 2.029073715210 0
0.230826020241 -0.776698231697 2.072069168091 0
0.233463853598 -0.836237132549 1.991119265556 0
-0.043265961111 -0.093248285353 2.012675762177 0
-0.109661668539 -0.482403516769 2.039762735367 0
-0.178285539150 -0.794300258160 2.100786447525 0
-0.191613242030 -0.862349689007 2.046839714050 0
0.028546599671 -0.020764386281 2.012731790543 0
0.031670659781 0.048477720469 2.053819417953 0
0.027305029333 0.421883791685 2.035724639893 0
0.022574892268 0.613990366459 1.994165658951 0
0.188745334744 0.292053222656 2.035338401794 0
0.255328088999 0.014979227446 2.050865888596 0
0.297585159540 -0.196776464581 1.970030188560 0
0.291697531939 -0.284683197737 1.924813628197 0
-0.131684750319 0.289478510618 2.057783603668 0
-0.179638490081 0.012121287175 2.062686443329 0
-0.239328771830 -0.210640817881 2.002416849136 0
-0.240308836102 -0.269843757153 1.979787111282 0
0.101941257715 -0.094312779605 1.999525308609 0
0.180258706212 -0.468633651733 2.028065204620 0
0.230804935098 -0.776738643646 2.072129487991 0
0.233443453908 -0.836268484592 1.991148829460 0
-0.043266724795 -0.093454822898 2.012446165085 0
-0.109569825232 -0.482029765844 2.039170265198 0
-0.178214162588 -0.794284641743 2.100783109665 0
-0.192035287619 -0.862078964710 2.046092510223 0
0.028551347554 -0.021043300629 2.012292623520 0
0.031763773412 0.048293381929 2.053521871567 0
0.027610233054 0.421694815159 2.035848855972 0
0.022226743400 0.613647282124 1.994668006897 0
0.189048022032 0.291742086411 2.034671068192 0
0.255657404661 0.014627875760 2.047490835190 0
0.297445088625 -0.197124212980 1.968137383461 0
0.291542708874 -0.284950017929 1.923776507378 0
-0.131447210908 0.289204120636 2.058034181595 0
-0.178798660636 0.011893687770 2.062562942505 0
-0.239772483706 -0.210065469146 2.002439737320 0
-0.241577997804 -0.274833530188 1.975900769234 0
0.101606033742 -0.094615690410 1.998156070709 0
0.180069312453 -0.468873828650 2.027047634125 0
0.230784520507 -0.776772201061 2.072174310684 0
0.233415439725 -0.836304724216 1.991178870201 0
-0.043286230415 -0.093660704792 2.012186288834 0
-0.109500117600 -0.481696367264 2.038646459579 0
-0.178174361587 -0.794279694557 2.100785255432 0
-0.192458793521 -0.861842274666 2.045434236526 0
0.028545150533 -0.021352272481 2.011775255203 0
0.031870804727 0.048101432621 2.053281784058 0
0.027941741049 0.421541452408 2.036000251770 0
0.021895935759 0.613360345364 1.995250821114 0
0.189347833395 0.291407257318 2.033918857574 0
0.256114423275 0.014135771431 2.044530630112 0
0.297405242920 -0.197466969490 1.967371463776 0
0.291669338942 -0.286285042763 1.924680113792 0
-0.131167769432 0.288926661015 2.058364629745 0
-0.178072974086 0.011645130813 2.062545061111 0
-0.240210190415 -0.209626555443 2.002626657486 0
-0.242613449693 -0.278355598450 1.973667621613 0
0.101262338459 -0.094921737909 1.996747016907 0
0.179916545749 -0.469066053629 2.026140928268 0
0.230764806271 -0.776798129082 2.072205066681 0
0.233379542828 -0.836342751980 1.991207361221 0
-0.043314937502 -0.093884393573 2.011886835098 0
-0.109489142895 -0.481445074081 2.038218498230 0
-0.178147181869 -0.794278562069 2.100789070129 0
-0.192865774035 -0.861635029316 2.044854640961 0
0.028538644314 -0.021661447361 2.011250019073 0
0.031982138753 0.047909919173 2.053081035614 0
0.028271900490 0.421411991119 2.036164999008 0
0.021657178178 0.613127768040 1.995822072029 0
0.189622223377 0.291086494923 2.033190250397 0
0.256491750479 0.013759795576 2.042359828949 0
0.297394692898 -0.197890207171 1.967046260834 0
0.292058587074 -0.288088679314 1.927332758904 0
-0.130892515182 0.288671761751 2.058695316315 0
-0.177441984415 0.011413404718 2.062592267990 0
-0.240615680814 -0.209258139133 2.002853155136 0
-0.243391528726 -0.280941218138 1.972102046013 0
0.100963428617 -0.095206245780 1.995483994484 0
0.179796189070 -0.469209820032 2.025362968445 0
0.230746582150 -0.776819765568 2.072227954865 0
0.233340963721 -0.836380422115 1.991233229637 0
-0.043343935162 -0.094109296799 2.011570453644 0
-0.109499543905 -0.481231004000 2.037840366364 0
-0.178095608950 -0.794264197350 2.100781679153 0
-0.193216457963 -0.861432611942 2.044319391251 0
0.028535921127 -0.021973455325 2.010710239410 0
0.032105859369 0.047714293003 2.052937507629 0
0.028675680980 0.421322822571 2.036378622055 0
0.021467316896 0.612937688828 1.996407151222 0
0.189940378070 0.290736317635 2.032428264618 0
0.256846636534 0.013432710432 2.040792703629 0
0.297470033169 -0.198813483119 1.967999696732 0
0.292857497931 -0.290550053120 1.932994961739 0
-0.130558699369 0.288434565067 2.059036731720 0
-0.176846191287 0.011197810061 2.062726497650 0
-0.241104438901 -0.208902671933 2.003347873688 0
-0.243586525321 -0.280973762274 1.972007513046 0
0.100700020790 -0.095481209457 1.994299650192 0
0.179714411497 -0.469316422939 2.024708509445 0
0.230730235577 -0.776833117008 2.072242021561 0
0.233299627900 -0.836414515972 1.991254925728 0
-0.043373372406 -0.094336412847 2.011241197586 0
-0.109528712928 -0.481046348810 2.037496089935 0
-0.178030908108 -0.794240951538 2.100766658783 0
-0.193531453609 -0.861243963242 2.043833732605 0
0.028532190248 -0.022244472057 2.010236501694 0
0.032218955457 0.047537460923 2.052815437317 0
0.029038708657 0.421247720718 2.036575794220 0
0.021302575245 0.612777948380 1.996933341026 0
0.190209940076 0.290440171957 2.031780719757 0
0.257121443748 0.013179820962 2.039591550827 0
0.297540694475 -0.199622869492 1.968982934952 0
0.293412864208 -0.292205244303 1.936976909637 0
-0.130262196064 0.288226008415 2.059344530106 0
-0.176338970661 0.011015750468 2.062852382660 0
-0.241528049111 -0.208601757884 2.003784418106 0
-0.243755906820 -0.280992269516 1.971939086914 0
0.100483246148 -0.095704428852 1.993328452110 0
0.179643273354 -0.469405829906 2.024145841599 0
0.230714485049 -0.776845097542 2.072253227234 0
0.233258694410 -0.836447954178 1.991275787354 0
-0.043401025236 -0.094538822770 2.010943412781 0
-0.109556414187 -0.480883270502 2.037191152573 0
-0.177969709039 -0.794218301773 2.100751638412 0
-0.193817824125 -0.861072480679 2.043393373489 0
0.028532883152 -0.022521020845 2.009754180908 0
0.032347802073 0.047345958650 2.052760839462 0
0.029470531270 0.421229481697 2.036837100983 0
0.021178467199 0.612681090832 1.997751593590 0
0.190450564027 0.290170967579 2.031197071075 0
0.257381320000 0.013018035330 2.039011478424 0
0.297739833593 -0.201491042972 1.974843025208 0
0.294573754072 -0.295028597116 1.947930335999 0
-0.129942208529 0.288041144609 2.059658765793 0
-0.175806626678 0.010869098827 2.063040018082 0
-0.242043286562 -0.208280250430 2.004637002945 0
-0.244409963489 -0.279608994722 1.976668357849 0
0.100292056799 -0.095914267004 1.992461562157 0
0.179624140263 -0.469415485859 2.023675918579 0
0.230699524283 -0.776855409145 2.072257518768 0
0.233215868473 -0.836479365826 1.991291165352 0
-0.043424110860 -0.094748444855 2.010608196259 0
-0.109611481428 -0.480696082115 2.036871194839 0
-0.177904218435 -0.794189453125 2.100731849670 0
-0.194078594446 -0.860914230347 2.042992353439 0
0.028536789119 -0.022773658857 2.009309768677 0
0.032476335764 0.047157555819 2.052736282349 0
0.029900453985 0.421240150928 2.037118673325 0
0.021083476022 0.612633168697 1.998552918434 0
0.190663173795 0.289931923151 2.030693054199 0
0.257589519024 0.012889617123 2.038646459579 0
0.297894358635 -0.203062474728 1.980401873589 0
0.295350253582 -0.296894669533 1.955795288086 0
-0.129634693265 0.287883251905 2.059935092926 0
-0.175349250436 0.010745261796 2.063210725784 0
-0.242493495345 -0.208014070988 2.005379199982 0
-0.245186135173 -0.281998425722 1.976399779320 0
0.100133337080 -0.096092112362 1.991732120514 0
0.179634824395 -0.469409108162 2.023275852203 0
0.230684861541 -0.776864528656 2.072259426117 0
0.233173161745 -0.836509644985 1.991305232048 0
-0.043441500515 -0.094946682453 2.010263204575 0
-0.109667345881 -0.480518966913 2.036571502686 0
-0.177854239941 -0.794169902802 2.100715875626 0
-0.194323241711 -0.860775053501 2.042626619339 0
0.028548413888 -0.023002142087 2.008897066116 0
0.032605063170 0.046965233982 2.052760839462 0
0.030334478244 0.421272903681 2.037425994873 0
0.021050525829 0.612518846989 1.999488949776 0
0.190914660692 0.289710402489 2.030330896378 0
0.257733762264 0.012757501565 2.038532495499 0
0.298110246658 -0.204476833344 1.985605597496 0
0.296042799950 -0.298393875360 1.962229847908 0
-0.129330426455 0.287747859955 2.060159206390 0
-0.174947068095 0.010637506843 2.063355445862 0
-0.242915108800 -0.207799583673 2.006000518799 0
-0.245560809970 -0.282995849848 1.976314425468 0
0.100011952221 -0.096246294677 1.991117358208 0
0.179665207863 -0.469382911921 2.022928237915 0
0.230667501688 -0.776875436306 2.072257757187 0
0.233134463429 -0.836538314819 1.991316676140 0
-0.043451674283 -0.095138080418 2.009883642197 0
-0.109718888998 -0.480339616537 2.036271333694 0
-0.177813038230 -0.794154107571 2.100700139999 0
-0.194543272257 -0.860653638840 2.042291402817 0
0.028560962528 -0.023207090795 2.008525371552 0
0.032726705074 0.046776734293 2.052810192108 0
0.030739618465 0.421305418015 2.037721157074 0
0.021062457934 0.612397730350 2.000373363495 0
0.191152289510 0.289516121149 2.030050992966 0
0.257858961821 0.012619800866 2.038517713547 0
0.298279613256 -0.205468520522 1.989343881607 0
0.296514004469 -0.299379587173 1.966558218002 0
-0.129049673676 0.287615954876 2.060330390930 0
-0.174607932568 0.010547677055 2.063465118408 0
-0.243270114064 -0.207626312971 2.006451845169 0
-0.246144533157 -0.281324297190 1.977228760719 0
0.099914506078 -0.096381790936 1.990598917007 0
0.179703250527 -0.469352126122 2.022629261017 0
0.230650335550 -0.776887416840 2.072254657745 0
0.233099550009 -0.836565673351 1.991326451302 0
-0.043462142348 -0.095316760242 2.009512186050 0
-0.109763473272 -0.480178564787 2.035997629166 0
-0.177776530385 -0.794142425060 2.100685119629 0
-0.194740861654 -0.860547423363 2.041984081268 0
0.028574654832 -0.023392548785 2.008188009262 0
0.032844409347 0.046590380371 2.052879810333 0
0.031130623072 0.421336412430 2.038003683090 0
0.021197181195 0.612187325954 2.001265048981 0
0.191376060247 0.289343833923 2.029840469360 0
0.257979214191 0.012450436130 2.038620471954 0
0.298413008451 -0.206264138222 1.992306947708 0
0.296849668026 -0.300106436014 1.969689130783 0
-0.128799155354 0.287494599819 2.060472249985 0
-0.174318403006 0.010474481620 2.063534021378 0
-0.243573665619 -0.207482829690 2.006756305695 0
-0.246763348579 -0.283225715160 1.975711822510 0
0.099837146699 -0.096504941583 1.990154504776 0
0.179743692279 -0.469324231148 2.022369146347 0
0.230632200837 -0.776899814606 2.072249889374 0
0.233067139983 -0.836591720581 1.991335153580 0
-0.043474614620 -0.095483861864 2.009155511856 0
-0.109799452126 -0.480028122663 2.035735607147 0
-0.177743062377 -0.794131517410 2.100670337677 0
-0.194921061397 -0.860451519489 2.041699409485 0
0.028600906953 -0.023565677926 2.007872819901 0
0.032968174666 0.046392519027 2.052986860275 0
0.031559657305 0.421389818192 2.038327217102 0
0.021389836445 0.611974358559 2.002164125443 0
0.191619887948 0.289165526628 2.029708862305 0
0.258087784052 0.012257462367 2.038894176483 0
0.298586040735 -0.206896960735 1.994808077812 0
0.297161906958 -0.300632417202 1.972090244293 0
-0.128554388881 0.287388473749 2.060569286346 0
-0.174070805311 0.010414797813 2.063542127609 0
-0.243840143085 -0.207366988063 2.006923913956 0
-0.247322246432 -0.284895807505 1.974424839020 0
0.099788494408 -0.096617527306 1.989784002304 0
0.179803550243 -0.469279736280 2.022129774094 0
0.230613127351 -0.776912033558 2.072243690491 0
0.233039483428 -0.836615562439 1.991342663765 0
-0.043471828103 -0.095647782087 2.008769750595 0
-0.109828352928 -0.479886919260 2.035479307175 0
-0.177690997720 -0.794107556343 2.100641012192 0
-0.195071086287 -0.860358715057 2.041426420212 0
0.028634250164 -0.023724807426 2.007579803467 0
0.033089265227 0.046191155910 2.053121566772 0
0.031979791820 0.421433508396 2.038643121719 0
0.021603265777 0.611796677113 2.003004312515 0
0.191864743829 0.289004147053 2.029660463333 0
0.258186131716 0.012026317418 2.039341688156 0
0.298733443022 -0.207425639033 1.996842145920 0
0.297413110733 -0.301066100597 1.974009990692 0
-0.128335371614 0.287289977074 2.060631752014 0
-0.173846215010 0.010375234298 2.063519477844 0
-0.244066432118 -0.207255005836 2.006996870041 0
-0.247786059976 -0.282781422138 1.975324869156 0
0.099758848548 -0.096720680594 1.989468455315 0
0.179862692952 -0.469233930111 2.021921634674 0
0.230592861772 -0.776924192905 2.072236537933 0
0.233016833663 -0.836636662483 1.991348743439 0
-0.043462678790 -0.095805361867 2.008378505707 0
-0.109850265086 -0.479725986719 2.035195589066 0
-0.177654042840 -0.794086635113 2.100612878799 0
-0.195211350918 -0.860275566578 2.041168212891 0
0.028665112332 -0.023867005482 2.007317304611 0
0.033201023936 0.045999508351 2.053264856339 0
0.032361131161 0.421475857496 2.038935422897 0
0.021805977449 0.611609518528 2.003771781921 0
0.192077413201 0.288865983486 2.029643774033 0
0.258266299963 0.011824795045 2.039817810059 0
0.298837721348 -0.207802340388 1.998407125473 0
0.297596275806 -0.301379799843 1.975530862808 0
-0.128138363361 0.287198841572 2.060680389404 0
-0.173642203212 0.010349079035 2.063485622406 0
-0.244270697236 -0.207146644592 2.007031917572 0
-0.247991651297 -0.281939417124 1.975685596466 0
0.099735036492 -0.096811950207 1.989197731018 0
0.179916962981 -0.469191074371 2.021740674973 0
0.230572268367 -0.776935756207 2.072227954865 0
0.232996180654 -0.836656332016 1.991353750229 0
-0.043454173952 -0.095945812762 2.008014678955 0
-0.109860062599 -0.479545623064 2.034898281097 0
-0.177567929029 -0.794026136398 2.100549936295 0
-0.195322826505 -0.860183298588 2.040910243988 0
0.028702186421 -0.024007627741 2.007071018219 0
0.033316075802 0.045797191560 2.053429841995 0
0.032720908523 0.421510815620 2.039215087891 0
0.022150428966 0.611093878746 2.004706621170 0
0.192280650139 0.288727104664 2.029654502869 0
0.258342534304 0.011604334228 2.040386438370 0
0.298944115639 -0.208131462336 1.999684214592 0
0.297760844231 -0.301645845175 1.976727604866 0
-0.127960830927 0.287108957767 2.060705661774 0
-0.173458844423 0.010333947837 2.063437700272 0
-0.244459077716 -0.207040816545 2.007022857666 0
-0.248195976019 -0.282787799835 1.974913001060 0
0.099726475775 -0.096907228231 1.988967180252 0
0.180028229952 -0.469074338675 2.021568298340 0
0.230551078916 -0.776948034763 2.072219371796 0
0.232975512743 -0.836674273014 1.991357684135 0
-0.043440025300 -0.096082985401 2.007660865784 0
-0.109883315861 -0.479366362095 2.034592151642 0
-0.177397102118 -0.793885290623 2.100416421890 0
-0.195404484868 -0.860074698925 2.040638208389 0
0.028739375994 -0.024139069021 2.006843805313 0
0.033423975110 0.045603632927 2.053595066071 0
0.033047348261 0.421544790268 2.039472341537 0
0.022460415959 0.610630810261 2.005521774292 0
0.192481800914 0.288591772318 2.029688358307 0
0.258409738541 0.011395733804 2.040948390961 0
0.299046933651 -0.208404555917 2.000731468201 0
0.297908931971 -0.301866292953 1.977708935738 0
-0.127797424793 0.287023544312 2.060723543167 0
-0.173295408487 0.010322646238 2.063388824463 0
-0.244635954499 -0.206945121288 2.007004022598 0
-0.248508349061 -0.284325659275 1.973520755768 0
0.099724449217 -0.096998579800 1.988762736320 0
0.180129230022 -0.468973129988 2.021421909332 0
0.230529740453 -0.776960790157 2.072210788727 0
0.232956275344 -0.836691737175 1.991361379623 0
-0.043425716460 -0.096211872995 2.007327556610 0
-0.109898805618 -0.479201704264 2.034306049347 0
-0.177273809910 -0.793780744076 2.100304841995 0
-0.195487931371 -0.859976768494 2.040379285812 0
0.028778767213 -0.024267021567 2.006629705429 0
0.033527530730 0.045408435166 2.053769826889 0
0.033354710788 0.421573370695 2.039726734161 0
0.022751795128 0.610233545303 2.006248474121 0
0.192676305771 0.288456827402 2.029752492905 0
0.258467793465 0.011194495484 2.041525840759 0
0.299127995968 -0.208646938205 2.001649141312 0
0.298028379679 -0.302057445049 1.978548884392 0
-0.127637699246 0.286944240332 2.060728311539 0
-0.173134043813 0.010328580625 2.063326358795 0
-0.244788855314 -0.206848517060 2.006976366043 0
-0.248733192682 -0.285591751337 1.972235083580 0
0.099728949368 -0.097087651491 1.988581776619 0
0.180222809315 -0.468881070614 2.021293401718 0
0.230506852269 -0.776973664761 2.072199821472 0
0.232939064503 -0.836707830429 1.991364002228 0
-0.043409690261 -0.096334226429 2.007003545761 0
-0.109900996089 -0.479025453329 2.034009218216 0
-0.177197888494 -0.793710947037 2.100221395493 0
-0.195575177670 -0.859892606735 2.040138006210 0
0.028817282990 -0.024392820895 2.006429195404 0
0.033624134958 0.045216720551 2.053941726685 0
0.033628072590 0.421595335007 2.039962530136 0
0.023006912321 0.609848856926 2.006917238235 0
0.192855402827 0.288324832916 2.029828071594 0
0.258513659239 0.011011481285 2.042069435120 0
0.299197196960 -0.208849847317 2.002413272858 0
0.298129051924 -0.302214503288 1.979236721992 0
-0.127492874861 0.286870360374 2.060728073120 0
-0.172994285822 0.010333183222 2.063269138336 0
-0.244920521975 -0.206768125296 2.006950616837 0
-0.248898029327 -0.286627590656 1.971170067787 0
0.099736750126 -0.097179859877 1.988415837288 0
0.180308416486 -0.468797624111 2.021179914474 0
0.230485111475 -0.776986479759 2.072188377380 0
0.232923373580 -0.836723268032 1.991366267204 0
-0.043394062668 -0.096450932324 2.006701946259 0
-0.109902501106 -0.478856086731 2.033726453781 0
-0.177093580365 -0.793622851372 2.100117444992 0
-0.195645451546 -0.859807550907 2.039899349213 0
0.028853544965 -0.024508118629 2.006247043610 0
0.033713415265 0.045037496835 2.054108381271 0
0.033866219223 0.421615898609 2.040176630020 0
0.023227244616 0.609541296959 2.007486581802 0
0.193016707897 0.288202822208 2.029905557632 0
0.258552432060 0.010853454471 2.042557001114 0
0.299258708954 -0.209022089839 2.003074407578 0
0.298217177391 -0.302342385054 1.979809641838 0
-0.127359896898 0.286801874638 2.060725688934 0
-0.172867193818 0.010338865221 2.063214778900 0
-0.245041340590 -0.206693783402 2.006912469864 0
-0.249031394720 -0.283970594406 1.971752643585 0
0.099746063352 -0.097264438868 1.988268613815 0
0.180389493704 -0.468720406294 2.021074771881 0
0.230467364192 -0.776999175549 2.072178840637 0
0.232909321785 -0.836738705635 1.991368651390 0
-0.043378192931 -0.096556797624 2.006426572800 0
-0.109904184937 -0.478707820177 2.033473014832 0
-0.176998987794 -0.793541789055 2.100020408630 0
-0.195711955428 -0.859726428986 2.039669752121 0
0.028892662376 -0.024619232863 2.006074190140 0
0.033799547702 0.044862985611 2.054274559021 0
0.034079443663 0.421632915735 2.040374755859 0
0.023425536230 0.609263837337 2.008001804352 0
0.193169638515 0.288085073233 2.029998540878 0
0.258582204580 0.010711307637 2.043003797531 0
0.299318045378 -0.209172680974 2.003628730774 0
0.299498200417 -0.266807258129 1.987404704094 0
-0.127234265208 0.286737143993 2.060719728470 0
-0.172754988074 0.010341343470 2.063164234161 0
-0.245140656829 -0.206635177135 2.006871223450 0
-0.249096080661 -0.281911671162 1.972442030907 0
0.099761746824 -0.097345352173 1.988135218620 0
0.180463224649 -0.468656986952 2.020979881287 0
0.230448633432 -0.777012526989 2.072168827057 0
0.232896000147 -0.836754024029 1.991371273994 0
-0.043357491493 -0.096657983959 2.006161212921 0
-0.109904833138 -0.478572815657 2.033240795135 0
-0.176938056946 -0.793483972549 2.099942684174 0
-0.195782974362 -0.859652996063 2.039450168610 0
0.028932105750 -0.024721313268 2.005914688110 0
0.033882144839 0.044701665640 2.054432153702 0
0.034275949001 0.421651721001 2.040556430817 0
0.023610120639 0.609083652496 2.008437871933 0
0.193310618401 0.287976413965 2.030092954636 0
0.258605390787 0.010586527176 2.043399333954 0
0.299377858639 -0.209307223558 2.004117488861 0
0.299740523100 -0.260776758194 1.988794088364 0
-0.127118200064 0.286675781012 2.060712814331 0
-0.172653868794 0.010343678296 2.063116073608 0
-0.245233505964 -0.206581950188 2.006824254990 0
-0.249131202698 -0.281054049730 1.972782015800 0
0.099779672921 -0.097418978810 1.988016843796 0
0.180531024933 -0.468602746725 2.020892381668 0
0.230432927608 -0.777027785778 2.072160959244 0
0.232883930206 -0.836770415306 1.991374611855 0
-0.043334268034 -0.096750505269 2.005913019180 0
-0.109901383519 -0.478437960148 2.033015251160 0
-0.176882222295 -0.793430745602 2.099869489670 0
-0.195850327611 -0.859583377838 2.039239168167 0
0.028972787783 -0.024816347286 2.005766630173 0
0.033963587135 0.044546894729 2.054587602615 0
0.034456867725 0.421666771173 2.040734052658 0
0.023767035455 0.608959972858 2.008806705475 0
0.193443447351 0.287872701883 2.030189037323 0
0.258623450994 0.010474787094 2.043755531311 0
0.299436658621 -0.209423467517 2.004518032074 0
0.299932807684 -0.256370753050 1.989772439003 0
-0.127011254430 0.286617368460 2.060705900192 0
-0.172560855746 0.010347172618 2.063071012497 0
-0.245307892561 -0.206540346146 2.006790161133 0
-0.249149426818 -0.280288606882 1.973236322403 0
0.099800765514 -0.097487494349 1.987910747528 0
0.180595532060 -0.468552023172 2.020812034607 0
0.230417281389 -0.777043521404 2.072152137756 0
0.232872277498 -0.836786627769 1.991377711296 0
-0.043307229877 -0.096836805344 2.005679130554 0
-0.109889499843 -0.478277206421 2.032768964767 0
-0.176848486066 -0.793395757675 2.099814414978 0
-0.195922091603 -0.859522819519 2.039041996002 0
0.029011506587 -0.024903563783 2.005630970001 0
0.034038837999 0.044403709471 2.054734706879 0
0.034618545324 0.421680569649 2.040898084641 0
0.023899823427 0.608863770962 2.009124755859 0
0.193562880158 0.287776857615 2.030283689499 0
0.258636087179 0.010379948653 2.044072389603 0
0.299488902092 -0.209519997239 2.004855871201 0
0.300075620413 -0.253124326468 1.990473270416 0
-0.126913025975 0.286563098431 2.060699224472 0
-0.172476500273 0.010350077413 2.063028812408 0
-0.245373040438 -0.206505119801 2.006757497787 0
-0.249144747853 -0.278935909271 1.974170684814 0
0.099821917713 -0.097550295293 1.987815022469 0
0.180651575327 -0.468512237072 2.020741224289 0
0.230403214693 -0.777062296867 2.072144985199 0
0.232861518860 -0.836804270744 1.991381645203 0
-0.043279863894 -0.096915416420 2.005461692810 0
-0.109867699444 -0.478128939867 2.032540559769 0
-0.176820755005 -0.793368101120 2.099765777588 0
-0.195992574096 -0.859466671944 2.038852214813 0
0.029049145058 -0.024987317622 2.005501985550 0
0.034109763801 0.044267404824 2.054875612259 0
0.034760005772 0.421693146229 2.041048288345 0
0.023989802226 0.608803510666 2.009427785873 0
0.193672478199 0.287688046694 2.030377388000 0
0.258641868830 0.010296804830 2.044359683990 0
0.299536377192 -0.209600895643 2.005125045776 0
0.300273448229 -0.248645186424 1.991176962852 0
-0.126821905375 0.286512553692 2.060693502426 0
-0.172399729490 0.010352655314 2.062989711761 0
-0.245428681374 -0.206476882100 2.006727695465 0
-0.249165415764 -0.281140029430 1.973373293877 0
0.099843904376 -0.097611084580 1.987724542618 0
0.180705443025 -0.468476980925 2.020674228668 0
0.230390161276 -0.777079880238 2.072137117386 0
0.232851371169 -0.836821377277 1.991385221481 0
-0.043253727257 -0.096989780664 2.005258560181 0
-0.109840564430 -0.477977901697 2.032317638397 0
-0.176763445139 -0.793320000172 2.099697351456 0
-0.196046054363 -0.859406054020 2.038663625717 0
0.029084935784 -0.025064297020 2.005382537842 0
0.034175094217 0.044141959399 2.055006742477 0
0.034885432571 0.421705752611 2.041186571121 0
0.024064525962 0.608755886555 2.009694814682 0
0.193770080805 0.287607878447 2.030468940735 0
0.258639812469 0.010225194506 2.044618129730 0
0.299578338861 -0.209669530392 2.005352497101 0
0.300352960825 -0.246894240379 1.991484045982 0
-0.126737430692 0.286466389894 2.060688257217 0
-0.172327011824 0.010353721678 2.062951564789 0
-0.245475485921 -0.206455096602 2.006701469421 0
-0.249163538218 -0.282968670130 1.972700834274 0
0.099865384400 -0.097666598856 1.987641453743 0
0.180756583810 -0.468447923660 2.020609855652 0
0.230377212167 -0.777098178864 2.072129487991 0
0.232841432095 -0.836839079857 1.991388916969 0
-0.043227124959 -0.097057014704 2.005069255829 0
-0.109813943505 -0.477844029665 2.032117128372 0
-0.176715970039 -0.793279290199 2.099637508392 0
-0.196099340916 -0.859348773956 2.038482427597 0
0.029119607061 -0.025135662407 2.005269527435 0
0.034235093743 0.044024977833 2.055131196976 0
0.034996971488 0.421718001366 2.041319608688 0
0.024128956720 0.608723700047 2.009946584702 0
0.193861812353 0.287534087896 2.030565738678 0
0.258632689714 0.010156368837 2.044853210449 0
0.299616515636 -0.209733277559 2.005535125732 0
0.300221651793 -0.271574556828 1.988626003265 0
-0.126658827066 0.286423474550 2.060683250427 0
-0.172255590558 0.010352017358 2.062915086746 0
-0.245511665940 -0.206441760063 2.006683826447 0
-0.249084949493 -0.281370609999 1.974365353584 0
0.099887102842 -0.097718007863 1.987564802170 0
0.180802971125 -0.468428581953 2.020552635193 0
0.230363994837 -0.777118682861 2.072120666504 0
0.232832044363 -0.836857199669 1.991392731667 0
-0.043199989945 -0.097118638456 2.004883766174 0
-0.109786972404 -0.477742195129 2.031945228577 0
-0.176700741053 -0.793264865875 2.099603891373 0
-0.196165189147 -0.859303653240 2.038313627243 0
0.029152806848 -0.025202330202 2.005164623260 0
0.034291654825 0.043914649636 2.055248498917 0
0.035102460533 0.421725809574 2.041451454163 0
0.024191536009 0.608696937561 2.010169744492 0
0.193946659565 0.287466138601 2.030659437180 0
0.258624225855 0.010095244274 2.045065879822 0
0.299648672342 -0.209789305925 2.005688667297 0
0.300148129463 -0.281497865915 1.987397193909 0
-0.126586601138 0.286382466555 2.060679435730 0
-0.172190010548 0.010347769596 2.062881708145 0
-0.245543047786 -0.206432223320 2.006665706635 0
-0.249041736126 -0.283282548189 1.973192095757 0
0.099909290671 -0.097767136991 1.987493157387 0
0.180844828486 -0.468413352966 2.020499229431 0
0.230351939797 -0.777138948441 2.072112560272 0
0.232823267579 -0.836875557899 1.991396665573 0
-0.043174494058 -0.097175471485 2.004712343216 0
-0.109761558473 -0.477649062872 2.031786441803 0
-0.176689013839 -0.793252587318 2.099573135376 0
-0.196230903268 -0.859260618687 2.038149833679 0
0.029183965176 -0.025268312544 2.005062103271 0
0.034343089908 0.043808870018 2.055357694626 0
0.035195432603 0.421731561422 2.041573286057 0
0.024235514924 0.608697235584 2.010381221771 0
0.194019556046 0.287408709526 2.030759096146 0
0.258602648973 0.010048094206 2.045256614685 0
0.299673825502 -0.209837272763 2.005828857422 0
0.300116181374 -0.284521728754 1.987092018127 0
-0.126524478197 0.286344796419 2.060681343079 0
-0.172129422426 0.010341176763 2.062850713730 0
-0.245567888021 -0.206427410245 2.006651401520 0
-0.248994141817 -0.284856110811 1.972351908684 0
0.099930770695 -0.097815208137 1.987424015999 0
0.180887013674 -0.468398332596 2.020443677902 0
0.230338841677 -0.777154803276 2.072102308273 0
0.232814431190 -0.836891949177 1.991399765015 0
-0.043151330203 -0.097230561078 2.004548311234 0
-0.109737120569 -0.477563023567 2.031638383865 0
-0.176680833101 -0.793242454529 2.099543571472 0
-0.196297213435 -0.859219610691 2.037989139557 0
0.029213652015 -0.025330722332 2.004966020584 0
0.034391365945 0.043709296733 2.055460214615 0
0.035278424621 0.421736508608 2.041690111160 0
0.024272019044 0.608697354794 2.010595560074 0
0.194087743759 0.287355333567 2.030856132507 0
0.258581548929 0.010005522519 2.045429468155 0
0.299698859453 -0.209882184863 2.005954980850 0
0.300095617771 -0.286931008101 1.986860275269 0
-0.126467913389 0.286309421062 2.060684919357 0
-0.172076582909 0.010335293598 2.062825202942 0
-0.245590686798 -0.206423699856 2.006636381149 0
-0.248947650194 -0.286199897528 1.971518158913 0
0.099952697754 -0.097862631083 1.987357735634 0
0.180926680565 -0.468384653330 2.020390987396 0
0.230325594544 -0.777171730995 2.072092294693 0
0.232805565000 -0.836908996105 1.991402864456 0
-0.043129388243 -0.097282312810 2.004397153854 0
-0.109717093408 -0.477486103773 2.031502485275 0
-0.176677525043 -0.793235182762 2.099516630173 0
-0.196366131306 -0.859181046486 2.037831783295 0
0.029241764918 -0.025389535353 2.004874706268 0
0.034436300397 0.043614674360 2.055557489395 0
0.035351138562 0.421741515398 2.041812181473 0
0.024304840714 0.608703613281 2.010809659958 0
0.194152593613 0.287304699421 2.030959844589 0
0.258554905653 0.009969605133 2.045588254929 0
0.299726605415 -0.209923952818 2.006068706512 0
0.300089359283 -0.290442407131 1.986321210861 0
-0.126421302557 0.286276966333 2.060694217682 0
-0.172033175826 0.010319933295 2.062802791595 0
-0.245615512133 -0.206429943442 2.006614923477 0
-0.248768970370 -0.283627659082 1.975042819977 0
0.099974967539 -0.097908988595 1.987293124199 0
0.180962607265 -0.468372851610 2.020342588425 0
0.230311825871 -0.777190268040 2.072084188461 0
0.232796341181 -0.836927533150 1.991406798363 0
-0.043109256774 -0.097330704331 2.004252433777 0
-0.109694086015 -0.477410674095 2.031369924545 0
-0.176657140255 -0.793211579323 2.099469661713 0
-0.196421489120 -0.859133899212 2.037668943405 0
0.029268128797 -0.025444911793 2.004788398743 0
0.034477099776 0.043525256217 2.055648326874 0
0.035416521132 0.421742409468 2.041933774948 0
0.024331122637 0.608709156513 2.011012554169 0
0.194216832519 0.287254273891 2.031072139740 0
0.258526504040 0.009938781150 2.045734167099 0
0.299751460552 -0.209960728884 2.006166696548 0
0.300084352493 -0.292906999588 1.985923051834 0
-0.126377940178 0.286244928837 2.060705423355 0
-0.171988874674 0.010298788548 2.062780618668 0
-0.245638623834 -0.206442087889 2.006592750549 0
-0.248631924391 -0.281842440367 1.977486968040 0
0.099996894598 -0.097954206169 1.987231254578 0
0.180997580290 -0.468360513449 2.020294189453 0
0.230297446251 -0.777208328247 2.072075605392 0
0.232787281275 -0.836945712566 1.991410851479 0
-0.043090973049 -0.097376003861 2.004117250443 0
-0.109671905637 -0.477341353893 2.031247377396 0
-0.176619648933 -0.793176889420 2.099408149719 0
-0.196466207504 -0.859084010124 2.037504673004 0
0.029294073582 -0.025496343151 2.004708528519 0
0.034515954554 0.043439209461 2.055736064911 0
0.035488858819 0.421737998724 2.042069673538 0
0.024351049215 0.608713209629 2.011214733124 0
0.194285631180 0.287203997374 2.031207323074 0
0.258488625288 0.009910448454 2.045879125595 0
0.299772977829 -0.209996968508 2.006262063980 0
0.300066322088 -0.294715166092 1.985643506050 0
-0.126336783171 0.286211758852 2.060720682144 0
-0.171948730946 0.010278568603 2.062765598297 0
-0.245658487082 -0.206454560161 2.006575107574 0
-0.248609200120 -0.284024655819 1.976189732552 0
0.100018925965 -0.097997866571 1.987171888351 0
0.181031063199 -0.468349307775 2.020248174667 0
0.230286359787 -0.777227997780 2.072068214417 0
0.232779890299 -0.836964905262 1.991415381432 0
-0.043073080480 -0.097417548299 2.003991842270 0
-0.109648533165 -0.477277457714 2.031132221222 0
-0.176598683000 -0.793157935143 2.099362850189 0
-0.196514770389 -0.859041869640 2.037349462509 0
