0.104098416865 -0.016351193190 2.099241733551 0
0.106759868562 0.050673086196 2.151852846146 0
0.101035043597 0.418758392334 2.134657859802 0
0.099640719593 0.615238785744 2.078165531158 0
0.275647610426 0.302138566971 2.112911224365 0
0.343638926744 0.028403704986 2.124213933945 0
0.378281265497 -0.194083496928 2.056661605835 0
0.374789834023 -0.291477590799 2.018892049789 0
-0.068272873759 0.297060817480 2.135987281799 0
-0.121081806719 0.017339011654 2.152197837830 0
-0.175041049719 -0.229511976242 2.120180606842 0
-0.179574951530 -0.330438464880 2.101013660431 0
0.182409211993 -0.093194350600 2.083237886429 0
0.223855152726 -0.513541996479 2.164624452591 0
0.227184593678 -0.853009760380 2.267886638641 0
0.220861271024 -0.931541979313 2.197806596756 0
0.027409980074 -0.093908607960 2.096816062927 0
0.001980386442 -0.524446129799 2.186660766602 0
0.013445410877 -0.861905694008 2.287899255753 0
-0.002084515756 -0.949508845806 2.280955076218 0
0.103981338441 -0.016378067434 2.099187374115 0
0.106692902744 0.050679769367 2.151744604111 0
0.100990667939 0.418954133987 2.134529352188 0
0.098895713687 0.616269409657 2.079864263535 0
0.275407940149 0.302072882652 2.112611770630 0
0.342835754156 0.028195921332 2.123445034027 0
0.378238916397 -0.194279387593 2.055688858032 0
0.374106079340 -0.291636258364 2.016225337982 0
-0.068707183003 0.296828269958 2.135949134827 0
-0.121357664466 0.017056817189 2.152244806290 0
-0.176976993680 -0.220686376095 2.104279518127 0
-0.178231671453 -0.313643187284 2.062272071838 0
0.182241737843 -0.093228720129 2.083157300949 0
0.223864838481 -0.513465046883 2.164490938187 0
0.227190911770 -0.853008568287 2.267889499664 0
0.220861196518 -0.931544721127 2.197811603546 0
0.027193427086 -0.093989148736 2.096821784973 0
0.001921046525 -0.524420440197 2.186632633209 0
0.013448824175 -0.861905753613 2.287895441055 0
-0.002143046586 -0.949520111084 2.281193494797 0
0.103856131434 -0.016397278756 2.099138021469 0
0.106621272862 0.050692789257 2.151645421982 0
0.100956223905 0.419155955315 2.134419202805 0
0.098231665790 0.617241322994 2.081507444382 0
0.275190502405 0.302009224892 2.112357139587 0
0.342255443335 0.028531681746 2.123237371445 0
0.377786219120 -0.192684486508 2.051866531372 0
0.370702743530 -0.287587076426 2.005084276199 0
-0.069094672799 0.296632260084 2.135925769806 0
-0.123429797590 0.020468501374 2.152402877808 0
-0.178009107709 -0.210474073887 2.081843376160 0
-0.175673484802 -0.303256183863 2.034581661224 0
0.182065844536 -0.093255273998 2.083084583282 0
0.223858609796 -0.513379514217 2.164361953735 0
0.227198690176 -0.853011190891 2.267894983292 0
0.220861509442 -0.931549370289 2.197818279266 0
0.026961546391 -0.094054117799 2.096832990646 0
0.001862945850 -0.524392426014 2.186602830887 0
0.013451831415 -0.861906290054 2.287891864777 0
-0.002194049070 -0.949535429478 2.281434535980 0
0.103690750897 -0.016391573474 2.099080562592 0
0.106521084905 0.050727412105 2.151541948318 0
0.100930057466 0.419392168522 2.134331703186 0
0.097544975579 0.618340969086 2.083547830582 0
0.275013983250 0.301950305700 2.112191200256 0
0.341697573662 0.031862016767 2.124850749969 0
0.355821490288 -0.154333189130 1.976423501968 0
0.314324498177 -0.234757915139 1.903255820274 0
-0.069441370666 0.296474218369 2.135921716690 0
-0.127975240350 0.032137487084 2.154617071152 0
-0.166714772582 -0.156028881669 1.998748421669 0
-0.135337322950 -0.239649504423 1.924628734589 0
0.181869164109 -0.093264453113 2.083007097244 0
0.223821580410 -0.513293087482 2.164263963699 0
0.227205216885 -0.853015363216 2.267901659012 0
0.220862641931 -0.931554079056 2.197824478149 0
0.026619737968 -0.094068899751 2.096824884415 0
0.001819378929 -0.524412631989 2.186618328094 0
0.013454904780 -0.861907958984 2.287889719009 0
-0.002293120604 -0.949547290802 2.281637907028 0
0.103516899049 -0.016375079751 2.099013328552 0
0.106411360204 0.050769269466 2.151437282562 0
0.100910127163 0.419645071030 2.134262084961 0
0.097030974925 0.619221925735 2.085245609283 0
0.274864345789 0.301895499229 2.112078428268 0
0.341573596001 0.036624122411 2.127195119858 0
0.327288001776 -0.129896104336 1.920686125755 0
0.268933266401 -0.184259265661 1.850563526154 0
-0.069746717811 0.296341657639 2.135920763016 0
-0.130894050002 0.039869174361 2.156332492828 0
-0.161500528455 -0.126759350300 1.976973652840 0
-0.099864676595 -0.173263415694 1.869550943375 0
0.181677833200 -0.093256540596 2.082919597626 0
0.223759979010 -0.513188958168 2.164176225662 0
0.227211028337 -0.853019952774 2.267906904221 0
0.220864623785 -0.931558609009 2.197829723358 0
0.026244506240 -0.094067290425 2.096785068512 0
0.001782838954 -0.524427771568 2.186643123627 0
0.013458295725 -0.861908197403 2.287887334824 0
-0.002373649273 -0.949546694756 2.281804323196 0
0.103327177465 -0.016333965585 2.098936080933 0
0.106280803680 0.050831221044 2.151333093643 0
0.100895844400 0.419904679060 2.134200096130 0
0.096651136875 0.620274305344 2.087451934814 0
0.274720788002 0.301860749722 2.112031459808 0
0.342241585255 0.050157506019 2.132418394089 0
0.309144377708 -0.045113675296 1.898499965668 0
0.234647661448 -0.073320455849 1.826207637787 0
-0.069979019463 0.296276152134 2.135918140411 0
-0.133407011628 0.049104116857 2.158769369125 0
-0.149814695120 -0.085417620838 1.951408386230 0
-0.047254372388 -0.064755395055 1.831663012505 0
0.181461989880 -0.093211367726 2.082826375961 0
0.223667338490 -0.513090491295 2.164130449295 0
0.227217003703 -0.853033125401 2.267917156219 0
0.220868393779 -0.931564271450 2.197835683823 0
0.025865763426 -0.094020642340 2.096720457077 0
0.001751469215 -0.524460613728 2.186701536179 0
0.013460654765 -0.861908257008 2.287885189056 0
-0.002436903305 -0.949546456337 2.281958580017 0
0.103132463992 -0.016266085207 2.098870038986 0
0.106144621968 0.050913240761 2.151244878769 0
0.100887395442 0.420162856579 2.134156465530 0
0.096375755966 0.621149122715 2.089398145676 0
0.274584680796 0.301838457584 2.112013339996 0
0.342518836260 0.060369487852 2.135168313980 0
0.307599127293 -0.039206586778 1.896129727364 0
0.219427943230 0.022443939000 1.799686074257 0
-0.070165321231 0.296281099319 2.135928630829 0
-0.134442955256 0.056253064424 2.159838914871 0
-0.067563086748 0.006773840636 1.849809885025 0
-0.039491433650 0.007796196267 1.812929630280 0
0.181221440434 -0.093128561974 2.082751274109 0
0.223558455706 -0.512983858585 2.164112567902 0
0.227220252156 -0.853050589561 2.267932415009 0
0.220872029662 -0.931569993496 2.197841405869 0
0.025514911860 -0.093935541809 2.096665382385 0
0.001716119703 -0.524498641491 2.186776161194 0
0.013462384231 -0.861908316612 2.287883758545 0
-0.002491833875 -0.949548006058 2.282098531723 0
0.102924004197 -0.016174310818 2.098833322525 0
0.105994291604 0.051010727882 2.151196479797 0
0.100894041359 0.420423030853 2.134163141251 0
0.096431016922 0.621944785118 2.091376304626 0
0.274401336908 0.301847666502 2.112061500549 0
0.344102174044 0.072644546628 2.121100902557 0
0.267706990242 0.082810491323 1.856582880020 0
0.244469270110 0.105098024011 1.821259140968 0
-0.070266738534 0.296407073736 2.135951995850 0
-0.132952094078 0.063184715807 2.137891769409 0
-0.061393514276 0.096292965114 1.842178344727 0
-0.056026525795 0.105940163136 1.822809696198 0
0.180877074599 -0.092970930040 2.082730770111 0
0.223436608911 -0.512848675251 2.164114236832 0
0.227223917842 -0.853064000607 2.267944574356 0
0.220876932144 -0.931574642658 2.197846174240 0
0.025196572766 -0.093799769878 2.096647739410 0
0.001687024371 -0.524522840977 2.186863899231 0
0.013463557698 -0.861908495426 2.287882804871 0
-0.002539438894 -0.949549615383 2.282220602036 0
0.102730453014 -0.016087973490 2.098800897598 0
0.105853125453 0.051102705300 2.151153087616 0
0.100900650024 0.420661598444 2.134171724319 0
0.096487015486 0.622544884682 2.092884302139 0
0.274230837822 0.301857531071 2.112111330032 0
0.344815880060 0.078018538654 2.114738702774 0
0.263712376356 0.094955816865 1.852495908737 0
0.247043311596 0.108438447118 1.823914289474 0
-0.070356883109 0.296532005072 2.135975122452 0
-0.132304266095 0.065871447325 2.128956556320 0
-0.062480770051 0.100595690310 1.844532966614 0
-0.058403395116 0.109474807978 1.825595974922 0
0.180563136935 -0.092825613916 2.082714080811 0
0.223321050406 -0.512721896172 2.164118051529 0
0.227227374911 -0.853077292442 2.267956256866 0
0.220881849527 -0.931579232216 2.197850704193 0
0.024908589199 -0.093674048781 2.096632242203 0
0.001659654197 -0.524547159672 2.186950206757 0
0.013464586809 -0.861908555031 2.287882089615 0
-0.002583161695 -0.949550569057 2.282329797745 0
0.102537393570 -0.016026617959 2.098839044571 0
0.105699531734 0.051175650209 2.151199579239 0
0.100924000144 0.420988351107 2.134339570999 0
0.096744351089 0.623072981834 2.094360113144 0
0.273733198643 0.302080571651 2.112306118011 0
0.336274743080 0.072021842003 2.041415452957 0
0.262032985687 0.199605077505 1.812345981598 0
0.269864678383 0.210717245936 1.835202097893 0
-0.070172697306 0.297126859426 2.135997056961 0
-0.131291434169 0.067091606557 2.033669948578 0
-0.060310993344 0.199851959944 1.804246544838 0
-0.080783307552 0.205553501844 1.842720389366 0
0.180127635598 -0.092632740736 2.082825660706 0
0.223211839795 -0.512613236904 2.164148807526 0
0.227229773998 -0.853093802929 2.267971038818 0
0.220888286829 -0.931584417820 2.197855949402 0
0.024695526809 -0.093540273607 2.096696615219 0
0.001633563428 -0.524581789970 2.187094211578 0
0.013465004973 -0.861908793449 2.287881612778 0
-0.002654899610 -0.949549973011 2.282434940338 0
0.102350994945 -0.015979701653 2.098899126053 0
0.105536617339 0.051238056272 2.151283025742 0
0.100960358977 0.421343952417 2.134589195251 0
0.097011864185 0.623498558998 2.095658779144 0
0.273044139147 0.302475363016 2.112581729889 0
0.335332006216 0.072392880917 2.032116413116 0
0.262577503920 0.213551431894 1.808952212334 0
0.272952884436 0.222244620323 1.837264299393 0
-0.069356441498 0.298485845327 2.135967016220 0
-0.131863027811 0.068445205688 2.023175954819 0
-0.061289221048 0.215845584869 1.801875710487 0
-0.084061786532 0.221945896745 1.845679521561 0
0.179641619325 -0.092421002686 2.082989454269 0
0.223107844591 -0.512510061264 2.164189338684 0
0.227231979370 -0.853109896183 2.267986059189 0
0.220896169543 -0.931589841843 2.197861194611 0
0.024524461478 -0.093396700919 2.096786499023 0
0.001609698287 -0.524566113949 2.187230825424 0
0.013464579359 -0.861911714077 2.287883043289 0
0.001157433726 -0.946798145771 2.263282060623 0
0.102150849998 -0.015992777422 2.099019527435 0
0.105357617140 0.051251951605 2.151458501816 0
0.100976400077 0.421783655882 2.135063648224 0
0.097511507571 0.623837530613 2.097034692764 0
0.271539956331 0.303248554468 2.112881422043 0
0.334825515747 0.073885209858 2.024218559265 0
0.266434997320 0.231346309185 1.810136914253 0
0.276723772287 0.232515513897 1.839658498764 0
-0.067412659526 0.301038503647 2.135953903198 0
-0.133605703712 0.070478230715 2.016076803207 0
-0.061454582959 0.225358963013 1.801486849785 0
-0.085361577570 0.230559080839 1.846983671188 0
0.178987532854 -0.092178985476 2.083286285400 0
0.223000794649 -0.512398421764 2.164243221283 0
0.227232247591 -0.853133082390 2.268008947372 0
0.220902517438 -0.931596159935 2.197867870331 0
0.024425605312 -0.093239329755 2.096922397614 0
0.001590236789 -0.524552881718 2.187408685684 0
0.013464892283 -0.861914277077 2.287884473801 0
0.001742793946 -0.946305811405 2.259982347488 0
0.101946629584 -0.016041373834 2.099175214767 0
0.105177700520 0.051234383136 2.151686668396 0
0.100993230939 0.422242462635 2.135644674301 0
0.097990438342 0.624100446701 2.098213434219 0
0.269952148199 0.303984016180 2.113115549088 0
0.334378957748 0.075300797820 2.019360780716 0
0.268189668655 0.238530293107 1.809871673584 0
0.278969019651 0.237735718489 1.840559601784 0
-0.065762296319 0.303148359060 2.135983705521 0
-0.135333985090 0.072034090757 2.010674715042 0
-0.061128661036 0.229889854789 1.800299167633 0
-0.085652269423 0.235005363822 1.846199989319 0
0.178323134780 -0.091958366334 2.083624362946 0
0.222895756364 -0.512305974960 2.164310932159 0
0.227232590318 -0.853157043457 2.268031835556 0
0.220908075571 -0.931602358818 2.197874546051 0
0.024358129129 -0.093083739281 2.097075939178 0
0.001576923183 -0.524550974369 2.187617063522 0
0.013465234078 -0.861917495728 2.287886619568 0
0.002197670517 -0.945911705494 2.257349729538 0
0.101739168167 -0.016120241955 2.099377870560 0
0.104984320700 0.051183249801 2.152006149292 0
0.100994728506 0.422704130411 2.136341810226 0
0.098616145551 0.624295771122 2.099390506744 0
0.268566578627 0.304583758116 2.113345623016 0
0.333928257227 0.076370738447 2.016295909882 0
0.272703856230 0.238252401352 1.807621240616 0
0.283278584480 0.240142181516 1.836289763451 0
-0.064550772309 0.304648399353 2.136035203934 0
-0.136664032936 0.071970112622 2.007295846939 0
-0.066240400076 0.212608247995 1.798868894577 0
-0.088023483753 0.215122371912 1.826758146286 0
0.177703410387 -0.091769330204 2.083996295929 0
0.222786724567 -0.512215435505 2.164411306381 0
0.227230951190 -0.853179275990 2.268054723740 0
0.220912694931 -0.931607246399 2.197880029678 0
0.024312879890 -0.092930220068 2.097254753113 0
0.001562250312 -0.524577260017 2.187897205353 0
0.013465343043 -0.861920356750 2.287889003754 0
0.002567896619 -0.945580065250 2.255195856094 0
0.101551435888 -0.016194254160 2.099581718445 0
0.104792378843 0.051131263375 2.152343034744 0
0.100988335907 0.423117578030 2.137011528015 0
0.099221490324 0.624435663223 2.100343465805 0
0.267586976290 0.305036097765 2.113645076752 0
0.333573013544 0.076969794929 2.014521598816 0
0.281173348427 0.225967273116 1.802911520004 0
0.288403302431 0.237372964621 1.830352783203 0
-0.063721165061 0.305624008179 2.136083841324 0
-0.138009443879 0.070632360876 2.005170106888 0
-0.068992443383 0.201244816184 1.797196626663 0
-0.089267052710 0.204770356417 1.818208813667 0
0.177182078362 -0.091606318951 2.084352731705 0
0.222679808736 -0.512139141560 2.164523601532 0
0.227227762341 -0.853204965591 2.268080711365 0
0.220918580890 -0.931612730026 2.197885990143 0
0.024277556688 -0.092786602676 2.097425699234 0
0.001547378954 -0.524611890316 2.188177108765 0
0.013467871584 -0.861922740936 2.287894248962 0
0.002907848451 -0.945302009583 2.253427743912 0
0.101384095848 -0.016273096204 2.099810838699 0
0.104598410428 0.051068168133 2.152743339539 0
0.100980490446 0.423522144556 2.137737989426 0
0.100150279701 0.624481678009 2.101187705994 0
0.266953498125 0.305312037468 2.113988876343 0
0.329931199551 0.075461596251 2.037725925446 0
0.301441580057 0.185133948922 1.827173233032 0
0.297088146210 0.223708331585 1.822747349739 0
-0.063179776073 0.306130558252 2.136114120483 0
-0.139198079705 0.068001076579 2.002990007401 0
-0.069837912917 0.192406862974 1.793231487274 0
-0.089955389500 0.194628864527 1.812001705170 0
0.176755756140 -0.091472551227 2.084731578827 0
0.222581312060 -0.512064874172 2.164634227753 0
0.227221280336 -0.853238463402 2.268123626709 0
0.220927208662 -0.931620657444 2.197896242142 0
0.024257292971 -0.092656269670 2.097597837448 0
0.001540316385 -0.524638831615 2.188457012177 0
0.013471517712 -0.861921250820 2.287896871567 0
0.003228210844 -0.945038735867 2.251899480820 0
0.101232565939 -0.016346227378 2.100022077560 0
0.104425169528 0.051010362804 2.153105735779 0
0.100973486900 0.423866480589 2.138363361359 0
0.100922062993 0.624509990215 2.101862907410 0
0.266423761845 0.305542647839 2.114284276962 0
0.328442662954 0.074774593115 2.047646760941 0
0.305871635675 0.175732314587 1.832202911377 0
0.301041573286 0.217401489615 1.819291830063 0
-0.062729381025 0.306543886662 2.136140108109 0
-0.140051290393 0.066008135676 2.001663446426 0
-0.071112334728 0.183662429452 1.792359232903 0
-0.090385310352 0.186426162720 1.808704018593 0
0.176386490464 -0.091356962919 2.085064888000 0
0.222489580512 -0.511996209621 2.164738655090 0
0.227214872837 -0.853270888329 2.268165111542 0
0.220935821533 -0.931628644466 2.197906494141 0
0.024241320789 -0.092536136508 2.097757816315 0
0.001534247887 -0.524663805962 2.188714742661 0
0.013475165702 -0.861919760704 2.287899255753 0
0.003504903521 -0.944812297821 2.250592708588 0
0.101109459996 -0.016404183581 2.100250720978 0
0.104238942266 0.050963956863 2.153514385223 0
0.100972577929 0.424165844917 2.138924121857 0
0.102821066976 0.624248683453 2.102499723434 0
0.266216397285 0.305666565895 2.114763021469 0
0.322617202997 0.074466913939 2.096174478531 0
0.314638882875 0.155055046082 1.850339531898 0
0.309339821339 0.200112357736 1.819765925407 0
-0.062404595315 0.306798964739 2.136156558990 0
-0.140508964658 0.063351683319 2.000602960587 0
-0.072153143585 0.176544889808 1.791745185852 0
-0.090893015265 0.178857326508 1.806774735451 0
0.176119759679 -0.091255493462 2.085452079773 0
0.222399234772 -0.511901080608 2.164851665497 0
0.227210715413 -0.853298425674 2.268201351166 0
0.220951199532 -0.931636154652 2.197916507721 0
0.024233696982 -0.092421546578 2.097913026810 0
0.001537896344 -0.524661302567 2.188957691193 0
0.013487461023 -0.861909389496 2.287902355194 0
0.003810208291 -0.944583833218 2.249419450760 0
0.101005710661 -0.016452956945 2.100472688675 0
0.104063190520 0.050927575678 2.153908967972 0
0.100972741842 0.424426347017 2.139415979385 0
0.104645796120 0.623990893364 2.103015184402 0
0.266129285097 0.305756568909 2.115316867828 0
0.321374028921 0.074265889823 2.108123540878 0
0.321654796600 0.133303686976 1.869156122208 0
0.314780205488 0.188149899244 1.821062922478 0
-0.062109634280 0.306997328997 2.136156558990 0
-0.140901252627 0.060857575387 2.000101089478 0
-0.073066793382 0.170876115561 1.791729450226 0
-0.091651968658 0.171267271042 1.806550383568 0
0.175907179713 -0.091162584722 2.085834503174 0
0.222316190600 -0.511808156967 2.164961576462 0
0.227206602693 -0.853326678276 2.268238067627 0
0.220970138907 -0.931644201279 2.197926998138 0
0.024232510477 -0.092312246561 2.098059177399 0
0.001544469851 -0.524654567242 2.189183235168 0
0.013497463427 -0.861900925636 2.287905931473 0
0.004092909861 -0.944382488728 2.248388051987 0
0.100919336081 -0.016495184973 2.100703477859 0
0.103897966444 0.050900224596 2.154313087463 0
0.100978456438 0.424660056829 2.139863014221 0
0.106320366263 0.623771667480 2.103476285934 0
0.266144543886 0.305833727121 2.115987539291 0
0.320551306009 0.074009642005 2.115356922150 0
0.324719786644 0.122797295451 1.877202749252 0
0.319173157215 0.177004516125 1.822401404381 0
-0.061843506992 0.307148754597 2.136150836945 0
-0.141176357865 0.056868087500 2.000775575638 0
-0.075531601906 0.162723526359 1.792403578758 0
-0.092734515667 0.163050487638 1.806872606277 0
0.175733983517 -0.091077335179 2.086251020432 0
0.222234606743 -0.511710286140 2.165079116821 0
0.227201268077 -0.853354811668 2.268272638321 0
0.220991596580 -0.931652009487 2.197936773300 0
0.024238968268 -0.092207260430 2.098199605942 0
0.001553601702 -0.524647593498 2.189399480820 0
0.013506527990 -0.861894071102 2.287909984589 0
0.003619252238 -0.944619297981 2.250461578369 0
0.100848391652 -0.016529688612 2.100936174393 0
0.103749021888 0.050881437957 2.154710531235 0
0.100990511477 0.424872428179 2.140284061432 0
0.107787095010 0.623606979847 2.103850126266 0
0.266251325607 0.305887043476 2.116703987122 0
0.319928348064 0.073605448008 2.120287179947 0
0.326505422592 0.116161055863 1.882040739059 0
0.323477894068 0.165237933397 1.823884367943 0
-0.061614852399 0.307265669107 2.136145591736 0
-0.141330033541 0.053303562105 2.001549482346 0
-0.077742077410 0.155573859811 1.792689323425 0
-0.093745604157 0.155700862408 1.807329177856 0
0.175599753857 -0.091000616550 2.086661577225 0
0.222161963582 -0.511613428593 2.165192842484 0
0.227195546031 -0.853382408619 2.268306016922 0
0.221014663577 -0.931659817696 2.197946310043 0
0.024249652401 -0.092108443379 2.098333835602 0
0.001564693637 -0.524641513824 2.189603805542 0
0.013515529223 -0.861887514591 2.287913799286 0
0.001331827836 -0.945781469345 2.260831356049 0
0.100800618529 -0.016551652923 2.101190805435 0
0.103622063994 0.050876371562 2.155123710632 0
0.101017892361 0.425053387880 2.140676021576 0
0.109060108662 0.623476564884 2.104130029678 0
0.266473829746 0.305921167135 2.117534160614 0
0.319298505783 0.073577068746 2.124193906784 0
0.327866494656 0.110346667469 1.882468461990 0
0.326861917973 0.151300832629 1.825270891190 0
-0.061444751918 0.307327121496 2.136144399643 0
-0.143092602491 0.048002310097 2.003475189209 0
-0.080527126789 0.142546072602 1.793574213982 0
-0.095340721309 0.144333556294 1.808409094810 0
0.175517082214 -0.090930506587 2.087101697922 0
0.222094401717 -0.511546909809 2.165338516235 0
0.227191105485 -0.853413641453 2.268344163895 0
0.221041440964 -0.931667566299 2.197956085205 0
0.024270031601 -0.092011675239 2.098473072052 0
0.001579306321 -0.524641036987 2.189813375473 0
0.013519509695 -0.861884891987 2.287918329239 0
0.003754044184 -0.944388866425 2.252461671829 0
0.100763119757 -0.016565866768 2.101438045502 0
0.103511497378 0.050878424197 2.155510902405 0
0.101048938930 0.425210773945 2.141025543213 0
0.110082410276 0.623382329941 2.104348897934 0
0.266749531031 0.305925726891 2.118359327316 0
0.318756163120 0.073406979442 2.126797199249 0
0.328224450350 0.108142368495 1.885002374649 0
0.328478962183 0.134792417288 1.829000949860 0
-0.061315126717 0.307357668877 2.136150836945 0
-0.144364312291 0.043026693165 2.004828214645 0
-0.082218796015 0.132625952363 1.793622374535 0
-0.096384488046 0.132634967566 1.809623122215 0
0.175459891558 -0.090868480504 2.087507486343 0
0.222037762403 -0.511502861977 2.165501356125 0
0.227186769247 -0.853445410728 2.268382072449 0
0.221068292856 -0.931674957275 2.197965145111 0
0.024290980771 -0.091920912266 2.098607301712 0
0.001585732563 -0.524607896805 2.189996719360 0
0.013523318805 -0.861882567406 2.287922859192 0
0.004091931507 -0.944190680981 2.251265764236 0
0.100734889507 -0.016569457948 2.101682662964 0
0.103421494365 0.050889328122 2.155880212784 0
0.101080402732 0.425350308418 2.141355276108 0
0.110897131264 0.623288691044 2.104501724243 0
0.267012387514 0.305929750204 2.119095802307 0
0.318188250065 0.073249742389 2.128676414490 0
0.328215181828 0.105784833431 1.886968970299 0
0.328894734383 0.124206893146 1.830319046974 0
-0.061234630644 0.307361125946 2.136169433594 0
-0.144816741347 0.040801730007 2.005342721939 0
-0.082712672651 0.113079056144 1.791230797768 0
-0.097669936717 0.119297727942 1.810885310173 0
0.175426974893 -0.090808980167 2.087887763977 0
0.221986904740 -0.511460959911 2.165657281876 0
0.227182969451 -0.853475391865 2.268418312073 0
0.221093356609 -0.931681811810 2.197973728180 0
0.024311881512 -0.091835610569 2.098735332489 0
0.001592853921 -0.524575412273 2.190167188644 0
0.013526828028 -0.861880123615 2.287927389145 0
0.004394915886 -0.944010436535 2.250164508820 0
0.100721471012 -0.016536867246 2.101954936981 0
0.103361234069 0.050929635763 2.156266212463 0
0.101143725216 0.425468206406 2.141699552536 0
0.111546479166 0.623210072517 2.104618310928 0
0.267377376556 0.305940598249 2.119869709015 0
0.318634957075 0.076295427978 2.133582592010 0
0.327872425318 0.096326217055 1.891232013702 0
0.327833116055 0.077361404896 1.828094601631 0
-0.061189237982 0.307318001986 2.136238574982 0
-0.122759781778 0.079714946449 2.132453203201 0
-0.098938547075 0.058498702943 1.817731738091 0
-0.104017026722 0.077083885670 1.816475391388 0
0.175420686603 -0.090743325651 2.088248491287 0
0.221947640181 -0.511405289173 2.165816068649 0
0.227185919881 -0.853494644165 2.268442630768 0
0.221118777990 -0.931686103344 2.197980165482 0
0.024332202971 -0.091746099293 2.098875045776 0
0.001609957777 -0.524547696114 2.190337657928 0
0.013529188931 -0.861878097057 2.287930011749 0
0.004659831990 -0.943842232227 2.249136209488 0
0.100721128285 -0.016489544883 2.102237701416 0
0.103322781622 0.050980944186 2.156653642654 0
0.101231500506 0.425575703382 2.142064809799 0
0.111962430179 0.623162508011 2.104688882828 0
0.267763733864 0.305937021971 2.120592832565 0
0.322227746248 0.080311298370 2.139272451401 0
0.330924212933 0.090979196131 1.894932508469 0
0.325274676085 0.045684728771 1.822922945023 0
-0.061156608164 0.307254284620 2.136335611343 0
-0.120582722127 0.084497123957 2.147957086563 0
-0.102391563356 0.039037510753 1.825416803360 0
-0.107373066247 0.038872949779 1.812964200974 0
0.175431102514 -0.090678647161 2.088581800461 0
0.221914842725 -0.511364221573 2.165981769562 0
0.227190330625 -0.853517830372 2.268470525742 0
0.221143901348 -0.931691229343 2.197987079620 0
0.024356847629 -0.091654710472 2.099031925201 0
0.001634445507 -0.524531006813 2.190508604050 0
0.013532325625 -0.861875712872 2.287932872772 0
0.004905283451 -0.943686544895 2.248181343079 0
0.100724391639 -0.016422688961 2.102538824081 0
0.103307619691 0.051043860614 2.157058715820 0
0.101347096264 0.425672084093 2.142518758774 0
0.112095862627 0.623148262501 2.104739427567 0
0.268155843019 0.305916756392 2.121275186539 0
0.327401340008 0.079698689282 2.139877080917 0
0.342669487000 -0.007432512939 1.912325382233 0
0.323780715466 -0.064252443612 1.798712015152 0
-0.061185531318 0.307093292475 2.136591911316 0
-0.122266016901 0.083858475089 2.151330709457 0
-0.138101875782 -0.050302356482 1.917727351189 0
-0.124982200563 -0.062692739069 1.810199618340 0
0.175451681018 -0.090616755188 2.088881015778 0
0.221886321902 -0.511325955391 2.166138410568 0
0.227200686932 -0.853539288044 2.268493175507 0
0.221168041229 -0.931696236134 2.197992801666 0
0.024374241009 -0.091555975378 2.099228382111 0
0.001659073983 -0.524518132210 2.190671443939 0
0.013535046950 -0.861873865128 2.287935018539 0
0.005114243366 -0.943548738956 2.247303247452 0
0.100727543235 -0.016356574371 2.102827787399 0
0.103301778436 0.051104713231 2.157440900803 0
0.101451106369 0.425758361816 2.142947196960 0
0.112173728645 0.623139500618 2.104780673981 0
0.268516451120 0.305879056454 2.121860027313 0
0.335839658976 0.076891273260 2.135619163513 0
0.344576179981 -0.039247028530 1.911206841469 0
0.326325744390 -0.116995655000 1.810983300209 0
-0.061262264848 0.306856423616 2.136928319931 0
-0.126502946019 0.079442694783 2.151151180267 0
-0.140734314919 -0.064088091254 1.924537062645 0
-0.127892941236 -0.135600522161 1.813546538353 0
0.175474822521 -0.090562708676 2.089144945145 0
0.221862986684 -0.511310994625 2.166299104691 0
0.227211073041 -0.853560090065 2.268516778946 0
0.221189275384 -0.931700944901 2.197998762131 0
0.024382252246 -0.091466858983 2.099463224411 0
0.001688368735 -0.524519681931 2.190833806992 0
0.013540177606 -0.861870944500 2.287938833237 0
0.005305586848 -0.943422198296 2.246498107910 0
0.100726053119 -0.016289174557 2.103130578995 0
0.103314965963 0.051163062453 2.157838821411 0
0.101564735174 0.425843328238 2.143443584442 0
0.111988887191 0.623150348663 2.104971408844 0
0.268851011992 0.305826216936 2.122348070145 0
0.339032322168 0.075553469360 2.134018659592 0
0.350215643644 -0.138315021992 1.907801389694 0
0.333341300488 -0.220834434032 1.850021719933 0
-0.061512634158 0.306395649910 2.137553453445 0
-0.127652525902 0.075199894607 2.150657892227 0
-0.144146755338 -0.102120384574 1.950224518776 0
-0.121418900788 -0.213696911931 1.885428428650 0
0.175500899553 -0.090516582131 2.089372158051 0
0.221842780709 -0.511342644691 2.166500329971 0
0.227220728993 -0.853581726551 2.268541336060 0
0.221203729510 -0.931705057621 2.198004245758 0
0.024351349100 -0.091418609023 2.099817752838 0
0.001780064078 -0.524669408798 2.191151142120 0
0.013543810695 -0.861869335175 2.287943363190 0
0.005450342316 -0.943307220936 2.245755434036 0
0.100727222860 -0.016235696152 2.103432655334 0
0.103343553841 0.051207035780 2.158227920532 0
0.101657785475 0.425912022591 2.143914222717 0
0.111611619592 0.623066365719 2.105199337006 0
0.269141674042 0.305751919746 2.122689485550 0
0.342600613832 0.070724628866 2.130662679672 0
0.354356676340 -0.176813542843 1.933739304543 0
0.337721049786 -0.291118323803 1.904311180115 0
-0.061816047877 0.305856555700 2.138230800629 0
-0.128334924579 0.069813929498 2.149689674377 0
-0.138517677784 -0.185602307320 1.962058544159 0
-0.112434081733 -0.297324717045 1.915160655975 0
0.175537064672 -0.090491920710 2.089565992355 0
0.221842423081 -0.511464893818 2.166769504547 0
0.227215394378 -0.853681862354 2.268638372421 0
0.221213489771 -0.931718885899 2.198018550873 0
0.024315208197 -0.091419331729 2.100239038467 0
0.001896344009 -0.524920880795 2.191533565521 0
0.013548246585 -0.861867725849 2.287948131561 0
0.005573304836 -0.943199098110 2.245060443878 0
0.100727923214 -0.016189727932 2.103713750839 0
0.103384792805 0.051246337593 2.158580780029 0
0.101738177240 0.425974965096 2.144318342209 0
0.110960200429 0.623051702976 2.105547189713 0
0.269364416599 0.305675566196 2.122896671295 0
0.345287203789 0.065717510879 2.127515077591 0
0.357535719872 -0.194600701332 1.955999612808 0
0.338517248631 -0.305516064167 1.923028469086 0
-0.062153372914 0.305334687233 2.138913631439 0
-0.128766998649 0.065239824355 2.148965835571 0
-0.142121940851 -0.200314715505 1.970372676849 0
-0.114627711475 -0.309603333473 1.921912908554 0
0.175573006272 -0.090477921069 2.089734315872 0
0.221873342991 -0.511671185493 2.167071104050 0
0.227213293314 -0.853776037693 2.268730163574 0
0.221220090985 -0.931732416153 2.198033094406 0
0.024272561073 -0.091440968215 2.100673913956 0
0.002030434785 -0.525248050690 2.191943883896 0
0.013551475480 -0.861867368221 2.287951469421 0
0.005669991951 -0.943101108074 2.244405508041 0
0.100738331676 -0.016156660393 2.103967905045 0
0.103453576565 0.051280576736 2.158896207809 0
0.101796172559 0.426033109426 2.144609451294 0
0.110048085451 0.623130381107 2.105926275253 0
0.269518345594 0.305598199368 2.122961044312 0
0.346945643425 0.058836061507 2.124898910522 0
0.367254287004 -0.216361418366 2.013453960419 0
0.354953527451 -0.325271546841 1.982803344727 0
-0.062585458159 0.304748356342 2.139625549316 0
-0.128726378083 0.060095239431 2.149128675461 0
-0.155381470919 -0.214797228575 1.999229073524 0
-0.131045147777 -0.320657223463 1.948297142982 0
0.175627142191 -0.090484470129 2.089864492416 0
0.221963033080 -0.511960625648 2.167333364487 0
0.227215811610 -0.853847742081 2.268804788589 0
0.221221804619 -0.931745350361 2.198047876358 0
0.024250647053 -0.091493636370 2.101101636887 0
0.002259422559 -0.525723814964 2.192409276962 0
0.013554660603 -0.861866474152 2.287955522537 0
0.005728805903 -0.943007946014 2.243799209595 0
0.100757934153 -0.016125686467 2.104193687439 0
0.103534258902 0.051315370947 2.159173965454 0
0.101847365499 0.426085382700 2.144830942154 0
0.109178297222 0.623220026493 2.106247663498 0
0.269687414169 0.305507034063 2.122976541519 0
0.347480505705 0.052371207625 2.123297214508 0
0.370661109686 -0.220637872815 2.030023097992 0
0.362595051527 -0.329724699259 2.006676912308 0
-0.063011378050 0.304197221994 2.140270709991 0
-0.128435462713 0.055736187845 2.149414300919 0
-0.166131570935 -0.220716685057 2.027593135834 0
-0.149814501405 -0.325152546167 1.981763243675 0
0.175698339939 -0.090497769415 2.089977025986 0
0.222063630819 -0.512184560299 2.167484521866 0
0.227215200663 -0.853901505470 2.268861532211 0
0.221220448613 -0.931758165359 2.198063135147 0
0.024240059778 -0.091546230018 2.101484060287 0
0.002485471545 -0.526123642921 2.192776918411 0
0.013557939790 -0.861864984035 2.287959337234 0
0.005773858633 -0.942919552326 2.243229150772 0
0.100779540837 -0.016098741442 2.104395627975 0
0.103618986905 0.051350384951 2.159417867661 0
0.101885184646 0.426122754812 2.144963264465 0
0.108274154365 0.623315095901 2.106514215469 0
0.269857168198 0.305405706167 2.122946262360 0
0.347191661596 0.046306654811 2.122659683228 0
0.375235140324 -0.221607431769 2.054579496384 0
0.369961351156 -0.329695701599 2.031407833099 0
-0.063437350094 0.303649872541 2.140861272812 0
-0.127453729510 0.050590801984 2.150101423264 0
-0.173450335860 -0.219222933054 2.052804946899 0
-0.161962807178 -0.321659088135 2.007486343384 0
0.175775483251 -0.090517893434 2.090072154999 0
0.222171351314 -0.512363016605 2.167545795441 0
0.227226614952 -0.853925824165 2.268879652023 0
0.221221476793 -0.931765437126 2.198070526123 0
0.024233251810 -0.091598711908 2.101830482483 0
0.002650384558 -0.526379048824 2.192991018295 0
0.013561109081 -0.861863732338 2.287963390350 0
0.005808747374 -0.942841351032 2.242700576782 0
0.100801438093 -0.016073979437 2.104568481445 0
0.103705465794 0.051389239728 2.159617900848 0
0.101903662086 0.426140427589 2.145013570786 0
0.107349976897 0.623417913914 2.106674909592 0
0.270064473152 0.305251330137 2.122827291489 0
0.346337437630 0.040366657078 2.123530387878 0
0.378890007734 -0.222564488649 2.080828428268 0
0.378020852804 -0.321491390467 2.070152997971 0
-0.063886471093 0.303101807833 2.141404867172 0
-0.125893309712 0.044933766127 2.151472568512 0
-0.179173320532 -0.216770634055 2.086714982986 0
-0.179394081235 -0.319494903088 2.074418544769 0
0.175855919719 -0.090544864535 2.090149402618 0
0.222312137485 -0.512463390827 2.167441844940 0
0.227239772677 -0.853932559490 2.268871545792 0
0.221221849322 -0.931768178940 2.198072433472 0
0.024227501824 -0.091648474336 2.102140426636 0
0.002685773652 -0.526415944099 2.193031787872 0
0.013566266745 -0.861860573292 2.287967205048 0
0.005189586896 -0.943222105503 2.245172262192 0
0.100821152329 -0.016044525430 2.104721069336 0
0.103783860803 0.051430609077 2.159790039063 0
0.101919285953 0.426155626774 2.145053386688 0
0.106534190476 0.623513996601 2.106794357300 0
0.270286589861 0.305089443922 2.122685670853 0
0.345360159874 0.035924647003 2.125162363052 0
0.380443572998 -0.222664371133 2.093178510666 0
0.380102515221 -0.323289275169 2.079818487167 0
-0.064312830567 0.302576661110 2.141867160797 0
-0.124465465546 0.040473904461 2.152782201767 0
-0.181104227901 -0.216260716319 2.100207090378 0
-0.183610975742 -0.302315771580 2.116068601608 0
0.175934031606 -0.090569354594 2.090215682983 0
0.222519129515 -0.512509822845 2.167230129242 0
0.227253183722 -0.853936254978 2.268858671188 0
0.221221476793 -0.931771218777 2.198074817657 0
0.024217534810 -0.091690137982 2.102412462234 0
0.002710619010 -0.526420474052 2.193052530289 0
0.013571886346 -0.861857116222 2.287970542908 0
0.002120117657 -0.945133686066 2.258257150650 0
0.100841514766 -0.016015456989 2.104858875275 0
0.103855408728 0.051473807544 2.159927129745 0
0.101928025484 0.426164478064 2.145074605942 0
0.105712912977 0.623615026474 2.106864452362 0
0.270520269871 0.304900676012 2.122517824173 0
0.344398111105 0.032064870000 2.128149509430 0
0.381451517344 -0.222351014614 2.101073741913 0
0.381431251764 -0.324084877968 2.085701704025 0
-0.064818114042 0.302003532648 2.142307758331 0
-0.122953094542 0.035841450095 2.154658079147 0
-0.182090505958 -0.216571822762 2.109096527100 0
-0.184705093503 -0.302222162485 2.120811223984 0
0.176019489765 -0.090596944094 2.090276241302 0
0.222752675414 -0.512516677380 2.166965723038 0
0.227263659239 -0.853935897350 2.268844127655 0
0.221220225096 -0.931773781776 2.198076725006 0
0.024205204099 -0.091732040048 2.102660894394 0
0.002729471773 -0.526392996311 2.193049907684 0
0.013575892895 -0.861856460571 2.287971973419 0
0.000577927451 -0.946268141270 2.265337944031 0
0.100858829916 -0.015987349674 2.104984045029 0
0.103916838765 0.051514957100 2.160041809082 0
0.101934514940 0.426172763109 2.145089149475 0
0.104990266263 0.623715043068 2.106913328171 0
0.270731389523 0.304727524519 2.122359275818 0
0.343745768070 0.029455110431 2.130536079407 0
0.382138133049 -0.221905171871 2.105531454086 0
0.382313847542 -0.324414163828 2.089074373245 0
-0.065412499011 0.301395773888 2.142727136612 0
-0.121883466840 0.032309588045 2.156175613403 0
-0.182703256607 -0.216864317656 2.113851547241 0
-0.185500204563 -0.302047610283 2.123968124390 0
0.176100581884 -0.090624630451 2.090330362320 0
0.222963497043 -0.512519001961 2.166728019714 0
0.227274194360 -0.853934764862 2.268829822540 0
0.221218913794 -0.931776046753 2.198078393936 0
0.024187367409 -0.091773442924 2.102887630463 0
0.002743400168 -0.526353299618 2.193032264709 0
0.013579349965 -0.861855924129 2.287973165512 0
-0.000368678098 -0.946966111660 2.269690275192 0
0.100873962045 -0.015963137150 2.105096817017 0
0.103964388371 0.051549166441 2.160129785538 0
0.101938687265 0.426179468632 2.145099401474 0
0.104291975498 0.623795807362 2.106923818588 0
0.270913869143 0.304568171501 2.122236490250 0
0.343315511942 0.027600619942 2.132436752319 0
0.382624417543 -0.221515476704 2.107633590698 0
0.383193075657 -0.320269852877 2.090288400650 0
-0.066027097404 0.300769269466 2.143082857132 0
-0.121181115508 0.029431805015 2.157430171967 0
-0.183105424047 -0.217195287347 2.116743564606 0
-0.185939863324 -0.305020868778 2.120280504227 0
0.176180273294 -0.090660095215 2.090375900269 0
0.223115205765 -0.512535989285 2.166612863541 0
0.227282389998 -0.853936851025 2.268825531006 0
0.221218079329 -0.931778192520 2.198080301285 0
0.024166231975 -0.091821119189 2.103096008301 0
0.002753641224 -0.526320278645 2.193009853363 0
0.013585288078 -0.861859738827 2.287976026535 0
-0.001055486733 -0.947504937649 2.272585391998 0
0.100887991488 -0.015941532329 2.105201005936 0
0.104005850852 0.051579471678 2.160204648972 0
0.101942017674 0.426185131073 2.145106554031 0
0.103520564735 0.623870968819 2.106955528259 0
0.271073043346 0.304424911737 2.122143983841 0
0.343010365963 0.026362858713 2.133790254593 0
0.383017361164 -0.220560058951 2.108533382416 0
0.383629888296 -0.318648278713 2.088549852371 0
-0.066601008177 0.300179332495 2.143401861191 0
-0.120736151934 0.027372419834 2.158278703690 0
-0.183402538300 -0.217453837395 2.118436574936 0
-0.185977667570 -0.307046651840 2.114943265915 0
0.176258757710 -0.090698607266 2.090417861938 0
0.223246365786 -0.512552022934 2.166530132294 0
0.227289021015 -0.853938162327 2.268822431564 0
0.221217259765 -0.931779980659 2.198081970215 0
0.024144284427 -0.091870829463 2.103285789490 0
0.002755904803 -0.526277422905 2.192973613739 0
0.013592447154 -0.861864209175 2.287980556488 0
-0.001548453234 -0.947884440422 2.274626970291 0
0.100899875164 -0.015924986452 2.105301380157 0
0.104038931429 0.051602363586 2.160271883011 0
0.101944208145 0.426189035177 2.145116567612 0
0.102679327130 0.623944044113 2.107084035873 0
0.271193295717 0.304302513599 2.122098922729 0
0.342823892832 0.025616444647 2.134460926056 0
0.383249312639 -0.217294186354 2.104657411575 0
0.383082926273 -0.313776642084 2.077449560165 0
-0.067097954452 0.299680113792 2.143668889999 0
-0.120714373887 0.025840666145 2.158416986465 0
-0.183549433947 -0.217193216085 2.118686914444 0
-0.185477390885 -0.308261960745 2.105507850647 0
0.176333263516 -0.090740323067 2.090458631516 0
0.223342895508 -0.512590050697 2.166496753693 0
0.227294623852 -0.853939950466 2.268821477890 0
0.221216872334 -0.931781589985 2.198083639145 0
0.024119833484 -0.091926880181 2.103462219238 0
0.002752066124 -0.526264667511 2.192943334579 0
0.013595885597 -0.861865520477 2.287981987000 0
-0.001853028662 -0.948160767555 2.276190757751 0
0.100910633802 -0.015910895541 2.105399847031 0
0.104067757726 0.051620483398 2.160341024399 0
0.101945906878 0.426196008921 2.145136594772 0
0.101857796311 0.623987853527 2.107239246368 0
0.271297752857 0.304189980030 2.122085332870 0
0.342683047056 0.025102764368 2.134877204895 0
0.383214563131 -0.213383376598 2.098080873489 0
0.381628394127 -0.308174639940 2.062560796738 0
-0.067519336939 0.299259424210 2.143892049789 0
-0.120850361884 0.024834627286 2.158308744431 0
-0.183465659618 -0.216533273458 2.115517377853 0
-0.184581130743 -0.309655368328 2.093116044998 0
0.176403746009 -0.090781763196 2.090498447418 0
0.223430737853 -0.512638509274 2.166483640671 0
0.227300003171 -0.853941798210 2.268820762634 0
0.221216842532 -0.931783378124 2.198085546494 0
0.024096215144 -0.091981507838 2.103624820709 0
0.002748386702 -0.526264071465 2.192914247513 0
0.013599746861 -0.861866950989 2.287983655930 0
-0.002077513142 -0.948380589485 2.277461767197 0
0.100919701159 -0.015905778855 2.105509996414 0
0.104093722999 0.051626767963 2.160430192947 0
0.101948484778 0.426202654839 2.145217180252 0
0.101014532149 0.623999357224 2.107471227646 0
0.271379441023 0.304086118937 2.122106075287 0
0.342570275068 0.024794811383 2.135018110275 0
0.382234036922 -0.207478076220 2.084068536758 0
0.376336097717 -0.298410534859 2.033211469650 0
-0.067873872817 0.298904806376 2.144083023071 0
-0.121111989021 0.023726195097 2.157636642456 0
-0.182968884706 -0.215789586306 2.107068777084 0
-0.181969210505 -0.309850424528 2.069002866745 0
0.176469743252 -0.090829290450 2.090543746948 0
0.223503425717 -0.512694835663 2.166492938995 0
0.227305218577 -0.853944301605 2.268821239471 0
0.221217423677 -0.931785762310 2.198088169098 0
0.024072756991 -0.092042103410 2.103785037994 0
0.002748300787 -0.526277005672 2.192887544632 0
0.013601005077 -0.861866652966 2.287984609604 0
-0.002248963574 -0.948523640633 2.278436899185 0
0.100924715400 -0.015904353932 2.105623245239 0
0.104115694761 0.051626138389 2.160529851913 0
0.101949162781 0.426207959652 2.145362854004 0
0.100117087364 0.624008297920 2.107783555984 0
0.271446555853 0.303991436958 2.122139215469 0
0.342425763607 0.024689871818 2.135021686554 0
0.381259739399 -0.202434390783 2.073653221130 0
0.373044610023 -0.292265176773 2.017876386642 0
-0.068184845150 0.298599511385 2.144261598587 0
-0.121317639947 0.022724233568 2.156783819199 0
-0.182316660881 -0.215329900384 2.097160100937 0
-0.179848700762 -0.310036033392 2.052347421646 0
0.176528260112 -0.090876184404 2.090587615967 0
0.223563700914 -0.512753546238 2.166517496109 0
0.227311789989 -0.853950440884 2.268826484680 0
0.221218466759 -0.931790232658 2.198093414307 0
0.024046266451 -0.092103905976 2.103939533234 0
0.002751983004 -0.526315689087 2.192859172821 0
0.013602206483 -0.861866235733 2.287985086441 0
-0.002381207654 -0.948631823063 2.279182195663 0
0.100923962891 -0.015910621732 2.105751514435 0
0.104133263230 0.051612321287 2.160659313202 0
0.101942449808 0.426213413477 2.145639896393 0
0.099274367094 0.624000847340 2.108132600784 0
0.271496444941 0.303901135921 2.122189760208 0
0.342169255018 0.024680150673 2.134774208069 0
0.380007565022 -0.198449254036 2.063551664352 0
0.369594365358 -0.287653088570 2.004647493362 0
-0.068463787436 0.298331975937 2.144445180893 0
-0.121424704790 0.021908074617 2.155852556229 0
-0.181457191706 -0.213507845998 2.085860967636 0
-0.176689252257 -0.307502359152 2.033511638641 0
0.176580324769 -0.090924784541 2.090633630753 0
0.223607674241 -0.512804389000 2.166549444199 0
0.227318421006 -0.853958308697 2.268834590912 0
0.221219763160 -0.931795895100 2.198100805283 0
0.024014376104 -0.092172026634 2.104097843170 0
0.002792834304 -0.526440978050 2.192834377289 0
0.013602999970 -0.861865401268 2.287985086441 0
-0.002558496315 -0.948693811893 2.279747962952 0
0.100917473435 -0.015915803611 2.105890750885 0
0.104147404432 0.051596950740 2.160809755325 0
0.101918622851 0.426232159138 2.145996809006 0
0.098416455090 0.624001324177 2.108552932739 0
0.271540820599 0.303813219070 2.122245073318 0
0.341704249382 0.025108572096 2.134230852127 0
0.379154652357 -0.195130899549 2.056892395020 0
0.367566198111 -0.284293502569 1.997115731239 0
-0.068729244173 0.298102587461 2.144656658173 0
-0.121493443847 0.021293409169 2.155023097992 0
-0.180849894881 -0.211755707860 2.077600002289 0
-0.174566358328 -0.305230975151 2.021824359894 0
0.176627174020 -0.090970590711 2.090679168701 0
0.223645150661 -0.512848317623 2.166576147079 0
0.227324947715 -0.853964805603 2.268841743469 0
0.221220761538 -0.931801736355 2.198108196259 0
0.023975268006 -0.092239528894 2.104264259338 0
0.002866204130 -0.526657879353 2.192822694778 0
0.013604209758 -0.861863672733 2.287984609604 0
0.000547282281 -0.946371734142 2.263340711594 0
0.100899428129 -0.015918159857 2.106050014496 0
0.104150615633 0.051581356674 2.160992860794 0
0.101835310459 0.426272004843 2.146456956863 0
0.097606979311 0.623994529247 2.108976602554 0
0.271577388048 0.303721636534 2.122306585312 0
0.340925484896 0.026046525687 2.133280754089 0
0.378509134054 -0.192183911800 2.051663875580 0
0.366205722094 -0.281665027142 1.991973042488 0
-0.068998448551 0.297884047031 2.144900321960 0
-0.121476650238 0.020825816318 2.154283285141 0
-0.180293694139 -0.209885805845 2.069878339767 0
-0.172399103642 -0.302691191435 2.011378049850 0
0.176667809486 -0.091013044119 2.090724229813 0
0.223672419786 -0.512873649597 2.166556358337 0
0.227331563830 -0.853969693184 2.268843412399 0
0.221222117543 -0.931810498238 2.198117733002 0
0.023919772357 -0.092307575047 2.104453802109 0
0.002978778677 -0.526949346066 2.192826509476 0
0.013610896654 -0.861852228642 2.287986040115 0
0.001269682543 -0.945822238922 2.259729623795 0
0.100879184902 -0.015915991738 2.106211900711 0
0.104152165353 0.051569867879 2.161181688309 0
0.101741991937 0.426313638687 2.146910905838 0
0.096836976707 0.623998045921 2.109378099442 0
0.271608233452 0.303633064032 2.122366666794 0
0.340093642473 0.026838697493 2.132318019867 0
0.378103882074 -0.190416783094 2.048186540604 0
0.365391939878 -0.280213385820 1.988805413246 0
-0.069271557033 0.297681123018 2.145157337189 0
-0.121360681951 0.020519964397 2.153652667999 0
-0.180056065321 -0.207419544458 2.065814495087 0
-0.171507582068 -0.300165802240 2.006821632385 0
0.176705941558 -0.091052256525 2.090768575668 0
0.223715513945 -0.512919187546 2.166412591934 0
0.227338775992 -0.853972256184 2.268838644028 0
0.221223309636 -0.931821942329 2.198128461838 0
0.023864138871 -0.092369258404 2.104639291763 0
0.003076380352 -0.527167856693 2.192813396454 0
0.013618258759 -0.861840963364 2.287986516953 0
0.001846835017 -0.945383846760 2.256834745407 0
0.100857459009 -0.015904130414 2.106380462646 0
0.104159079492 0.051565632224 2.161380290985 0
0.101636245847 0.426345974207 2.147356510162 0
0.096137814224 0.623983144760 2.109720945358 0
0.271626830101 0.303549587727 2.122423648834 0
0.339004695415 0.027614634484 2.131312131882 0
0.377879917622 -0.189306288958 2.045941829681 0
0.364961713552 -0.279412358999 1.986952781677 0
-0.069637954235 0.297483891249 2.145540714264 0
-0.121141359210 0.020649498329 2.153198957443 0
-0.179980546236 -0.204934522510 2.063688278198 0
-0.171226471663 -0.298064678907 2.005009889603 0
0.176742345095 -0.091085605323 2.090810537338 0
0.223783791065 -0.512972533703 2.166051626205 0
0.227392509580 -0.853938937187 2.268727779388 0
0.221225097775 -0.931825578213 2.198129177094 0
0.023807477206 -0.092422835529 2.104830026627 0
0.003165509319 -0.527303755283 2.192766427994 0
0.013628511690 -0.861829340458 2.287985324860 0
0.002306101145 -0.945034265518 2.254475831985 0
0.100832819939 -0.015877321362 2.106552124023 0
0.104166485369 0.051573332399 2.161578655243 0
0.101515814662 0.426373690367 2.147776603699 0
0.095461286604 0.623953282833 2.110041618347 0
0.271637588739 0.303473085165 2.122475147247 0
0.337992489338 0.028229115531 2.130413055420 0
0.377802342176 -0.188681200147 2.044626474380 0
0.364793390036 -0.279036253691 1.985996961594 0
-0.070087552071 0.297286838293 2.146010160446 0
-0.120882220566 0.021054331213 2.152824640274 0
-0.180045053363 -0.202870950103 2.062890052795 0
-0.171300992370 -0.296199291945 2.004677772522 0
0.176777094603 -0.091110110283 2.090849637985 0
0.223846971989 -0.513023555279 2.165696382523 0
0.227445304394 -0.853906869888 2.268616914749 0
0.221226304770 -0.931829154491 2.198129415512 0
0.023749139160 -0.092465884984 2.105018377304 0
0.003245696658 -0.527397096157 2.192707061768 0
0.013638106175 -0.861817955971 2.287983894348 0
0.002669372130 -0.944749116898 2.252534151077 0
0.100808337331 -0.015847697854 2.106718778610 0
0.104173183441 0.051582872868 2.161773204803 0
0.101380407810 0.426386266947 2.148176431656 0
0.094861708581 0.623883366585 2.110320091248 0
0.271641433239 0.303397864103 2.122518777847 0
0.337023794651 0.028674231842 2.129676580429 0
0.377786487341 -0.188419461250 2.044096469879 0
0.364806473255 -0.278913974762 1.985665440559 0
-0.070472925901 0.297118544579 2.146426677704 0
-0.120567545295 0.021352678537 2.152556896210 0
-0.180185213685 -0.201607331634 2.063868284225 0
-0.172197803855 -0.294633150101 2.008399963379 0
0.176809981465 -0.091130562127 2.090884923935 0
0.223902776837 -0.513034164906 2.165374755859 0
0.227494493127 -0.853878200054 2.268518209457 0
0.221227332950 -0.931832611561 2.198130130768 0
0.023692794144 -0.092500664294 2.105208396912 0
0.003330849344 -0.527456879616 2.192596197128 0
0.013644349761 -0.861814618111 2.287984848022 0
0.002961444436 -0.944551169872 2.250961303711 0
0.100784815848 -0.015812981874 2.106879949570 0
0.104180254042 0.051597032696 2.161959409714 0
0.101256206632 0.426397204399 2.148533821106 0
0.094301305711 0.623839378357 2.110598802567 0
0.271642744541 0.303328424692 2.122556686401 0
0.336212128401 0.029035542160 2.129080057144 0
0.377774506807 -0.188260853291 2.043786764145 0
0.365213036537 -0.279156327248 1.986392736435 0
-0.070817507803 0.296980977058 2.146807670593 0
-0.120260320604 0.021582219750 2.152374029160 0
-0.180379807949 -0.200540423393 2.066111326218 0
-0.177747502923 -0.280295044184 2.049334287643 0
0.176841139793 -0.091147162020 2.090916872025 0
0.223947465420 -0.513038396835 2.165148735046 0
0.227518066764 -0.853863894939 2.268471956253 0
0.221227079630 -0.931837320328 2.198132753372 0
0.023638589308 -0.092527203262 2.105399847031 0
0.003418834414 -0.527474224567 2.192444324493 0
0.013650463894 -0.861811459064 2.287985563278 0
0.003205861431 -0.944389700890 2.249634981155 0
0.100764751434 -0.015769455582 2.107041120529 0
0.104189567268 0.051620304585 2.162142276764 0
0.101140841842 0.426411539316 2.148832321167 0
0.093823119998 0.623813748360 2.110843896866 0
0.271645992994 0.303265720606 2.122587442398 0
0.335582613945 0.029336452484 2.128717422485 0
0.377880603075 -0.188161760569 2.043964147568 0
0.366860747337 -0.280386775732 1.990875482559 0
-0.071112692356 0.296869874001 2.147145509720 0
-0.119921572506 0.021886354312 2.152355670929 0
-0.180639997125 -0.199422404170 2.071282148361 0
-0.179189249873 -0.276405930519 2.060918807983 0
0.176874503493 -0.091159895062 2.090949535370 0
0.223984852433 -0.513011038303 2.165030479431 0
0.227539211512 -0.853852272034 2.268439054489 0
0.221226811409 -0.931840062141 2.198134422302 0
0.023590883240 -0.092544242740 2.105593681335 0
0.003507190151 -0.527404427528 2.192209959030 0
0.013656466268 -0.861808776855 2.287986516953 0
0.003415725194 -0.944256126881 2.248497724533 0
0.100746341050 -0.015725210309 2.107193231583 0
0.104197710752 0.051647175103 2.162314414978 0
0.101049974561 0.426430761814 2.149063587189 0
0.093415983021 0.623793065548 2.111052513123 0
0.271652817726 0.303209811449 2.122611999512 0
0.335224866867 0.029396498576 2.128555536270 0
0.378176987171 -0.188492074609 2.045072555542 0
0.368804931641 -0.282443255186 1.996557116508 0
-0.071348324418 0.296760797501 2.147404193878 0
-0.119641080499 0.022057425231 2.152402400970 0
-0.180923119187 -0.199088111520 2.077717304230 0
-0.180063307285 -0.274769961834 2.068028211594 0
0.176907718182 -0.091171033680 2.090981245041 0
0.224026888609 -0.512946009636 2.164942502975 0
0.227560147643 -0.853839397430 2.268408298492 0
0.221226722002 -0.931841313839 2.198134899139 0
0.023544756696 -0.092558935285 2.105779647827 0
0.003598276991 -0.527331054211 2.191988706589 0
0.013663064688 -0.861805915833 2.287987232208 0
0.003600955475 -0.944137632847 2.247501134872 0
0.100731298327 -0.015684198588 2.107335090637 0
0.104203581810 0.051674850285 2.162475347519 0
0.100989855826 0.426452547312 2.149226665497 0
0.093074806035 0.623780488968 2.111233711243 0
0.271663218737 0.303156584501 2.122632265091 0
0.334968358278 0.029415659606 2.128446102142 0
0.378567576408 -0.189061924815 2.046747446060 0
0.370508491993 -0.284378111362 2.001826047897 0
-0.071506358683 0.296645790339 2.147559881210 0
-0.119441919029 0.022125868127 2.152456760406 0
-0.181170925498 -0.199303075671 2.083071947098 0
-0.180614247918 -0.274069696665 2.072003364563 0
0.176942974329 -0.091182544827 2.091013669968 0
0.224062144756 -0.512910246849 2.164897441864 0
0.227580860257 -0.853827357292 2.268380165100 0
0.221226841211 -0.931842088699 2.198135375977 0
0.023503083736 -0.092573046684 2.105953693390 0
0.003682467854 -0.527263283730 2.191786289215 0
0.013668089174 -0.861807167530 2.287988662720 0
0.003765018424 -0.944047987461 2.246628522873 0
0.100727401674 -0.015646226704 2.107464075089 0
0.104215539992 0.051706299186 2.162619590759 0
0.100968942046 0.426473110914 2.149307012558 0
0.092863880098 0.623781442642 2.111345052719 0
0.271681457758 0.303106099367 2.122644662857 0
0.334805876017 0.029360251501 2.128371715546 0
0.378988623619 -0.190071433783 2.048902750015 0
0.371782779694 -0.286310672760 2.006159067154 0
-0.071584299207 0.296574056149 2.147624731064 0
-0.119361355901 0.022127123550 2.152467727661 0
-0.181283742189 -0.199772760272 2.086813688278 0
-0.181092262268 -0.280164152384 2.074011325836 0
0.176988035440 -0.091194279492 2.091050624847 0
0.224100202322 -0.512862622738 2.164866209030 0
0.227601706982 -0.853818714619 2.268362998962 0
0.221227467060 -0.931842923164 2.198135852814 0
0.023473989218 -0.092585496604 2.106110811234 0
0.003759922460 -0.527197957039 2.191607236862 0
0.013677679002 -0.861805737019 2.287991046906 0
0.003482523374 -0.944311082363 2.248561859131 0
0.100728914142 -0.015609742142 2.107582330704 0
0.104231156409 0.051739409566 2.162750244141 0
0.100958667696 0.426486462355 2.149353027344 0
0.092731714249 0.623790621758 2.111410856247 0
0.271711409092 0.303053915501 2.122651338577 0
0.334672003984 0.029281299561 2.128308057785 0
0.379381597042 -0.191103637218 2.050999641418 0
0.372679740191 -0.287782758474 2.009285688400 0
-0.071640759706 0.296520978212 2.147665739059 0
-0.119318641722 0.022127550095 2.152464389801 0
-0.181346341968 -0.200097292662 2.089200496674 0
-0.181334733963 -0.283965945244 2.074558734894 0
0.177039235830 -0.091206051409 2.091090440750 0
0.224137172103 -0.512810468674 2.164851665497 0
0.227619811893 -0.853809773922 2.268349170685 0
0.221227958798 -0.931843221188 2.198136091232 0
0.023450944573 -0.092596955597 2.106255054474 0
0.003831068985 -0.527147948742 2.191461086273 0
0.013687598519 -0.861805021763 2.287993669510 0
0.001763331471 -0.945922553539 2.260017633438 0
0.100736379623 -0.015576182865 2.107692718506 0
0.104247689247 0.051771476865 2.162870168686 0
0.100952588022 0.426496893167 2.149385213852 0
0.092636600137 0.623799383640 2.111453533173 0
0.271753281355 0.302999436855 2.122652292252 0
0.334565073252 0.029187524691 2.128252029419 0
0.379678964615 -0.192012891173 2.052753210068 0
0.373303204775 -0.288923233747 2.011603355408 0
-0.071670606732 0.296491891146 2.147682666779 0
-0.119296744466 0.022126929834 2.152455806732 0
-0.181335106492 -0.200282752514 2.090534448624 0
-0.181383460760 -0.286690801382 2.074504137039 0
0.177098378539 -0.091218575835 2.091134548187 0
0.224174574018 -0.512755393982 2.164853572845 0
0.227630808949 -0.853805124760 2.268344879150 0
0.221228599548 -0.931843757629 2.198136806488 0
0.023436129093 -0.092608548701 2.106388092041 0
0.003898820607 -0.527099967003 2.191330671310 0
0.013697773218 -0.861804068089 2.287997007370 0
0.000803010131 -0.946811974049 2.266420364380 0
0.100759558380 -0.015544978902 2.107790708542 0
0.104274757206 0.051803197712 2.162971496582 0
0.100952118635 0.426504015923 2.149403095245 0
0.092622630298 0.623809337616 2.111433029175 0
0.271836251020 0.302946686745 2.122638225555 0
0.334516942501 0.029058977962 2.128173112869 0
0.379881024361 -0.192823916674 2.054090261459 0
0.373712152243 -0.289861351252 2.013267278671 0
-0.071673728526 0.296476513147 2.147666215897 0
-0.119319118559 0.022123919800 2.152376413345 0
-0.181261777878 -0.200545802712 2.090815067291 0
-0.180868431926 -0.290477097034 2.071412086487 0
0.177178516984 -0.091231830418 2.091185569763 0
0.224211707711 -0.512703239918 2.164879322052 0
0.227641150355 -0.853800475597 2.268343687057 0
0.221229672432 -0.931843996048 2.198137760162 0
0.023441009223 -0.092619083822 2.106500387192 0
0.003955404274 -0.527075469494 2.191235780716 0
0.013711513020 -0.861804544926 2.288001060486 0
0.002631064970 -0.945658028126 2.257375955582 0
0.100791148841 -0.015517173335 2.107876539230 0
0.104307457805 0.051831785589 2.163058519363 0
0.100956074893 0.426510393620 2.149413108826 0
0.092638120055 0.623821437359 2.111379861832 0
0.271934360266 0.302896916866 2.122615098953 0
0.334490031004 0.028927898034 2.128091573715 0
0.380035638809 -0.193457633257 2.055073022842 0
0.374006122351 -0.290562838316 2.014449119568 0
-0.071652889252 0.296465486288 2.147616147995 0
-0.119398653507 0.022149078548 2.152202129364 0
-0.181069314480 -0.201102554798 2.090579748154 0
-0.179943516850 -0.294238418341 2.066397428513 0
0.177271157503 -0.091245576739 2.091237545013 0
0.224248364568 -0.512651920319 2.164909362793 0
0.227651566267 -0.853795945644 2.268343925476 0
0.221231043339 -0.931844055653 2.198138713837 0
0.023456690833 -0.092629842460 2.106595277786 0
0.004005951807 -0.527057111263 2.191155195236 0
0.013724274002 -0.861803054810 2.288004875183 0
0.002511457540 -0.945750832558 2.258071899414 0
