0.165589347482 -0.092932969332 1.688362836838 0
0.172520264983 -0.027564641088 1.711000204086 0
0.191288739443 0.309957295656 1.703509211540 0
0.196380600333 0.477298051119 1.661640763283 0
0.333869904280 0.177914738655 1.685003042221 0
0.375886887312 -0.061296276748 1.700820565224 0
0.337057560682 -0.256069362164 1.522320389748 0
0.297234088182 -0.306902348995 1.485035777092 0
0.040714349598 0.200328722596 1.725448250771 0
-0.009922348894 -0.051937170327 1.733563423157 0
-0.096548967063 -0.236761108041 1.670602560043 0
-0.094114571810 -0.311391890049 1.606510281563 0
0.225987568498 -0.162933021784 1.675314426422 0
0.241913929582 -0.459964960814 1.707583308220 0
0.206792771816 -0.666804134846 1.759338378906 0
0.243191972375 -0.734461963177 1.774985313416 0
0.095303006470 -0.155500024557 1.693110585213 0
0.023101212457 -0.494060069323 1.705170512199 0
-0.004617554136 -0.734260439873 1.723757863045 0
-0.022209290415 -0.778218030930 1.658120393753 0
0.164128527045 -0.092509552836 1.687979459763 0
0.171530544758 -0.027292335406 1.711200475693 0
0.190451741219 0.310148268938 1.703134298325 0
0.195196926594 0.477437078953 1.661681771278 0
0.333144396544 0.178042739630 1.684725284576 0
0.376518756151 -0.051241345704 1.700739860535 0
0.324024945498 -0.177129343152 1.497774600983 0
0.248327866197 -0.224652633071 1.440410852432 0
0.039836294949 0.200431346893 1.725360035896 0
-0.013072840869 -0.048007033765 1.734548330307 0
-0.076650090516 -0.254347950220 1.560395359993 0
-0.063262492418 -0.316850811243 1.523937463760 0
0.224867507815 -0.162532702088 1.674715638161 0
0.240876063704 -0.459704548120 1.707663893700 0
0.200973570347 -0.711154520512 1.776353240013 0
0.211197599769 -0.764764070511 1.750955104828 0
0.093197397888 -0.155177429318 1.692868113518 0
0.023526223376 -0.493791311979 1.704919576645 0
-0.004611936864 -0.734455525875 1.723452091217 0
-0.022217243910 -0.778377771378 1.657729864120 0
0.162693709135 -0.092010527849 1.687518358231 0
0.170458853245 -0.026912808418 1.711174845695 0
0.189548492432 0.310362398624 1.702284812927 0
0.193734109402 0.477593570948 1.661773443222 0
0.332591384649 0.178187638521 1.684435129166 0
0.376900821924 -0.038396272808 1.693845391273 0
0.285663545132 -0.078988470137 1.459126710892 0
0.178707361221 -0.104172736406 1.412450551987 0
0.038860432804 0.200401112437 1.724992156029 0
-0.017718248069 -0.039346780628 1.733425259590 0
-0.027343878523 -0.203887939453 1.481588244438 0
0.027579167858 -0.260902613401 1.440702676773 0
0.223825126886 -0.162092953920 1.674134373665 0
0.239396974444 -0.459118545055 1.707999944687 0
0.200649738312 -0.712792634964 1.776862025261 0
0.208574473858 -0.766698181629 1.748427391052 0
0.091170102358 -0.154859259725 1.692559242249 0
0.024054905400 -0.493187427521 1.704746484756 0
-0.004670694005 -0.734656631947 1.723090291023 0
-0.022266663611 -0.778526008129 1.657281994820 0
0.161518067122 -0.091567330062 1.687099933624 0
0.169525474310 -0.026545656845 1.711052894592 0
0.188777297735 0.310573220253 1.701401591301 0
0.192398205400 0.477725684643 1.661896586418 0
0.332159847021 0.178320094943 1.684143424034 0
0.376317232847 -0.028405083343 1.682703495026 0
0.270432174206 -0.058243513107 1.447857379913 0
0.163135126233 -0.040770914406 1.409700393677 0
0.037952799350 0.200381830335 1.724555253983 0
-0.022287752479 -0.030017949641 1.730106830597 0
-0.026797525585 -0.167401462793 1.479281425476 0
0.065944865346 -0.205730557442 1.418327927589 0
0.222963094711 -0.161704838276 1.673636913300 0
0.238045468926 -0.458556950092 1.708364605904 0
0.200447812676 -0.713932871819 1.777211189270 0
0.206745848060 -0.768080115318 1.746563673019 0
0.089570358396 -0.154601365328 1.692279100418 0
0.024566899985 -0.492679059505 1.704636812210 0
-0.004760750104 -0.734847366810 1.722731590271 0
-0.022343909368 -0.778661370277 1.656834840775 0
0.160593271255 -0.091164939106 1.686742901802 0
0.168737560511 -0.026192100719 1.710879802704 0
0.188123777509 0.310766160488 1.700579524040 0
0.191189691424 0.477861970663 1.662048339844 0
0.331793457270 0.178439989686 1.683797717094 0
0.374056786299 -0.020415518433 1.668951511383 0
0.214269459248 -0.000350885093 1.424471497536 0
0.151040628552 -0.011264130473 1.409017801285 0
0.037120532244 0.200403973460 1.723994612694 0
-0.025045309216 -0.022638171911 1.723004698753 0
-0.027996905148 -0.156717628241 1.480629563332 0
0.070247739553 -0.193920731544 1.415741443634 0
0.222263410687 -0.161344215274 1.673218250275 0
0.236806392670 -0.457999885082 1.708737134933 0
0.200314238667 -0.714752435684 1.777467370033 0
0.205425471067 -0.769092381001 1.745156526566 0
0.088404215872 -0.154374152422 1.692050695419 0
0.025025496259 -0.492269337177 1.704574942589 0
-0.004860514309 -0.735017538071 1.722383022308 0
-0.022429604083 -0.778779566288 1.656393289566 0
0.159848630428 -0.090809628367 1.686429262161 0
0.168050259352 -0.025850817561 1.710628271103 0
0.187582433224 0.310948729515 1.699807524681 0
0.189924746752 0.478064090014 1.662368655205 0
0.331411033869 0.178687557578 1.683116078377 0
0.364277511835 -0.011412979104 1.636730194092 0
0.158605113626 0.034368891269 1.415514349937 0
0.063631251454 0.049098122865 1.429684400558 0
0.036284629256 0.200246453285 1.723017930984 0
-0.025356756523 -0.015638399869 1.707290410995 0
0.050674360245 -0.087998807430 1.436215758324 0
0.147988542914 -0.102638095617 1.407834768295 0
0.221609920263 -0.160974696279 1.672798037529 0
0.235638171434 -0.457492589951 1.709176182747 0
0.200228288770 -0.715360701084 1.777665495872 0
0.204471334815 -0.769842565060 1.744069457054 0
0.087614461780 -0.154197677970 1.691884756088 0
0.025603605434 -0.491566628218 1.704601407051 0
-0.004986928310 -0.735183358192 1.721999406815 0
-0.022537047043 -0.778880476952 1.655913710594 0
0.159214705229 -0.090487912297 1.686127185822 0
0.167453706264 -0.025530528277 1.710315585136 0
0.187093704939 0.311121523380 1.699135422707 0
0.188407212496 0.478404283524 1.663073420525 0
0.330518633127 0.178977712989 1.681321263313 0
0.359854698181 -0.008923428133 1.624921798706 0
0.201317548752 -0.025080723688 1.429112195969 0
0.092648282647 0.007343434729 1.419444084167 0
0.035405591130 0.199741497636 1.721609354019 0
-0.022339409217 -0.011693408713 1.685923218727 0
0.071360312402 0.042991198599 1.434043407440 0
0.065556369722 0.044391762465 1.439773321152 0
0.220821455121 -0.160505756736 1.672202706337 0
0.234571650624 -0.457038074732 1.709601640701 0
0.200168386102 -0.715820670128 1.777820706367 0
0.203720554709 -0.770395576954 1.743180394173 0
0.087088197470 -0.154052659869 1.691749930382 0
0.026107463986 -0.490941166878 1.704637527466 0
-0.005116192158 -0.735329449177 1.721631288528 0
-0.022672092542 -0.778963446617 1.655446648598 0
0.158653721213 -0.090158715844 1.685774564743 0
0.166919752955 -0.025206541643 1.709926128387 0
0.186661243439 0.311278641224 1.698556900024 0
0.186964809895 0.478734135628 1.663906216621 0
0.329344779253 0.179099217057 1.678906559944 0
0.357225567102 -0.008121305145 1.618733167648 0
0.183453828096 0.003634233028 1.419444680214 0
0.030684247613 0.063226535916 1.445944070816 0
0.034634385258 0.199112921953 1.720127463341 0
-0.017068523914 -0.011830925941 1.667096257210 0
0.173240527511 0.050064131618 1.415962815285 0
0.058161798865 0.069610990584 1.442580223083 0
0.219912707806 -0.159906476736 1.671368002892 0
0.233640387654 -0.456647753716 1.709958195686 0
0.201452538371 -0.704734623432 1.773343563080 0
0.203210741282 -0.764839708805 1.738746404648 0
0.086748801172 -0.153907403350 1.691604495049 0
0.026558881626 -0.490384429693 1.704672336578 0
-0.005266744178 -0.735441982746 1.721265077591 0
-0.022846721113 -0.779015660286 1.654976963997 0
0.158169791102 -0.089860141277 1.685412883759 0
0.166461169720 -0.024916330352 1.709528088570 0
0.186297327280 0.311411291361 1.698060631752 0
0.185727372766 0.479044497013 1.664702653885 0
0.328161358833 0.179088041186 1.676648616791 0
0.355594784021 -0.007876664400 1.615253925323 0
0.187653526664 0.006549670827 1.420464634895 0
0.093913324177 0.046080514789 1.435174822807 0
0.034007947892 0.198574155569 1.718885183334 0
-0.013957845047 -0.011832226068 1.658285498619 0
0.177566707134 0.047979317605 1.415799617767 0
0.055351875722 0.080731123686 1.441774725914 0
0.219071850181 -0.159343063831 1.670538425446 0
0.232719063759 -0.456231713295 1.710330367088 0
0.204306811094 -0.690167129040 1.767832756042 0
0.202831953764 -0.760505974293 1.735345363617 0
0.086498774588 -0.153771266341 1.691443085670 0
0.026965478435 -0.489879012108 1.704701304436 0
-0.005457137246 -0.735536158085 1.720896840096 0
-0.023069292307 -0.779048502445 1.654503822327 0
0.157714635134 -0.089538894594 1.684985518456 0
0.166029185057 -0.024615431204 1.709078550339 0
0.185973688960 0.311531662941 1.697619795799 0
0.184456035495 0.479374319315 1.665627717972 0
0.327116668224 0.179057404399 1.674778819084 0
0.354782372713 -0.011545904912 1.610544323921 0
0.152390643954 0.030056353658 1.422072887421 0
0.111137978733 0.056839577854 1.417093753815 0
0.033478781581 0.198017954826 1.717743635178 0
-0.011714579538 -0.011476162821 1.653126001358 0
0.178576111794 0.046903461218 1.415664553642 0
0.157889083028 0.054039712995 1.388810276985 0
0.218177065253 -0.158686891198 1.669584989548 0
0.231859207153 -0.455811411142 1.710585951805 0
0.205743268132 -0.682622611523 1.764935374260 0
0.202570542693 -0.756982326508 1.732622861862 0
0.086313143373 -0.153611764312 1.691238164902 0
0.027393830940 -0.489266216755 1.704699873924 0
-0.005719941109 -0.735597014427 1.720516085625 0
-0.023361539468 -0.779049813747 1.654018282890 0
0.157308831811 -0.089287355542 1.684568881989 0
0.165643468499 -0.024374812841 1.708652734756 0
0.185692310333 0.311638146639 1.697233200073 0
0.183364704251 0.479660600424 1.666446566582 0
0.326266795397 0.179051414132 1.673325657845 0
0.354318797588 -0.013221988454 1.606945991516 0
0.155475437641 0.047277033329 1.415063619614 0
0.116584487259 0.055128484964 1.400726079941 0
0.033062569797 0.197494432330 1.716735124588 0
-0.010604571551 -0.012363050133 1.651583671570 0
0.087209984660 -0.002142404672 1.436181068420 0
0.123587310314 0.011379224248 1.392596960068 0
0.217410877347 -0.158158674836 1.668771266937 0
0.231107577682 -0.455427914858 1.710779666901 0
0.206624746323 -0.678009331226 1.763095498085 0
0.202390909195 -0.754078447819 1.730376005173 0
0.086162529886 -0.153480112553 1.691014647484 0
0.027807634324 -0.488658666611 1.704679489136 0
-0.005992201623 -0.735662639141 1.720145225525 0
-0.023662071675 -0.779054701328 1.653544187546 0
0.156891778111 -0.089147120714 1.684095859528 0
0.165261298418 -0.024225091562 1.708214759827 0
0.185421317816 0.311747372150 1.696867704391 0
0.182402953506 0.479924082756 1.667153596878 0
0.325514525175 0.179105341434 1.672183394432 0
0.349618196487 -0.021403349936 1.604628682137 0
0.298864006996 0.048039015383 1.407965064049 0
0.298237651587 0.070417389274 1.349303364754 0
0.032718356699 0.197031840682 1.715875267982 0
-0.006494398229 -0.008318036795 1.660891413689 0
-0.023566003889 0.004123090301 1.410262465477 0
-0.011415869929 0.012584313750 1.360756754875 0
0.216768562794 -0.157791346312 1.668069362640 0
0.230461090803 -0.455099016428 1.710923671722 0
0.207198038697 -0.674978792667 1.761841177940 0
0.202253699303 -0.751676797867 1.728502035141 0
0.085970655084 -0.153406485915 1.690681099892 0
0.028289368376 -0.487885922194 1.704603195190 0
-0.006283024792 -0.735771656036 1.719738483429 0
-0.023976061493 -0.779086291790 1.653044223785 0
0.156496867537 -0.089052096009 1.683626890182 0
0.164895266294 -0.024115655571 1.707786440849 0
0.185127407312 0.311858475208 1.696492314339 0
0.181612923741 0.480153620243 1.667700529099 0
0.324901938438 0.179133743048 1.671273469925 0
0.348419874907 -0.023973645642 1.605442523956 0
0.377167761326 0.038812089711 1.413391470909 0
0.402342408895 0.054813280702 1.382926106453 0
0.032429132611 0.196644887328 1.715152144432 0
-0.003806844354 -0.006444956176 1.664275288582 0
-0.075085297227 -0.002979066456 1.464831113815 0
-0.098238676786 -0.004263405222 1.399843096733 0
0.216246157885 -0.157520100474 1.667469263077 0
0.229914963245 -0.454791754484 1.711014151573 0
0.207609489560 -0.672765254974 1.760920286179 0
0.202143341303 -0.749632120132 1.726907968521 0
0.085749775171 -0.153362199664 1.690298795700 0
0.028771840036 -0.487071245909 1.704470753670 0
-0.006547519006 -0.735895693302 1.719340682030 0
-0.024267189205 -0.779133379459 1.652557253838 0
0.156048253179 -0.088978789747 1.683016180992 0
0.164449647069 -0.024013750255 1.707197189331 0
0.184631317854 0.312035202980 1.695818066597 0
0.180912896991 0.480351328850 1.668027162552 0
0.324367493391 0.179154768586 1.670490384102 0
0.351806014776 -0.022265460342 1.615416765213 0
0.489985793829 0.032771535218 1.464274048805 0
0.519139766693 0.043856188655 1.442914009094 0
0.032113492489 0.196341127157 1.714437961578 0
0.000417934265 -0.019712675363 1.687603831291 0
-0.158245116472 -0.014716093428 1.561056137085 0
-0.213995665312 0.005194901954 1.484955906868 0
0.215781539679 -0.157294318080 1.666861295700 0
0.229454711080 -0.454498022795 1.711047887802 0
0.204891920090 -0.703839540482 1.771335959435 0
0.201676324010 -0.751048922539 1.726756095886 0
0.085439078510 -0.153351306915 1.689735770226 0
0.029375720769 -0.486000567675 1.704138278961 0
-0.006762749515 -0.736035585403 1.718950510025 0
-0.024512458593 -0.779204487801 1.652088999748 0
0.155571416020 -0.088900610805 1.682228088379 0
0.163942113519 -0.023900974542 1.706386804581 0
0.183959260583 0.312213838100 1.694807529449 0
0.180300846696 0.480524629354 1.668181180954 0
0.323911726475 0.179168179631 1.669800996780 0
0.358533859253 -0.034403234720 1.641873121262 0
0.523310065269 0.031342722476 1.490563154221 0
0.604913175106 0.054671742022 1.455218553543 0
0.031746435910 0.196105167270 1.713714599609 0
-0.004775651731 -0.026209704578 1.701626420021 0
-0.207448571920 -0.007215103135 1.585758090019 0
-0.289898037910 0.018029268831 1.529830694199 0
0.215372174978 -0.157097741961 1.666196227074 0
0.229161918163 -0.454289466143 1.711018681526 0
0.204954236746 -0.698409438133 1.769258141518 0
0.201624989510 -0.749155580997 1.725322604179 0
0.085058286786 -0.153355926275 1.688937306404 0
0.029991742224 -0.484841853380 1.703688144684 0
-0.006936246064 -0.736190974712 1.718506455421 0
-0.024715727195 -0.779287219048 1.651583194733 0
0.155044540763 -0.088841728866 1.681211471558 0
0.163333654404 -0.023789817467 1.705212235451 0
0.183073610067 0.312349706888 1.693037152290 0
0.179725825787 0.480691760778 1.668088793755 0
0.323511540890 0.179176613688 1.669123291969 0
0.361541599035 -0.039253544062 1.652781844139 0
0.547597467899 0.030747119337 1.517941713333 0
0.632869660854 0.057955689728 1.475183010101 0
0.031291298568 0.195987790823 1.712875723839 0
-0.024618007243 -0.030988588929 1.758464336395 0
-0.250423669815 0.006825899240 1.605964303017 0
-0.326417654753 0.033453620970 1.574322819710 0
0.214989200234 -0.156979039311 1.665430068970 0
0.228822663426 -0.453973859549 1.710927605629 0
0.203802064061 -0.710892915726 1.773538351059 0
0.201161921024 -0.750789344311 1.725331187248 0
0.084580458701 -0.153366997838 1.687895298004 0
0.030584916472 -0.483743399382 1.703157782555 0
-0.007090434432 -0.736353099346 1.718022584915 0
-0.024896273389 -0.779378354549 1.651051878929 0
0.154332727194 -0.088860221207 1.679295659065 0
0.162372604012 -0.023712446913 1.702497839928 0
0.181567996740 0.312169522047 1.688374400139 0
0.179037600756 0.480855077505 1.667398095131 0
0.323089361191 0.179139494896 1.668084502220 0
0.372986942530 -0.044259041548 1.670935630798 0
0.578854858875 0.035733614117 1.558626890182 0
0.679445981979 0.074706263840 1.532581567764 0
0.030677106231 0.196311384439 1.711316585541 0
-0.026544081047 -0.029930053279 1.761402130127 0
-0.252306669950 0.011939226650 1.671434402466 0
-0.336250871420 0.042647212744 1.650033354759 0
0.214569166303 -0.156993895769 1.664197087288 0
0.228579819202 -0.453679561615 1.710713505745 0
0.203640311956 -0.711526691914 1.773744463921 0
0.200703963637 -0.752365827560 1.725389122963 0
0.083883501589 -0.153405815363 1.685977816582 0
0.031300410628 -0.482495397329 1.702361226082 0
-0.007305730134 -0.736550688744 1.717257380486 0
-0.025113992393 -0.779478490353 1.650312066078 0
0.153652682900 -0.088839508593 1.677159786224 0
0.161426320672 -0.023598307744 1.699380397797 0
0.180289223790 0.311880230904 1.683735489845 0
0.178384721279 0.481000959873 1.666294455528 0
0.322728633881 0.179147720337 1.667061567307 0
0.411119490862 -0.047590609640 1.687397837639 0
0.589631378651 0.039092227817 1.568445563316 0
0.682215213776 0.076815649867 1.540789723396 0
0.030119771138 0.196900904179 1.709544420242 0
-0.046585552394 -0.006280750968 1.767099022865 0
-0.262092262506 0.013597655110 1.684464097023 0
-0.350879520178 0.045259825885 1.662430763245 0
0.214170664549 -0.157012373209 1.662815928459 0
0.228343933821 -0.453252524137 1.710329294205 0
0.204116404057 -0.700419664383 1.769488930702 0
0.200744003057 -0.750144243240 1.723839879036 0
0.083209894598 -0.153374180198 1.683845996857 0
0.031963512301 -0.481370598078 1.701546788216 0
-0.007514155470 -0.736719965935 1.716444730759 0
-0.025319973007 -0.779561996460 1.649529814720 0
0.152981966734 -0.088822521269 1.674345731735 0
0.160467967391 -0.023508094251 1.694963812828 0
0.179478600621 0.311219573021 1.678158521652 0
0.177719354630 0.480844795704 1.663029193878 0
0.322426974773 0.179200574756 1.665939211845 0
0.419562309980 -0.026957014576 1.693018913269 0
0.596227765083 0.040883012116 1.573480963707 0
0.684624254704 0.078408181667 1.546208858490 0
0.029645889997 0.197751671076 1.707537889481 0
-0.053443081677 0.002234008629 1.769241929054 0
-0.277934163809 0.026055090129 1.695110082626 0
-0.357942223549 0.052373502403 1.673812389374 0
0.213758960366 -0.157084852457 1.660805344582 0
0.227991238236 -0.452326476574 1.709336757660 0
0.203207045794 -0.709151685238 1.772076368332 0
0.200313389301 -0.751799225807 1.723899960518 0
0.082502596080 -0.153314977884 1.681186676025 0
0.032587610185 -0.480403214693 1.700658082962 0
-0.007709675934 -0.736870706081 1.715582728386 0
-0.025513015687 -0.779639124870 1.648708701134 0
0.152442410588 -0.088838778436 1.671794295311 0
0.159727036953 -0.023486815393 1.691107034683 0
0.178966015577 0.310649096966 1.674003958702 0
0.177286982536 0.480546206236 1.659262061119 0
0.322200745344 0.179245263338 1.664915919304 0
0.418962985277 -0.027570102364 1.696360945702 0
0.598034739494 0.041545763612 1.577684760094 0
0.685093760490 0.079387456179 1.549252629280 0
0.029299356043 0.198519721627 1.705835342407 0
-0.056970067322 0.006787014659 1.770159482956 0
-0.279573351145 0.026493340731 1.702479839325 0
-0.361182838678 0.053220625967 1.678970098495 0
0.213415145874 -0.157209828496 1.658792138100 0
0.227773457766 -0.451702743769 1.708535313606 0
0.203938394785 -0.697786748409 1.767567038536 0
0.200399190187 -0.749455451965 1.722233772278 0
0.081911206245 -0.153277724981 1.678785562515 0
0.033122390509 -0.479604035616 1.699833035469 0
-0.007895207033 -0.737021386623 1.714692115784 0
-0.025700056925 -0.779713988304 1.647855758667 0
0.152003422379 -0.088809378445 1.669297456741 0
0.159142613411 -0.023449365050 1.687398791313 0
0.178671032190 0.310158431530 1.670810937881 0
0.176884368062 0.480050206184 1.654716610909 0
0.322065323591 0.179291963577 1.663819313049 0
0.420208185911 -0.029408533126 1.696858286858 0
0.596331715584 0.041278529912 1.578876256943 0
0.632832109928 0.063537746668 1.529639720917 0
0.029043711722 0.199173510075 1.704387426376 0
-0.058680552989 0.009381471202 1.770185232162 0
-0.278012484312 0.025535214692 1.703437447548 0
-0.362179815769 0.053207967430 1.681098461151 0
0.213123828173 -0.157300308347 1.656434416771 0
0.227483451366 -0.450737833977 1.707232832909 0
0.206002295017 -0.679641485214 1.759364843369 0
0.200405836105 -0.747353315353 1.720677971840 0
0.081404201686 -0.153236955404 1.676533699036 0
0.033654477447 -0.478805303574 1.698918104172 0
-0.008072070777 -0.737163722515 1.713777303696 0
-0.025891674682 -0.779782354832 1.646978139877 0
0.151658490300 -0.088775217533 1.667231917381 0
0.158706426620 -0.023419968784 1.684475183487 0
0.178461730480 0.309781759977 1.668489217758 0
0.176581248641 0.479596138000 1.650722622871 0
0.321969956160 0.179321616888 1.662753462791 0
0.420404911041 -0.031171431765 1.696399450302 0
0.591220140457 0.040311615914 1.577809691429 0
0.630912959576 0.062378216535 1.529037117958 0
0.028859701008 0.199717953801 1.703197479248 0
-0.059502627701 0.011356061324 1.769332289696 0
-0.275609105825 0.024469377473 1.703718423843 0
-0.358867555857 0.051791522652 1.679835438728 0
0.212885230780 -0.157382845879 1.654350161552 0
0.227244749665 -0.449895024300 1.706040501595 0
0.206862434745 -0.671570181847 1.755592823029 0
0.200369104743 -0.745484769344 1.719247937202 0
0.081003680825 -0.153183460236 1.674677848816 0
0.034128181636 -0.478050798178 1.698052883148 0
-0.008226938546 -0.737289667130 1.712926864624 0
-0.026073124260 -0.779843091965 1.646139025688 0
0.151379331946 -0.088775977492 1.665321469307 0
0.158377006650 -0.023434583098 1.681878685951 0
0.178325504065 0.309478431940 1.666708350182 0
0.176400914788 0.478875696659 1.646208047867 0
0.321930557489 0.179262891412 1.661442756653 0
0.415359020233 -0.034858331084 1.692209720612 0
0.576155722141 0.036841336638 1.571144104004 0
0.619752407074 0.060567297041 1.519095659256 0
0.028739126399 0.200175911188 1.702155947685 0
-0.059996891767 0.012677124701 1.766818523407 0
-0.275065690279 0.029567781836 1.681776523590 0
-0.352999269962 0.054382648319 1.671386122704 0
0.212699577212 -0.157514095306 1.652317523956 0
0.227052226663 -0.449138283730 1.704811334610 0
0.207305744290 -0.666804671288 1.753205776215 0
0.200271442533 -0.743821263313 1.717919349670 0
0.080656774342 -0.153153076768 1.672934174538 0
0.034598629922 -0.477247714996 1.697132706642 0
-0.008375753649 -0.737407982349 1.712132930756 0
-0.026265844703 -0.779901385307 1.645339369774 0
0.151168212295 -0.088730722666 1.663685798645 0
0.158143326640 -0.023407919332 1.679765582085 0
0.178240492940 0.309242695570 1.665309667587 0
0.176319137216 0.478332370520 1.642613410950 0
0.321942895651 0.179219931364 1.660171985626 0
0.410292953253 -0.038000360131 1.688340783119 0
0.566118061543 0.035080816597 1.564199924469 0
0.613913536072 0.060245532542 1.511117935181 0
0.028662988916 0.200571209192 1.701237559319 0
-0.060127072036 0.013711912557 1.764024138451 0
-0.266180247068 0.024685444310 1.676492810249 0
-0.346030265093 0.049672119319 1.661384344101 0
0.212553456426 -0.157551810145 1.650505185127 0
0.226892679930 -0.448441237211 1.703624486923 0
0.207582056522 -0.663627147675 1.751514077187 0
0.200150996447 -0.742311596870 1.716663599014 0
0.080390132964 -0.153107151389 1.671467900276 0
0.034994475543 -0.476571381092 1.696341753006 0
-0.008496446535 -0.737512171268 1.711396455765 0
-0.026438781992 -0.779951572418 1.644578337669 0
0.151017978787 -0.088650554419 1.662123441696 0
0.157997325063 -0.023351324722 1.677827954292 0
0.178223818541 0.309039443731 1.664055109024 0
0.176319465041 0.477797508240 1.639120459557 0
0.322032511234 0.179170593619 1.658594608307 0
0.407055169344 -0.039795126766 1.685027003288 0
0.558941781521 0.033604770899 1.557208657265 0
0.609358191490 0.060252428055 1.502036929131 0
0.028647121042 0.200943753123 1.700330376625 0
-0.059939600527 0.014607531950 1.760904431343 0
-0.260716676712 0.021774187684 1.673043131828 0
-0.340478479862 0.046873334795 1.653517603874 0
0.212457180023 -0.157533437014 1.648709893227 0
0.226774632931 -0.447702288628 1.702331185341 0
0.207755148411 -0.661199510098 1.750115990639 0
0.199985593557 -0.740885913372 1.715435981750 0
0.080184772611 -0.153037324548 1.670096158981 0
0.035352479666 -0.475921899080 1.695584177971 0
-0.008601674810 -0.737598896027 1.710689306259 0
-0.026609756052 -0.779989182949 1.643839001656 0
0.150917202234 -0.088582344353 1.660797357559 0
0.157916367054 -0.023303054273 1.676207065582 0
0.178278416395 0.308858752251 1.662914991379 0
0.176333099604 0.477313399315 1.636285305023 0
0.322128504515 0.179152771831 1.657025814056 0
0.404644727707 -0.041055347770 1.682632088661 0
0.554418742657 0.032789055258 1.551138997078 0
0.607113122940 0.060376819223 1.495368480682 0
0.028664240614 0.201255545020 1.699478268623 0
-0.059670552611 0.015281887725 1.758203387260 0
-0.256915271282 0.019752228633 1.670647025108 0
-0.336869031191 0.045087710023 1.648511171341 0
0.212398141623 -0.157519936562 1.647195219994 0
0.226689979434 -0.447071880102 1.701203107834 0
0.207868695259 -0.659465909004 1.749093174934 0
0.199804127216 -0.739598393440 1.714295983315 0
0.080029167235 -0.152972087264 1.668944001198 0
0.035666480660 -0.475352972746 1.694916009903 0
-0.008698731661 -0.737677991390 1.710024714470 0
-0.026776833460 -0.780022263527 1.643131732941 0
0.150900363922 -0.088376484811 1.659381031990 0
0.157947003841 -0.023132909089 1.674476385117 0
0.178508818150 0.308657526970 1.661558747292 0
0.176473379135 0.476785391569 1.633294224739 0
0.322372078896 0.179126799107 1.655154109001 0
0.402788430452 -0.042021363974 1.680499672890 0
0.551222562790 0.031802166253 1.545490622520 0
0.606818437576 0.060177691281 1.488556504250 0
0.028728472069 0.201562836766 1.698598384857 0
-0.059172205627 0.015894947574 1.755567669868 0
-0.254038035870 0.018197849393 1.669028639793 0
-0.334228903055 0.043737936765 1.645169019699 0
0.212419494987 -0.157360702753 1.645604252815 0
0.226636052132 -0.446479022503 1.700086832047 0
0.207952097058 -0.658118903637 1.748232007027 0
0.199599638581 -0.738404273987 1.713196516037 0
0.079923957586 -0.152826502919 1.667778730392 0
0.036034621298 -0.474604874849 1.694158673286 0
-0.008781909943 -0.737716972828 1.709396600723 0
-0.026942128316 -0.780028581619 1.642456650734 0
0.150917142630 -0.088186785579 1.658149123192 0
0.158014491200 -0.022972706705 1.672953009605 0
0.178801476955 0.308453142643 1.660220265388 0
0.176633656025 0.476349532604 1.630843997002 0
0.322650164366 0.179105252028 1.653425216675 0
0.401294767857 -0.042761251330 1.678747534752 0
0.549248039722 0.030904790387 1.540872812271 0
0.606742560863 0.059559553862 1.483360171318 0
0.028833068907 0.201838344336 1.697740912437 0
-0.058665949851 0.016344973817 1.753425359726 0
-0.251767635345 0.016978962347 1.667828559875 0
-0.332203358412 0.042701270431 1.642786622047 0
0.212464615703 -0.157224401832 1.644249439240 0
0.226588740945 -0.445969700813 1.699104666710 0
0.207998782396 -0.657099604607 1.747547268867 0
0.199385121465 -0.737312495708 1.712154626846 0
0.079854570329 -0.152682632208 1.666763901711 0
0.036344282329 -0.473977625370 1.693520426750 0
-0.008854670450 -0.737747430801 1.708802819252 0
-0.027096211910 -0.780029475689 1.641809225082 0
0.150989592075 -0.088015466928 1.656986713409 0
0.158165320754 -0.022817863151 1.671392798424 0
0.179337143898 0.308219432831 1.658634781837 0
0.177014842629 0.475772440434 1.628085732460 0
0.323037475348 0.179110258818 1.651484727859 0
0.400035351515 -0.043406408280 1.676866292953 0
0.551718294621 0.030324045569 1.528908729553 0
0.607356786728 0.058300778270 1.478535175323 0
0.029017202556 0.202075242996 1.696814179420 0
-0.058210138232 0.016637947410 1.751671075821 0
-0.250074595213 0.015946777537 1.667056798935 0
-0.330868422985 0.041780132800 1.641380548477 0
0.212547495961 -0.157110109925 1.643012404442 0
0.226566135883 -0.445568442345 1.698236703873 0
0.208006203175 -0.656351506710 1.747009754181 0
0.199141889811 -0.736325800419 1.711175084114 0
0.079826973379 -0.152544975281 1.665822982788 0
0.036600612104 -0.473470300436 1.692959666252 0
-0.008918816224 -0.737772583961 1.708236455917 0
-0.027245923877 -0.780028343201 1.641188740730 0
0.151074051857 -0.087886422873 1.655979633331 0
0.158331692219 -0.022704586387 1.669993877411 0
0.179944917560 0.307972788811 1.657107710838 0
0.177358374000 0.475279837847 1.625845313072 0
0.323398560286 0.179121673107 1.649742364883 0
0.399088799953 -0.043891724199 1.675105690956 0
0.554169893265 0.030103001744 1.520573735237 0
0.608309030533 0.057086300105 1.474513769150 0
0.029217215255 0.202262550592 1.695968031883 0
-0.057792440057 0.016827274114 1.750227928162 0
-0.248697981238 0.015054522082 1.666472196579 0
-0.329799562693 0.040928609669 1.640330076218 0
0.212631568313 -0.157036632299 1.641963601112 0
0.226535290480 -0.445235937834 1.697464108467 0
0.207992687821 -0.655778348446 1.746560454369 0
0.198886796832 -0.735423088074 1.710238218307 0
0.079815745354 -0.152428850532 1.665007233620 0
0.036819599569 -0.473036915064 1.692470908165 0
-0.008977915160 -0.737797737122 1.707712292671 0
-0.027390006930 -0.780029237270 1.640604853630 0
0.151171565056 -0.087780997157 1.655059218407 0
0.158507436514 -0.022613920271 1.668641805649 0
0.180494740605 0.307741254568 1.655771732330 0
0.177636235952 0.474858671427 1.624045014381 0
0.323740839958 0.179120689631 1.648082375526 0
0.398223936558 -0.044320143759 1.673613190651 0
0.556183695793 0.029338037595 1.514185309410 0
0.609014928341 0.055753499269 1.471410155296 0
0.029433978721 0.202411055565 1.695179820061 0
-0.057387296110 0.016970565543 1.748928189278 0
-0.247539862990 0.014114315622 1.666036725044 0
-0.328938335180 0.039849910885 1.639549612999 0
0.212727174163 -0.156987085938 1.640988349915 0
0.226508140564 -0.444873541594 1.696651577950 0
0.207986548543 -0.655251741409 1.746084213257 0
0.198630601168 -0.734548687935 1.709288358688 0
0.079821877182 -0.152324467897 1.664269089699 0
0.037031680346 -0.472601145506 1.691996693611 0
-0.009047784843 -0.737820684910 1.707184076309 0
-0.027547163889 -0.780025243759 1.640019655228 0
0.151261314750 -0.087696984410 1.654268741608 0
0.158661887050 -0.022543393075 1.667472243309 0
0.180966138840 0.307548373938 1.654654502869 0
0.177856907248 0.474535763264 1.622642159462 0
0.324045240879 0.179114058614 1.646719336510 0
0.397426098585 -0.044701576233 1.672367095947 0
0.556705296040 0.028402253985 1.511291384697 0
0.609442293644 0.054445490241 1.469041943550 0
0.029639601707 0.202530130744 1.694491267204 0
-0.057007305324 0.017047688365 1.747792363167 0
-0.246494472027 0.013082389720 1.665657281876 0
-0.328153997660 0.038639694452 1.638898015022 0
0.212814599276 -0.156958311796 1.640158891678 0
0.226479172707 -0.444555133581 1.695934653282 0
0.207976698875 -0.654823899269 1.745661377907 0
0.198378801346 -0.733737647533 1.708371758461 0
0.079829402268 -0.152233570814 1.663621783257 0
0.037239998579 -0.472155898809 1.691538691521 0
-0.009114177898 -0.737843811512 1.706685543060 0
-0.027698095888 -0.780022501945 1.639460802078 0
0.151342675090 -0.087631717324 1.653584837914 0
0.158797025681 -0.022492259741 1.666457414627 0
0.181367486715 0.307378977537 1.653726696968 0
0.178039059043 0.474268019199 1.621509075165 0
0.324294030666 0.179097786546 1.645576357841 0
0.396739691496 -0.045040026307 1.671257257462 0
0.558091878891 0.027423018590 1.507463455200 0
0.609930932522 0.052983663976 1.466946482658 0
0.029823828489 0.202626556158 1.693900585175 0
-0.056589219719 0.017087435350 1.746718049049 0
-0.245369836688 0.011605734006 1.665289402008 0
-0.327250689268 0.036693368107 1.638203501701 0
0.212892159820 -0.156947419047 1.639438867569 0
0.226454630494 -0.444274127483 1.695297122002 0
0.207966372371 -0.654472053051 1.745294928551 0
0.198131516576 -0.732987582684 1.707501292229 0
0.079838275909 -0.152153298259 1.663054466248 0
0.037419736385 -0.471771627665 1.691141366959 0
-0.009176883847 -0.737867116928 1.706212401390 0
-0.027843305841 -0.780019700527 1.638924479485 0
0.151419430971 -0.087601177394 1.652970671654 0
0.158917307854 -0.022475255653 1.665523409843 0
0.181709766388 0.307228982449 1.652948975563 0
0.178209960461 0.474032312632 1.620559573174 0
0.324506133795 0.179066762328 1.644611120224 0
0.396667480469 -0.045445706695 1.667819857597 0
0.558732628822 0.025632776320 1.505043625832 0
0.612602591515 0.047879241407 1.460748076439 0
0.030012000352 0.202694043517 1.693348884583 0
-0.056190792471 0.017045335844 1.745615005493 0
-0.243105769157 0.004949816503 1.664638519287 0
-0.325368821621 0.031336061656 1.637437582016 0
0.212963238358 -0.156970337033 1.638794779778 0
0.226438030601 -0.444032460451 1.694727778435 0
0.201456427574 -0.701184153557 1.761468648911 0
0.196746155620 -0.737263023853 1.708184242249 0
0.079849883914 -0.152094706893 1.662535429001 0
0.037582099438 -0.471416592598 1.690766334534 0
-0.009226978756 -0.737898766994 1.705763101578 0
-0.027972396463 -0.780025243759 1.638412117958 0
0.151496797800 -0.087589651346 1.652428627014 0
0.159029468894 -0.022477846593 1.664686560631 0
0.182010591030 0.307091772556 1.652293324471 0
0.178367018700 0.473849087954 1.619796991348 0
0.324708431959 0.179041028023 1.643824934959 0
0.396469980478 -0.045820526779 1.665452957153 0
0.563126802444 0.012788958848 1.498777866364 0
0.616764307022 0.028088614345 1.452051162720 0
0.030209915712 0.202744975686 1.692825317383 0
-0.056107316166 0.016610935330 1.744041681290 0
-0.267311543226 -0.009665753692 1.650933504105 0
-0.341611683369 0.004616379738 1.635111808777 0
0.213039606810 -0.157019197941 1.638236999512 0
0.226438358426 -0.443955630064 1.694484829903 0
0.201214402914 -0.702718913555 1.762163996696 0
0.195598900318 -0.740832805634 1.708740472794 0
0.079866118729 -0.152048006654 1.662054777145 0
0.037731707096 -0.471097201109 1.690421223640 0
-0.009267231449 -0.737934827805 1.705326676369 0
-0.028086658567 -0.780035078526 1.637913465500 0
0.151573061943 -0.087590657175 1.651960492134 0
0.159132704139 -0.022489437833 1.663975715637 0
0.182275041938 0.306982427835 1.651756882668 0
0.178523346782 0.473704367876 1.619174242020 0
0.324887841940 0.179025694728 1.643182635307 0
0.396318733692 -0.046055987477 1.663622736931 0
0.569380223751 -0.001784063177 1.492801904678 0
0.620519399643 -0.006350980140 1.445434331894 0
0.030397368595 0.202797845006 1.692356586456 0
-0.056396678090 0.015798497945 1.742138266563 0
-0.275548100471 -0.025019939989 1.645226359367 0
-0.347841858864 -0.029593514279 1.633166670799 0
0.213116899133 -0.157077506185 1.637761473656 0
0.226439863443 -0.443893224001 1.694273352623 0
0.201048761606 -0.703793644905 1.762639522552 0
0.194646641612 -0.743824899197 1.709188580513 0
0.079886704683 -0.152013599873 1.661626100540 0
0.037863131613 -0.470875024796 1.690130949020 0
-0.009315961041 -0.737971723080 1.704908013344 0
-0.028205087408 -0.780045509338 1.637430667877 0
0.151642009616 -0.087590500712 1.651559710503 0
0.159221649170 -0.022497434169 1.663376688957 0
0.182491540909 0.306904762983 1.651336669922 0
0.178669378161 0.473593175411 1.618678569794 0
0.325051128864 0.179015845060 1.642656922340 0
0.400167971849 -0.045645341277 1.657400250435 0
0.584877729416 -0.034544996917 1.481758713722 0
0.646151006222 -0.065910309553 1.427506566048 0
0.030563766137 0.202851012349 1.691952109337 0
-0.056732073426 0.014913606457 1.740197300911 0
-0.279468744993 -0.039497457445 1.643117904663 0
-0.346098601818 -0.068574376404 1.630526185036 0
0.213188529015 -0.157129645348 1.637353062630 0
0.226443037391 -0.443840891123 1.694087982178 0
0.200928345323 -0.704579114914 1.762980937958 0
0.193843707442 -0.746335387230 1.709554791451 0
0.079906009138 -0.151981830597 1.661253094673 0
0.037982568145 -0.470680624247 1.689870238304 0
-0.009363459423 -0.738007724285 1.704506278038 0
-0.028318628669 -0.780055403709 1.636963725090 0
0.151711702347 -0.087595582008 1.651215434074 0
0.159303843975 -0.022508287802 1.662875056267 0
0.182667449117 0.306854307652 1.651032686234 0
0.178838148713 0.473527520895 1.618295788765 0
0.325215935707 0.179013386369 1.642255902290 0
0.405152112246 -0.041392508894 1.651042819023 0
0.609165608883 -0.124122932553 1.469596743584 0
0.655373036861 -0.179567307234 1.429414153099 0
0.030715264380 0.202890321612 1.691583514214 0
-0.057735975832 0.013060430065 1.737370014191 0
-0.251151174307 -0.079930506647 1.656163573265 0
-0.318960428238 -0.133927896619 1.638919830322 0
0.213271811604 -0.157186388969 1.637005329132 0
0.226448759437 -0.443796008825 1.693925857544 0
0.200834855437 -0.705173790455 1.763238668442 0
0.193150743842 -0.748487651348 1.709871888161 0
0.079928666353 -0.151959136128 1.660920739174 0
0.038075979799 -0.470565050840 1.689651131630 0
-0.009414283559 -0.738047540188 1.704106211662 0
-0.028428273275 -0.780067920685 1.636499166489 0
0.151784121990 -0.087605722249 1.650919556618 0
0.159383222461 -0.022523030639 1.662458181381 0
0.182819336653 0.306811332703 1.650788545609 0
0.179007858038 0.473474651575 1.617982983589 0
0.325367003679 0.179016038775 1.641936182976 0
0.408829271793 -0.038526266813 1.646923303604 0
0.609634339809 -0.155297636986 1.472883820534 0
0.650203108788 -0.239536628127 1.440088510513 0
0.030851924792 0.202901035547 1.691244959831 0
-0.059316478670 0.010471271351 1.734363198280 0
-0.257837176323 -0.127604901791 1.659844040871 0
-0.321642071009 -0.193722143769 1.645214557648 0
0.213363155723 -0.157244533300 1.636713981628 0
0.226453885436 -0.443757206202 1.693782448769 0
0.200761690736 -0.705635607243 1.763440489769 0
0.192551508546 -0.750350415707 1.710151910782 0
0.079958945513 -0.151945963502 1.660622239113 0
0.038156867027 -0.470481544733 1.689465165138 0
-0.009474226274 -0.738090515137 1.703702926636 0
-0.028540899977 -0.780080556870 1.636032342911 0
0.151865407825 -0.087619341910 1.650670289993 0
0.159465610981 -0.022539995611 1.662132382393 0
0.182946771383 0.306782931089 1.650630950928 0
0.179202377796 0.473420917988 1.617733716965 0
0.325543910265 0.178991258144 1.641704320908 0
0.411303728819 -0.038389254361 1.644663095474 0
0.579042255878 -0.244679912925 1.504492163658 0
0.610986113548 -0.329692661762 1.477673888206 0
0.030989980325 0.202873408794 1.690903663635 0
-0.062972888350 0.004059195984 1.729498147964 0
-0.239634558558 -0.181651145220 1.677975177765 0
-0.283825576305 -0.279339998960 1.672852635384 0
0.213474944234 -0.157305970788 1.636481523514 0
0.226454660296 -0.443749964237 1.693690538406 0
0.200703158975 -0.706017971039 1.763610959053 0
0.192053586245 -0.751987397671 1.710374474525 0
0.079995661974 -0.151941150427 1.660350680351 0
0.038217674941 -0.470446467400 1.689314365387 0
-0.009541914798 -0.738138616085 1.703285217285 0
-0.028649402782 -0.780094385147 1.635552406311 0
0.151952698827 -0.087640076876 1.650470852852 0
0.159545809031 -0.022560901940 1.661900043488 0
0.183060154319 0.306767106056 1.650534510612 0
0.179426565766 0.473379462957 1.617540121078 0
0.325729519129 0.178954869509 1.641537427902 0
0.412992060184 -0.039153404534 1.643027544022 0
0.532229125500 -0.284984588623 1.553021430969 0
0.542547941208 -0.384137928486 1.538688063622 0
0.031149091199 0.202799260616 1.690513610840 0
-0.067841000855 -0.005734295584 1.724341034889 0
-0.202050492167 -0.210422977805 1.697324395180 0
-0.212999865413 -0.320234507322 1.706530928612 0
0.213598012924 -0.157368734479 1.636307835579 0
0.226456001401 -0.443759381771 1.693626880646 0
0.200654819608 -0.706338405609 1.763758301735 0
0.191630780697 -0.753437817097 1.710552573204 0
0.080040596426 -0.151947408915 1.660109519958 0
0.038291681558 -0.470474630594 1.689163804054 0
-0.009630513377 -0.738187313080 1.702880024910 0
-0.028768181801 -0.780108571053 1.635082244873 0
0.152054414153 -0.087679870427 1.650302767754 0
0.159628048539 -0.022592319176 1.661721944809 0
0.183159142733 0.306757211685 1.650469303131 0
0.179666981101 0.473340839148 1.617395281792 0
0.325904101133 0.178916528821 1.641412973404 0
0.414112359285 -0.040971942246 1.641596198082 0
0.512258410454 -0.304227083921 1.574958324432 0
0.514058887959 -0.395443886518 1.569284081459 0
0.031313583255 0.202675819397 1.690097212791 0
-0.070647567511 -0.013682935387 1.721139311790 0
-0.179489940405 -0.236771464348 1.710993289948 0
-0.191656798124 -0.341138869524 1.717183589935 0
0.213755086064 -0.157458648086 1.636173129082 0
0.226457327604 -0.443777084351 1.693576335907 0
0.200616076589 -0.706604897976 1.763884782791 0
0.191261142492 -0.754768192768 1.710710287094 0
0.080104917288 -0.151974141598 1.659881591797 0
0.038412265480 -0.470657110214 1.688966631889 0
-0.009742397815 -0.738238513470 1.702502489090 0
-0.028904749081 -0.780127227306 1.634638071060 0
0.152196377516 -0.087756916881 1.650185585022 0
0.159723266959 -0.022640980780 1.661612868309 0
0.183235451579 0.306756198406 1.650443315506 0
0.179947733879 0.473306745291 1.617311239243 0
0.326066762209 0.178870022297 1.641319751740 0
0.412956595421 -0.046546697617 1.640743374825 0
0.481821388006 -0.320391148329 1.602465748787 0
0.476328194141 -0.409873396158 1.603780031204 0
0.031498800963 0.202398061752 1.689596891403 0
-0.068116240203 -0.024358320981 1.719334602356 0
-0.151906594634 -0.258136510849 1.721789836884 0
-0.153155967593 -0.362625241280 1.732180714607 0
0.213969081640 -0.157582297921 1.636097311974 0
0.226445391774 -0.444002807140 1.693590402603 0
0.200591027737 -0.706923067570 1.764047622681 0
0.190979361534 -0.755998313427 1.710832118988 0
0.080236442387 -0.152058839798 1.659698367119 0
0.038503576070 -0.471078306437 1.688752770424 0
-0.009846068919 -0.738334178925 1.702096819878 0
-0.029021430761 -0.780177533627 1.634174823761 0
0.152439668775 -0.087937317789 1.650116801262 0
0.159873440862 -0.022742811590 1.661544084549 0
0.183308124542 0.306759655476 1.650432467461 0
0.180231198668 0.473285704851 1.617264270782 0
0.326213002205 0.178826823831 1.641243100166 0
0.409745156765 -0.053077332675 1.641504168510 0
0.465074270964 -0.326342582703 1.615987539291 0
0.457917779684 -0.411632418633 1.619264721870 0
0.031688790768 0.202140837908 1.689137458801 0
-0.063693821430 -0.032396018505 1.718852877617 0
-0.139077246189 -0.265435487032 1.726090192795 0
-0.138206407428 -0.368552118540 1.736825466156 0
0.214278072119 -0.157799005508 1.636102795601 0
0.226436942816 -0.444526642561 1.693739414215 0
0.200576379895 -0.707267940044 1.764216303825 0
0.190731614828 -0.757174432278 1.710925459862 0
0.080511301756 -0.152243182063 1.659546375275 0
0.038543503731 -0.471847862005 1.688542723656 0
-0.009937919676 -0.738483428955 1.701637506485 0
-0.029120117426 -0.780261337757 1.633672595024 0
0.153144538403 -0.088603168726 1.650262713432 0
0.160322904587 -0.023138342425 1.661600708961 0
0.183391094208 0.306762993336 1.650436520576 0
0.180536195636 0.473250210285 1.617254853249 0
0.326341211796 0.178760260344 1.641181349754 0
0.401797533035 -0.061116442084 1.646253347397 0
0.439735472202 -0.327239185572 1.633918046951 0
0.429010152817 -0.413999915123 1.640027403831 0
0.031882304698 0.201867744327 1.688730239868 0
-0.055341593921 -0.040257208049 1.719816923141 0
-0.122362546623 -0.269146442413 1.729799509048 0
-0.124100983143 -0.370424777269 1.738676190376 0
0.215149343014 -0.158566072583 1.636550784111 0
0.228143781424 -0.451982259750 1.696092605591 0
0.200435191393 -0.707755029202 1.764429092407 0
0.190233677626 -0.758364260197 1.710989117622 0
0.081313803792 -0.152866795659 1.659511446953 0
0.038389503956 -0.473455756903 1.688386082649 0
-0.009883352555 -0.738789796829 1.701120734215 0
-0.029090931639 -0.780453324318 1.633138537407 0
0.153990209103 -0.089418061078 1.650531291962 0
0.160883620381 -0.023648349568 1.661728620529 0
0.183474317193 0.306765317917 1.650449991226 0
0.180840760469 0.473209768534 1.617262840271 0
0.326457828283 0.178689748049 1.641134381294 0
0.394855201244 -0.067066006362 1.650892496109 0
0.427648335695 -0.326777309179 1.641360640526 0
0.418293327093 -0.414553940296 1.647043943405 0
0.032057862729 0.201632454991 1.688391923904 0
-0.049482323229 -0.044933527708 1.720720171928 0
-0.112351067364 -0.272868514061 1.731285095215 0
-0.115910686553 -0.372787237167 1.738860368729 0
0.216199681163 -0.159488394856 1.637199521065 0
0.229274258018 -0.456543415785 1.697507977486 0
0.200268447399 -0.708304822445 1.764671444893 0
0.189731627703 -0.759525239468 1.711070060730 0
0.082269981503 -0.153625950217 1.659578323364 0
0.034321077168 -0.493099063635 1.688907742500 0
-0.009649374522 -0.739159226418 1.700681686401 0
-0.028910938650 -0.780720949173 1.632668852806 0
0.154870837927 -0.090345971286 1.650956034660 0
0.161487787962 -0.024255078286 1.661925435066 0
0.183567225933 0.306763976812 1.650479316711 0
0.181218340993 0.473151683807 1.617298245430 0
0.326569646597 0.178604394197 1.641106367111 0
0.388250410557 -0.070818752050 1.655770063400 0
0.409057527781 -0.324178069830 1.647366642952 0
0.402270019054 -0.414780884981 1.651753067970 0
0.032243158668 0.201426729560 1.688116788864 0
-0.044600144029 -0.048110522330 1.721666574478 0
-0.103316769004 -0.274169385433 1.730828046799 0
-0.105820752680 -0.372529596090 1.735081076622 0
0.217289283872 -0.160570457578 1.638132810593 0
0.230387881398 -0.458853274584 1.697976350784 0
0.199999347329 -0.708872497082 1.764979839325 0
0.189074471593 -0.760657668114 1.711240768433 0
0.083206824958 -0.154394939542 1.659743666649 0
0.032340556383 -0.502485930920 1.689170837402 0
-0.009351339191 -0.739544928074 1.700319409370 0
-0.028677079827 -0.781015455723 1.632258057594 0
0.155656680465 -0.091169841588 1.651380419731 0
0.162037611008 -0.024810820818 1.662121891975 0
0.183654054999 0.306763112545 1.650522112846 0
0.181621417403 0.473105788231 1.617361068726 0
0.326671600342 0.178523480892 1.641090869904 0
0.384016007185 -0.072771534324 1.659034490585 0
0.401747584343 -0.324249356985 1.648922204971 0
0.394232690334 -0.415290653706 1.652647733688 0
0.032414954156 0.201247736812 1.687887430191 0
-0.040906000882 -0.050223596394 1.722377777100 0
-0.096364654601 -0.274282842875 1.729264140129 0
-0.098864965141 -0.371221601963 1.730881690979 0
0.218243733048 -0.161500185728 1.639008641243 0
0.231330230832 -0.459532856941 1.697899460793 0
0.199653223157 -0.709343314171 1.765307307243 0
0.188283964992 -0.761657059193 1.711474776268 0
0.084054432809 -0.155079483986 1.659930348396 0
0.031188860536 -0.507929801941 1.689314484596 0
-0.008916979656 -0.739953696728 1.700016140938 0
-0.028335981071 -0.781342267990 1.631888508797 0
0.156467229128 -0.092065192759 1.651942729950 0
0.162619039416 -0.025441590697 1.662399291992 0
0.183773070574 0.306751161814 1.650633096695 0
0.182125657797 0.473047733307 1.617468595505 0
0.326792448759 0.178422600031 1.641128182411 0
0.381083965302 -0.073878765106 1.661352753639 0
0.396512448788 -0.319918960333 1.648149013519 0
0.387891888618 -0.410597950220 1.648513436317 0
0.032602556050 0.201075777411 1.687707066536 0
-0.037865474820 -0.051801010966 1.722777128220 0
-0.091769516468 -0.273374915123 1.725580930710 0
-0.093559168279 -0.368186205626 1.722491145134 0
0.219170644879 -0.162421107292 1.640011072159 0
0.232808843255 -0.459876149893 1.697522640228 0
0.199175491929 -0.709744393826 1.765677213669 0
0.187295198441 -0.762545287609 1.711773991585 0
0.084949389100 -0.155868485570 1.660233497620 0
0.030406055972 -0.511265039444 1.689416527748 0
-0.007315782364 -0.740700125694 1.700049757957 0
-0.027155864984 -0.781991481781 1.631695508957 0
0.157202467322 -0.092907577753 1.652506470680 0
0.163166314363 -0.026060085744 1.662701368332 0
0.183937892318 0.306737005711 1.650822639465 0
0.182696476579 0.472975671291 1.617607355118 0
0.327005296946 0.178185418248 1.641296744347 0
0.379101961851 -0.074584640563 1.662930607796 0
0.392589718103 -0.302756130695 1.642527818680 0
0.383631050587 -0.393120139837 1.638573646545 0
0.032804224640 0.200890898705 1.687554001808 0
-0.035531587899 -0.052983552217 1.722930669785 0
-0.089046239853 -0.271539151669 1.720710158348 0
-0.091158628464 -0.364637196064 1.714081883430 0
0.219977587461 -0.163259804249 1.640945911407 0
0.234120264649 -0.460094690323 1.697164297104 0
0.198680952191 -0.710148751736 1.766055941582 0
0.186345055699 -0.763372480869 1.712071776390 0
0.085754521191 -0.156613022089 1.660547375679 0
0.029859827831 -0.513535320759 1.689488887787 0
-0.006161983591 -0.741307675838 1.700089216232 0
-0.026198847219 -0.782565891743 1.631538510323 0
0.157800853252 -0.093644052744 1.653143048286 0
0.163627028465 -0.026623308659 1.663089394569 0
0.184177070856 0.306718289852 1.651222109795 0
0.183413818479 0.472947865725 1.617839217186 0
0.327298432589 0.177905067801 1.641673207283 0
0.377735733986 -0.075037114322 1.663931131363 0
0.389414727688 -0.295050114393 1.631979227066 0
0.379386156797 -0.384356349707 1.622029542923 0
0.033032584935 0.200718775392 1.687447667122 0
-0.033137198538 -0.054131381214 1.722406029701 0
-0.088046856225 -0.267928838730 1.710231065750 0
-0.091075189412 -0.359660536051 1.700552225113 0
0.220601290464 -0.163988798857 1.641947507858 0
0.235252618790 -0.460183143616 1.696833133698 0
0.198147267103 -0.710535228252 1.766480922699 0
0.185397461057 -0.764142096043 1.712413668633 0
0.086396187544 -0.157231554389 1.660905361176 0
0.029437046498 -0.515113949776 1.689545869827 0
-0.004981296603 -0.741889834404 1.700088500977 0
-0.025139033794 -0.783144891262 1.631351590157 0
0.158281356096 -0.094258025289 1.653747200966 0
0.164014518261 -0.027117537335 1.663503050804 0
0.184466078877 0.306702017784 1.651797533035 0
0.184209451079 0.472920835018 1.618142008781 0
0.327647417784 0.177642732859 1.642207264900 0
0.376787275076 -0.075362376869 1.664522171021 0
0.387402296066 -0.291041165590 1.623511075974 0
0.375967860222 -0.379326879978 1.606688261032 0
0.033253632486 0.200561761856 1.687373280525 0
-0.030783168972 -0.055208671838 1.721401810646 0
-0.088227421045 -0.264808148146 1.700733900070 0
-0.092093132436 -0.355622470379 1.688449025154 0
0.221080958843 -0.164594307542 1.642853498459 0
0.236175701022 -0.460223317146 1.696562647820 0
0.197642832994 -0.710915803909 1.766893148422 0
0.184533998370 -0.764853835106 1.712737560272 0
0.086909227073 -0.157739743590 1.661246895790 0
0.028439501300 -0.514656364918 1.689595341682 0
-0.003097535111 -0.742480456829 1.699955463409 0
-0.023295078427 -0.783787131310 1.631003975868 0
0.158679544926 -0.094785407186 1.654312968254 0
0.164355352521 -0.027569960803 1.663944959641 0
0.184787899256 0.306685209274 1.652548551559 0
0.185059085488 0.472929537296 1.618559002876 0
0.327990621328 0.177393555641 1.642831683159 0
0.376086890697 -0.075578846037 1.664826989174 0
0.385639935732 -0.288668304682 1.614234089851 0
0.373049676418 -0.376774847507 1.593231201172 0
0.033471331000 0.200413003564 1.687330245972 0
-0.028361316770 -0.056276850402 1.719903588295 0
-0.089250661433 -0.263222426176 1.689876556396 0
-0.093619592488 -0.353705644608 1.676315546036 0
0.221462085843 -0.165100514889 1.643652796745 0
0.236935719848 -0.460212111473 1.696329832077 0
0.197169750929 -0.711288571358 1.767303109169 0
0.183739021420 -0.765518844128 1.713059663773 0
0.087334848940 -0.158170744777 1.661567807198 0
0.027429472655 -0.513928771019 1.689616084099 0
-0.001558511052 -0.742957353592 1.699837207794 0
-0.021656841040 -0.784347474575 1.630689740181 0
0.159001991153 -0.095213279128 1.654853105545 0
0.164663061500 -0.027981750667 1.664475321770 0
0.185244455934 0.306642144918 1.653667211533 0
0.186241865158 0.473007380962 1.619267106056 0
0.328524768353 0.177088052034 1.643963456154 0
0.375364243984 -0.075784936547 1.664738893509 0
0.383095175028 -0.286500334740 1.600742578506 0
0.368383705616 -0.374148726463 1.574986338615 0
0.033713106066 0.200240731239 1.687338232994 0
-0.025594379753 -0.057340141386 1.717467784882 0
-0.091416671872 -0.262570768595 1.671577930450 0
-0.096043676138 -0.352534264326 1.652905344963 0
0.221762508154 -0.165526613593 1.644386410713 0
0.237534373999 -0.460130155087 1.696132063866 0
0.196720510721 -0.711655855179 1.767736673355 0
0.183018594980 -0.766158461571 1.713406682014 0
0.087657012045 -0.158497855067 1.661858201027 0
0.026978358626 -0.513844549656 1.689603924751 0
-0.000678380835 -0.743299961090 1.699783086777 0
-0.020572878420 -0.784789085388 1.630475044250 0
0.159261450171 -0.095566466451 1.655354976654 0
0.164929986000 -0.028351774439 1.665053129196 0
0.185642242432 0.306602180004 1.654929995537 0
0.187401577830 0.473116844893 1.620013952255 0
0.329014092684 0.176786214113 1.645087838173 0
0.374508142471 -0.075995482504 1.664305329323 0
0.381391912699 -0.284964233637 1.591248393059 0
0.365389913321 -0.372322022915 1.563409209251 0
0.033950723708 0.200066059828 1.687390089035 0
-0.023239536211 -0.058054860681 1.715050220490 0
-0.092630095780 -0.260747015476 1.661428809166 0
-0.097047977149 -0.349679768085 1.636827588081 0
0.222001910210 -0.165882617235 1.645025849342 0
0.237953141332 -0.460068911314 1.695985794067 0
0.196308985353 -0.712030529976 1.768174767494 0
0.182365268469 -0.766779184341 1.713759541512 0
0.087910912931 -0.158756196499 1.662128090858 0
0.026758823544 -0.513541996479 1.689591050148 0
-0.000187670928 -0.743546664715 1.699740886688 0
-0.019896944985 -0.785117924213 1.630307555199 0
0.159457936883 -0.095842167735 1.655874609947 0
0.165176600218 -0.028691742569 1.665834903717 0
0.186104074121 0.306583523750 1.656538128853 0
0.188708692789 0.473254859447 1.621022224426 0
0.329501211643 0.176491215825 1.646354198456 0
0.373436897993 -0.076098106802 1.663322210312 0
0.379557728767 -0.282247364521 1.582348823547 0
0.362516313791 -0.369376331568 1.553770184517 0
0.034235335886 0.199869722128 1.687529087067 0
-0.021065304056 -0.058446202427 1.712390422821 0
-0.093917161226 -0.260088115931 1.648043513298 0
-0.097100220621 -0.348392635584 1.617106795311 0
0.222165480256 -0.166166275740 1.645629644394 0
0.238215059042 -0.460016489029 1.695858001709 0
0.195968002081 -0.712399959564 1.768621563911 0
0.181804016232 -0.767397522926 1.714144229889 0
0.088092729449 -0.158932462335 1.662402987480 0
0.026675669476 -0.511618912220 1.689383387566 0
0.000135732495 -0.743716120720 1.699731111526 0
-0.019400389865 -0.785375177860 1.630195736885 0
0.159638613462 -0.096073530614 1.656401753426 0
0.165448039770 -0.029019946232 1.666824579239 0
0.186574712396 0.306574612856 1.658343076706 0
0.190151363611 0.473436355591 1.622242927551 0
0.329910844564 0.176191255450 1.647565126419 0
0.372381806374 -0.076081059873 1.662162899971 0
0.376081705093 -0.284632354975 1.569993495941 0
0.358896195889 -0.371642053127 1.543830752373 0
0.034571629018 0.199617043138 1.687788724899 0
-0.019072964787 -0.058836463839 1.709562778473 0
-0.094430677593 -0.257148593664 1.636070251465 0
-0.095618754625 -0.344247132540 1.599266529083 0
0.222302153707 -0.166397213936 1.646175861359 0
0.238290935755 -0.460061341524 1.695820093155 0
0.195774629712 -0.712836086750 1.769115328789 0
0.181437373161 -0.768083989620 1.714579701424 0
0.088262639940 -0.159075155854 1.662698388100 0
0.026691377163 -0.511283755302 1.689388871193 0
0.000240483205 -0.743802726269 1.699729323387 0
-0.019214313477 -0.785515844822 1.630134582520 0
0.159784123302 -0.096257761121 1.656904220581 0
0.165685757995 -0.029300300404 1.667847156525 0
0.186949655414 0.306561559439 1.660041928291 0
0.191380724311 0.473569244146 1.623377561569 0
0.330239176750 0.175923407078 1.648633360863 0
0.371459186077 -0.075951047242 1.661085009575 0
0.374184280634 -0.286303013563 1.563490390778 0
0.356773048639 -0.373303294182 1.538175225258 0
0.034904472530 0.199387058616 1.688119530678 0
-0.017599271610 -0.059002768248 1.707381725311 0
-0.094632633030 -0.254692018032 1.629111051559 0
-0.094525195658 -0.341173887253 1.589718937874 0
0.222408041358 -0.166581839323 1.646657466888 0
0.238343700767 -0.460104703903 1.695781230927 0
0.195627167821 -0.713261485100 1.769598126411 0
0.181123331189 -0.768746852875 1.715014457703 0
0.088402085006 -0.159182354808 1.662998914719 0
0.026772575453 -0.510823190212 1.689386487007 0
0.000319198996 -0.743873715401 1.699729561806 0
-0.019070006907 -0.785633146763 1.630083680153 0
0.159908547997 -0.096403554082 1.657389998436 0
0.165904477239 -0.029535476118 1.668899893761 0
0.187254130840 0.306565523148 1.661622047424 0
0.192429676652 0.473691642284 1.624449014664 0
0.330487579107 0.175698980689 1.649568796158 0
0.370698273182 -0.075798340142 1.660155653954 0
0.373053371906 -0.287745922804 1.559601187706 0
0.355523020029 -0.374749630690 1.534785032272 0
0.035225182772 0.199171364307 1.688505053520 0
-0.016522953287 -0.059054255486 1.705734491348 0
-0.094713933766 -0.252115190029 1.624760031700 0
-0.093694418669 -0.338163256645 1.583910942078 0
0.222489193082 -0.166722506285 1.647087574005 0
0.238373726606 -0.460146933794 1.695739626884 0
0.195502310991 -0.713667154312 1.770075201988 0
0.180837407708 -0.769382417202 1.715453743935 0
0.088532172143 -0.159264430404 1.663316249847 0
0.026749661192 -0.510794222355 1.689399123192 0
0.000384909159 -0.743934452534 1.699731111526 0
-0.018942104653 -0.785737991333 1.630037784576 0
0.160007804632 -0.096509754658 1.657899856567 0
0.166110992432 -0.029730822891 1.670177578926 0
0.187472864985 0.306642532349 1.663329720497 0
0.193315565586 0.473806887865 1.625531673431 0
0.330671876669 0.175503462553 1.650445580482 0
0.370053321123 -0.075600326061 1.659384250641 0
0.372618734837 -0.289058595896 1.557745456696 0
0.355151981115 -0.376110702753 1.533299922943 0
0.035551283509 0.198954775929 1.689005136490 0
-0.015646936372 -0.058891616762 1.704396963120 0
-0.093147546053 -0.280367881060 1.596283435822 0
-0.091884799302 -0.347581207752 1.572256207466 0
0.222544386983 -0.166823685169 1.647491335869 0
0.238377377391 -0.460187643766 1.695703029633 0
0.195400461555 -0.714060902596 1.770549178123 0
0.180581033230 -0.769993960857 1.715893864632 0
0.088648453355 -0.159313708544 1.663675785065 0
0.026774330065 -0.510681331158 1.689433813095 0
0.000419069023 -0.743984460831 1.699737906456 0
-0.018867729232 -0.785811603069 1.630006313324 0
0.160096973181 -0.096589416265 1.658397793770 0
0.166306093335 -0.029883576557 1.671430706978 0
0.187664315104 0.306733906269 1.664818525314 0
0.194058552384 0.473907262087 1.626550793648 0
0.330819725990 0.175346910954 1.651227355003 0
0.369543910027 -0.075424343348 1.658796548843 0
0.372644931078 -0.290885150433 1.557061910629 0
0.355338990688 -0.378229051828 1.532850265503 0
0.035860307515 0.198755249381 1.689526438713 0
-0.014972191304 -0.058696538210 1.703374147415 0
-0.092923246324 -0.288823187351 1.589119434357 0
-0.090876653790 -0.353130996227 1.566144227982 0
0.222588792443 -0.166897907853 1.647870898247 0
0.238371506333 -0.460226655006 1.695670008659 0
0.197183266282 -0.706187009811 1.767681598663 0
0.189556822181 -0.764214694500 1.721372246742 0
0.088757850230 -0.159345179796 1.664044737816 0
0.026922835037 -0.510258436203 1.689486265182 0
0.000431100430 -0.744031727314 1.699748754501 0
-0.018816836178 -0.785872578621 1.629980683327 0
0.160180464387 -0.096637971699 1.659000158310 0
0.166501000524 -0.029988519847 1.672929763794 0
0.187774702907 0.306899666786 1.666311979294 0
0.194660812616 0.474005758762 1.627554178238 0
0.330900400877 0.175215244293 1.651975512505 0
0.369185537100 -0.075332187116 1.658493757248 0
0.373828858137 -0.294568002224 1.559086561203 0
0.358467072248 -0.381966233253 1.537929534912 0
0.036168154329 0.198593184352 1.690144658089 0
-0.014394456521 -0.058339953423 1.702623128891 0
-0.092975005507 -0.293363809586 1.586410045624 0
-0.090253867209 -0.356549829245 1.562931656837 0
0.222619920969 -0.166929513216 1.648323535919 0
0.238362789154 -0.460306525230 1.695631146431 0
0.200179144740 -0.692181885242 1.762652993202 0
0.231570482254 -0.742473900318 1.748627901077 0
0.088883496821 -0.159345597029 1.664533138275 0
0.027202736586 -0.509540319443 1.689550518990 0
0.000417935167 -0.744075834751 1.699765563011 0
-0.018785640597 -0.785922586918 1.629960060120 0
0.160270363092 -0.096648946404 1.659725666046 0
0.166695103049 -0.030033813789 1.674584388733 0
0.187806382775 0.307107716799 1.667705893517 0
0.195160523057 0.474117636681 1.628509879112 0
0.330939233303 0.175108715892 1.652772307396 0
0.368973433971 -0.075348146260 1.658433556557 0
0.376499742270 -0.299434304237 1.565352916718 0
0.364884585142 -0.386085003614 1.550933361053 0
0.036461561918 0.198512032628 1.690870642662 0
-0.013929951005 -0.057898703963 1.702156424522 0
-0.093081191182 -0.295937061310 1.585685968399 0
-0.089815735817 -0.358281850815 1.561384558678 0
0.222653180361 -0.166921660304 1.648915410042 0
0.238378778100 -0.460345864296 1.695623755455 0
0.201589673758 -0.685063004494 1.760197520256 0
0.239404782653 -0.738233387470 1.753925204277 0
0.089036621153 -0.159305602312 1.665139794350 0
0.027502497658 -0.508777260780 1.689627647400 0
0.000380539917 -0.744114279747 1.699787855148 0
-0.018768858165 -0.785964846611 1.629942536354 0
0.160363331437 -0.096645712852 1.660449385643 0
0.166872054338 -0.030053785071 1.676090598106 0
0.187816813588 0.307298958302 1.668881058693 0
0.195593804121 0.474271655083 1.629444479942 0
0.330964058638 0.175027519464 1.653544068336 0
0.368809700012 -0.075379699469 1.658444404602 0
0.379074066877 -0.303513944149 1.571815967560 0
0.369312196970 -0.388893038034 1.560383081436 0
0.036713968962 0.198457613587 1.691556692123 0
-0.013570848852 -0.057519461960 1.701828837395 0
-0.093189142644 -0.297947108746 1.585649371147 0
-0.089516937733 -0.359578520060 1.560577273369 0
0.222695350647 -0.166900172830 1.649544596672 0
0.238396286964 -0.460394650698 1.695637941360 0
0.202369868755 -0.681004583836 1.758807897568 0
0.243806973100 -0.735880017281 1.756693720818 0
0.089194208384 -0.159257918596 1.665749311447 0
0.027805255726 -0.508012592793 1.689714789391 0
0.000330112554 -0.744150459766 1.699812412262 0
-0.018760709092 -0.786004006863 1.629926800728 0
0.160470217466 -0.096610598266 1.661288022995 0
0.167041346431 -0.030034586787 1.677639603615 0
0.187774986029 0.307481050491 1.669953703880 0
0.195946112275 0.474438190460 1.630384683609 0
0.330973118544 0.174937471747 1.654451847076 0
0.368603587151 -0.075556479394 1.658832192421 0
0.382037997246 -0.307309478521 1.579882502556 0
0.373962402344 -0.390592932701 1.571202635765 0
0.036909934133 0.198472782969 1.692359447479 0
-0.013311035931 -0.057201497257 1.701654553413 0
-0.093380056322 -0.299840956926 1.586793661118 0
-0.089513003826 -0.361222624779 1.561322450638 0
0.222763583064 -0.166860073805 1.650328397751 0
0.238488897681 -0.460373580456 1.695681929588 0
0.202856078744 -0.677413105965 1.757684588432 0
0.245606854558 -0.734522104263 1.758559942245 0
0.089374959469 -0.159185156226 1.666466116905 0
0.028064362705 -0.507345080376 1.689796805382 0
0.000260609668 -0.744182884693 1.699841856956 0
-0.018762346357 -0.786040425301 1.629912853241 0
0.160572230816 -0.096568450332 1.662130236626 0
0.167181894183 -0.030003074557 1.679048180580 0
0.187701046467 0.307657241821 1.670910596848 0
0.196234479547 0.474575251341 1.631241917610 0
0.330942749977 0.174835532904 1.655349850655 0
0.368417710066 -0.075765408576 1.659467816353 0
0.384268224239 -0.309931218624 1.586216807365 0
0.376999318600 -0.391569405794 1.578522443771 0
0.037070263177 0.198526516557 1.693134903908 0
-0.013093548827 -0.056887008250 1.701552033424 0
-0.093546114862 -0.301164239645 1.588409900665 0
-0.089680112898 -0.362688094378 1.563151836395 0
0.222829177976 -0.166811704636 1.651151537895 0
0.238632827997 -0.460310310125 1.695751070976 0
0.203184872866 -0.674776375294 1.756880164146 0
0.246513277292 -0.733631014824 1.760128140450 0
0.089562498033 -0.159104049206 1.667201995850 0
0.028290502727 -0.506760954857 1.689877033234 0
0.000187837824 -0.744212329388 1.699870586395 0
-0.018768189475 -0.786074340343 1.629899382591 0
0.160704612732 -0.096515022218 1.663082718849 0
0.167334288359 -0.029958050698 1.680435299873 0
0.187625184655 0.307815909386 1.671767950058 0
0.196481794119 0.474703639746 1.632128834724 0
0.330874562263 0.174707636237 1.656361937523 0
0.368328899145 -0.076138757169 1.660727739334 0
0.386378586292 -0.312014490366 1.592249393463 0
0.380014866590 -0.391328662634 1.585993766785 0
0.037165202200 0.198585882783 1.693971753120 0
-0.012932083569 -0.056624848396 1.701536417007 0
-0.093778334558 -0.301846683025 1.591299653053 0
-0.089997090399 -0.363591730595 1.566282629967 0
0.222930416465 -0.166757762432 1.652147650719 0
0.238928541541 -0.460137367249 1.695899605751 0
0.203357428312 -0.672598481178 1.756296277046 0
0.246522352099 -0.732854127884 1.762085318565 0
0.089791826904 -0.159017264843 1.668052911758 0
0.028484247625 -0.506262600422 1.689960122108 0
0.000110733861 -0.744240403175 1.699902534485 0
-0.018777467310 -0.786106884480 1.629887700081 0
0.160835579038 -0.096513390541 1.664046049118 0
0.167456254363 -0.029964784160 1.681712269783 0
0.187520861626 0.307932436466 1.672560572624 0
0.196705117822 0.474750250578 1.632953405380 0
0.330844223499 0.174436077476 1.657493352890 0
0.368278115988 -0.076616168022 1.662194609642 0
0.388110846281 -0.313481837511 1.596772193909 0
0.382227808237 -0.391146957874 1.591084122658 0
0.037243045866 0.198587626219 1.694719314575 0
-0.012822780758 -0.056437641382 1.701563477516 0
-0.093999378383 -0.302264034748 1.593821883202 0
-0.090424805880 -0.364343583584 1.569606423378 0
0.223048463464 -0.166778236628 1.653220057487 0
0.239180460572 -0.460037618876 1.696149945259 0
0.203422531486 -0.671349048615 1.756010651588 0
0.246769770980 -0.732369661331 1.763258457184 0
0.090016841888 -0.158982887864 1.668897867203 0
0.028653666377 -0.505832195282 1.690038561821 0
0.000032488486 -0.744276046753 1.699932932854 0
-0.018787970766 -0.786143481731 1.629874944687 0
0.160997316241 -0.096492186189 1.665172815323 0
0.167583465576 -0.029946595430 1.683024883270 0
0.187403187156 0.308046370745 1.673358321190 0
0.196928575635 0.474797755480 1.633823871613 0
0.330819845200 0.174198105931 1.658727526665 0
0.368244558573 -0.076942309737 1.663950562477 0
0.389474332333 -0.314555078745 1.600537657738 0
0.383798420429 -0.391259968281 1.594905972481 0
0.037297111005 0.198634624481 1.695493817329 0
-0.012749377638 -0.056287441403 1.701646685600 0
-0.095522388816 -0.267990291119 1.623805403709 0
-0.091609202325 -0.352474957705 1.581916093826 0
0.223210379481 -0.166776344180 1.654514789581 0
0.239446476102 -0.460006833076 1.696567058563 0
0.203460663557 -0.670640170574 1.755887985229 0
0.247101381421 -0.732060849667 1.764017224312 0
0.090278744698 -0.158943235874 1.669886589050 0
0.028790393844 -0.505483865738 1.690124630928 0
-0.000036597281 -0.744310200214 1.699956774712 0
-0.018796239048 -0.786178648472 1.629860162735 0
0.161164328456 -0.096488468349 1.666253447533 0
0.167708754539 -0.029941428453 1.684202194214 0
0.187293052673 0.308146178722 1.674102067947 0
0.197128280997 0.474814563990 1.634667158127 0
0.330779790878 0.173996374011 1.659841656685 0
0.368231713772 -0.077223628759 1.665542721748 0
0.390475749969 -0.315274924040 1.603208303452 0
0.384918600321 -0.391418814659 1.597573637962 0
0.037321314216 0.198662355542 1.696234941483 0
-0.012687746435 -0.056168422103 1.701746702194 0
-0.095762416720 -0.258499771357 1.631569504738 0
-0.092118218541 -0.345706701279 1.588614940643 0
0.223385483027 -0.166789919138 1.655766248703 0
0.239685177803 -0.459972888231 1.696985483170 0
0.203504100442 -0.670097768307 1.755825042725 0
0.247325941920 -0.731854319572 1.764578461647 0
0.090537242591 -0.158925682306 1.670834898949 0
0.028913121670 -0.505185484886 1.690209507942 0
-0.000104798586 -0.744346499443 1.699979662895 0
-0.018806450069 -0.786215305328 1.629844665527 0
0.161377668381 -0.096466705203 1.667447447777 0
0.167853787541 -0.029907997698 1.685415625572 0
0.187150478363 0.308310717344 1.674990177155 0
0.197349563241 0.474849760532 1.635708093643 0
0.330749183893 0.173842757940 1.661069393158 0
0.368217021227 -0.077363811433 1.667027831078 0
0.391316413879 -0.315735906363 1.605170488358 0
0.385852992535 -0.391608893871 1.599549412727 0
0.037353474647 0.198702707887 1.696952939034 0
-0.012631118298 -0.056073557585 1.701860904694 0
-0.095682859421 -0.253632336855 1.635358810425 0
-0.092126131058 -0.341747134924 1.592397212982 0
0.223625868559 -0.166765064001 1.657175779343 0
0.239949807525 -0.459906488657 1.697457790375 0
0.203573703766 -0.669636309147 1.755820870399 0
0.247397199273 -0.731744945049 1.765083551407 0
0.090848833323 -0.158893734217 1.671870589256 0
0.029060179368 -0.504856467247 1.690325260162 0
-0.000176022790 -0.744380652905 1.699999213219 0
-0.018817873672 -0.786249041557 1.629826903343 0
0.161605581641 -0.096422031522 1.668587923050 0
0.168008878827 -0.029851770028 1.686530590057 0
0.187028184533 0.308480471373 1.675833344460 0
0.197574317455 0.474918842316 1.636891007423 0
0.330731123686 0.173730969429 1.662223696709 0
0.368222326040 -0.077413015068 1.668259739876 0
0.391970932484 -0.316050350666 1.606547832489 0
0.386556237936 -0.391736656427 1.600900530815 0
0.037379257381 0.198729231954 1.697644352913 0
-0.012578922324 -0.056002348661 1.701975822449 0
-0.095559611917 -0.250746548176 1.637510299683 0
-0.092011518776 -0.339203774929 1.594743251801 0
0.223895832896 -0.166711971164 1.658521533012 0
0.240193799138 -0.459819644690 1.697930097580 0
0.203655585647 -0.669218540192 1.755883216858 0
0.247246220708 -0.731740057468 1.765610694885 0
0.091157667339 -0.158847287297 1.672857046127 0
0.029217006639 -0.504516601563 1.690461516380 0
-0.000245131610 -0.744411349297 1.700018286705 0
-0.018829617649 -0.786279678345 1.629809737206 0
0.161836847663 -0.096356317401 1.669675946236 0
0.168167546391 -0.029778931290 1.687572360039 0
0.186925396323 0.308645069599 1.676676511765 0
0.197797656059 0.475006371737 1.638052344322 0
0.330732792616 0.173653081059 1.663319826126 0
0.368247598410 -0.077409453690 1.669268369675 0
0.392458915710 -0.316251486540 1.607531189919 0
0.387069731951 -0.391827613115 1.601850748062 0
0.037410560995 0.198762103915 1.698310613632 0
-0.012527174316 -0.055948305875 1.702092289925 0
-0.093218609691 -0.275264918804 1.625046730042 0
-0.090890817344 -0.346491783857 1.593493938446 0
0.224169746041 -0.166640922427 1.659766077995 0
0.240416154265 -0.459771543741 1.698435187340 0
0.203734189272 -0.668898940086 1.755994439125 0
0.247062996030 -0.731810152531 1.766070246696 0
0.091456621885 -0.158780783415 1.673808932304 0
0.029395526275 -0.504138767719 1.690634727478 0
-0.000313284341 -0.744438529015 1.700032711029 0
-0.018842408434 -0.786307275295 1.629789710045 0
0.162203624845 -0.096220217645 1.670923352242 0
0.168439805508 -0.029649524018 1.688707113266 0
0.186895996332 0.308807015419 1.677581429482 0
0.198099270463 0.475178956985 1.639558672905 0
0.330798774958 0.173678562045 1.664535284042 0
0.368292391300 -0.077331840992 1.670048832893 0
0.392783075571 -0.316344946623 1.608036637306 0
0.387389719486 -0.391908288002 1.602325320244 0
0.037489876151 0.198774769902 1.699142694473 0
-0.012455727905 -0.055904872715 1.702210187912 0
-0.090824350715 -0.286352425814 1.617507457733 0
-0.084663160145 -0.353301376104 1.582775235176 0
0.224613890052 -0.166426971555 1.661190152168 0
0.240596979856 -0.459742307663 1.699088811874 0
0.203856840730 -0.668646872044 1.756204962730 0
0.246800914407 -0.732017695904 1.766512274742 0
0.091883853078 -0.158688679338 1.674933195114 0
0.029620815068 -0.503714621067 1.690884351730 0
-0.000385929801 -0.744460821152 1.700069546700 0
-0.018854847178 -0.786328971386 1.629781246185 0
