-0.051004424691 -0.010367094539 1.510279059410 0
-0.046040754765 0.049448650330 1.527701377869 0
-0.050724852830 0.352482289076 1.521532654762 0
-0.076794780791 0.501163363457 1.440564274788 0
0.087399609387 0.246229305863 1.468113064766 0
0.158564135432 0.079407975078 1.381096839905 0
0.174649164081 0.056719124317 1.174351453781 0
0.160246908665 0.065923705697 1.057678580284 0
-0.176173627377 0.287785887718 1.554324507713 0
-0.218646541238 0.049320865422 1.635552883148 0
-0.274393916130 -0.174039915204 1.623136520386 0
-0.289198756218 -0.256175577641 1.604957222939 0
0.009979332797 -0.076144553721 1.486414790154 0
0.064530052245 -0.388573765755 1.536469817162 0
0.062168978155 -0.588012158871 1.573756337166 0
0.042516283691 -0.628037035465 1.505895137787 0
-0.110049232841 -0.071765601635 1.529138684273 0
-0.138776868582 -0.385860025883 1.556473135948 0
-0.124229535460 -0.590513765812 1.599453806877 0
-0.144834071398 -0.633848369122 1.527498602867 0
-0.050977148116 -0.010369451717 1.511266350746 0
-0.045856565237 0.049334645271 1.528651952744 0
-0.050348900259 0.351837605238 1.521458148956 0
-0.075623959303 0.499732464552 1.438312649727 0
0.087346740067 0.246157065034 1.468134403229 0
0.157946899533 0.079987540841 1.377871513367 0
0.170171409845 0.067216090858 1.168040394783 0
0.157437548041 0.068875320256 1.054124832153 0
-0.176155388355 0.287652194500 1.554463505745 0
-0.218981131911 0.049439068884 1.636780977249 0
-0.274631172419 -0.172747433186 1.626333117485 0
-0.289345890284 -0.255218893290 1.612866640091 0
0.009822494350 -0.075900569558 1.487966179848 0
0.064556680620 -0.387164294720 1.537263631821 0
0.062290225178 -0.587693512440 1.573875665665 0
0.042340122163 -0.627889692783 1.505706429482 0
-0.110086835921 -0.071770690382 1.530002474785 0
-0.138693735003 -0.385059535503 1.557190418243 0
-0.124221332371 -0.591042459011 1.600384235382 0
-0.145259574056 -0.634406864643 1.528587102890 0
-0.050961419940 -0.010366814211 1.512096881866 0
-0.045760992914 0.049273412675 1.529225826263 0
-0.049890730530 0.351057618856 1.520807147026 0
-0.074770018458 0.498489350080 1.436116456985 0
0.087265253067 0.246033057570 1.468029856682 0
0.157768264413 0.080341391265 1.375986933708 0
0.168104544282 0.072386845946 1.164835929871 0
0.154448434711 0.070109516382 1.052667737007 0
-0.176139995456 0.287623286247 1.554436326027 0
-0.219104290009 0.050086580217 1.637993812561 0
-0.274794578552 -0.172103404999 1.631519794464 0
-0.289315164089 -0.255387157202 1.622738599777 0
0.009645774961 -0.075679115951 1.489388704300 0
0.064485415816 -0.385299891233 1.538091182709 0
0.062387723476 -0.587451756001 1.574081659317 0
0.042223237455 -0.627822101116 1.505623221397 0
-0.110139712691 -0.071752242744 1.530753254890 0
-0.138591423631 -0.384144067764 1.558012485504 0
-0.124252483249 -0.591610789299 1.601446628571 0
-0.145665526390 -0.635022461414 1.529795646667 0
-0.050947416574 -0.010362833738 1.512780547142 0
-0.045711651444 0.049243256450 1.529517889023 0
-0.049416769296 0.350245833397 1.519697189331 0
-0.074106156826 0.497314333916 1.433832406998 0
0.087158486247 0.245877578855 1.467781662941 0
0.158283710480 0.080704003572 1.374514818192 0
0.168608665466 0.072646245360 1.163122534752 0
0.148432031274 0.066265411675 1.053552508354 0
-0.176203817129 0.287430971861 1.554329633713 0
-0.219256624579 0.050437342376 1.639256000519 0
-0.274787306786 -0.172012835741 1.638322830200 0
-0.288827985525 -0.256217688322 1.634581565857 0
0.009509956464 -0.075497217476 1.490566134453 0
0.064413711429 -0.383100867271 1.538824439049 0
0.062484979630 -0.587230145931 1.574303150177 0
0.042107854038 -0.627770483494 1.505579352379 0
-0.110192634165 -0.071731269360 1.531367659569 0
-0.138445556164 -0.382939279079 1.558940529823 0
-0.124303646386 -0.592099606991 1.602418899536 0
-0.146089121699 -0.635577201843 1.530941724777 0
-0.050930809230 -0.010431456380 1.513037443161 0
-0.045759152621 0.049122862518 1.529363036156 0
-0.049034368247 0.349055498838 1.516908049583 0
-0.073727317154 0.495675146580 1.429957032204 0
0.086899660528 0.245642259717 1.466933369637 0
0.157296508551 0.079713590443 1.374214053154 0
0.168005213141 0.050306264311 1.168915152550 0
0.136358141899 0.039969529957 1.065468311310 0
-0.175478011370 0.284365057945 1.547563672066 0
-0.219236582518 0.051147311926 1.640060305595 0
-0.274244517088 -0.173097133636 1.649266719818 0
-0.287205815315 -0.257854372263 1.649895668030 0
0.009418754838 -0.075443178415 1.491195797920 0
0.064395330846 -0.382767438889 1.539154052734 0
0.062579371035 -0.587024807930 1.574514389038 0
0.042103569955 -0.627738595009 1.505524873734 0
-0.110202766955 -0.071749910712 1.531647682190 0
-0.138183832169 -0.381341189146 1.559854865074 0
-0.124359801412 -0.592476844788 1.603233456612 0
-0.146053954959 -0.635974526405 1.531682014465 0
-0.050916492939 -0.010505988263 1.513181328773 0
-0.045877501369 0.048898819834 1.528793931007 0
-0.048801396042 0.348082989454 1.514334559441 0
-0.073550380766 0.494341641665 1.426691889763 0
0.086564354599 0.245366960764 1.465814948082 0
0.157048493624 0.079540133476 1.373251676559 0
0.130209743977 0.022743333131 1.174937009811 0
0.132370039821 0.021681370214 1.076190352440 0
-0.174611240625 0.282101541758 1.541351556778 0
-0.219125270844 0.052050597966 1.640668749809 0
-0.273732751608 -0.174262657762 1.656121730804 0
-0.286051422358 -0.259110122919 1.658464312553 0
0.009347947314 -0.075426883996 1.491582751274 0
0.064382433891 -0.382744312286 1.539398670197 0
0.062664493918 -0.586843669415 1.574696898460 0
0.042131617665 -0.627711236477 1.505476117134 0
-0.110199771821 -0.071766912937 1.531785607338 0
-0.137876823545 -0.379781752825 1.560454845428 0
-0.124397598207 -0.592681407928 1.603739023209 0
-0.145991995931 -0.636195480824 1.532125473022 0
-0.050908047706 -0.010594177060 1.513215184212 0
-0.046153586358 0.048538282514 1.527274608612 0
-0.048749189824 0.347304016352 1.511759877205 0
-0.073662579060 0.493085920811 1.423391819000 0
0.085976548493 0.244979724288 1.463962793350 0
0.156602084637 0.078625202179 1.372618436813 0
0.134744226933 0.002874038182 1.179553031921 0
0.151791974902 -0.033040687442 1.101909518242 0
-0.173939809203 0.281175494194 1.536324143410 0
-0.218918457627 0.053399182856 1.641013741493 0
-0.273186773062 -0.175819396973 1.660582184792 0
-0.285129338503 -0.260000228882 1.663482546806 0
0.009301950224 -0.075422540307 1.491712808609 0
0.064216502011 -0.384018510580 1.539820909500 0
0.062764771283 -0.587144732475 1.575082898140 0
0.042183384299 -0.627984523773 1.505518913269 0
-0.110195636749 -0.071773491800 1.531840682030 0
-0.137657687068 -0.378669828176 1.560520052910 0
-0.124414399266 -0.592730641365 1.603856444359 0
-0.146002560854 -0.636249899864 1.532231092453 0
-0.050899397582 -0.010708906688 1.513136625290 0
-0.046501111239 0.048181373626 1.525316476822 0
-0.048884186894 0.346643716097 1.509400963783 0
-0.073976777494 0.492103159428 1.420665264130 0
0.085388608277 0.244632154703 1.462144136429 0
0.156373023987 0.075625658035 1.372294068336 0
0.151326790452 -0.030610488728 1.191342473030 0
0.166865572333 -0.068608686328 1.118269801140 0
-0.173426136374 0.280666351318 1.532301545143 0
-0.218695133924 0.054755069315 1.641167044640 0
-0.272782862186 -0.177442193031 1.663248181343 0
-0.284518897533 -0.260782241821 1.666288137436 0
0.009264725260 -0.075415663421 1.491768360138 0
0.064002893865 -0.385749101639 1.540113925934 0
0.062821649015 -0.587697625160 1.575502514839 0
0.042552065104 -0.628387391567 1.505891680717 0
-0.110178142786 -0.071784093976 1.531821608543 0
-0.137393862009 -0.377361804247 1.560197353363 0
-0.124430596828 -0.592740714550 1.603899478912 0
-0.145997226238 -0.636262655258 1.532256603241 0
-0.050878711045 -0.010902495123 1.512855768204 0
-0.046863608062 0.047770306468 1.522985339165 0
-0.049090839922 0.346074908972 1.507215023041 0
-0.074537068605 0.491296142340 1.418362736702 0
0.084796786308 0.244359731674 1.460389494896 0
0.156990200281 0.072005487978 1.373553991318 0
0.163239911199 -0.047569636256 1.201440811157 0
0.188970535994 -0.112029835582 1.142121434212 0
-0.172996163368 0.280510008335 1.529127717018 0
-0.218529418111 0.055897872895 1.640934824944 0
-0.272292077541 -0.179326087236 1.664529681206 0
-0.284070044756 -0.261529028416 1.667429089546 0
0.009207160212 -0.075426906347 1.491708874702 0
0.063446298242 -0.389140814543 1.540251851082 0
0.062905669212 -0.589285850525 1.576317191124 0
0.042966056615 -0.629027307034 1.506365895271 0
-0.110118970275 -0.071815945208 1.531620264053 0
-0.137251019478 -0.377026528120 1.559938192368 0
-0.124474480748 -0.592620730400 1.603746891022 0
-0.145961895585 -0.636146426201 1.532053947449 0
-0.050911836326 -0.011110540479 1.512191176414 0
-0.047384615988 0.047442719340 1.519956111908 0
-0.049391292036 0.345588415861 1.504974603653 0
-0.075773157179 0.490531951189 1.415958046913 0
0.084040887654 0.244170427322 1.458399176598 0
0.161185607314 0.064206063747 1.381858944893 0
0.209335640073 -0.127377733588 1.222871065140 0
0.230644732714 -0.193287104368 1.192129969597 0
-0.173122003675 0.281425744295 1.526834487915 0
-0.218322277069 0.057610675693 1.639882087708 0
-0.271842867136 -0.180595457554 1.664070487022 0
-0.283172577620 -0.262990683317 1.665896058083 0
0.009051195346 -0.075454667211 1.491258859634 0
0.062694340944 -0.388946264982 1.538911938667 0
0.062904328108 -0.588734209538 1.576036453247 0
0.043116416782 -0.629043400288 1.506429314613 0
-0.110082328320 -0.071835890412 1.531085014343 0
-0.137035578489 -0.377394795418 1.559389829636 0
-0.124565966427 -0.592269003391 1.603102803230 0
-0.145969003439 -0.635803878307 1.531348347664 0
-0.050990257412 -0.011360548437 1.511358737946 0
-0.047923192382 0.047125834972 1.517149686813 0
-0.049742355943 0.345202207565 1.502979278564 0
-0.077068351209 0.489903599024 1.413916707039 0
0.083303809166 0.244024321437 1.456557512283 0
0.166963979602 0.055977873504 1.389591217041 0
0.223730355501 -0.152432903647 1.236441254616 0
0.244334846735 -0.218484044075 1.212213754654 0
-0.173214510083 0.282412558794 1.524389266968 0
-0.218089550734 0.059298440814 1.638435482979 0
-0.271275311708 -0.182090327144 1.661962628365 0
-0.281812578440 -0.264543294907 1.661167025566 0
0.008823238313 -0.075523532927 1.490618348122 0
0.061930969357 -0.388359755278 1.537298202515 0
0.062840454280 -0.588081359863 1.575571775436 0
0.043049648404 -0.628678023815 1.505694746971 0
-0.110058791935 -0.071862027049 1.530384898186 0
-0.136855676770 -0.377992570400 1.558781504631 0
-0.124689184129 -0.591731727123 1.602074146271 0
-0.145939156413 -0.635272204876 1.530224561691 0
-0.051201660186 -0.011729909107 1.510262012482 0
-0.048699826002 0.046691738069 1.514113187790 0
-0.050601527095 0.344745963812 1.500482559204 0
-0.078966014087 0.489213377237 1.411731600761 0
0.082476794720 0.243961706758 1.454662680626 0
0.175615832210 0.044905751944 1.399665474892 0
0.249193996191 -0.200681924820 1.288173437119 0
0.274908423424 -0.274186968803 1.279441833496 0
-0.173404961824 0.282944381237 1.521934509277 0
-0.217917919159 0.060346763581 1.636753082275 0
-0.270511835814 -0.184999197721 1.651346802711 0
-0.279054373503 -0.267042756081 1.643149256706 0
0.008482870646 -0.075675219297 1.489806294441 0
0.061154592782 -0.387279003859 1.535293102264 0
0.062659822404 -0.586991012096 1.574508547783 0
0.042894516140 -0.627965629101 1.504286408424 0
-0.110105969012 -0.071937538683 1.529431104660 0
-0.137059628963 -0.379828870296 1.557878255844 0
-0.124774411321 -0.591283679008 1.600631237030 0
-0.145827367902 -0.634849369526 1.528676033020 0
-0.051447752863 -0.012101632543 1.509188413620 0
-0.049439996481 0.046293202788 1.511505007744 0
-0.051592737436 0.344307303429 1.498115420341 0
-0.080935969949 0.488583117723 1.409814238548 0
0.081728979945 0.243927523494 1.452995896339 0
0.181218221784 0.037925634533 1.407637476921 0
0.255243182182 -0.212853744626 1.309465646744 0
0.279732018709 -0.286547750235 1.303188681602 0
-0.173713043332 0.283107429743 1.520014643669 0
-0.217858254910 0.060882572085 1.635327935219 0
-0.270064264536 -0.187190964818 1.641913771629 0
-0.277055323124 -0.268037796021 1.629475355148 0
0.008142152801 -0.075850963593 1.489007353783 0
0.060516644269 -0.386322677135 1.533591508865 0
0.062477495521 -0.586026072502 1.573524355888 0
0.042730726302 -0.627342164516 1.503025174141 0
-0.110194563866 -0.072038583457 1.528479337692 0
-0.137540683150 -0.382368832827 1.556977272034 0
-0.124811150134 -0.591327011585 1.599389195442 0
-0.145703285933 -0.634935855865 1.527349710464 0
-0.051807414740 -0.012417870574 1.508003950119 0
-0.050322726369 0.045988384634 1.508907794952 0
-0.052901037037 0.343823671341 1.495681285858 0
-0.083316512406 0.487904578447 1.407891511917 0
0.081021778286 0.243945837021 1.451433062553 0
0.185467615724 0.031276904047 1.419556736946 0
0.254294663668 -0.212284177542 1.384469151497 0
0.276277542114 -0.294696748257 1.359900355339 0
-0.174205601215 0.283347040415 1.518386840820 0
-0.217833951116 0.061221610755 1.633381247520 0
-0.268867701292 -0.187839612365 1.629797816277 0
-0.275250136852 -0.268220454454 1.614337563515 0
0.007718191016 -0.076045222580 1.488044977188 0
0.059989694506 -0.385485410690 1.532134652138 0
0.062282480299 -0.585191845894 1.572609543800 0
0.042542085052 -0.626810610294 1.501885414124 0
-0.110377103090 -0.072125941515 1.527457475662 0
-0.138242438436 -0.384884804487 1.556101560593 0
-0.124836109579 -0.591607093811 1.597895979881 0
-0.145639806986 -0.635098874569 1.526537537575 0
-0.052165269852 -0.012689411640 1.506909847260 0
-0.051095396280 0.045751564205 1.506737351418 0
-0.054064806551 0.343417018652 1.493635773659 0
-0.085207879543 0.487348586321 1.406367421150 0
0.080446533859 0.243972435594 1.450143814087 0
0.187503859401 0.026702977717 1.430076956749 0
0.252473473549 -0.211032986641 1.404000520706 0
0.269652009010 -0.296462804079 1.390863776207 0
-0.174818530679 0.283351778984 1.517656803131 0
-0.217920407653 0.060953974724 1.631916284561 0
-0.267993003130 -0.187959641218 1.621147632599 0
-0.274188250303 -0.267974883318 1.604692220688 0
0.007329198066 -0.076237395406 1.487146735191 0
0.059558864683 -0.384812772274 1.530947923660 0
0.062109638005 -0.584487974644 1.571821928024 0
0.042276870459 -0.626366853714 1.500947713852 0
-0.110603176057 -0.072226881981 1.526471853256 0
-0.138833209872 -0.386332988739 1.555274009705 0
-0.124864570796 -0.591572582722 1.596242308617 0
-0.145570129156 -0.635033488274 1.526107311249 0
-0.052498254925 -0.012935236096 1.505813837051 0
-0.051799800247 0.045555472374 1.504706382751 0
-0.055231384933 0.343090325594 1.491661310196 0
-0.086696468294 0.486909955740 1.405115246773 0
0.079992085695 0.244014382362 1.449079751968 0
0.186295866966 0.021869305521 1.447022199631 0
0.231704533100 -0.204484432936 1.453993916512 0
0.238949745893 -0.286936938763 1.459105610847 0
-0.175488114357 0.283240854740 1.516513347626 0
-0.217977300286 0.060508988798 1.629846572876 0
-0.267082005739 -0.186864122748 1.613732337952 0
-0.273384094238 -0.267085760832 1.596589088440 0
0.006995918229 -0.076428085566 1.486261963844 0
0.059364408255 -0.385196417570 1.530370593071 0
0.062018178403 -0.584468126297 1.571514964104 0
0.042216449976 -0.626434266567 1.500647068024 0
-0.110819950700 -0.072325438261 1.525436520576 0
-0.139496967196 -0.386546194553 1.553948283195 0
-0.124986238778 -0.589956521988 1.593231916428 0
-0.145483300090 -0.633418858051 1.522614359856 0
-0.052683357149 -0.013143533841 1.504794359207 0
-0.052278444171 0.045419897884 1.502944707870 0
-0.056092925370 0.342915087938 1.490084052086 0
-0.087800510228 0.486600965261 1.404186964035 0
0.079763472080 0.244074359536 1.448318600655 0
0.181757703424 0.016235969961 1.465583443642 0
0.215656012297 -0.198019534349 1.480166316032 0
0.224866747856 -0.283189892769 1.479197144508 0
-0.176090806723 0.282906413078 1.515275716782 0
-0.218460440636 0.058970000595 1.625866174698 0
-0.266522228718 -0.186044290662 1.608803391457 0
-0.272933751345 -0.266218692064 1.591601729393 0
0.006847017445 -0.076601974666 1.485475182533 0
0.060298640281 -0.389035940170 1.529999613762 0
0.061709187925 -0.586648762226 1.571457266808 0
0.051005519927 -0.633023917675 1.515989542007 0
-0.110903635621 -0.072468407452 1.524374008179 0
-0.140221491456 -0.386012136936 1.552355885506 0
-0.125091582537 -0.587930917740 1.590187788010 0
-0.145265907049 -0.631399333477 1.519133925438 0
-0.052791059017 -0.013296236284 1.503925800323 0
-0.052607130259 0.045338518918 1.501527786255 0
-0.056745264679 0.342799305916 1.488835692406 0
-0.088607676327 0.486390769482 1.403511285782 0
0.079627573490 0.244116649032 1.447758674622 0
0.178373426199 0.012719526887 1.476104378700 0
0.207613527775 -0.196013554931 1.490366220474 0
0.213974043727 -0.282674133778 1.489349365234 0
-0.176632151008 0.282692193985 1.514378786087 0
-0.219024792314 0.057567439973 1.622342348099 0
-0.266187697649 -0.185416057706 1.605607867241 0
-0.272713214159 -0.265610665083 1.588499784470 0
0.006794644985 -0.076739400625 1.484820246696 0
0.061405461282 -0.391910135746 1.529773235321 0
0.061395190656 -0.588389694691 1.571394920349 0
0.086377993226 -0.659310936928 1.578642845154 0
-0.110940851271 -0.072597011924 1.523442387581 0
-0.140549421310 -0.387180507183 1.551011919975 0
-0.125044941902 -0.587973177433 1.589041113853 0
-0.145040884614 -0.631523489952 1.517717361450 0
-0.052839823067 -0.013414759189 1.503202795982 0
-0.052825946361 0.045286424458 1.500399589539 0
-0.057241473347 0.342725813389 1.487865090370 0
-0.089174874127 0.486257970333 1.403047680855 0
0.079564623535 0.244147837162 1.447381734848 0
0.175772130489 0.010772729293 1.482763528824 0
0.202028691769 -0.194668292999 1.495818734169 0
0.207297176123 -0.282101631165 1.494121789932 0
-0.177157640457 0.282382756472 1.513871312141 0
-0.219648480415 0.055966239423 1.619645237923 0
-0.266074419022 -0.184861272573 1.603480577469 0
-0.272663235664 -0.265149712563 1.586454868317 0
0.006832757033 -0.076858326793 1.484266161919 0
0.062876030803 -0.393017977476 1.529373526573 0
0.061226982623 -0.588743925095 1.571227788925 0
0.072655700147 -0.653781294823 1.554574251175 0
-0.110949598253 -0.072720535100 1.522657394409 0
-0.140766456723 -0.387951403856 1.549838662148 0
-0.125010028481 -0.587898850441 1.588028192520 0
-0.144893586636 -0.631502091885 1.516518592834 0
-0.052847269922 -0.013497363776 1.502611637115 0
-0.052969694138 0.045264631510 1.499509930611 0
-0.057622086257 0.342696338892 1.487139940262 0
-0.089482262731 0.486198544502 1.402767777443 0
0.079550795257 0.244169607759 1.447166919708 0
0.173839882016 0.009619344957 1.487307786942 0
0.198304921389 -0.193668335676 1.498676538467 0
0.202380016446 -0.281380951405 1.496204495430 0
-0.177578330040 0.282186508179 1.513547778130 0
-0.220147490501 0.054789558053 1.617629170418 0
-0.266067117453 -0.184396594763 1.602002620697 0
-0.272700488567 -0.264823257923 1.585078716278 0
0.006914478727 -0.076955631375 1.483796596527 0
0.064681902528 -0.394517421722 1.529145359993 0
0.060967743397 -0.589379012585 1.571114301682 0
0.073289155960 -0.654128193855 1.555737614632 0
-0.110930368304 -0.072826720774 1.522004842758 0
-0.140854477882 -0.388493239880 1.548800349236 0
-0.124988220632 -0.587771415710 1.587161540985 0
-0.144762575626 -0.631413102150 1.515498876572 0
-0.052787069231 -0.013543614186 1.502167940140 0
-0.053014326841 0.045277904719 1.498861670494 0
-0.057831734419 0.342738002539 1.486766576767 0
-0.089594706893 0.486174374819 1.402655601501 0
0.079732395709 0.244218230247 1.447213649750 0
0.172575652599 0.008751528338 1.490673184395 0
0.195405498147 -0.192907869816 1.499631285667 0
0.196902975440 -0.280254364014 1.494552493095 0
-0.177966669202 0.282009005547 1.513429284096 0
-0.220765873790 0.053615689278 1.615907192230 0
-0.266211599112 -0.183814689517 1.601036906242 0
-0.272839963436 -0.264648705721 1.584279656410 0
0.007107342593 -0.077030226588 1.483430385590 0
0.066069915891 -0.395780771971 1.529118895531 0
0.060702033341 -0.590077340603 1.571050882339 0
0.081344209611 -0.658020436764 1.570902824402 0
-0.110871307552 -0.072935014963 1.521460652351 0
-0.140873298049 -0.388871848583 1.547965764999 0
-0.124935023487 -0.587611973286 1.586727023125 0
-0.144534498453 -0.631251454353 1.514908790588 0
