-0.236137136817 -0.043700955808 1.577608466148 0
-0.233006432652 0.026626074687 1.597657084465 0
-0.228963494301 0.385713070631 1.585531711578 0
-0.232834041119 0.537968575954 1.526560664177 0
-0.073294013739 0.266889691353 1.571071028709 0
-0.033166080713 -0.000435079448 1.575665473938 0
0.038033805788 -0.255562543869 1.559436559677 0
0.040735859424 -0.333332210779 1.559761404991 0
-0.401752263308 0.273935943842 1.599861502647 0
-0.446689873934 -0.002565160394 1.608078002930 0
-0.518545567989 -0.256651282310 1.591073393822 0
-0.519240319729 -0.353754192591 1.583709955215 0
-0.163212537766 -0.117790080607 1.568740010262 0
-0.107335224748 -0.477090656757 1.602152824402 0
-0.082381345332 -0.799574136734 1.686727643013 0
-0.083879694343 -0.866240501404 1.619115710258 0
-0.311074376106 -0.117559790611 1.578308463097 0
-0.355123281479 -0.492869645357 1.628874182701 0
-0.360379576683 -0.801909804344 1.705375790596 0
-0.366634130478 -0.866178214550 1.635213732719 0
-0.236181959510 -0.043763574213 1.577498555183 0
-0.233084678650 0.026560094208 1.597497820854 0
-0.229280441999 0.385482519865 1.585123062134 0
-0.233024567366 0.537495911121 1.525543093681 0
-0.073292836547 0.266994714737 1.571121096611 0
-0.030635988340 -0.002149239415 1.579304933548 0
0.037068370730 -0.253043144941 1.565098643303 0
0.040721453726 -0.331623196602 1.564528822899 0
-0.401823848486 0.273851573467 1.599858164787 0
-0.449019223452 -0.003751371987 1.613305926323 0
-0.516421318054 -0.252518057823 1.594663500786 0
-0.518898725510 -0.352107465267 1.586671233177 0
-0.163233950734 -0.117880366743 1.568681716919 0
-0.107700735331 -0.476255536079 1.601853132248 0
-0.082176446915 -0.799640417099 1.686631917953 0
-0.083679705858 -0.866288244724 1.619000673294 0
-0.311135739088 -0.117635205388 1.578231215477 0
-0.355087220669 -0.493760555983 1.629015564919 0
-0.360392749310 -0.801923930645 1.705364704132 0
-0.366659224033 -0.866190135479 1.635198354721 0
-0.236222848296 -0.043815042824 1.577422738075 0
-0.233163997531 0.026500539854 1.597357988358 0
-0.229588016868 0.385261744261 1.584754824638 0
-0.233209788799 0.537066221237 1.524630308151 0
-0.073292836547 0.267095625401 1.571180939674 0
-0.028944570571 -0.003164109541 1.581869244576 0
0.035913378000 -0.250475674868 1.568707585335 0
0.038789734244 -0.327494174242 1.566504716873 0
-0.401909530163 0.273760825396 1.599874734879 0
-0.450526446104 -0.004387323745 1.616664528847 0
-0.514454305172 -0.248719722033 1.596628308296 0
-0.517502367496 -0.348846077919 1.587772369385 0
-0.163253709674 -0.117962479591 1.568650245667 0
-0.107982501388 -0.475521236658 1.601603388786 0
-0.082022204995 -0.799696981907 1.686555624008 0
-0.083525486290 -0.866330385208 1.618905544281 0
-0.311197400093 -0.117706686258 1.578186273575 0
-0.355072081089 -0.494613379240 1.629217028618 0
-0.360412687063 -0.801941096783 1.705366373062 0
-0.366693049669 -0.866204440594 1.635190725327 0
-0.236260831356 -0.043854266405 1.577377080917 0
-0.233243048191 0.026452442631 1.597243309021 0
-0.229878768325 0.385060012341 1.584434390068 0
-0.233373895288 0.536692082882 1.523832917213 0
-0.073294088244 0.267198532820 1.571256041527 0
-0.027799041942 -0.003839405254 1.583829045296 0
0.034686334431 -0.248040303588 1.570897340775 0
0.036421153694 -0.322691380978 1.566645741463 0
-0.402025312185 0.273664921522 1.599924325943 0
-0.451525896788 -0.004784450401 1.618921041489 0
-0.512762963772 -0.245436266065 1.597532153130 0
-0.515171885490 -0.344077676535 1.586932539940 0
-0.163273960352 -0.118039667606 1.568650841713 0
-0.108215667307 -0.474872082472 1.601391792297 0
-0.081896118820 -0.799746692181 1.686490535736 0
-0.083397597075 -0.866368055344 1.618822097778 0
-0.311264187098 -0.117774859071 1.578172802925 0
-0.355076193810 -0.495449960232 1.629475951195 0
-0.360431134701 -0.801959097385 1.705376863480 0
-0.366724342108 -0.866217911243 1.635187625885 0
-0.236305698752 -0.043886385858 1.577372193336 0
-0.233327120543 0.026418028399 1.597158551216 0
-0.230169013143 0.384868830442 1.584170341492 0
-0.233527213335 0.536357641220 1.523125648499 0
-0.073299087584 0.267320483923 1.571381330490 0
-0.027111662552 -0.004378289916 1.585388898849 0
0.033395126462 -0.245871797204 1.571763992310 0
0.033652897924 -0.317189842463 1.564869761467 0
-0.402178287506 0.273559182882 1.600016832352 0
-0.452219367027 -0.005045822822 1.620481014252 0
-0.511305987835 -0.242603659630 1.597679018974 0
-0.513205707073 -0.340187728405 1.585595250130 0
-0.163300842047 -0.118121944368 1.568721890450 0
-0.108334347606 -0.474096894264 1.601197957993 0
-0.081846579909 -0.799781024456 1.686447262764 0
-0.083344168961 -0.866394460201 1.618763089180 0
-0.311351090670 -0.117847830057 1.578224897385 0
-0.355089902878 -0.496144384146 1.629740953445 0
-0.360444486141 -0.801977694035 1.705422043800 0
-0.366750389338 -0.866231977940 1.635201096535 0
-0.236358553171 -0.043921411037 1.577391386032 0
-0.233413398266 0.026385096833 1.597084283829 0
-0.230435267091 0.384694367647 1.583947062492 0
-0.233663886786 0.536072552204 1.522525072098 0
-0.073309011757 0.267452269793 1.571532607079 0
-0.026673518121 -0.004754215479 1.586544036865 0
0.032015815377 -0.243715941906 1.571843504906 0
0.031138475984 -0.312448561192 1.562516450882 0
-0.402341008186 0.273448824883 1.600126147270 0
-0.452719956636 -0.005224668421 1.621593832970 0
-0.510019898415 -0.240158513188 1.597357511520 0
-0.511540770531 -0.337013959885 1.584049582481 0
-0.163332059979 -0.118206150830 1.568828105927 0
-0.108405068517 -0.473363488913 1.601033091545 0
-0.081816211343 -0.799812853336 1.686408758163 0
-0.083309911191 -0.866418302059 1.618709802628 0
-0.311450600624 -0.117932386696 1.578317999840 0
-0.355117827654 -0.496811330318 1.630040168762 0
-0.360454171896 -0.801999926567 1.705480813980 0
-0.366773396730 -0.866247236729 1.635219693184 0
-0.236432999372 -0.043956551701 1.577467918396 0
-0.233508259058 0.026359921321 1.597027659416 0
-0.230699941516 0.384535193443 1.583787798882 0
-0.233791768551 0.535829484463 1.522015929222 0
-0.073334433138 0.267617762089 1.571761012077 0
-0.026388017461 -0.005028132349 1.587429404259 0
0.030565332621 -0.241611912847 1.571174502373 0
0.028758246452 -0.308242619038 1.559476852417 0
-0.402536988258 0.273317456245 1.600288987160 0
-0.453095346689 -0.005338774994 1.622418403625 0
-0.508881568909 -0.237984925508 1.596612215042 0
-0.510015308857 -0.334190785885 1.581957936287 0
-0.163374841213 -0.118290320039 1.569003701210 0
-0.108428440988 -0.472701549530 1.600897431374 0
-0.081810869277 -0.799841403961 1.686377048492 0
-0.083299420774 -0.866438984871 1.618665814400 0
-0.311574220657 -0.118021242321 1.578497886658 0
-0.355164885521 -0.497426718473 1.630353093147 0
-0.360460907221 -0.802021980286 1.705562829971 0
-0.366794943810 -0.866263747215 1.635249137878 0
-0.236519277096 -0.043987460434 1.577578544617 0
-0.233606517315 0.026340497658 1.596981644630 0
-0.230951413512 0.384390801191 1.583666324615 0
-0.233910262585 0.535624086857 1.521587014198 0
-0.073364652693 0.267788410187 1.572012424469 0
-0.026179641485 -0.005224714056 1.588105201721 0
0.029194543138 -0.239702284336 1.570188403130 0
0.026808746159 -0.305071175098 1.556696176529 0
-0.402742534876 0.273187518120 1.600477337837 0
-0.453383445740 -0.005405982956 1.623043537140 0
-0.507897317410 -0.236082181334 1.595655083656 0
-0.508704185486 -0.331784009933 1.579731345177 0
-0.163424000144 -0.118369206786 1.569212794304 0
-0.108406387269 -0.472070634365 1.600774168968 0
-0.081837654114 -0.799874901772 1.686342954636 0
-0.083314791322 -0.866461277008 1.618620395660 0
-0.311707705259 -0.118103481829 1.578718304634 0
-0.355214208364 -0.497972548008 1.630641341209 0
-0.360465914011 -0.802043020725 1.705641865730 0
-0.366814434528 -0.866279125214 1.635277628899 0
-0.236628010869 -0.044010244310 1.577757358551 0
-0.233714878559 0.026329778135 1.596949696541 0
-0.231209725142 0.384262561798 1.583595871925 0
-0.234033733606 0.535446941853 1.521229743958 0
-0.073409251869 0.268004864454 1.572368860245 0
-0.026022747159 -0.005363903940 1.588625907898 0
0.027887012810 -0.237915858626 1.568763971329 0
0.025088170543 -0.302447915077 1.553770899773 0
-0.403005987406 0.273042976856 1.600757837296 0
-0.453613996506 -0.005421817768 1.623542666435 0
-0.507057070732 -0.234340846539 1.594494938850 0
-0.507563889027 -0.329634726048 1.577353119850 0
-0.163480386138 -0.118434958160 1.569486260414 0
-0.108344085515 -0.471418261528 1.600650548935 0
-0.081897743046 -0.799908220768 1.686310768127 0
-0.083356283605 -0.866483688354 1.618575692177 0
-0.311867237091 -0.118189394474 1.579026579857 0
-0.355271607637 -0.498461753130 1.630911111832 0
-0.360464334488 -0.802065968513 1.705716133118 0
-0.366828501225 -0.866294324398 1.635303497314 0
-0.236754491925 -0.044025465846 1.577975153923 0
-0.233834490180 0.026324797422 1.596928954124 0
-0.231464251876 0.384148985147 1.583559036255 0
-0.234150588512 0.535295248032 1.520925283432 0
-0.073458708823 0.268226504326 1.572757959366 0
-0.025911746547 -0.005464145914 1.589037060738 0
0.026712318882 -0.236361786723 1.567256689072 0
0.023689333349 -0.300456732512 1.551277756691 0
-0.403292417526 0.272900283337 1.601077914238 0
-0.453802108765 -0.005411929451 1.623944520950 0
-0.506413340569 -0.232889935374 1.593409180641 0
-0.506715476513 -0.327935010195 1.575328826904 0
-0.163549348712 -0.118496187031 1.569790959358 0
-0.108281433582 -0.470841944218 1.600545644760 0
-0.081966668367 -0.799939692020 1.686282396317 0
-0.083405502141 -0.866505444050 1.618534326553 0
-0.312041521072 -0.118265114725 1.579368352890 0
-0.355332612991 -0.498883426189 1.631150126457 0
-0.360455006361 -0.802087962627 1.705788016319 0
-0.366837173700 -0.866308569908 1.635327696800 0
-0.236905887723 -0.044027686119 1.578258037567 0
-0.233969897032 0.026328116655 1.596926450729 0
-0.231738373637 0.384045332670 1.583585858345 0
-0.234272554517 0.535171926022 1.520693302155 0
-0.073526196182 0.268464922905 1.573211073875 0
-0.025846481323 -0.005532609299 1.589365839958 0
0.025584520772 -0.234903961420 1.565407752991 0
0.022449735552 -0.298808962107 1.548815488815 0
-0.403634130955 0.272744446993 1.601497650146 0
-0.453955143690 -0.005384475458 1.624273538589 0
-0.505925714970 -0.231680169702 1.592397570610 0
-0.506069660187 -0.326564699411 1.573549389839 0
-0.163632154465 -0.118545986712 1.570132732391 0
-0.108199864626 -0.470278084278 1.600448966026 0
-0.082059532404 -0.799967765808 1.686261415482 0
-0.083475470543 -0.866526842117 1.618497967720 0
-0.312237769365 -0.118329569697 1.579781055450 0
-0.355394512415 -0.499254763126 1.631369113922 0
-0.360438257456 -0.802109539509 1.705857992172 0
-0.366841614246 -0.866322159767 1.635351181030 0
-0.237053275108 -0.044027842581 1.578547835350 0
-0.234103143215 0.026332462206 1.596933126450 0
-0.232010662556 0.383949190378 1.583648443222 0
-0.234388068318 0.535071432590 1.520507454872 0
-0.073596410453 0.268693327904 1.573675155640 0
-0.025808993727 -0.005573471542 1.589634299278 0
0.024662300944 -0.233671829104 1.563722848892 0
0.021475812420 -0.297541111708 1.546722650528 0
-0.403975129128 0.272587746382 1.601933598518 0
-0.454079300165 -0.005356278736 1.624542593956 0
-0.505532205105 -0.230712786317 1.591506838799 0
-0.505566895008 -0.325525283813 1.572112679482 0
-0.163710653782 -0.118590407073 1.570468068123 0
-0.108121126890 -0.469784170389 1.600367546082 0
-0.082168079913 -0.799995422363 1.686244368553 0
-0.083558753133 -0.866548836231 1.618464350700 0
-0.312422484159 -0.118389673531 1.580183029175 0
-0.356574922800 -0.496998548508 1.631258130074 0
-0.359689176083 -0.802078664303 1.706110835075 0
-0.366286665201 -0.866353571415 1.635495424271 0
-0.237208232284 -0.044026691467 1.578866481781 0
-0.234244793653 0.026337200776 1.596959590912 0
-0.232303962111 0.383856207132 1.583784937859 0
-0.234499692917 0.534991443157 1.520370244980 0
-0.073676258326 0.268925964832 1.574201703072 0
-0.025799663737 -0.005600883625 1.589855194092 0
0.023821044713 -0.232611611485 1.562023401260 0
0.020610645413 -0.296489864588 1.544765233994 0
-0.404305040836 0.272436261177 1.602404952049 0
-0.454177767038 -0.005333621986 1.624766111374 0
-0.505209147930 -0.229947283864 1.590716838837 0
-0.505168855190 -0.324748039246 1.570947170258 0
-0.163794502616 -0.118629597127 1.570812582970 0
-0.108017936349 -0.469315856695 1.600296020508 0
-0.082316935062 -0.800023436546 1.686231374741 0
-0.083675868809 -0.866572678089 1.618431925774 0
-0.312605440617 -0.118445582688 1.580594897270 0
-0.356713891029 -0.497039973736 1.631408333778 0
-0.359567761421 -0.802111864090 1.706173539162 0
-0.366214245558 -0.866374492645 1.635516166687 0
-0.237353980541 -0.044024303555 1.579177618027 0
-0.234382927418 0.026342319325 1.596996545792 0
-0.232591569424 0.383772104979 1.583959460258 0
-0.234601363540 0.534925103188 1.520261287689 0
-0.073758363724 0.269148141146 1.574734926224 0
-0.025806250051 -0.005615576170 1.590043783188 0
0.023141125217 -0.231766119599 1.560608267784 0
0.019927766174 -0.295689195395 1.543186545372 0
-0.404600143433 0.272297203541 1.602851748466 0
-0.454257756472 -0.005311339628 1.624947547913 0
-0.504928946495 -0.229320868850 1.590012431145 0
-0.504831492901 -0.324131548405 1.569950938225 0
-0.163873404264 -0.118662871420 1.571139574051 0
-0.107914514840 -0.468892633915 1.600235581398 0
-0.082472003996 -0.800050199032 1.686218976974 0
-0.083800151944 -0.866595983505 1.618400216103 0
-0.312771320343 -0.118494383991 1.580981254578 0
-0.356833696365 -0.497151166201 1.631590485573 0
-0.359471172094 -0.802144765854 1.706223249435 0
-0.366157650948 -0.866393208504 1.635530710220 0
-0.237487211823 -0.044020030648 1.579491019249 0
-0.234518721700 0.026347424835 1.597057819366 0
-0.232912555337 0.383692413568 1.584241867065 0
-0.234673559666 0.534881353378 1.520192027092 0
-0.073844037950 0.269376754761 1.575366854668 0
-0.025827784091 -0.005619055592 1.590218067169 0
0.022603377700 -0.231085076928 1.559426903725 0
0.019395675510 -0.295055925846 1.541863918304 0
-0.404860615730 0.272184669971 1.603284955025 0
-0.454330325127 -0.005244423170 1.625099897385 0
-0.504634797573 -0.228671893477 1.589308738708 0
-0.504494786263 -0.323524206877 1.569059610367 0
-0.163943186402 -0.118688151240 1.571475625038 0
-0.107826650143 -0.468555122614 1.600189805031 0
-0.082608826458 -0.800073087215 1.686210393906 0
-0.083907537162 -0.866617381573 1.618373990059 0
-0.312913835049 -0.118535660207 1.581334352493 0
-0.356931954622 -0.497348070145 1.631797075272 0
-0.359405249357 -0.802172601223 1.706264972687 0
-0.366118997335 -0.866409003735 1.635543107986 0
-0.237604618073 -0.044015280902 1.579785823822 0
-0.234646886587 0.026351885870 1.597129464149 0
-0.233207330108 0.383614003658 1.584540605545 0
-0.234725862741 0.534851670265 1.520148158073 0
-0.073925442994 0.269588321447 1.576024770737 0
-0.025854064152 -0.005616270471 1.590373039246 0
0.022170551121 -0.230549260974 1.558475017548 0
0.018970422447 -0.294562518597 1.540801763535 0
-0.405083924532 0.272087782621 1.603668332100 0
-0.454392164946 -0.005158413667 1.625217556953 0
-0.504351675510 -0.228066533804 1.588629245758 0
-0.504183530807 -0.322978794575 1.568265676498 0
-0.164002299309 -0.118707157671 1.571800351143 0
-0.107746057212 -0.468255549669 1.600151658058 0
-0.082744546235 -0.800093829632 1.686204910278 0
-0.084012039006 -0.866637647152 1.618350982666 0
-0.313035875559 -0.118570737541 1.581649780273 0
-0.357012122869 -0.497578591108 1.632007837296 0
-0.359355270863 -0.802197456360 1.706300139427 0
-0.366088688374 -0.866422951221 1.635553479195 0
-0.237698003650 -0.044010546058 1.580071926117 0
-0.234765872359 0.026354854926 1.597228527069 0
-0.233484819531 0.383539170027 1.584908246994 0
-0.234742015600 0.534839987755 1.520133137703 0
-0.073981493711 0.269780188799 1.576831698418 0
-0.025886874646 -0.005615768954 1.590529918671 0
0.021865122020 -0.230160176754 1.557746171951 0
0.017934987321 -0.301884472370 1.537454009056 0
-0.405260771513 0.272015541792 1.603997349739 0
-0.454464346170 -0.005030283239 1.625276803970 0
-0.504006922245 -0.227342933416 1.587578892708 0
-0.503772318363 -0.322301179171 1.567026853561 0
-0.164037600160 -0.118720375001 1.572142243385 0
-0.107671648264 -0.467969000340 1.600116848946 0
-0.082865439355 -0.800111114979 1.686205983162 0
-0.084097906947 -0.866656303406 1.618335247040 0
-0.313124954700 -0.118598908186 1.581918001175 0
-0.357072979212 -0.497821003199 1.632207870483 0
-0.359316617250 -0.802218735218 1.706331729889 0
-0.366061866283 -0.866436004639 1.635563492775 0
-0.237769931555 -0.043999806046 1.580337882042 0
-0.234874084592 0.026360966265 1.597339391708 0
-0.233734190464 0.383472800255 1.585285902023 0
-0.234746888280 0.534838020802 1.520150303841 0
-0.073985300958 0.269950032234 1.577695727348 0
-0.025924045593 -0.005613740999 1.590684890747 0
0.021651776507 -0.229853153229 1.557138085365 0
0.017410017550 -0.306520909071 1.535359263420 0
-0.405404061079 0.271967858076 1.604277491570 0
-0.454559922218 -0.004813599400 1.625272154808 0
-0.503563702106 -0.226305648685 1.585637092590 0
-0.503234028816 -0.321380108595 1.565062046051 0
-0.164050176740 -0.118723988533 1.572480559349 0
-0.107597954571 -0.467708408833 1.600087642670 0
-0.082986213267 -0.800127148628 1.686206221581 0
-0.084180064499 -0.866673588753 1.618319749832 0
-0.313186079264 -0.118617154658 1.582136273384 0
-0.357153534889 -0.497869193554 1.632301807404 0
-0.359237790108 -0.802238285542 1.706377983093 0
-0.365990668535 -0.866454422474 1.635584712029 0
-0.237777352333 -0.043991390616 1.580577254295 0
-0.234941318631 0.026364754885 1.597465157509 0
-0.233937814832 0.383413255215 1.585666179657 0
-0.234673559666 0.534871459007 1.520268440247 0
-0.073903538287 0.270105779171 1.578702092171 0
-0.025969022885 -0.005622267257 1.590886116028 0
0.021559076384 -0.229627802968 1.556635975838 0
0.017295775935 -0.309801787138 1.533859610558 0
-0.405459046364 0.271952807903 1.604445576668 0
-0.455336630344 -0.003267382970 1.624928355217 0
-0.495821863413 -0.209947600961 1.544062018394 0
-0.486993044615 -0.284756392241 1.505353450775 0
-0.163981661201 -0.118718475103 1.572858452797 0
-0.107541494071 -0.467525452375 1.600078225136 0
-0.083072558045 -0.800140678883 1.686214566231 0
-0.084228418767 -0.866687536240 1.618312478065 0
-0.313174575567 -0.118629917502 1.582258820534 0
-0.357212722301 -0.497978955507 1.632422447205 0
-0.359213680029 -0.802248656750 1.706405878067 0
-0.365964353085 -0.866463959217 1.635596752167 0
-0.237749651074 -0.043981101364 1.580804944038 0
-0.234982877970 0.026369964704 1.597597241402 0
-0.234106227756 0.383364260197 1.586015820503 0
-0.234587684274 0.534916281700 1.520426154137 0
-0.073813140392 0.270243376493 1.579611182213 0
-0.026016362011 -0.005623161793 1.591116428375 0
0.021543987095 -0.229440540075 1.556254506111 0
0.017391001806 -0.312100470066 1.532879710197 0
-0.405498832464 0.271945089102 1.604588150978 0
-0.456951111555 0.000649403490 1.624740004539 0
-0.475921362638 -0.168498754501 1.478236794472 0
-0.455412268639 -0.232491657138 1.435436367989 0
-0.163863644004 -0.118702903390 1.573243856430 0
-0.107498660684 -0.467421054840 1.600088715553 0
-0.083139151335 -0.800153672695 1.686222910881 0
-0.084263436496 -0.866698980331 1.618305921555 0
-0.313134342432 -0.118641585112 1.582365393639 0
-0.357262492180 -0.498063206673 1.632526636124 0
-0.359193861485 -0.802257120609 1.706430315971 0
-0.365940541029 -0.866472184658 1.635607600212 0
-0.237638846040 -0.043969314545 1.581066370010 0
-0.234980836511 0.026375846937 1.597766757011 0
-0.234259843826 0.383319765329 1.586351156235 0
-0.234491825104 0.534969091415 1.520606160164 0
-0.073724485934 0.270368397236 1.580418229103 0
-0.026060657576 -0.005616214126 1.591419100761 0
0.021627122536 -0.229281827807 1.556013584137 0
0.017735000700 -0.313750952482 1.532225370407 0
-0.405512481928 0.271940946579 1.604698300362 0
-0.456692248583 0.017350858077 1.626790165901 0
-0.481540679932 -0.089238598943 1.426751971245 0
-0.464019805193 -0.096394948661 1.321289300919 0
-0.163585200906 -0.118661865592 1.573743581772 0
-0.107435487211 -0.467323124409 1.600127935410 0
-0.083219900727 -0.800170183182 1.686236500740 0
-0.084307216108 -0.866711437702 1.618299722672 0
-0.312993049622 -0.118651181459 1.582487225533 0
-0.357284605503 -0.498041152954 1.632586002350 0
-0.359193325043 -0.802262723446 1.706445336342 0
-0.365934759378 -0.866475045681 1.635610699654 0
-0.237496510148 -0.043953485787 1.581339120865 0
-0.234960421920 0.026383284479 1.597955703735 0
-0.234405010939 0.383274823427 1.586669325829 0
-0.234401509166 0.535021543503 1.520783066750 0
-0.073647372425 0.270485609770 1.581119537354 0
-0.026090044528 -0.005596715957 1.591727018356 0
0.021744262427 -0.229129955173 1.555821776390 0
0.018098682165 -0.314980655909 1.531789779663 0
-0.405522227287 0.271938920021 1.604799747467 0
-0.453079223633 0.028270073235 1.625118613243 0
-0.478470295668 -0.028171788901 1.388254642487 0
-0.491574108601 -0.006822411902 1.280875205994 0
-0.163244485855 -0.118607506156 1.574269771576 0
-0.107360988855 -0.467267334461 1.600202322006 0
-0.083305932581 -0.800195336342 1.686236143112 0
-0.084358066320 -0.866724610329 1.618281126022 0
-0.312816649675 -0.118659928441 1.582615375519 0
-0.357295960188 -0.497931838036 1.632657408714 0
-0.359204232693 -0.802269577980 1.706459522247 0
-0.365932345390 -0.866477549076 1.635612607002 0
-0.237303748727 -0.043934542686 1.581652164459 0
-0.234910130501 0.026390554383 1.598211169243 0
-0.234619215131 0.383217096329 1.587108850479 0
-0.234349429607 0.535064041615 1.520931243896 0
-0.073584035039 0.270629554987 1.581764698029 0
-0.026099631563 -0.005547210108 1.592075228691 0
0.021925315261 -0.228952080011 1.555689930916 0
0.018533121794 -0.315876394510 1.531567335129 0
-0.405527174473 0.271935999393 1.604895234108 0
-0.441814661026 0.038522928953 1.613473296165 0
-0.508634328842 0.066977113485 1.309665322304 0
-0.532656610012 0.083793461323 1.272645950317 0
-0.162819460034 -0.118526875973 1.574852943420 0
-0.107246711850 -0.467264473438 1.600350975990 0
-0.083414323628 -0.800219953060 1.686255455017 0
-0.084421962500 -0.866737008095 1.618272066116 0
-0.312572538853 -0.118673481047 1.582766294479 0
-0.357296109200 -0.497697412968 1.632743120193 0
-0.359220385551 -0.802279233932 1.706466317177 0
-0.365932673216 -0.866480529308 1.635611653328 0
-0.237102270126 -0.043912287802 1.581965208054 0
-0.234845742583 0.026398843154 1.598503589630 0
-0.234877347946 0.383156716824 1.587637782097 0
-0.234331533313 0.535093665123 1.521041512489 0
-0.073529876769 0.270781129599 1.582342028618 0
-0.026101576164 -0.005488914903 1.592416524887 0
0.022133382037 -0.228771045804 1.555591583252 0
0.018971111625 -0.316586107016 1.531453371048 0
-0.405530601740 0.271935820580 1.604995846748 0
-0.433945208788 0.044882621616 1.599067449570 0
-0.510068476200 0.101104982197 1.293000936508 0
-0.535630583763 0.107427969575 1.264353990555 0
-0.162405610085 -0.118441984057 1.575395703316 0
-0.107106111944 -0.467306792736 1.600552916527 0
-0.083512760699 -0.800244271755 1.686272382736 0
-0.084482438862 -0.866748034954 1.618261337280 0
-0.312318265438 -0.118686981499 1.582918763161 0
-0.357292979956 -0.497472643852 1.632822751999 0
-0.359242528677 -0.802290201187 1.706470727921 0
-0.365936130285 -0.866483867168 1.635609030724 0
-0.236884340644 -0.043885696679 1.582278132439 0
-0.234751492739 0.026403805241 1.598885655403 0
-0.235240146518 0.383052140474 1.588425636292 0
-0.234355539083 0.535100042820 1.521084547043 0
-0.073501847684 0.270968437195 1.582888841629 0
-0.026077194139 -0.005380849354 1.592748761177 0
0.022353814915 -0.228540629148 1.555547833443 0
0.019369762391 -0.317069947720 1.531438708305 0
-0.405535191298 0.271966665983 1.605145692825 0
-0.431650429964 0.049749467522 1.584568977356 0
-0.486330509186 0.118552178144 1.304446458817 0
-0.495061427355 0.159682527184 1.246581077576 0
-0.162000641227 -0.118349328637 1.575884580612 0
-0.106907434762 -0.467323690653 1.600791454315 0
-0.083685219288 -0.800271391869 1.686301589012 0
-0.084605209529 -0.866760551929 1.618251085281 0
-0.312026739120 -0.118698537350 1.583075642586 0
-0.357096761465 -0.496569335461 1.632844805717 0
-0.359313338995 -0.802305519581 1.706478238106 0
-0.365969687700 -0.866490244865 1.635604739189 0
-0.236677721143 -0.043860666454 1.582567214966 0
-0.234652176499 0.026405308396 1.599291205406 0
-0.235596671700 0.382938563824 1.589205384254 0
-0.234391123056 0.535100340843 1.521115183830 0
-0.073489166796 0.271144896746 1.583385229111 0
-0.026045495644 -0.005266512744 1.593048334122 0
0.022558035329 -0.228313520551 1.555512547493 0
0.019709194079 -0.317436516285 1.531435728073 0
-0.405537903309 0.272003382444 1.605292081833 0
-0.430790603161 0.055459674448 1.558482646942 0
-0.477235347033 0.170908719301 1.283848881721 0
-0.471487224102 0.168968841434 1.260964751244 0
-0.161638066173 -0.118264086545 1.576310276985 0
-0.106704786420 -0.467292845249 1.601010918617 0
-0.083887390792 -0.800298094749 1.686331272125 0
-0.084756880999 -0.866773068905 1.618239879608 0
-0.311743408442 -0.118708178401 1.583223104477 0
-0.356933653355 -0.495784729719 1.632866859436 0
-0.359386682510 -0.802321135998 1.706482172012 0
-0.366005450487 -0.866496503353 1.635598182678 0
-0.236470878124 -0.043846171349 1.582839131355 0
-0.234546318650 0.026394562796 1.599719762802 0
-0.235945522785 0.382818698883 1.589957356453 0
-0.234436064959 0.535094022751 1.521134018898 0
-0.073484532535 0.271313190460 1.583863139153 0
-0.026005525142 -0.005145067349 1.593316316605 0
0.022776708007 -0.228073060513 1.555467367172 0
0.020032422617 -0.317716568708 1.531422972679 0
-0.405528455973 0.272008419037 1.605389237404 0
-0.429790496826 0.055628556758 1.551298737526 0
-0.460613250732 0.159725755453 1.296478509903 0
-0.466375827789 0.180937126279 1.260860323906 0
-0.161297217011 -0.118189781904 1.576689481735 0
-0.106508545578 -0.467238157988 1.601208925247 0
-0.084096968174 -0.800323605537 1.686364650726 0
-0.084913335741 -0.866786122322 1.618232488632 0
-0.311447918415 -0.118727296591 1.583361029625 0
-0.356791377068 -0.495097041130 1.632884144783 0
-0.359463661909 -0.802338600159 1.706484436989 0
-0.366041243076 -0.866503715515 1.635590910912 0
-0.236251324415 -0.043847564608 1.583103656769 0
-0.234428659081 0.026358896866 1.600224494934 0
-0.236305475235 0.382664769888 1.590711355209 0
-0.234492704272 0.535074949265 1.521126747131 0
-0.073507823050 0.271515458822 1.584437131882 0
-0.025974875316 -0.005009110086 1.593588709831 0
0.022974926978 -0.227814316750 1.555375456810 0
0.020283723250 -0.317902356386 1.531343698502 0
-0.405515223742 0.272001802921 1.605418801308 0
-0.426299393177 0.053957406431 1.535341858864 0
-0.463041722775 0.177447587252 1.287881851196 0
-0.466796368361 0.192788183689 1.260717391968 0
-0.160959750414 -0.118125252426 1.577045798302 0
-0.106308095157 -0.467174291611 1.601400256157 0
-0.084298476577 -0.800348103046 1.686401844025 0
-0.085048623383 -0.866799175739 1.618229389191 0
-0.311113297939 -0.118760958314 1.583485126495 0
-0.356670022011 -0.494479149580 1.632893204689 0
-0.359544306993 -0.802359521389 1.706480264664 0
-0.366070598364 -0.866511404514 1.635580539703 0
-0.236044183373 -0.043852243572 1.583345055580 0
-0.234315335751 0.026318160817 1.600722908974 0
-0.236628949642 0.382512718439 1.591380357742 0
-0.234551772475 0.535048544407 1.521105527878 0
-0.073541112244 0.271715998650 1.584994316101 0
-0.025958221406 -0.004870371893 1.593865990639 0
0.023154512048 -0.227560967207 1.555271863937 0
0.020498096943 -0.318038463593 1.531254053116 0
-0.405502229929 0.271994203329 1.605439186096 0
-0.425339549780 0.053621895611 1.526731014252 0
-0.461445778608 0.180882930756 1.287996411324 0
-0.466141939163 0.196881413460 1.263590216637 0
-0.160651057959 -0.118067994714 1.577363133430 0
-0.106126040220 -0.467141360044 1.601575851440 0
-0.084482409060 -0.800369560719 1.686441779137 0
-0.085169821978 -0.866811573505 1.618230700493 0
-0.310794144869 -0.118795901537 1.583594083786 0
-0.356562763453 -0.493967622519 1.632892251015 0
-0.359630554914 -0.802381277084 1.706473588943 0
-0.366101920605 -0.866519689560 1.635569095612 0
-0.235826745629 -0.043863177299 1.583563923836 0
-0.234185501933 0.026264579967 1.601245999336 0
-0.236907988787 0.382359832525 1.591976165771 0
-0.234615981579 0.535008013248 1.521058320999 0
-0.073587335646 0.271913826466 1.585533738136 0
-0.025956451893 -0.004720916972 1.594160914421 0
0.023326059803 -0.227301731706 1.555166482925 0
0.020697155967 -0.318131566048 1.531163573265 0
-0.405482083559 0.271987944841 1.605448722839 0
-0.426398426294 0.054487511516 1.520258426666 0
-0.460484147072 0.183198302984 1.287373781204 0
-0.463848888874 0.198968127370 1.266715764999 0
-0.160346955061 -0.118013240397 1.577647328377 0
-0.105952464044 -0.467160254717 1.601768493652 0
-0.084648787975 -0.800389885902 1.686485409737 0
-0.085274137557 -0.866823136806 1.618235468864 0
-0.310434848070 -0.118832513690 1.583669543266 0
-0.356485068798 -0.493803650141 1.632891654968 0
-0.359744787216 -0.802403986454 1.706461071968 0
-0.366149395704 -0.866529524326 1.635553717613 0
-0.235610127449 -0.043879985809 1.583760619164 0
-0.234052672982 0.026204951108 1.601741552353 0
-0.237142428756 0.382221728563 1.592489719391 0
-0.234681725502 0.534958600998 1.520998716354 0
-0.073638536036 0.272100269794 1.586034297943 0
-0.025955438614 -0.004583136644 1.594431161880 0
0.023499373347 -0.227058455348 1.555068969727 0
0.020902568474 -0.318203955889 1.531080007553 0
-0.405455619097 0.271975427866 1.605446100235 0
-0.427070051432 0.054965410382 1.516682147980 0
-0.459638595581 0.184403464198 1.287522077560 0
-0.462027847767 0.199561789632 1.269658446312 0
-0.160059943795 -0.117964968085 1.577898263931 0
-0.105781987309 -0.467163950205 1.601946473122 0
-0.084824487567 -0.800410091877 1.686529517174 0
-0.085385650396 -0.866834938526 1.618240714073 0
-0.310071051121 -0.118874810636 1.583723664284 0
-0.356403827667 -0.493604600430 1.632870554924 0
-0.359839439392 -0.802423775196 1.706450223923 0
-0.366185128689 -0.866538822651 1.635541200638 0
-0.235399484634 -0.043903838843 1.583931803703 0
-0.233923166990 0.026135038584 1.602233171463 0
-0.237348839641 0.382089942694 1.592939853668 0
-0.234742984176 0.534891366959 1.520902633667 0
-0.073706522584 0.272283196449 1.586527824402 0
-0.025958141312 -0.004449944943 1.594690203667 0
0.023655677214 -0.226829990745 1.554981231689 0
0.021091904491 -0.318254321814 1.531008243561 0
-0.405410438776 0.271953225136 1.605405807495 0
-0.427119284868 0.054173015058 1.514960408211 0
-0.459482729435 0.183497816324 1.291742563248 0
-0.462061703205 0.200102224946 1.271517992020 0
-0.159794375300 -0.117923207581 1.578119516373 0
-0.105588838458 -0.467125207186 1.602114677429 0
-0.085051760077 -0.800429761410 1.686580777168 0
-0.085530951619 -0.866847157478 1.618248939514 0
-0.309698492289 -0.118923209608 1.583739161491 0
-0.356156289577 -0.493004292250 1.632688045502 0
-0.359975516796 -0.802439570427 1.706447362900 0
-0.366241425276 -0.866551220417 1.635534644127 0
-0.235206201673 -0.043927215040 1.584081649780 0
-0.233805671334 0.026067908853 1.602688789368 0
-0.237542375922 0.381963968277 1.593335628510 0
-0.234805315733 0.534814178944 1.520782947540 0
-0.073772341013 0.272445827723 1.586964845657 0
-0.025963107124 -0.004328454845 1.594928979874 0
0.023799993098 -0.226621299982 1.554902076721 0
0.021272599697 -0.318290621042 1.530940771103 0
-0.405364394188 0.271929472685 1.605356097221 0
-0.427218735218 0.053828537464 1.513895034790 0
-0.459610491991 0.181869730353 1.294998526573 0
-0.462276518345 0.199767783284 1.273442387581 0
-0.159554198384 -0.117886021733 1.578310489655 0
-0.105394192040 -0.467085629702 1.602274417877 0
-0.085308045149 -0.800448656082 1.686633467674 0
-0.085702300072 -0.866859495640 1.618258237839 0
-0.309354990721 -0.118968449533 1.583741903305 0
-0.355968326330 -0.492468148470 1.632522821426 0
-0.360084146261 -0.802456378937 1.706433415413 0
-0.366283059120 -0.866562187672 1.635522603989 0
-0.235027715564 -0.043949365616 1.584200382233 0
-0.233693197370 0.025999534875 1.603120088577 0
-0.237722396851 0.381837517023 1.593688011169 0
-0.234878018498 0.534701764584 1.520604372025 0
-0.073835998774 0.272590160370 1.587345004082 0
-0.025963854045 -0.004212261643 1.595137000084 0
0.023936754093 -0.226417884231 1.554822683334 0
0.021449182183 -0.318309634924 1.530872464180 0
-0.405321210623 0.271910220385 1.605305433273 0
-0.428194016218 0.054084494710 1.512657523155 0
-0.459247231483 0.179970309138 1.295412898064 0
-0.459580928087 0.197182387114 1.275115847588 0
-0.159335523844 -0.117852427065 1.578455686569 0
-0.105225525796 -0.467042863369 1.602403283119 0
-0.085535667837 -0.800461888313 1.686685085297 0
-0.085858970881 -0.866870880127 1.618271350861 0
-0.309027463198 -0.119008816779 1.583715319633 0
-0.355673849583 -0.491483896971 1.632136583328 0
-0.360223740339 -0.802459061146 1.706443309784 0
-0.366344600916 -0.866574645042 1.635527253151 0
-0.234860867262 -0.043973613530 1.584300041199 0
-0.233589202166 0.025930479169 1.603513479233 0
-0.237888410687 0.381715387106 1.594001054764 0
-0.234950080514 0.534566044807 1.520380973816 0
-0.073894269764 0.272717535496 1.587677359581 0
-0.025964999571 -0.004107360728 1.595315694809 0
0.024061955512 -0.226220980287 1.554721593857 0
0.021614350379 -0.318317532539 1.530795335770 0
-0.405275166035 0.271895468235 1.605247974396 0
-0.429003298283 0.054304983467 1.511808872223 0
-0.457185208797 0.171927139163 1.294502735138 0
-0.457424044609 0.194610133767 1.276465177536 0
-0.159134373069 -0.117824532092 1.578578710556 0
-0.105081044137 -0.466997772455 1.602509260178 0
-0.085719503462 -0.800473272800 1.686730742455 0
-0.085987448692 -0.866881966591 1.618284702301 0
-0.308714479208 -0.119048930705 1.583668112755 0
-0.355445027351 -0.490681439638 1.631812214851 0
-0.360342413187 -0.802461922169 1.706448078156 0
-0.366395622492 -0.866585850716 1.635528922081 0
-0.234704539180 -0.044004026800 1.584376811981 0
-0.233492806554 0.025852639228 1.603881001472 0
-0.238039478660 0.381596565247 1.594273924828 0
-0.235012561083 0.534367799759 1.520034432411 0
-0.073950864375 0.272830486298 1.587970376015 0
-0.025973543525 -0.004031609278 1.595434069633 0
0.024198003113 -0.225989371538 1.554454088211 0
0.021796163172 -0.318311631680 1.530593395233 0
-0.405215471983 0.271863669157 1.605146288872 0
-0.429473340511 0.054470743984 1.511273980141 0
-0.457293331623 0.168555825949 1.294689774513 0
-0.457549273968 0.191188558936 1.277925133705 0
-0.158950373530 -0.117804378271 1.578676819801 0
-0.104978680611 -0.466964781284 1.602574110031 0
-0.085812650621 -0.800482451916 1.686755895615 0
-0.086048729718 -0.866891145706 1.618290781975 0
-0.308413743973 -0.119095183909 1.583594441414 0
-0.355285018682 -0.490056306124 1.631548285484 0
-0.360439240932 -0.802472651005 1.706428170204 0
-0.366433054209 -0.866596639156 1.635516762733 0
-0.234562098980 -0.044031236321 1.584438562393 0
-0.233406022191 0.025781059638 1.604211449623 0
-0.238172560930 0.381486564875 1.594508767128 0
-0.235059678555 0.534113287926 1.519575119019 0
-0.074002705514 0.272931605577 1.588227272034 0
-0.025984870270 -0.003970461432 1.595519661903 0
0.024327313527 -0.225733369589 1.554040670395 0
0.021981505677 -0.318278700113 1.530204057693 0
-0.405160874128 0.271838426590 1.605041861534 0
-0.429819852114 0.054602548480 1.510994791985 0
-0.458867639303 0.169504866004 1.293885946274 0
-0.457952439785 0.188384771347 1.278994321823 0
-0.158784419298 -0.117785818875 1.578755617142 0
-0.104912064970 -0.466951698065 1.602616667747 0
-0.085868746042 -0.800487220287 1.686778664589 0
-0.086083240807 -0.866898000240 1.618298649788 0
-0.308141440153 -0.119136080146 1.583514571190 0
-0.355163365602 -0.489536702633 1.631323218346 0
-0.360530823469 -0.802483320236 1.706403613091 0
-0.366468548775 -0.866606891155 1.635501861572 0
-0.234435066581 -0.044054433703 1.584476113319 0
-0.233325242996 0.025714857504 1.604497432709 0
-0.238285467029 0.381381481886 1.594694972038 0
-0.235122278333 0.533771157265 1.518890500069 0
-0.074044935405 0.273003607988 1.588398456573 0
-0.025998722762 -0.003911963198 1.595564126968 0
0.024435704574 -0.225414499640 1.553412437439 0
0.022146940231 -0.318189531565 1.529572129250 0
-0.405121564865 0.271837323904 1.604951739311 0
-0.430700272322 0.055010605603 1.510833501816 0
-0.457904666662 0.168093889952 1.294432878494 0
-0.456933349371 0.184941008687 1.278973579407 0
-0.158637821674 -0.117770418525 1.578802585602 0
-0.104863859713 -0.466937154531 1.602642416954 0
-0.085910283029 -0.800489425659 1.686799526215 0
-0.086110047996 -0.866904139519 1.618307471275 0
-0.307896077633 -0.119171306491 1.583417415619 0
-0.355070114136 -0.489086627960 1.631113529205 0
-0.360611110926 -0.802494764328 1.706368565559 0
-0.366501837969 -0.866616666317 1.635480284691 0
-0.234319984913 -0.044073067605 1.584499835968 0
-0.233251899481 0.025657976046 1.604741930962 0
-0.238378554583 0.381286054850 1.594842553139 0
-0.235168933868 0.533422768116 1.518167853355 0
-0.074077658355 0.273057073355 1.588519930840 0
-0.026016535237 -0.003855884541 1.595583558083 0
0.024512439966 -0.225117653608 1.552785515785 0
0.022274659947 -0.318100243807 1.528968095779 0
-0.405085742474 0.271853178740 1.604865670204 0
-0.432275235653 0.055584415793 1.510616660118 0
-0.456277072430 0.166177213192 1.294525265694 0
-0.454884678125 0.180538132787 1.278773069382 0
-0.158507376909 -0.117755703628 1.578830957413 0
-0.104829162359 -0.466930866241 1.602659225464 0
-0.085940562189 -0.800490260124 1.686817407608 0
-0.086129993200 -0.866909325123 1.618315815926 0
-0.307675063610 -0.119198463857 1.583315610886 0
-0.354997336864 -0.488711088896 1.630929112434 0
-0.360687434673 -0.802504539490 1.706330418587 0
-0.366535574198 -0.866625487804 1.635455965996 0
-0.234209477901 -0.044091295451 1.584503889084 0
-0.233183532953 0.025607123971 1.604934215546 0
-0.238437086344 0.381202399731 1.594929933548 0
-0.235181421041 0.532996714115 1.517281532288 0
-0.074096731842 0.273088365793 1.588590741158 0
-0.026040742174 -0.003820715239 1.595547676086 0
0.024543657899 -0.224900141358 1.551917433739 0
0.022352280095 -0.318096071482 1.528242707253 0
-0.405040740967 0.271881997585 1.604749083519 0
-0.433496594429 0.056424900889 1.510125875473 0
-0.453879833221 0.158558219671 1.291760444641 0
-0.452344000340 0.167480066419 1.276087999344 0
-0.158387035131 -0.117744423449 1.578838586807 0
-0.104788959026 -0.466917127371 1.602665781975 0
-0.085975445807 -0.800488233566 1.686840057373 0
-0.086154997349 -0.866915225983 1.618328928947 0
-0.307468682528 -0.119222246110 1.583197712898 0
-0.354967206717 -0.488520443439 1.630799055099 0
-0.360756397247 -0.802513539791 1.706286072731 0
-0.366566300392 -0.866633772850 1.635427594185 0
