0.130054920912 -0.325978189707 1.650764703751 0
0.134200528264 -0.290094166994 1.711740970612 0
0.141589939594 0.004025375471 1.798856735229 0
0.134276568890 0.200762167573 1.833683848381 0
0.307745486498 -0.137010648847 1.737549781799 0
0.371601462364 -0.364042758942 1.663428902626 0
0.416322886944 -0.530882239342 1.531530141830 0
0.414876490831 -0.586315929890 1.480977177620 0
-0.028394984081 -0.131781101227 1.761044621468 0
-0.088039517403 -0.351125895977 1.623990416527 0
0.023937836289 -0.190563157201 1.393117904663 0
0.016187004745 -0.196165472269 1.400363922119 0
0.204045996070 -0.394654124975 1.614028096199 0
0.020694585517 -0.696210324764 1.471996784210 0
-0.149865686893 -0.933857321739 1.346575260162 0
-0.151197165251 -0.926787614822 1.251124024391 0
0.052984036505 -0.393452852964 1.623030781746 0
0.347798705101 -0.596222579479 1.515612006187 0
0.640651285648 -0.752395868301 1.389360666275 0
0.616063237190 -0.707768321037 1.307814717293 0
0.130972296000 -0.326131224632 1.650778412819 0
0.134825363755 -0.290161997080 1.711787581444 0
0.141694009304 0.004038155545 1.798787713051 0
0.134796887636 0.201005190611 1.833007812500 0
0.308030277491 -0.137064352632 1.737414598465 0
0.371680229902 -0.363898992538 1.662838697433 0
0.417132139206 -0.530170440674 1.531086087227 0
0.415305942297 -0.586490213871 1.478262662888 0
-0.027747973800 -0.131013303995 1.760880470276 0
-0.088385425508 -0.350831836462 1.621695518494 0
0.025499705225 -0.180493146181 1.397356510162 0
0.016982797533 -0.185562551022 1.405679702759 0
0.204998403788 -0.394925773144 1.614148497581 0
0.019800983369 -0.696044266224 1.472345829010 0
-0.149707078934 -0.935234308243 1.346183061600 0
-0.152765393257 -0.926556348801 1.251688241959 0
0.054425023496 -0.393575161695 1.622838020325 0
0.347988933325 -0.597346603870 1.515014529228 0
0.637926161289 -0.761034309864 1.388847589493 0
0.616109490395 -0.715131759644 1.307138562202 0
0.131901606917 -0.326291590929 1.650767564774 0
0.135468229651 -0.290235668421 1.711812615395 0
0.141805887222 0.004055998754 1.798708438873 0
0.135362476110 0.201285809278 1.832342147827 0
0.308290213346 -0.137112155557 1.737274169922 0
0.371749043465 -0.363762825727 1.662312746048 0
0.418063104153 -0.529442310333 1.530583024025 0
0.415872484446 -0.586550176144 1.475978851318 0
-0.027197118849 -0.130461305380 1.760596990585 0
-0.088385544717 -0.351055890322 1.620391130447 0
0.025743668899 -0.176104620099 1.400403261185 0
0.017341911793 -0.180809527636 1.408027768135 0
0.206014007330 -0.395209938288 1.614237546921 0
0.022180691361 -0.697810292244 1.470030307770 0
-0.129645824432 -0.946619510651 1.331628084183 0
-0.147456854582 -0.930203974247 1.246948480606 0
0.055738855153 -0.393691003323 1.622661709785 0
0.348044157028 -0.598770976067 1.514257192612 0
0.635219454765 -0.768415868282 1.388095140457 0
0.615856409073 -0.721837759018 1.306264162064 0
0.132864370942 -0.326429903507 1.650734305382 0
0.136177927256 -0.290296196938 1.711813926697 0
0.141968756914 0.004083832260 1.798593759537 0
0.136042132974 0.201617538929 1.831646561623 0
0.308526575565 -0.137154862285 1.737132668495 0
0.371808260679 -0.363638371229 1.661850214005 0
0.419089615345 -0.528363585472 1.529155969620 0
0.416619569063 -0.583132922649 1.474992513657 0
-0.026623606682 -0.129907786846 1.760280728340 0
-0.088305935264 -0.351440608501 1.619702935219 0
0.025183808059 -0.174505442381 1.403994083405 0
0.017666872591 -0.178068041801 1.409423351288 0
0.207016557455 -0.395437419415 1.614310741425 0
0.022871915251 -0.698578238487 1.469190716743 0
-0.126387655735 -0.949028730392 1.329135060310 0
-0.145665884018 -0.931941807270 1.245095729828 0
0.057019069791 -0.393770992756 1.622489929199 0
0.348103165627 -0.600265622139 1.513541460037 0
0.633173406124 -0.774095892906 1.387607693672 0
0.615718781948 -0.727467834949 1.305539131165 0
0.133936479688 -0.326596558094 1.650640964508 0
0.136996760964 -0.290370285511 1.711759567261 0
0.142212137580 0.004135311581 1.798395395279 0
0.137178078294 0.202026084065 1.830639004707 0
0.308726936579 -0.137180104852 1.736979603767 0
0.371864110231 -0.363538533449 1.661454200745 0
0.419891744852 -0.527685940266 1.528144240379 0
0.417195230722 -0.581024825573 1.474467873573 0
-0.025855764747 -0.129177615047 1.759837388992 0
-0.086996600032 -0.352547049522 1.618770122528 0
0.024504084140 -0.174085170031 1.404935598373 0
0.017930498347 -0.176281645894 1.410118818283 0
0.208052158356 -0.395667970181 1.614355444908 0
0.022981125861 -0.698956370354 1.468854546547 0
-0.125826284289 -0.949831545353 1.328502535820 0
-0.145150899887 -0.932877302170 1.244273543358 0
0.058403868228 -0.393827646971 1.622290492058 0
0.348161160946 -0.601989805698 1.512828707695 0
0.631277561188 -0.779319047928 1.387262463570 0
0.615571141243 -0.732737064362 1.304897427559 0
0.134888738394 -0.326748430729 1.650530099869 0
0.137740924954 -0.290439665318 1.711684584618 0
0.142452031374 0.004189921543 1.798178076744 0
0.138206064701 0.202374875546 1.829708099365 0
0.308917701244 -0.137196108699 1.736825108528 0
0.371921718121 -0.363451898098 1.661110758781 0
0.420584261417 -0.527161300182 1.527411580086 0
0.417717546225 -0.579410672188 1.474182844162 0
-0.025184582919 -0.128594204783 1.759390234947 0
-0.085671842098 -0.353564977646 1.617878556252 0
0.023291906342 -0.176520824432 1.405876636505 0
0.017835570499 -0.175888165832 1.410789847374 0
0.208950340748 -0.395868182182 1.614368081093 0
0.022878741845 -0.699182510376 1.468784451485 0
-0.125916063786 -0.950196564198 1.328469157219 0
-0.145117208362 -0.933512985706 1.244009137154 0
0.059621177614 -0.393885135651 1.622094988823 0
0.348200470209 -0.603795647621 1.512147307396 0
0.629588425159 -0.783820807934 1.386998414993 0
0.615442931652 -0.737401843071 1.304323077202 0
0.135846614838 -0.326912969351 1.650366306305 0
0.138511821628 -0.290510118008 1.711551785469 0
0.142806038260 0.004276126157 1.797774672508 0
0.139275997877 0.202725782990 1.828715801239 0
0.309109508991 -0.137210175395 1.736655354500 0
0.372004300356 -0.363360553980 1.660817146301 0
0.421267986298 -0.527298688889 1.526999235153 0
0.418524712324 -0.577109634876 1.474772334099 0
-0.024537792429 -0.128222867846 1.758789777756 0
-0.085275195539 -0.353194564581 1.618524074554 0
0.022409498692 -0.186672583222 1.405029535294 0
0.017987420782 -0.182860285044 1.410601854324 0
0.209811836481 -0.396059960127 1.614344716072 0
0.022683691233 -0.699306666851 1.468807220459 0
-0.126246795058 -0.950438499451 1.328618288040 0
-0.145339265466 -0.933911800385 1.243969440460 0
0.060817059129 -0.393975913525 1.621869444847 0
0.347997277975 -0.606242120266 1.511271953583 0
0.626968264580 -0.789453804493 1.386413335800 0
0.614804863930 -0.742739915848 1.303498148918 0
0.136666163802 -0.327049374580 1.650204420090 0
0.139186978340 -0.290558546782 1.711412072182 0
0.143162891269 0.004391660448 1.797293305397 0
0.140130922198 0.203029856086 1.827887296677 0
0.309297233820 -0.137221768498 1.736483693123 0
0.372089862823 -0.363274425268 1.660552740097 0
0.421884894371 -0.527295112610 1.526606798172 0
0.419131278992 -0.577328145504 1.475136637688 0
-0.023990077898 -0.127949580550 1.758207201958 0
-0.084851250052 -0.352961689234 1.619520425797 0
0.021470561624 -0.193689331412 1.404902696609 0
0.017972808331 -0.188208639622 1.410326242447 0
0.210554793477 -0.396223157644 1.614311218262 0
0.023882254958 -0.700272560120 1.467535018921 0
-0.123732373118 -0.952199220657 1.326309561729 0
-0.142488241196 -0.936019599438 1.241358280182 0
0.061800953001 -0.394051849842 1.621666431427 0
0.347734570503 -0.608665049076 1.510446429253 0
0.624519646168 -0.794363737106 1.385886788368 0
0.614132761955 -0.747575819492 1.302715063095 0
0.137371018529 -0.327158600092 1.650015711784 0
0.139788031578 -0.290576487780 1.711229562759 0
0.143575802445 0.004558504093 1.796505570412 0
0.141177788377 0.203371345997 1.826464891434 0
0.309502452612 -0.137227877975 1.736280202866 0
0.372190952301 -0.363187819719 1.660313487053 0
0.422417640686 -0.527033090591 1.526510715485 0
0.419640988111 -0.576666593552 1.475570678711 0
-0.023531468585 -0.127747803926 1.757611036301 0
-0.084509357810 -0.352786272764 1.620973110199 0
0.020542241633 -0.198600202799 1.405408382416 0
0.028443705291 -0.182025521994 1.385072827339 0
0.211172595620 -0.396361351013 1.614247202873 0
0.024955047294 -0.701212048531 1.466478705406 0
-0.121763296425 -0.953774631023 1.324683189392 0
-0.139943927526 -0.938063383102 1.239222645760 0
0.062637373805 -0.394123911858 1.621460199356 0
0.347398757935 -0.611164510250 1.509613990784 0
0.622037231922 -0.799045801163 1.385317921638 0
0.613357067108 -0.752245664597 1.301894783974 0
0.138011559844 -0.327214717865 1.649807095528 0
0.140365704894 -0.290542036295 1.711009263992 0
0.144024595618 0.004782164935 1.795475244522 0
0.141847863793 0.203657284379 1.825147986412 0
0.309781998396 -0.137219533324 1.736009001732 0
0.372298568487 -0.363107264042 1.660089612007 0
0.422985196114 -0.526788949966 1.526413917542 0
0.420141905546 -0.575891375542 1.475894689560 0
-0.023161944002 -0.127594187856 1.757040023804 0
-0.084175452590 -0.352447897196 1.623232483864 0
0.020386233926 -0.204965710640 1.406105995178 0
0.025027215481 -0.193293124437 1.392128109932 0
0.211753264070 -0.396466493607 1.614151358604 0
0.023407077417 -0.701000332832 1.467234373093 0
-0.129497155547 -0.951710820198 1.329544901848 0
-0.142293378711 -0.937951624393 1.240406036377 0
0.063343070447 -0.394175350666 1.621269106865 0
0.347194612026 -0.613333463669 1.508956551552 0
0.620206654072 -0.802676618099 1.385020494461 0
0.612845063210 -0.756163120270 1.301284790039 0
0.138566792011 -0.327235460281 1.649608254433 0
0.140884220600 -0.290483385324 1.710790634155 0
0.144429042935 0.004998946562 1.794479846954 0
0.142397716641 0.203992336988 1.823882222176 0
0.310063123703 -0.137201860547 1.735719323158 0
0.372411400080 -0.363020956516 1.659876108170 0
0.423503041267 -0.526587367058 1.526366949081 0
0.421405792236 -0.572747230530 1.478658556938 0
-0.022866221145 -0.127473995090 1.756524920464 0
-0.083722628653 -0.352669775486 1.625349283218 0
0.003971431870 -0.218624368310 1.415227174759 0
0.022747572511 -0.199744954705 1.396723628044 0
0.212277367711 -0.396541565657 1.614045977592 0
0.022288059816 -0.700930416584 1.467832446098 0
-0.133710354567 -0.950883746147 1.332427740097 0
-0.143971890211 -0.938062965870 1.241348505020 0
0.063921816647 -0.394205451012 1.621102452278 0
0.347082436085 -0.615170478821 1.508472204208 0
0.618803143501 -0.805521905422 1.384957790375 0
0.612529277802 -0.759413540363 1.300889015198 0
0.139048829675 -0.327238202095 1.649410367012 0
0.141354233027 -0.290407896042 1.710561513901 0
0.144872769713 0.005222645123 1.793385982513 0
0.142853751779 0.204330340028 1.822612047195 0
0.310372203588 -0.137170970440 1.735364556313 0
0.372537851334 -0.362916499376 1.659666657448 0
0.423883736134 -0.526420772076 1.526338815689 0
0.422085076571 -0.570919513702 1.480291724205 0
-0.022594306618 -0.127317786217 1.755992531776 0
-0.083173349500 -0.353311389685 1.627691626549 0
-0.004539610818 -0.224953785539 1.420006990433 0
0.020674604923 -0.203351750970 1.399949193001 0
0.212730154395 -0.396604627371 1.613937377930 0
0.021459430456 -0.700958669186 1.468304395676 0
-0.136266544461 -0.950613081455 1.334316492081 0
-0.145185872912 -0.938314735889 1.242097258568 0
0.064394846559 -0.394216418266 1.620945930481 0
0.347044765949 -0.616727292538 1.508105278015 0
0.617707908154 -0.807784378529 1.385029792786 0
0.612363755703 -0.762134909630 1.300640583038 0
0.139466121793 -0.327238410711 1.649233937263 0
0.141763046384 -0.290336906910 1.710355639458 0
0.145246520638 0.005427459255 1.792419195175 0
0.143261075020 0.204748183489 1.821384906769 0
0.310661941767 -0.137131974101 1.735012054443 0
0.372663140297 -0.362812280655 1.659469604492 0
0.424186408520 -0.526276409626 1.526313662529 0
0.422611773014 -0.569077372551 1.481854319572 0
-0.022339843214 -0.127121075988 1.755480170250 0
-0.082720369101 -0.353985965252 1.629823088646 0
-0.004410716705 -0.226059049368 1.419949650764 0
0.019284909591 -0.205879688263 1.402215719223 0
0.213122829795 -0.396659135818 1.613839507103 0
0.025408638641 -0.703829586506 1.467008113861 0
-0.122376866639 -0.959384441376 1.330346584320 0
-0.136984139681 -0.944354534149 1.239552497864 0
0.064800195396 -0.394224256277 1.620809674263 0
0.347037732601 -0.618148684502 1.507792115211 0
0.616719007492 -0.809807896614 1.385132670403 0
0.612257778645 -0.764582157135 1.300443649292 0
0.139836519957 -0.327233463526 1.649072408676 0
0.142130613327 -0.290265232325 1.710163712502 0
0.145574077964 0.005616459530 1.791530847549 0
0.143725246191 0.205215662718 1.820066452026 0
0.310942411423 -0.137087062001 1.734669446945 0
0.372786968946 -0.362706243992 1.659280300140 0
0.424507617950 -0.526052832603 1.526182532310 0
0.422721654177 -0.568923592567 1.481942772865 0
-0.022137220949 -0.126960158348 1.754999876022 0
-0.082389667630 -0.354515075684 1.631506085396 0
-0.003773213597 -0.226756036282 1.419658780098 0
0.018140118569 -0.207790046930 1.403920769691 0
0.213485389948 -0.396706551313 1.613742113113 0
0.027843892574 -0.705695807934 1.466243267059 0
-0.116691090167 -0.963207781315 1.328840374947 0
-0.131944313645 -0.948286294937 1.238059878349 0
0.065148420632 -0.394230633974 1.620691180229 0
0.347049504519 -0.619469523430 1.507515311241 0
0.615788877010 -0.811680018902 1.385247826576 0
0.612185299397 -0.766840517521 1.300276637077 0
0.140240952373 -0.327227473259 1.648902654648 0
0.142521336675 -0.290187299252 1.709957957268 0
0.145910337567 0.005795753095 1.790607094765 0
0.144299253821 0.205791041255 1.818463087082 0
0.311217963696 -0.137035876513 1.734319329262 0
0.372914493084 -0.362599462271 1.659090518951 0
0.424873411655 -0.525847315788 1.526069521904 0
0.422850251198 -0.568810224533 1.481992483139 0
-0.021970717236 -0.126821130514 1.754551291466 0
-0.082120202482 -0.354921609163 1.632890105247 0
-0.001985267969 -0.224603384733 1.419967174530 0
0.017083363608 -0.208707764745 1.405426383018 0
0.213951572776 -0.396763622761 1.613641738892 0
0.027908602729 -0.705888986588 1.466225028038 0
-0.116820812225 -0.963474273682 1.328969836235 0
-0.131757751107 -0.948765277863 1.238012194633 0
0.065534345806 -0.394252359867 1.620571851730 0
0.347114980221 -0.620769143105 1.507234811783 0
0.614926099777 -0.813501596451 1.385317564011 0
0.612155556679 -0.769029438496 1.300087571144 0
0.140616714954 -0.327223241329 1.648747920990 0
0.142884582281 -0.290114820004 1.709767937660 0
0.146206647158 0.005947722122 1.789746642113 0
0.144805908203 0.206349596381 1.817018389702 0
0.311471939087 -0.136979803443 1.733983874321 0
0.373033642769 -0.362499624491 1.658907771111 0
0.425194948912 -0.525666117668 1.525957107544 0
0.422958225012 -0.568693459034 1.481987476349 0
-0.021827898920 -0.126682043076 1.754139900208 0
-0.081905558705 -0.355225354433 1.633977651596 0
-0.000400787074 -0.223086506128 1.420053839684 0
0.016250498593 -0.209605932236 1.406636595726 0
0.214378163218 -0.396816670895 1.613553524017 0
0.027919655666 -0.706036865711 1.466218233109 0
-0.117390468717 -0.963575363159 1.329205632210 0
-0.131697684526 -0.949130952358 1.237990140915 0
0.065909609199 -0.394283384085 1.620470166206 0
0.347203433514 -0.622011363506 1.506971120834 0
0.614099800587 -0.815250098705 1.385371685028 0
0.612146019936 -0.771120548248 1.299901008606 0
0.141077548265 -0.327205449343 1.648578882217 0
0.143304914236 -0.290030568838 1.709562182426 0
0.146450459957 0.006079207174 1.788959741592 0
0.145352318883 0.206950739026 1.815380930901 0
0.311717092991 -0.136916249990 1.733637094498 0
0.373146265745 -0.362399816513 1.658717274666 0
0.425651520491 -0.525465011597 1.525825381279 0
0.423165112734 -0.568654894829 1.481948733330 0
-0.021707456559 -0.126521185040 1.753783702850 0
-0.081875495613 -0.355214983225 1.634843826294 0
0.002847137395 -0.225675836205 1.417684197426 0
0.015887407586 -0.214386761189 1.407461285591 0
0.214966639876 -0.396844655275 1.613436341286 0
0.027567667887 -0.705125153065 1.463803648949 0
-0.120471060276 -0.958694040775 1.321381211281 0
-0.132190033793 -0.947605669498 1.234022140503 0
0.066395558417 -0.394328296185 1.620372772217 0
0.347280889750 -0.623410522938 1.506680250168 0
0.613027870655 -0.817431926727 1.385370254517 0
0.612030863762 -0.773501217365 1.299662470818 0
0.141517221928 -0.327161937952 1.648423314095 0
0.143717363477 -0.289929032326 1.709364295006 0
0.146672502160 0.006198020186 1.788231253624 0
0.145714849234 0.207449153066 1.813962459564 0
0.311953246593 -0.136856332421 1.733286857605 0
0.373253494501 -0.362304508686 1.658523797989 0
0.426125168800 -0.525327980518 1.525735497475 0
0.423921614885 -0.567248761654 1.482981324196 0
-0.021627360955 -0.126402407885 1.753485083580 0
-0.083393141627 -0.353186845779 1.643125891685 0
0.004201086704 -0.238002493978 1.412304759026 0
0.014009837992 -0.238944455981 1.402881741524 0
0.215524405241 -0.396839827299 1.613287448883 0
0.063549831510 -0.715546250343 1.448154687881 0
-0.028172362596 -0.984125971794 1.284278750420 0
-0.069116547704 -0.965997517109 1.207427382469 0
0.066852882504 -0.394345819950 1.620322227478 0
0.347373247147 -0.624681174755 1.506417989731 0
0.612036347389 -0.819417834282 1.385345220566 0
0.611928284168 -0.775724828243 1.299423217773 0
0.141912296414 -0.327131628990 1.648272633553 0
0.144092857838 -0.289847880602 1.709172368050 0
0.146867275238 0.006281006616 1.787578940392 0
0.145971521735 0.207665935159 1.812492132187 0
0.312171876431 -0.136803224683 1.732963442802 0
0.373448014259 -0.362116515636 1.658310770988 0
0.426568180323 -0.525135517120 1.525706171989 0
0.424388200045 -0.566515266895 1.483458757401 0
-0.021564308554 -0.126311644912 1.753219723701 0
-0.085329920053 -0.346450626850 1.657394528389 0
-0.002947248984 -0.274784713984 1.402324795723 0
0.014157377183 -0.269769996405 1.393119335175 0
0.216005459428 -0.396843016148 1.613137960434 0
0.074131205678 -0.718740880489 1.443531513214 0
-0.018194992095 -0.987076282501 1.280243515968 0
-0.049639090896 -0.971914172173 1.199237823486 0
0.067275591195 -0.394391477108 1.620265364647 0
0.347498863935 -0.625879287720 1.506169557571 0
0.611183345318 -0.821213722229 1.385328054428 0
0.611886143684 -0.777801215649 1.299206852913 0
0.142219081521 -0.327092349529 1.648149728775 0
0.144399985671 -0.289766907692 1.709007620811 0
0.147014677525 0.006355348509 1.787021875381 0
0.145827829838 0.207906499505 1.811549067497 0
0.312384128571 -0.136757001281 1.732652068138 0
0.373604416847 -0.361945122480 1.658075809479 0
0.426955699921 -0.524935603142 1.525614976883 0
0.424583584070 -0.566521942616 1.483330488205 0
-0.021530399099 -0.126236960292 1.753000974655 0
-0.086618795991 -0.340742677450 1.669483304024 0
-0.083030827343 -0.378181278706 1.439898014069 0
0.022057790309 -0.373005807400 1.348385572433 0
0.216422975063 -0.396836072206 1.612993717194 0
0.080361180007 -0.720705270767 1.440883994102 0
-0.012440148741 -0.988918900490 1.278056025505 0
-0.038761079311 -0.975392997265 1.194821000099 0
0.067495279014 -0.394423902035 1.620242238045 0
0.347700834274 -0.626740217209 1.506092905998 0
0.610795557499 -0.822290539742 1.385557055473 0
0.612081348896 -0.779318690300 1.299238324165 0
0.142475098372 -0.327053159475 1.648042678833 0
0.144661173224 -0.289691030979 1.708862543106 0
0.147132173181 0.006423732266 1.786545753479 0
0.145549327135 0.208140820265 1.810844898224 0
0.312571763992 -0.136714428663 1.732371330261 0
0.373735427856 -0.361787050962 1.657850980759 0
0.427288502455 -0.524766504765 1.525526285172 0
0.424755334854 -0.566550791264 1.483175992966 0
-0.021509788930 -0.126174986362 1.752812623978 0
-0.087218686938 -0.337961375713 1.675767421722 0
-0.094834238291 -0.393077522516 1.446144104004 0
0.014679040760 -0.421534925699 1.332316756248 0
0.216786399484 -0.396824479103 1.612866759300 0
0.081415012479 -0.721445441246 1.440729498863 0
-0.013309669681 -0.990681231022 1.280184030533 0
-0.036967229098 -0.976784050465 1.194604277611 0
0.067644678056 -0.394448667765 1.620222568512 0
0.347879886627 -0.627518475056 1.506029486656 0
0.610413730145 -0.823283195496 1.385791659355 0
0.612268149853 -0.780727684498 1.299287796021 0
0.142554193735 -0.327016472816 1.648010611534 0
0.144770681858 -0.289621233940 1.708794474602 0
0.147215783596 0.006490350701 1.786151647568 0
0.145031899214 0.208416819572 1.810344576836 0
0.312744975090 -0.136675238609 1.732119679451 0
0.373806536198 -0.361676335335 1.657631278038 0
0.427384227514 -0.526845514774 1.523405790329 0
0.424567282200 -0.567320406437 1.482443094254 0
-0.021513074636 -0.126129955053 1.752646207809 0
-0.087390728295 -0.336782634258 1.679345607758 0
-0.134230315685 -0.448174685240 1.485970258713 0
-0.074407130480 -0.486201345921 1.379602193832 0
0.216942429543 -0.396804451942 1.612824678421 0
-0.001529067755 -0.610219717026 1.458493828773 0
-0.221648216248 -0.795735657215 1.300852894783 0
-0.235449627042 -0.787017941475 1.210444092751 0
0.067647561431 -0.394455820322 1.620238542557 0
0.347867101431 -0.628102004528 1.505997180939 0
0.609824001789 -0.824130892754 1.386013507843 0
0.612275600433 -0.781884789467 1.299328327179 0
0.142621561885 -0.326981812716 1.647982954979 0
0.144866213202 -0.289556771517 1.708733916283 0
0.147286504507 0.006548163015 1.785809993744 0
0.144571259618 0.208650663495 1.809934258461 0
0.312899768353 -0.136639967561 1.731894135475 0
0.373869836330 -0.361575961113 1.657431006432 0
0.427445203066 -0.528448164463 1.521779417992 0
0.424392640591 -0.568006038666 1.481795907021 0
-0.021518945694 -0.126090198755 1.752496123314 0
-0.087497428060 -0.336019545794 1.681683182716 0
-0.138480216265 -0.454238504171 1.489926338196 0
-0.083387963474 -0.493016093969 1.384261488914 0
0.217078894377 -0.396785080433 1.612787723541 0
-0.016154767945 -0.589959919453 1.461389303207 0
-0.285560488701 -0.734035372734 1.305750608444 0
-0.265886217356 -0.757940709591 1.212604165077 0
0.067639701068 -0.394462287426 1.620257258415 0
0.347854077816 -0.628652393818 1.505968332291 0
0.609233617783 -0.824953079224 1.386230468750 0
0.612278938293 -0.783006966114 1.299373626709 0
0.142603904009 -0.326946079731 1.647998571396 0
0.144877746701 -0.289509743452 1.708721280098 0
0.147330328822 0.006601012778 1.785529136658 0
0.143904313445 0.208896815777 1.809653401375 0
0.313053518534 -0.136613234878 1.731709718704 0
0.373898983002 -0.361533075571 1.657280445099 0
0.427311450243 -0.528748333454 1.521671652794 0
0.423822402954 -0.568654656410 1.481450796127 0
-0.021590394899 -0.126100137830 1.752291798592 0
-0.086205549538 -0.339081794024 1.681698322296 0
-0.152492389083 -0.489034503698 1.505087733269 0
-0.145185321569 -0.556219160557 1.448569178581 0
0.217111304402 -0.396790146828 1.612785935402 0
-0.027506757528 -0.609562397003 1.466143250465 0
-0.258434802294 -0.826832175255 1.333934068680 0
-0.267214328051 -0.785888612270 1.226376652718 0
0.067178875208 -0.394505739212 1.620509862900 0
0.347754299641 -0.629011034966 1.506025791168 0
0.608614802361 -0.825455665588 1.386570453644 0
0.612239241600 -0.783759117126 1.299507379532 0
0.142367094755 -0.326943665743 1.648090243340 0
0.144779533148 -0.289463490248 1.708741545677 0
0.147355571389 0.006651238073 1.785292863846 0
0.143222212791 0.209136441350 1.809496760368 0
0.313191890717 -0.136590778828 1.731547236443 0
0.373917460442 -0.361509442329 1.657157659531 0
0.426677346230 -0.529176592827 1.521691203117 0
0.422455072403 -0.569561064243 1.481190443039 0
-0.021682327613 -0.126125901937 1.752067446709 0
-0.084976628423 -0.342167675495 1.681197762489 0
-0.164343580604 -0.520916104317 1.522375464439 0
-0.163891404867 -0.586000680923 1.469602584839 0
0.216816827655 -0.396973818541 1.612891435623 0
-0.033863175660 -0.618015885353 1.469910383224 0
-0.263232767582 -0.832350075245 1.340869784355 0
-0.269994378090 -0.800823628902 1.235795021057 0
0.066236294806 -0.394655287266 1.620965957642 0
0.347641289234 -0.629266083241 1.506087303162 0
0.608103275299 -0.825726628304 1.386851072311 0
0.612221479416 -0.784269094467 1.299610972404 0
0.141910925508 -0.327011525631 1.648249983788 0
0.144537180662 -0.289433300495 1.708804130554 0
0.147370412946 0.006708437111 1.785093426704 0
0.142617955804 0.209337592125 1.809468984604 0
0.313313513994 -0.136571049690 1.731413364410 0
0.373930513859 -0.361511319876 1.657078385353 0
0.425586730242 -0.529552340508 1.522871613503 0
0.420737594366 -0.568455636501 1.483272552490 0
-0.021795697510 -0.126199200749 1.751741290092 0
-0.083804123104 -0.345300823450 1.680404067039 0
-0.167836040258 -0.528109967709 1.525808095932 0
-0.168450698256 -0.592106401920 1.473256587982 0
0.216109141707 -0.397346585989 1.613104939461 0
-0.039226617664 -0.623059451580 1.473178148270 0
-0.272562533617 -0.827254712582 1.344601631165 0
-0.272988319397 -0.809784531593 1.243224263191 0
0.065112881362 -0.394883185625 1.621508359909 0
0.347510129213 -0.629465043545 1.506155967712 0
0.607594728470 -0.825882911682 1.387118101120 0
0.612202107906 -0.784656584263 1.299701809883 0
0.141491606832 -0.327080279589 1.648400425911 0
0.144299745560 -0.289408683777 1.708868026733 0
0.147380247712 0.006762004457 1.784915685654 0
0.142150625587 0.209486290812 1.809457898140 0
0.313419818878 -0.136551514268 1.731298089027 0
0.373940318823 -0.361525923014 1.657015919685 0
0.424779415131 -0.529803633690 1.523667812347 0
0.419512093067 -0.569356143475 1.483412384987 0
-0.021930001676 -0.126296773553 1.751398205757 0
-0.082712478936 -0.347937852144 1.679547667503 0
-0.169463366270 -0.531354784966 1.527054667473 0
-0.170735031366 -0.595499157906 1.474735021591 0
0.215490415692 -0.397679895163 1.613295674324 0
-0.042929790914 -0.625798583031 1.475216984749 0
-0.274598211050 -0.828604102135 1.347286581993 0
-0.275246739388 -0.815116226673 1.247942209244 0
0.064172588289 -0.395095705986 1.621981143951 0
0.347405165434 -0.629624605179 1.506243109703 0
0.607151448727 -0.825977206230 1.387439012527 0
0.612210512161 -0.784997642040 1.299828290939 0
0.141100779176 -0.327151238918 1.648548364639 0
0.144062131643 -0.289390116930 1.708938598633 0
0.147380873561 0.006817650050 1.784766793251 0
0.141883388162 0.209603533149 1.809448480606 0
0.313509404659 -0.136532813311 1.731195926666 0
0.373946160078 -0.361549735069 1.656961441040 0
0.424112349749 -0.530117571354 1.524534940720 0
0.418509900570 -0.568413794041 1.485052585602 0
-0.022077543661 -0.126416414976 1.751040816307 0
-0.081844002008 -0.350255191326 1.678594589233 0
-0.170588731766 -0.533161938190 1.528102397919 0
-0.153180226684 -0.547334730625 1.453952908516 0
0.214963570237 -0.397952407598 1.613469123840 0
-0.045588094741 -0.627241849899 1.476463556290 0
-0.276271581650 -0.828838169575 1.348768949509 0
-0.276954650879 -0.818215012550 1.250863671303 0
0.063377656043 -0.395299047232 1.622405886650 0
0.347311735153 -0.629747927189 1.506354331970 0
0.606732785702 -0.825996637344 1.387837171555 0
0.612237751484 -0.785292208195 1.299995899200 0
