-0.003170041600 -0.077979445457 1.878123641014 0
0.003096127417 -0.013528135605 1.923842191696 0
0.009218470193 0.337549507618 1.912053465843 0
-0.005284526385 0.528060734272 1.876442670822 0
0.174922198057 0.220393285155 1.894001007080 0
0.273604273796 -0.036127880216 1.995300889015 0
0.317798614502 -0.290572106838 2.012794971466 0
0.315680682659 -0.387880921364 2.005722284317 0
-0.167451098561 0.217454299331 1.930268168449 0
-0.230234071612 -0.049338020384 2.023641109467 0
-0.282094955444 -0.273751348257 2.031052589417 0
-0.290860861540 -0.378008484840 2.029959678650 0
0.072836190462 -0.154172793031 1.861794829369 0
0.110321380198 -0.514704465866 1.883902311325 0
0.117356069386 -0.814994096756 1.964319825172 0
0.112913809717 -0.889333486557 1.907495021820 0
-0.082748495042 -0.155704006553 1.880357861519 0
-0.098125033081 -0.515830338001 1.907628059387 0
-0.101433701813 -0.827469587326 1.971157789230 0
-0.111824549735 -0.899930238724 1.902449369431 0
-0.002758633578 -0.077996559441 1.879118800163 0
0.003287960775 -0.013479718007 1.924104094505 0
0.009669627994 0.337434262037 1.911677241325 0
-0.005154437385 0.527787744999 1.875240802765 0
0.175469517708 0.220300912857 1.894582271576 0
0.267664253712 -0.042835693806 1.981032848358 0
0.288203507662 -0.306558430195 1.954340577126 0
0.277166724205 -0.395059436560 1.940465688705 0
-0.167003840208 0.217571675777 1.930600404739 0
-0.229112178087 -0.049925055355 2.021821498871 0
-0.271113485098 -0.280105113983 1.997278451920 0
-0.275932043791 -0.384047329426 1.983529806137 0
0.073197923601 -0.154338449240 1.863125562668 0
0.110292479396 -0.515324711800 1.884730577469 0
0.117392085493 -0.815153777599 1.964651823044 0
0.112917549908 -0.889340996742 1.907533168793 0
-0.082333520055 -0.155625268817 1.881431460381 0
-0.098491273820 -0.516288578510 1.908599019051 0
-0.101496547461 -0.827489376068 1.971350073814 0
-0.111849784851 -0.899885177612 1.902521014214 0
-0.001937936293 -0.078324198723 1.881076812744 0
0.003807223402 -0.013552849181 1.924790382385 0
0.010511910543 0.337274670601 1.911731243134 0
-0.004763258621 0.527593970299 1.874624729156 0
0.176294505596 0.220083788037 1.895475745201 0
0.247062340379 -0.058975014836 1.940164446831 0
0.263661384583 -0.287273406982 1.859421968460 0
0.252130001783 -0.383823513985 1.827262759209 0
-0.166332960129 0.217644393444 1.931158304214 0
-0.219636306167 -0.056821741164 2.001783132553 0
-0.274118036032 -0.298681557178 1.915542960167 0
-0.278377979994 -0.394167363644 1.879794478416 0
0.073829732835 -0.154915541410 1.865423083305 0
0.110411748290 -0.517889618874 1.887242078781 0
0.117397606373 -0.815501272678 1.965120077133 0
0.112911865115 -0.889372646809 1.907582283020 0
-0.081555061042 -0.155781015754 1.883404612541 0
-0.099281296134 -0.517055869102 1.910370707512 0
-0.101551145315 -0.827575325966 1.971573829651 0
-0.111858941615 -0.899860620499 1.902575016022 0
-0.001137843588 -0.078719764948 1.883051872253 0
0.004404961132 -0.013706928119 1.925629258156 0
0.011583456770 0.337042689323 1.912129163742 0
-0.004175069276 0.527252197266 1.874234199524 0
0.177155420184 0.219825983047 1.896419644356 0
0.235897392035 -0.063154049218 1.920772194862 0
0.256792604923 -0.281096577644 1.826164841652 0
0.235589817166 -0.372384905815 1.764884114265 0
-0.165575996041 0.217668294907 1.931802988052 0
-0.211766853929 -0.062281824648 1.985347270966 0
-0.274701803923 -0.289051532745 1.886799097061 0
-0.276611030102 -0.383002012968 1.838834524155 0
0.074390836060 -0.155492469668 1.867558836937 0
0.110626257956 -0.518892645836 1.888611793518 0
0.117347061634 -0.815844118595 1.965668320656 0
0.112875618041 -0.889429986477 1.907691955566 0
-0.080807834864 -0.156015381217 1.885344862938 0
-0.099980644882 -0.517595171928 1.911864042282 0
-0.101608894765 -0.827683091164 1.971869707108 0
-0.111866727471 -0.899840354919 1.902657270432 0
-0.000428669387 -0.079045318067 1.884931564331 0
0.005055414047 -0.013904169202 1.926703453064 0
0.013383005746 0.336725682020 1.913625240326 0
-0.003218655474 0.526992559433 1.874458551407 0
0.178295701742 0.219739809632 1.897912621498 0
0.215778395534 -0.056962620467 1.887290000916 0
0.217951670289 -0.246173322201 1.724294900894 0
0.173770397902 -0.329944074154 1.662611603737 0
-0.164377346635 0.217694431543 1.932773232460 0
-0.202132001519 -0.063240975142 1.964409589767 0
-0.262177437544 -0.256080687046 1.792680978775 0
-0.241787165403 -0.345581620932 1.724808573723 0
0.074817180634 -0.155927613378 1.869363069534 0
0.110664598644 -0.519708156586 1.889907240868 0
0.117337889969 -0.816168963909 1.966248869896 0
0.112864643335 -0.889502346516 1.907841682434 0
-0.080175183713 -0.156163394451 1.887149214745 0
-0.100230783224 -0.519058048725 1.914190173149 0
-0.101720765233 -0.827813267708 1.972186923027 0
-0.111902937293 -0.899816513062 1.902737498283 0
0.000091079331 -0.079241022468 1.886537909508 0
0.005622250028 -0.014056617394 1.927809715271 0
0.015156585723 0.336430966854 1.915388941765 0
-0.001940778689 0.526704490185 1.875019669533 0
0.179315999150 0.219731688499 1.899355411530 0
0.204507157207 -0.052686385810 1.868086814880 0
0.171117618680 -0.243127986789 1.660199046135 0
0.120531469584 -0.324564337730 1.614163279533 0
-0.163183569908 0.217775776982 1.933753490448 0
-0.195447996259 -0.059598665684 1.950189232826 0
-0.254635930061 -0.243169590831 1.765494585037 0
-0.203412771225 -0.312477022409 1.664309978485 0
0.075075633824 -0.156198725104 1.870779991150 0
0.110654823482 -0.520423471928 1.891138315201 0
0.117362126708 -0.816448211670 1.966748833656 0
0.112872250378 -0.889563739300 1.907970666885 0
-0.079750120640 -0.156182423234 1.888761162758 0
-0.100277625024 -0.520614922047 1.916476011276 0
-0.101847909391 -0.827926695347 1.972516894341 0
-0.111953362823 -0.899783551693 1.902828097343 0
0.000490177423 -0.079181440175 1.888074398041 0
0.006208384875 -0.014062974602 1.929344177246 0
0.016860945150 0.336296170950 1.918096184731 0
-0.000143037818 0.526414752007 1.876387596130 0
0.180230125785 0.219879075885 1.900836110115 0
0.193460330367 -0.038706272840 1.846595406532 0
0.141073614359 -0.218087524176 1.634352326393 0
0.073413006961 -0.287130355835 1.590249776840 0
-0.161810457706 0.217971980572 1.935037851334 0
-0.190048292279 -0.052810329944 1.938774108887 0
-0.204169541597 -0.201342329383 1.684934020042 0
-0.130536079407 -0.265044480562 1.608526110649 0
0.075262337923 -0.156198427081 1.871906399727 0
0.110536925495 -0.520512044430 1.892336964607 0
0.117423564196 -0.816646099091 1.967137098312 0
0.112895600498 -0.889595627785 1.908058047295 0
-0.079489678144 -0.155927166343 1.890330791473 0
-0.099962085485 -0.521522641182 1.918509483337 0
-0.101993143559 -0.827991068363 1.972818374634 0
-0.112038463354 -0.899720728397 1.902922153473 0
0.000840843713 -0.079056076705 1.889392256737 0
0.006804586854 -0.014024772681 1.930911898613 0
0.018326580524 0.336211532354 1.920687437057 0
0.001667838776 0.526131868362 1.878119349480 0
0.180943548679 0.220031961799 1.902052283287 0
0.188764438033 -0.032043226063 1.836958885193 0
0.123450845480 -0.204597756267 1.623436570168 0
0.057943090796 -0.274298161268 1.581092953682 0
-0.160500198603 0.218272119761 1.936455965042 0
-0.186768025160 -0.048097997904 1.932297110558 0
-0.191417872906 -0.193319454789 1.669569253922 0
-0.118567846715 -0.258317351341 1.600671887398 0
0.075461916625 -0.156114175916 1.872814297676 0
0.110238276422 -0.520061790943 1.893488526344 0
0.117513231933 -0.816809058189 1.967485904694 0
0.112933956087 -0.889621794224 1.908143758774 0
-0.079294785857 -0.155626282096 1.891683101654 0
-0.099804706872 -0.521837413311 1.920125126839 0
-0.102112233639 -0.828038513660 1.973081588745 0
-0.112116321921 -0.899652540684 1.903004288673 0
0.001162302447 -0.078830562532 1.890723705292 0
0.007506321184 -0.013903593644 1.932919979095 0
0.019581889734 0.336223781109 1.923301815987 0
0.003341362579 0.525871515274 1.879924297333 0
0.181486815214 0.220175832510 1.903044939041 0
0.185135170817 -0.026387397200 1.830061316490 0
0.042930234224 -0.190286964178 1.598642230034 0
0.011845013127 -0.250248670578 1.561460256577 0
-0.159171596169 0.218771323562 1.938438653946 0
-0.183387845755 -0.039615221322 1.926844239235 0
-0.167152166367 -0.177385836840 1.651875853539 0
-0.108101129532 -0.250234007835 1.596435070038 0
0.075736992061 -0.155892729759 1.873687744141 0
0.110122993588 -0.519388735294 1.894576907158 0
0.117584735155 -0.816925227642 1.967773318291 0
0.112949490547 -0.889633238316 1.908208489418 0
-0.079247288406 -0.155236274004 1.893134236336 0
-0.099695630372 -0.521750748158 1.921440362930 0
-0.102202340961 -0.828073561192 1.973327636719 0
-0.112193286419 -0.899579942226 1.903087258339 0
0.001395981060 -0.078586533666 1.892136454582 0
0.008178378455 -0.013779553585 1.935336947441 0
0.020476808771 0.336323410273 1.925855755806 0
0.004823105410 0.525698244572 1.881692886353 0
0.181863442063 0.220306903124 1.903840303421 0
0.179521039128 -0.026390759274 1.820738792419 0
0.054954782128 -0.174994632602 1.611059308052 0
-0.001599378884 -0.233229175210 1.572066545486 0
-0.158060103655 0.219295486808 1.940755009651 0
-0.181282952428 -0.029635880142 1.923815011978 0
-0.129577502608 -0.170222923160 1.631884336472 0
-0.042654156685 -0.225441545248 1.590851426125 0
0.075970485806 -0.155639171600 1.874530553818 0
0.110054828227 -0.518018245697 1.895639657974 0
0.117648258805 -0.817023515701 1.968033194542 0
0.112953610718 -0.889642417431 1.908271789551 0
-0.079325743020 -0.154869005084 1.894735693932 0
-0.099573031068 -0.521637856960 1.922518014908 0
-0.102291956544 -0.828117549419 1.973592400551 0
-0.112287640572 -0.899510860443 1.903185963631 0
0.001574804424 -0.078357584774 1.893316268921 0
0.008723910898 -0.013661684468 1.937392115593 0
0.021106798202 0.336414068937 1.927825093269 0
0.006062936503 0.525591254234 1.883251190186 0
0.182144686580 0.220420032740 1.904479384422 0
0.176617965102 -0.026945721358 1.815617799759 0
0.053284801543 -0.172930896282 1.609852671623 0
-0.009850943461 -0.227831587195 1.579976439476 0
-0.157203480601 0.219724237919 1.942663550377 0
-0.180462405086 -0.024043193087 1.922416329384 0
-0.122015073895 -0.169438898563 1.627523541451 0
-0.034286729991 -0.223151445389 1.589935541153 0
0.076196677983 -0.155371695757 1.875255227089 0
0.110010907054 -0.516804873943 1.896508574486 0
0.117709055543 -0.817105293274 1.968264698982 0
0.112956441939 -0.889648258686 1.908329129219 0
-0.079453706741 -0.154536947608 1.896103501320 0
-0.099456913769 -0.521514654160 1.923412084579 0
-0.102376319468 -0.828156352043 1.973853349686 0
-0.112384833395 -0.899441421032 1.903288006783 0
0.001710896613 -0.078131213784 1.894299745560 0
0.009188579395 -0.013513867743 1.939243555069 0
0.021515604109 0.336624115705 1.929293036461 0
0.007427214645 0.525770246983 1.885067224503 0
0.182373166084 0.220529943705 1.904945731163 0
0.180121794343 -0.023214142770 1.818493127823 0
0.074019111693 -0.186698049307 1.620886683464 0
-0.000879771076 -0.246166929603 1.592601537704 0
-0.156521379948 0.220102638006 1.944184422493 0
-0.200311377645 -0.010088957846 1.926395058632 0
-0.158034890890 -0.166113317013 1.663153767586 0
-0.041436553001 -0.221448630095 1.598235011101 0
0.076397061348 -0.155128806829 1.875855684280 0
0.110066153109 -0.515838444233 1.897218227386 0
0.117763921618 -0.817181646824 1.968477129936 0
0.112954176962 -0.889652907848 1.908381819725 0
-0.079605832696 -0.154190808535 1.897270798683 0
-0.099381975830 -0.521245181561 1.924217104912 0
-0.102440081537 -0.828183054924 1.974100470543 0
-0.112469248474 -0.899369895458 1.903385400772 0
0.001845632447 -0.077873043716 1.895007967949 0
0.009590952657 -0.013270010240 1.940571784973 0
0.021859237924 0.336931914091 1.930144190788 0
0.009680089541 0.526789069176 1.887955784798 0
0.182599902153 0.220616653562 1.905264377594 0
0.188756272197 -0.017859751359 1.828405022621 0
0.156872421503 -0.182346612215 1.672559499741 0
0.082217864692 -0.255566090345 1.624544978142 0
-0.155960023403 0.220468923450 1.945271015167 0
-0.223734423518 0.009775393642 1.938302993774 0
-0.218069031835 -0.176488041878 1.727225303650 0
-0.158675268292 -0.237651839852 1.663596153259 0
0.076606072485 -0.154890984297 1.876291751862 0
0.110240161419 -0.515212416649 1.897749185562 0
0.117812208831 -0.817238926888 1.968673706055 0
0.112946771085 -0.889652132988 1.908433675766 0
-0.079726442695 -0.153818041086 1.898123979568 0
-0.099237799644 -0.520863473415 1.924837946892 0
-0.102502554655 -0.828178703785 1.974339962006 0
-0.112564131618 -0.899280250072 1.903491973877 0
0.002072606236 -0.077597804368 1.895436048508 0
0.009968485683 -0.012930906378 1.941331863403 0
0.022144334391 0.337459981441 1.930347800255 0
0.016680113971 0.529265284538 1.894376993179 0
0.183059006929 0.220600903034 1.905387997627 0
0.198828980327 -0.017343191430 1.842020273209 0
0.236958354712 -0.216058239341 1.750904440880 0
0.201139152050 -0.308315575123 1.706073403358 0
-0.155362367630 0.220984458923 1.945469617844 0
-0.257139235735 0.023984204978 1.970040917397 0
-0.268341600895 -0.162511840463 1.830543637276 0
-0.238691836596 -0.230825111270 1.742769718170 0
0.076880440116 -0.154656082392 1.876633167267 0
0.110653772950 -0.514571368694 1.898004651070 0
0.117864668369 -0.817264676094 1.968900799751 0
0.112941697240 -0.889645576477 1.908517360687 0
-0.079598359764 -0.153482019901 1.898514747620 0
-0.099026180804 -0.520639955997 1.925231337547 0
-0.102564774454 -0.828129649162 1.974575042725 0
-0.112649150193 -0.899166703224 1.903600335121 0
0.002660100348 -0.077283076942 1.895726323128 0
0.010541045107 -0.012572599575 1.941783666611 0
0.022539569065 0.338229507208 1.930124759674 0
0.025153471157 0.531342625618 1.900484800339 0
0.183834701777 0.220377340913 1.905331969261 0
0.208419188857 -0.022622628137 1.856939435005 0
0.270779669285 -0.239417582750 1.796908974648 0
0.260147511959 -0.342649698257 1.763225674629 0
-0.154254823923 0.222129076719 1.944967865944 0
-0.266251921654 0.028055921197 1.981269836426 0
-0.273457556963 -0.154204711318 1.849523305893 0
-0.253816127777 -0.220278173685 1.767271399498 0
0.077511660755 -0.154380887747 1.877017021179 0
0.111140072346 -0.513948440552 1.898155570030 0
0.117923371494 -0.817286849022 1.969157934189 0
0.112946324050 -0.889641165733 1.908623576164 0
-0.078708052635 -0.153022140265 1.898624897003 0
-0.098790995777 -0.520469307899 1.925480246544 0
-0.102632753551 -0.828055739403 1.974810957909 0
-0.112727746367 -0.899045467377 1.903712630272 0
0.003865851322 -0.076950371265 1.895827412605 0
0.011473599821 -0.012183647603 1.941963076591 0
0.023029806092 0.339132606983 1.929414272308 0
0.034034501761 0.532658338547 1.905781865120 0
0.185035601258 0.219700828195 1.904945254326 0
0.216599211097 -0.032354533672 1.870817780495 0
0.290206283331 -0.258443623781 1.834078192711 0
0.294040799141 -0.356639713049 1.823384642601 0
-0.152758449316 0.223780632019 1.943776369095 0
-0.271300315857 0.032471574843 1.992653369904 0
-0.273966342211 -0.145523592830 1.859336495399 0
-0.271288633347 -0.198937550187 1.785337448120 0
0.078866042197 -0.154135137796 1.877510666847 0
0.112125262618 -0.513018846512 1.898185253143 0
0.117942772806 -0.817315459251 1.969459414482 0
0.112915702164 -0.889644265175 1.908773183823 0
-0.076663166285 -0.152461528778 1.898198843002 0
-0.098553955555 -0.520268797874 1.925593376160 0
-0.102656878531 -0.827991247177 1.974969983101 0
-0.112765252590 -0.898941934109 1.903787016869 0
0.006018831395 -0.076802626252 1.895449876785 0
0.013140735216 -0.011852024123 1.941531062126 0
0.023541981354 0.340076088905 1.928021788597 0
0.043678522110 0.532502591610 1.910156846046 0
0.187301456928 0.216607272625 1.903031468391 0
0.224572867155 -0.050336446613 1.889635562897 0
0.308367103338 -0.294211119413 1.892457962036 0
0.315642207861 -0.400036692619 1.889645457268 0
-0.150958046317 0.226140588522 1.941978693008 0
-0.282459378242 0.058416139334 2.014037609100 0
-0.284821569920 -0.100669302046 1.870401024818 0
-0.281559526920 -0.155462577939 1.788108468056 0
0.081334531307 -0.154287740588 1.877961993217 0
0.113908559084 -0.511935651302 1.897683739662 0
0.117909602821 -0.817372679710 1.969837427139 0
0.112785249949 -0.889693975449 1.909052848816 0
-0.073222324252 -0.151988655329 1.896781086922 0
-0.098175562918 -0.519935131073 1.925371885300 0
-0.102626994252 -0.827939271927 1.975061774254 0
-0.112764813006 -0.898864567280 1.903831362724 0
0.007957810536 -0.076689712703 1.894853353500 0
0.014758842997 -0.011570043862 1.940821409225 0
0.023991558701 0.340876519680 1.926675677299 0
0.050194166601 0.532262682915 1.912856459618 0
0.189169391990 0.213623940945 1.901068210602 0
0.228084027767 -0.057736042887 1.898689150810 0
0.310970127583 -0.302357137203 1.912180662155 0
0.318510860205 -0.407725065947 1.912644147873 0
-0.149500519037 0.228311926126 1.940497517586 0
-0.291968107224 0.078895971179 2.022260665894 0
-0.281981527805 -0.076646529138 1.873523354530 0
-0.267722487450 -0.102391108871 1.802198290825 0
0.083417005837 -0.154520332813 1.878048300743 0
0.115049608052 -0.511569499969 1.896992802620 0
0.117961809039 -0.817435860634 1.970089673996 0
0.112745754421 -0.889762341976 1.909265041351 0
-0.070399276912 -0.151534840465 1.895301461220 0
-0.097798131406 -0.519634366035 1.924985170364 0
-0.102577976882 -0.827866077423 1.975148677826 0
-0.112756364048 -0.898782134056 1.903876543045 0
0.009435366839 -0.076399892569 1.893749713898 0
0.016143422574 -0.011224920861 1.939647674561 0
0.024384412915 0.341545850039 1.925422787666 0
0.054722789675 0.531963527203 1.914779305458 0
0.190570026636 0.211102113128 1.899183869362 0
0.232089832425 -0.062703847885 1.908556580544 0
0.307645827532 -0.308696240187 1.932734370232 0
0.327413678169 -0.413277328014 1.940240859985 0
-0.147877708077 0.232075497508 1.939089775085 0
-0.315572887659 0.114582136273 2.032986164093 0
-0.271517932415 -0.042459726334 1.882408738136 0
-0.263204693794 -0.076414465904 1.812881112099 0
0.084657147527 -0.154631897807 1.877331256866 0
0.115920163691 -0.511724293232 1.895412683487 0
0.118112802505 -0.817481637001 1.970144867897 0
0.112800732255 -0.889815688133 1.909334659576 0
-0.068409763277 -0.150747746229 1.893413543701 0
-0.097378760576 -0.519298911095 1.924259662628 0
-0.102478437126 -0.827709555626 1.975213050842 0
-0.112727425992 -0.898662388325 1.903914809227 0
0.010567611083 -0.076138950884 1.892599225044 0
0.017208645120 -0.010957550257 1.938498258591 0
0.024671528488 0.342052012682 1.924363613129 0
0.057779498398 0.531654894352 1.916137218475 0
0.191549256444 0.209229543805 1.897738575935 0
0.235218554735 -0.065176896751 1.915373921394 0
0.306526839733 -0.311350971460 1.941870212555 0
0.330363571644 -0.415317118168 1.949132919312 0
-0.146800294518 0.234797582030 1.938110828400 0
-0.319442629814 0.120570942760 2.033776521683 0
-0.269027888775 -0.034507516772 1.886846542358 0
-0.263277024031 -0.071782536805 1.815314650536 0
0.085633762181 -0.154749855399 1.876322031021 0
0.116710893810 -0.511902332306 1.893286108971 0
0.118345133960 -0.817557990551 1.970056653023 0
0.112881407142 -0.889876306057 1.909334540367 0
-0.066990703344 -0.150113105774 1.891772627831 0
-0.097042530775 -0.519053518772 1.923401713371 0
-0.102341786027 -0.827532470226 1.975265741348 0
-0.112676866353 -0.898545086384 1.903951883316 0
0.011675428599 -0.075841873884 1.890846133232 0
0.018157392740 -0.010767847300 1.937095999718 0
0.024911377579 0.342413812876 1.923444271088 0
0.060074172914 0.531273066998 1.917353272438 0
0.192215114832 0.207914993167 1.896806597710 0
0.239175796509 -0.066044151783 1.923312783241 0
0.305732786655 -0.314025968313 1.947698235512 0
0.330263286829 -0.416311204433 1.954221725464 0
-0.146092876792 0.236751273274 1.937337160110 0
-0.320995628834 0.123280823231 2.033753633499 0
-0.266524374485 -0.025885168463 1.889175653458 0
-0.262907624245 -0.066953405738 1.817077040672 0
0.086636893451 -0.154854416847 1.874561309814 0
0.117450259626 -0.512039124966 1.890069842339 0
0.118492208421 -0.817602515221 1.969894528389 0
0.112921386957 -0.889931023121 1.909320116043 0
-0.065677307546 -0.149426832795 1.889375090599 0
-0.096661120653 -0.518655717373 1.921016335487 0
-0.102108299732 -0.827293634415 1.975167751312 0
-0.112571656704 -0.898426175117 1.903933525085 0
0.012782869861 -0.075758256018 1.888561010361 0
0.018941665068 -0.010841906071 1.935546517372 0
0.025220824406 0.342480182648 1.922598242760 0
0.061658792198 0.530858695507 1.918545961380 0
0.192909404635 0.206865951419 1.896776676178 0
0.243320062757 -0.068157203496 1.931470870972 0
0.303571164608 -0.316459685564 1.950063347816 0
0.303274601698 -0.417900919914 1.939608573914 0
-0.145424559712 0.238225564361 1.936627507210 0
-0.316792845726 0.123183883727 2.029308319092 0
-0.259491354227 -0.017345383763 1.868709564209 0
-0.250566005707 -0.058276005089 1.797851562500 0
0.087623074651 -0.155136749148 1.872309803963 0
0.118046537042 -0.512523114681 1.886677503586 0
0.118523739278 -0.817626833916 1.969797611237 0
0.112931385636 -0.889997959137 1.909332871437 0
-0.064423851669 -0.148988485336 1.886135339737 0
-0.095995612442 -0.517253279686 1.915181279182 0
-0.101656720042 -0.827028274536 1.974409461021 0
-0.112281739712 -0.898286283016 1.903590559959 0
0.013769400306 -0.075914710760 1.886246562004 0
0.019580611959 -0.011108240113 1.934046745300 0
0.025515440851 0.342449992895 1.921910643578 0
0.062622249126 0.530434250832 1.919773936272 0
0.193851530552 0.205651372671 1.897307991982 0
0.245667561889 -0.069539956748 1.936048984528 0
0.298339635134 -0.317454457283 1.947683811188 0
0.297945141792 -0.418104320765 1.931746125221 0
-0.144855573773 0.239175140858 1.936122775078 0
-0.311027377844 0.121662586927 2.025135040283 0
-0.256296306849 -0.015051927418 1.858278870583 0
-0.235982090235 -0.062256135046 1.770119786263 0
0.088491961360 -0.155582681298 1.870113849640 0
0.118603430688 -0.512893855572 1.884187221527 0
0.118508040905 -0.817672550678 1.969691276550 0
0.112916246057 -0.890090227127 1.909343719482 0
-0.063330337405 -0.148955896497 1.882582426071 0
-0.095504187047 -0.515545487404 1.909262180328 0
-0.101205877960 -0.826844096184 1.973382472992 0
-0.111929804087 -0.898190796375 1.903088450432 0
0.015023795888 -0.076440498233 1.883286237717 0
0.020337967202 -0.011769965291 1.932283878326 0
0.025850955397 0.342199951410 1.921536922455 0
0.062636911869 0.529405057430 1.922312617302 0
0.195361167192 0.203870788217 1.899129033089 0
0.246543198824 -0.070194847882 1.937968015671 0
0.293572694063 -0.306578874588 1.932487487793 0
0.296234607697 -0.410165637732 1.916782259941 0
-0.144470617175 0.239448502660 1.936023950577 0
-0.303226947784 0.115414030850 2.022485256195 0
-0.253397822380 -0.013975508511 1.848260164261 0
-0.229409396648 -0.063892140985 1.757031917572 0
0.089697435498 -0.156378984451 1.867383956909 0
0.119754500687 -0.512707054615 1.881444573402 0
0.118352957070 -0.817750155926 1.969518661499 0
0.112764514983 -0.890267372131 1.909376859665 0
-0.061803128570 -0.149531379342 1.877062559128 0
-0.094779297709 -0.513541460037 1.900945067406 0
-0.100516118109 -0.826826930046 1.971113681793 0
-0.111345827579 -0.898192584515 1.901925444603 0
0.016203552485 -0.076948188245 1.880485415459 0
0.021045029163 -0.012484366074 1.930642366409 0
0.026228113100 0.341854274273 1.921379923820 0
0.062193050981 0.528278052807 1.925049066544 0
0.196791261435 0.202170357108 1.901232481003 0
0.246862873435 -0.070478111506 1.938685178757 0
0.291190147400 -0.299784660339 1.921592116356 0
0.293969929218 -0.403281748295 1.902022838593 0
-0.144111827016 0.239606201649 1.936019062996 0
-0.297717839479 0.110076881945 2.020636796951 0
-0.251485288143 -0.015233112499 1.841572165489 0
-0.227413788438 -0.064165621996 1.752848386765 0
0.090898416936 -0.157104074955 1.864608526230 0
0.120933704078 -0.512362718582 1.878400683403 0
0.118135929108 -0.817824721336 1.969247460365 0
0.112573049963 -0.890472888947 1.909401655197 0
-0.060415197164 -0.150069266558 1.872030138969 0
-0.094092972577 -0.512567937374 1.893524885178 0
-0.099993154407 -0.826821029186 1.968612074852 0
-0.110834270716 -0.898241102695 1.900603532791 0
0.017649754882 -0.077653720975 1.877257227898 0
0.021975392476 -0.013524007984 1.928828239441 0
0.026739852503 0.341198742390 1.921801209450 0
0.060284879059 0.526558578014 1.929403543472 0
0.198146417737 0.200288444757 1.903890967369 0
0.245096787810 -0.070028111339 1.936130762100 0
0.291741341352 -0.292619645596 1.904894828796 0
0.293611079454 -0.388822793961 1.887884855270 0
-0.143654793501 0.239167049527 1.936642289162 0
-0.295565664768 0.106609091163 2.020443439484 0
-0.251215785742 -0.014456281438 1.841958880424 0
-0.228021353483 -0.062356080860 1.754515767097 0
0.092659555376 -0.157990574837 1.860580563545 0
0.122545085847 -0.511633574963 1.874038577080 0
0.117773361504 -0.817970931530 1.968377947807 0
0.112299293280 -0.890741348267 1.909246087074 0
-0.058703262359 -0.150912135839 1.866753935814 0
-0.093099683523 -0.512403845787 1.885040879250 0
-0.099478915334 -0.827064216137 1.964235067368 0
-0.110308907926 -0.898402750492 1.898130178452 0
0.019097410142 -0.078331515193 1.874278426170 0
0.022978045046 -0.014587184414 1.927118897438 0
0.027297010645 0.340476185083 1.922575116158 0
0.058450084180 0.525065243244 1.933068275452 0
0.199172019958 0.198743835092 1.906123757362 0
0.242784008384 -0.070028878748 1.931173205376 0
0.293477654457 -0.289371401072 1.892055749893 0
0.294244706631 -0.381066381931 1.878400206566 0
-0.143236190081 0.238271489739 1.937735319138 0
-0.294286280870 0.103658847511 2.020259618759 0
-0.251017123461 -0.013780398294 1.842043876648 0
-0.228735595942 -0.060974158347 1.756001710892 0
0.094575241208 -0.158771529794 1.856374502182 0
0.124245442450 -0.511367022991 1.870276808739 0
0.117269419134 -0.818092882633 1.967314720154 0
0.111861132085 -0.891038119793 1.909000873566 0
-0.057077359408 -0.151722326875 1.862451791763 0
-0.092373222113 -0.512755095959 1.878116607666 0
-0.099269852042 -0.827237010002 1.960497617722 0
-0.110013775527 -0.898599803448 1.895856380463 0
0.020393932238 -0.078978933394 1.871689558029 0
0.023944225162 -0.015628190711 1.925591111183 0
0.027853384614 0.339734584093 1.923686385155 0
0.056232415140 0.523462712765 1.936771988869 0
0.199941813946 0.197501838207 1.907898068428 0
0.240715861320 -0.070277191699 1.925834298134 0
0.296649098396 -0.285793155432 1.871690392494 0
0.295664757490 -0.373839974403 1.865260004997 0
-0.142867490649 0.237222403288 1.939038634300 0
-0.293216735125 0.100594945252 2.019447326660 0
-0.247151866555 -0.022424614057 1.822481870651 0
-0.223315879703 -0.064257033169 1.742565393448 0
0.096325770020 -0.159488573670 1.852400779724 0
0.125809416175 -0.511337637901 1.867170333862 0
0.116696268320 -0.818176448345 1.966336131096 0
0.111278347671 -0.891357958317 1.908775687218 0
-0.055724997073 -0.152446717024 1.859160065651 0
-0.091725245118 -0.513022482395 1.871994137764 0
-0.099195875227 -0.827485740185 1.956673979759 0
-0.109833255410 -0.898854494095 1.893325567245 0
0.021425200626 -0.079611808062 1.869607448578 0
0.024835731834 -0.016647370532 1.924311757088 0
0.028401631862 0.339010417461 1.925022363663 0
0.053139444441 0.521563827991 1.940785050392 0
0.200510948896 0.196519911289 1.909279704094 0
0.239293217659 -0.070848815143 1.920330166817 0
0.298699349165 -0.284513503313 1.859153151512 0
0.299048542976 -0.374571353197 1.819328546524 0
-0.142570957541 0.235937446356 1.940703272820 0
-0.292301505804 0.096566930413 2.017552852631 0
-0.246003642678 -0.019080625847 1.817855119705 0
-0.225509926677 -0.045860089362 1.749240159988 0
0.097599714994 -0.160093992949 1.849365711212 0
0.127378746867 -0.511087477207 1.864052653313 0
0.116101749241 -0.818184375763 1.965486884117 0
0.110550731421 -0.891688525677 1.908639073372 0
-0.054730597883 -0.153136104345 1.856750249863 0
-0.091040834785 -0.513191521168 1.866664886475 0
-0.099055901170 -0.827895522118 1.952660679817 0
-0.109654314816 -0.899183809757 1.890408039093 0
0.022223150358 -0.080131672323 1.868009328842 0
0.025566952303 -0.017500340939 1.923304438591 0
0.028845168650 0.338423699141 1.926223039627 0
0.050624433905 0.520240068436 1.943765521049 0
0.200923934579 0.195835426450 1.910319209099 0
0.238432049751 -0.071304760873 1.916305303574 0
0.299926280975 -0.283767461777 1.851056337357 0
0.299928903580 -0.374405443668 1.804479718208 0
-0.142295941710 0.234825029969 1.942095160484 0
-0.291620552540 0.093683011830 2.016161203384 0
-0.244930520654 -0.015720035881 1.813915133476 0
-0.222860217094 -0.040552973747 1.744180321693 0
0.098510816693 -0.160525530577 1.847168445587 0
0.128662437201 -0.510907351971 1.861663222313 0
0.115550711751 -0.818162381649 1.964770674706 0
0.109800182283 -0.891995429993 1.908540368080 0
-0.053975984454 -0.153693228960 1.854996323586 0
-0.090614959598 -0.513324379921 1.863093733788 0
-0.098999969661 -0.828200936317 1.949750065804 0
-0.109552666545 -0.899476230145 1.888039112091 0
0.022834192961 -0.080562599003 1.866720438004 0
0.026198618114 -0.018224501982 1.922485589981 0
0.029200155288 0.338016152382 1.927296996117 0
0.046728394926 0.519018650055 1.946892738342 0
0.201091796160 0.195634752512 1.910843968391 0
0.238481074572 -0.071171917021 1.912994027138 0
0.300493389368 -0.282133758068 1.842715263367 0
0.299520760775 -0.372104346752 1.789428591728 0
-0.142057791352 0.233880698681 1.943279027939 0
-0.290801733732 0.091394670308 2.015086889267 0
-0.243789896369 -0.014821480960 1.809912085533 0
-0.222265526652 -0.039548020810 1.743129014969 0
0.099139556289 -0.160812988877 1.845464825630 0
0.129633009434 -0.510778188705 1.859904050827 0
0.115001700819 -0.818096399307 1.964204430580 0
0.108945347369 -0.892274856567 1.908513069153 0
-0.053409274668 -0.154137998819 1.853660821915 0
-0.090158648789 -0.513147830963 1.860639095306 0
-0.098880827427 -0.828424096107 1.947670578957 0
-0.109454214573 -0.899731576443 1.886193513870 0
0.023262752220 -0.080883339047 1.865741133690 0
0.026691623032 -0.018786326051 1.921851396561 0
0.029415315017 0.337791472673 1.928179025650 0
0.041904672980 0.518168389797 1.949792981148 0
0.201145932078 0.195589691401 1.911160230637 0
0.239048898220 -0.070414103568 1.910146713257 0
0.300605982542 -0.280265986919 1.837198376656 0
0.298969894648 -0.369919359684 1.781509041786 0
-0.141869366169 0.233118966222 1.944234013557 0
-0.290123492479 0.090029738843 2.014624118805 0
-0.245208904147 -0.016536906362 1.822758197784 0
-0.223910063505 -0.041405446827 1.746976733208 0
0.099519066513 -0.160954549909 1.844194889069 0
0.130245357752 -0.510799586773 1.858820676804 0
0.114562213421 -0.818046867847 1.963717937469 0
0.108217827976 -0.892507255077 1.908445239067 0
-0.053031325340 -0.154450371861 1.852726221085 0
-0.089641503990 -0.512810051441 1.859108805656 0
-0.098708979785 -0.828515172005 1.946581959724 0
-0.109335586429 -0.899920523167 1.885136127472 0
0.023436943069 -0.080957688391 1.865324854851 0
0.026966273785 -0.019025931135 1.921549081802 0
0.029508357868 0.337723135948 1.928731918335 0
0.035417784005 0.517877638340 1.951938390732 0
0.201089829206 0.195835977793 1.911392569542 0
0.240083202720 -0.069026641548 1.907216787338 0
0.300060570240 -0.277687430382 1.831515073776 0
0.297539055347 -0.367287278175 1.774823665619 0
-0.141801878810 0.232507213950 1.945031642914 0
-0.289709180593 0.089399412274 2.014594793320 0
-0.246255099773 -0.017086187378 1.831046104431 0
-0.227787762880 -0.046392530203 1.755976319313 0
0.099697321653 -0.160906851292 1.843402028084 0
0.130556955934 -0.510880351067 1.858382344246 0
0.114386357367 -0.817997097969 1.963473081589 0
0.107820563018 -0.892637014389 1.908410906792 0
-0.052926443517 -0.154521480203 1.852525591850 0
-0.089034408331 -0.512484192848 1.858643889427 0
-0.098667986691 -0.828519761562 1.946304559708 0
-0.109320752323 -0.899974703789 1.884846806526 0
0.023501006886 -0.080918014050 1.865282893181 0
0.027105439454 -0.019075227901 1.921512126923 0
0.029469473287 0.337749004364 1.928988933563 0
0.027443382889 0.517999589443 1.952322602272 0
0.200802430511 0.196617826819 1.911350607872 0
0.240819767118 -0.067631058395 1.904420256615 0
0.299116641283 -0.275345355272 1.826256036758 0
0.295675605536 -0.365401953459 1.770023107529 0
-0.142056792974 0.232065841556 1.945868134499 0
-0.288915425539 0.088252142072 2.014001846313 0
-0.245652288198 -0.020439861342 1.825295209885 0
-0.222526803613 -0.052892897278 1.745385527611 0
0.099765181541 -0.160774737597 1.843243956566 0
0.130888015032 -0.510803103447 1.858357548714 0
0.114320844412 -0.817882061005 1.963487505913 0
0.107529245317 -0.892668306828 1.908587813377 0
-0.053137078881 -0.154608696699 1.854293942451 0
-0.088379949331 -0.511990606785 1.858935832977 0
-0.098639272153 -0.828532218933 1.946099638939 0
-0.109326057136 -0.900000035763 1.884588122368 0
0.023470841348 -0.080699242651 1.865856528282 0
0.027272084728 -0.018989169970 1.921784758568 0
0.029366312549 0.337823182344 1.929141402245 0
0.021458551288 0.518240094185 1.951381444931 0
0.200411975384 0.197664186358 1.911053419113 0
0.241175025702 -0.066454350948 1.901924252510 0
0.298201322556 -0.273696213961 1.822287678719 0
0.294038921595 -0.364269495010 1.766918301582 0
-0.142323598266 0.231733202934 1.946546792984 0
-0.288000375032 0.086991213262 2.013259172440 0
-0.242769181728 -0.023797566071 1.812107086182 0
-0.213226616383 -0.056013602763 1.731334209442 0
0.099762648344 -0.160296946764 1.843840837479 0
0.131428971887 -0.510414302349 1.858695507050 0
0.115068733692 -0.807105779648 1.960470795631 0
0.124399505556 -0.872082829475 1.912380576134 0
-0.053546667099 -0.154712751508 1.857868432999 0
-0.087836399674 -0.511427938938 1.859867334366 0
-0.098605126143 -0.828555762768 1.945926308632 0
-0.109332390130 -0.900008022785 1.884248614311 0
0.023232245818 -0.080143526196 1.868027448654 0
0.027516206726 -0.018519327044 1.922950029373 0
0.029232745990 0.337956428528 1.929100632668 0
0.014616884291 0.519067049026 1.948494553566 0
0.199574291706 0.199545726180 1.909958958626 0
0.240801393986 -0.065275318921 1.899067878723 0
0.296654194593 -0.272439360619 1.818647861481 0
0.291777461767 -0.363712877035 1.764885306358 0
-0.142739996314 0.231492862105 1.947163701057 0
-0.286327660084 0.084670543671 2.011463403702 0
-0.238988056779 -0.026262622327 1.800430417061 0
-0.204265058041 -0.057164885104 1.721266984940 0
0.099494256079 -0.159145489335 1.846919298172 0
0.132798314095 -0.508970677853 1.860018730164 0
0.116951234639 -0.776635944843 1.952099919319 0
0.186962753534 -0.798243105412 1.932114839554 0
-0.054303459823 -0.154763802886 1.864109158516 0
-0.087522283196 -0.510755240917 1.861669182777 0
-0.098591536283 -0.828604638577 1.945755004883 0
-0.109438173473 -0.899963498116 1.883701682091 0
0.022803725675 -0.079441264272 1.870557308197 0
0.027658047155 -0.017834827304 1.924453020096 0
0.028937097639 0.338185280561 1.928891539574 0
0.008971976116 0.519758164883 1.945413947105 0
0.198469564319 0.201708152890 1.908539772034 0
0.240112870932 -0.064222678542 1.896667242050 0
0.295205295086 -0.271516919136 1.816061377525 0
0.289770424366 -0.363442748785 1.763889670372 0
-0.143405109644 0.231292203069 1.947858214378 0
-0.285062283278 0.082722187042 2.010108470917 0
-0.238568216562 -0.027082024142 1.798654556274 0
-0.202599003911 -0.058685060591 1.719532132149 0
0.099011473358 -0.157838821411 1.850455164909 0
0.134052276611 -0.507563531399 1.861368894577 0
0.117578797042 -0.766482234001 1.949241042137 0
0.192431986332 -0.791785538197 1.933998227119 0
-0.055089969188 -0.154672086239 1.869293451309 0
-0.087322637439 -0.510099411011 1.863626003265 0
-0.098584510386 -0.828668773174 1.945578932762 0
-0.109584301710 -0.899880349636 1.883064627647 0
0.021766930819 -0.078414127231 1.874119520187 0
0.027417141944 -0.016694920138 1.926712036133 0
0.028250737116 0.338638603687 1.928354144096 0
0.002367383335 0.520790815353 1.940667867661 0
0.196764186025 0.204509660602 1.906585693359 0
0.238332808018 -0.062219649553 1.894307971001 0
0.293042033911 -0.270013391972 1.814129710197 0
0.286616235971 -0.362678319216 1.764233708382 0
-0.144426673651 0.231144264340 1.948642492294 0
-0.284791141748 0.082154951990 2.010244131088 0
-0.245412588120 -0.030388232321 1.820817947388 0
-0.210292756557 -0.058747105300 1.734313607216 0
0.097868286073 -0.156152307987 1.854961633682 0
0.135153323412 -0.506264507771 1.862658143044 0
0.116654261947 -0.780219376087 1.953211188316 0
0.142704889178 -0.835653543472 1.916113018990 0
-0.056565139443 -0.154370337725 1.875450134277 0
-0.087203748524 -0.509312152863 1.866807341576 0
-0.098597906530 -0.828781664371 1.945357561111 0
-0.109810851514 -0.899727523327 1.882233500481 0
0.020290380344 -0.076907016337 1.878447532654 0
0.026817204431 -0.015130379237 1.929175138474 0
0.027229569852 0.339131087065 1.927421927452 0
-0.004486618564 0.521639525890 1.934783697128 0
0.194448381662 0.207689359784 1.904697775841 0
0.235833108425 -0.059479501098 1.892393350601 0
0.289443701506 -0.267738223076 1.812852978706 0
0.281012684107 -0.360999077559 1.765572547913 0
-0.145643979311 0.231213971972 1.949436306953 0
-0.284736722708 0.081783972681 2.010637998581 0
-0.248971089721 -0.037436973304 1.834629535675 0
-0.217252641916 -0.072107993066 1.748398065567 0
0.096448980272 -0.154255047441 1.859282135963 0
0.135570570827 -0.505545914173 1.863628387451 0
0.117080479860 -0.787627160549 1.952286958694 0
0.136703655124 -0.843094646931 1.910528063774 0
-0.058654818684 -0.153284713626 1.883850812912 0
-0.086437053978 -0.508441150188 1.871923685074 0
-0.098761752248 -0.828800439835 1.945584654808 0
-0.110108911991 -0.899561643600 1.882053017616 0
0.019015511498 -0.075578272343 1.882061004639 0
0.026178775355 -0.013677160256 1.931240797043 0
0.026141725481 0.339587122202 1.926479697227 0
-0.009903956205 0.522378623486 1.929955124855 0
0.192296132445 0.210429400206 1.903230905533 0
0.233773663640 -0.057428155094 1.891142368317 0
0.286156356335 -0.265933126211 1.812021493912 0
0.276141881943 -0.359716862440 1.766779541969 0
-0.146986424923 0.231499895453 1.950276970863 0
-0.284702301025 0.081479750574 2.011003494263 0
-0.248695746064 -0.046508364379 1.832278251648 0
-0.216980531812 -0.094167828560 1.749470949173 0
0.095301106572 -0.152715340257 1.862581610680 0
0.135890260339 -0.505045771599 1.864409089088 0
0.117477811873 -0.793222486973 1.950473546982 0
0.132476970553 -0.848496556282 1.905147671700 0
-0.060170333833 -0.152380093932 1.890043020248 0
-0.085373751819 -0.507618129253 1.878233671188 0
-0.099017612636 -0.828675687313 1.947031617165 0
-0.110431984067 -0.899354755878 1.882269501686 0
0.017617115751 -0.074442416430 1.886053681374 0
0.025353288278 -0.012329135090 1.933227896690 0
0.025035886094 0.339952707291 1.925615072250 0
-0.014730116352 0.522988915443 1.925072550774 0
0.190241709352 0.212790265679 1.902139067650 0
0.232094034553 -0.055982857943 1.890356898308 0
0.282291412354 -0.264414817095 1.810953140259 0
0.270652711391 -0.358865767717 1.767711997032 0
-0.148453161120 0.231721922755 1.951209902763 0
-0.284002095461 0.077657535672 2.011133432388 0
-0.244302898645 -0.088564313948 1.816305160522 0
-0.212659731507 -0.127881363034 1.745494365692 0
0.094059087336 -0.151361778378 1.866104960442 0
0.136056333780 -0.504806458950 1.864962935448 0
0.117934748530 -0.798601686954 1.946867942810 0
0.129168778658 -0.853015542030 1.898598074913 0
-0.061675742269 -0.151800230145 1.896249413490 0
-0.084020778537 -0.507756829262 1.889127612114 0
-0.099351964891 -0.828169345856 1.952602028847 0
-0.111073046923 -0.898942232132 1.884252548218 0
0.016527162865 -0.073725886643 1.889229416847 0
0.024650197476 -0.011345652863 1.934756040573 0
0.024003710598 0.340219080448 1.924898028374 0
-0.018216600642 0.523342072964 1.921180486679 0
0.188573166728 0.214635089040 1.901394486427 0
0.230770394206 -0.054856907576 1.889826416969 0
0.279636442661 -0.263311356306 1.809855461121 0
0.267202794552 -0.357746124268 1.768278479576 0
-0.150129660964 0.231313914061 1.952318191528 0
-0.277487546206 0.058605715632 2.012604475021 0
-0.246004387736 -0.100628457963 1.819414258003 0
-0.223261460662 -0.164894893765 1.763103246689 0
0.093091666698 -0.150430813432 1.868960022926 0
0.135987743735 -0.506481528282 1.866136074066 0
0.118520870805 -0.802659094334 1.944055795670 0
0.127102434635 -0.856432616711 1.893557548523 0
-0.062710002065 -0.151593908668 1.900573849678 0
-0.083130002022 -0.507849633694 1.896674394608 0
-0.099618211389 -0.827715396881 1.957967281342 0
-0.111767746508 -0.898548722267 1.886820316315 0
0.015619014390 -0.073285579681 1.891750574112 0
0.024003846571 -0.010628526099 1.935922265053 0
0.023003000766 0.340394675732 1.924316644669 0
-0.020868670195 0.523598313332 1.917717814445 0
0.187062650919 0.216167226434 1.900910496712 0
0.229708433151 -0.053992833942 1.889474391937 0
0.277706861496 -0.262550890446 1.809338092804 0
0.264584958553 -0.357394695282 1.768686175346 0
-0.151747196913 0.230686128139 1.953426241875 0
-0.264077723026 0.031345583498 2.015247583389 0
-0.253359675407 -0.130579218268 1.822373270988 0
-0.251480907202 -0.216505408287 1.770018100739 0
0.092246808112 -0.149776607752 1.871312975883 0
0.135797977448 -0.507378518581 1.866954445839 0
0.118909709156 -0.805522263050 1.942095875740 0
0.125585094094 -0.858994960785 1.889810800552 0
-0.063465587795 -0.151541009545 1.903592705727 0
-0.082670174539 -0.508195877075 1.902527928352 0
-0.099816404283 -0.827517032623 1.961812376976 0
-0.112357147038 -0.898237526417 1.889007091522 0
0.014798995107 -0.073029868305 1.893865108490 0
0.023406194523 -0.010098891333 1.936732053757 0
0.022039141506 0.340543836355 1.923874139786 0
-0.023010382429 0.524025321007 1.913881421089 0
0.185472905636 0.217631652951 1.900585412979 0
0.228800907731 -0.053281027824 1.889252543449 0
0.276474475861 -0.262106657028 1.809565186501 0
0.262812912464 -0.357220023870 1.769537448883 0
-0.153635770082 0.229651331902 1.954843044281 0
-0.236832916737 -0.008649596013 2.006791591644 0
-0.278983175755 -0.198836803436 1.838687300682 0
-0.308100312948 -0.295271068811 1.791801452637 0
0.091417729855 -0.149280428886 1.873412132263 0
0.135565698147 -0.507880389690 1.867833256721 0
0.118774227798 -0.807035386562 1.941640615463 0
0.124114654958 -0.860706865788 1.888029098511 0
-0.064081184566 -0.151602864265 1.905821084976 0
-0.082679376006 -0.508776843548 1.907041907310 0
-0.100105188787 -0.827534675598 1.964240431786 0
-0.112935096025 -0.898011863232 1.890586376190 0
0.014068717137 -0.072883941233 1.895587444305 0
0.022838324308 -0.009681503288 1.937369108200 0
0.021119240671 0.340675413609 1.923535346985 0
-0.024513399228 0.524468839169 1.910533428192 0
0.184126809239 0.218762367964 1.900299072266 0
0.228035196662 -0.052715416998 1.889096856117 0
0.275365084410 -0.261767685413 1.809853076935 0
0.261353105307 -0.357153892517 1.770446062088 0
-0.155150756240 0.228770077229 1.956040859222 0
-0.223340347409 -0.029324518517 1.997422337532 0
-0.285431295633 -0.221923664212 1.846113562584 0
-0.324093878269 -0.324770569801 1.809802532196 0
0.090630464256 -0.148909568787 1.875201940536 0
0.135178968310 -0.508200407028 1.868980646133 0
0.118555039167 -0.808094084263 1.942008018494 0
0.122938774526 -0.861939311028 1.887442708015 0
-0.064580835402 -0.151683330536 1.907464981079 0
-0.082819901407 -0.509056627750 1.909857749939 0
-0.100416906178 -0.827620327473 1.965590953827 0
-0.113477088511 -0.897839426994 1.891600131989 0
0.013373171911 -0.072817370296 1.897007226944 0
0.022274024785 -0.009346605279 1.937872767448 0
0.020154261962 0.340811550617 1.923278570175 0
-0.025509361178 0.524927914143 1.907468676567 0
0.182697027922 0.219747602940 1.899925351143 0
0.227220356464 -0.052175637335 1.888994455338 0
0.274190455675 -0.261464804411 1.810366153717 0
0.259978145361 -0.357137829065 1.771575450897 0
-0.156363680959 0.228116065264 1.957073450089 0
-0.212895989418 -0.043712615967 1.984818100929 0
-0.296182274818 -0.286002635956 1.859411597252 0
-0.342113614082 -0.387693285942 1.841396808624 0
0.089755974710 -0.148614674807 1.876783013344 0
0.134336143732 -0.508813619614 1.871015429497 0
0.118178740144 -0.809107720852 1.943627238274 0
0.121805019677 -0.863063991070 1.887710809708 0
-0.064985610545 -0.151758804917 1.908687829971 0
-0.083145298064 -0.509121835232 1.911388516426 0
-0.100711002946 -0.827729880810 1.966090321541 0
-0.113977000117 -0.897712111473 1.892034292221 0
0.012153608724 -0.073181830347 1.898534536362 0
0.021284135059 -0.009256779216 1.938364624977 0
0.018761372194 0.340827554464 1.923132181168 0
-0.025953136384 0.525015711784 1.903351426125 0
0.180943593383 0.220463290811 1.899275183678 0
0.225547417998 -0.051682285964 1.888689517975 0
0.271904647350 -0.261447966099 1.811437129974 0
0.257605850697 -0.357636630535 1.773860216141 0
-0.157350838184 0.227594718337 1.957956671715 0
-0.203717619181 -0.059630900621 1.967410206795 0
-0.290690749884 -0.318506240845 1.872547745705 0
-0.318370193243 -0.433604985476 1.885870695114 0
0.088058046997 -0.148693621159 1.878604888916 0
0.132094860077 -0.510082781315 1.875583887100 0
0.117573417723 -0.810279071331 1.947502255440 0
0.120463505387 -0.864473938942 1.889241099358 0
-0.065590620041 -0.152038753033 1.909764409065 0
-0.090689636767 -0.517362475395 1.913471937180 0
-0.101121284068 -0.828229188919 1.965420961380 0
-0.114318422973 -0.897659659386 1.891724109650 0
0.009629452601 -0.074303910136 1.900321841240 0
0.019090866670 -0.009658152238 1.938881516457 0
0.016940753907 0.340653657913 1.923025012016 0
-0.025988899171 0.524868786335 1.899551391602 0
0.178828477859 0.220923483372 1.898519992828 0
0.221995532513 -0.051101502031 1.887693285942 0
0.266121774912 -0.264203757048 1.811704874039 0
0.252110570669 -0.360585004091 1.776222944260 0
-0.158387631178 0.226962432265 1.958658576012 0
-0.198679581285 -0.067966796458 1.959672570229 0
-0.287854671478 -0.320465415716 1.879911303520 0
-0.295730948448 -0.417431801558 1.881054043770 0
0.084569618106 -0.149540901184 1.880790352821 0
0.129506364465 -0.511402070522 1.880031943321 0
0.117088943720 -0.811457693577 1.950996994972 0
0.119303166866 -0.865916907787 1.890928268433 0
-0.067281953990 -0.152913913131 1.911024451256 0
-0.095500670373 -0.520258605480 1.914177656174 0
-0.101935833693 -0.829216837883 1.963926196098 0
-0.114897072315 -0.897717356682 1.890959858894 0
0.007055363618 -0.075265429914 1.901778340340 0
0.016688182950 -0.010050979443 1.939255714417 0
0.015300414525 0.340493977070 1.922927498817 0
-0.025844814256 0.524647891521 1.896344661713 0
0.177096888423 0.221261918545 1.897958278656 0
0.217788681388 -0.050541050732 1.886517047882 0
0.261517763138 -0.264380574226 1.812295198441 0
0.247550413013 -0.361443042755 1.778271675110 0
-0.159248411655 0.226466059685 1.959150433540 0
-0.196077913046 -0.070633649826 1.957249403000 0
-0.285181134939 -0.312279641628 1.888658761978 0
-0.291305869818 -0.407771050930 1.879423856735 0
0.081079587340 -0.150342509151 1.882594108582 0
0.127573400736 -0.512134194374 1.883047103882 0
0.116697713733 -0.812310516834 1.953361153603 0
0.118354953825 -0.867083728313 1.892246603966 0
-0.069338239729 -0.153633639216 1.912076234818 0
-0.100187413394 -0.518613696098 1.914306640625 0
-0.102269135416 -0.829845547676 1.962877988815 0
-0.115150220692 -0.897748768330 1.890391588211 0
0.004808290862 -0.075782410800 1.902751564980 0
0.014300600626 -0.010214776732 1.939342498779 0
0.013841156848 0.340386152267 1.922817587852 0
-0.025254573673 0.524733304977 1.893582701683 0
0.175557702780 0.221576303244 1.897642016411 0
0.212290599942 -0.049487285316 1.885337233543 0
0.256739258766 -0.263620853424 1.811639189720 0
0.242595568299 -0.361105054617 1.778300523758 0
-0.160106748343 0.226168245077 1.959368705750 0
-0.193120256066 -0.069360710680 1.957565546036 0
-0.283404231071 -0.295145243406 1.901111245155 0
-0.284679383039 -0.378594249487 1.868427634239 0
0.078294932842 -0.150798276067 1.883798599243 0
0.126203373075 -0.512313067913 1.884738326073 0
0.116436973214 -0.812873244286 1.953761339188 0
0.117728821933 -0.867769479752 1.892330646515 0
-0.071423567832 -0.153912365437 1.912710428238 0
-0.102369733155 -0.516925096512 1.914545178413 0
-0.102369129658 -0.829937219620 1.963013768196 0
-0.115261204541 -0.897751688957 1.890496492386 0
0.003039377974 -0.076083026826 1.903413057327 0
0.012290664949 -0.010274345055 1.939314603806 0
0.012630898505 0.340303868055 1.922727704048 0
-0.024630568922 0.524883270264 1.891457676888 0
0.174321904778 0.221825361252 1.897473335266 0
0.208078086376 -0.048619329929 1.884612679482 0
0.252340853214 -0.262636572123 1.809921145439 0
0.237651109695 -0.360370308161 1.776843070984 0
-0.160928457975 0.225970432162 1.959432959557 0
-0.191168442369 -0.067116647959 1.958461523056 0
-0.282730221748 -0.287041813135 1.905871748924 0
-0.282942086458 -0.376709669828 1.866047501564 0
0.076226525009 -0.151092216372 1.884618163109 0
0.125283569098 -0.512309014797 1.885515570641 0
0.116235002875 -0.813452184200 1.953649997711 0
0.117224842310 -0.868381738663 1.891986370087 0
-0.073185764253 -0.154009923339 1.913078665733 0
-0.103668428957 -0.515290498734 1.914840102196 0
-0.102428436279 -0.829951703548 1.963680148125 0
-0.115359030664 -0.897758662701 1.891018033028 0
0.001585139078 -0.076273418963 1.903873562813 0
0.010454084724 -0.010279620066 1.939173698425 0
0.011536410078 0.340222775936 1.922623515129 0
-0.023945596069 0.525109589100 1.889774441719 0
0.173292130232 0.221993759274 1.897526025772 0
0.205009624362 -0.048011984676 1.884408354759 0
0.249235063791 -0.261841595173 1.808523654938 0
0.232786506414 -0.359224498272 1.774131774902 0
-0.161964401603 0.225792676210 1.959175825119 0
-0.190785557032 -0.065152421594 1.958815813065 0
-0.282416999340 -0.280760526657 1.906731009483 0
-0.281081825495 -0.370165854692 1.860827922821 0
0.074649415910 -0.151309221983 1.885206699371 0
0.124443776906 -0.512278795242 1.885291457176 0
0.116160884500 -0.815261483192 1.949764490128 0
0.116773352027 -0.869428157806 1.889053344727 0
-0.074790231884 -0.154031097889 1.913248777390 0
-0.103851199150 -0.514919102192 1.915947437286 0
-0.102774940431 -0.829696834087 1.966520190239 0
-0.115732915699 -0.897722363472 1.892982244492 0
0.000403147074 -0.076442025602 1.904212355614 0
0.008878508583 -0.010308284312 1.939006686211 0
0.010510529391 0.340089380741 1.922507286072 0
-0.023143660277 0.525230765343 1.888353466988 0
0.172396153212 0.222016960382 1.897717237473 0
0.202876284719 -0.047652106732 1.884429574013 0
0.247591808438 -0.261467695236 1.808126568794 0
0.230006024241 -0.358514726162 1.772656083107 0
-0.163024902344 0.225623279810 1.958755373955 0
-0.191167771816 -0.064087375998 1.958545088768 0
-0.282177537680 -0.276694238186 1.904627919197 0
-0.279738903046 -0.366818308830 1.856102108955 0
0.073400631547 -0.151515588164 1.885669350624 0
0.123642846942 -0.512225687504 1.884553551674 0
0.116133004427 -0.816677689552 1.946371674538 0
0.116435408592 -0.870369851589 1.886239647865 0
-0.076133973897 -0.154078468680 1.913308620453 0
-0.103765293956 -0.514900326729 1.917194247246 0
-0.103101670742 -0.829559862614 1.968734383583 0
-0.116072714329 -0.897692382336 1.894600868225 0
-0.000597257167 -0.076612681150 1.904452562332 0
0.007461103145 -0.010366071016 1.938780665398 0
0.009560213424 0.339950948954 1.922380208969 0
-0.022073162720 0.525486648083 1.887035131454 0
0.171563044190 0.221920356154 1.898061871529 0
0.201411440969 -0.047445628792 1.884590744972 0
0.246442496777 -0.261216402054 1.807873725891 0
0.227740585804 -0.357847630978 1.771141409874 0
-0.164138942957 0.225506141782 1.958143949509 0
-0.192450463772 -0.062903538346 1.957163572311 0
-0.281590789557 -0.272981077433 1.895457625389 0
-0.278451949358 -0.365607649088 1.850234389305 0
0.072383575141 -0.151725292206 1.886052966118 0
0.122972443700 -0.512697875500 1.883920907974 0
0.116084836423 -0.817281007767 1.945396304131 0
0.116217322648 -0.871002674103 1.885096311569 0
-0.077344529331 -0.154189482331 1.913213968277 0
-0.103691026568 -0.515167415142 1.918391346931 0
-0.103323020041 -0.829564690590 1.970144271851 0
-0.116279795766 -0.897694647312 1.895681500435 0
-0.001416423474 -0.076741598547 1.904623985291 0
0.006289211102 -0.010402329266 1.938559770584 0
0.008738942444 0.339845299721 1.922278285027 0
-0.020901929587 0.525880396366 1.885887145996 0
0.170868828893 0.221832573414 1.898384690285 0
0.200301170349 -0.047308377922 1.884741663933 0
0.245612666011 -0.261047482491 1.807748675346 0
0.226228654385 -0.357397556305 1.770137429237 0
-0.165110558271 0.225490853190 1.957547545433 0
-0.194017395377 -0.061738178134 1.955501437187 0
-0.280864775181 -0.270333528519 1.886374473572 0
-0.277131676674 -0.364779591560 1.844067215919 0
0.071570374072 -0.151891291142 1.886353492737 0
0.122483298182 -0.512912094593 1.883723139763 0
0.116039671004 -0.817462384701 1.945433259010 0
0.116063110530 -0.871344566345 1.885007381439 0
-0.078353345394 -0.154253125191 1.913051128387 0
-0.103671491146 -0.515415668488 1.919205665588 0
-0.103470504284 -0.829621076584 1.970710873604 0
-0.116414330900 -0.897688269615 1.896152734756 0
-0.002080889884 -0.076840572059 1.904736757278 0
0.005309739150 -0.010423104279 1.938335418701 0
0.007875133306 0.339817315340 1.922216057777 0
-0.019376061857 0.526625990868 1.884939908981 0
0.170277193189 0.221748650074 1.898652315140 0
0.199459344149 -0.047225188464 1.884870409966 0
0.245157435536 -0.260968565941 1.807796120644 0
0.225791603327 -0.357318699360 1.770023465157 0
-0.165983259678 0.225579857826 1.956931352615 0
-0.196407094598 -0.060628090054 1.953505396843 0
-0.279740005732 -0.268003582954 1.876138210297 0
-0.274035185575 -0.362809002399 1.831874966621 0
0.070935785770 -0.152018502355 1.886590957642 0
0.121805451810 -0.512876510620 1.884079456329 0
0.115739785135 -0.817425012589 1.947623968124 0
0.115719981492 -0.871964991093 1.886138081551 0
-0.079154334962 -0.154284015298 1.912787318230 0
-0.103793233633 -0.515490293503 1.919368624687 0
-0.103838428855 -0.829880833626 1.970251917839 0
-0.116625748575 -0.897667646408 1.895966172218 0
-0.002628648654 -0.076922722161 1.904812455177 0
0.004509159829 -0.010440081358 1.938130736351 0
0.007060690317 0.339808940887 1.922165155411 0
-0.017990851775 0.527295172215 1.884228706360 0
0.169764026999 0.221645042300 1.898855924606 0
0.198816746473 -0.047213301063 1.884995102882 0
0.244840040803 -0.260944217443 1.807913303375 0
0.225511968136 -0.357290416956 1.769990801811 0
-0.166736826301 0.225678488612 1.956385493279 0
-0.198717951775 -0.059615395963 1.951914191246 0
-0.278881877661 -0.266154557467 1.868969678879 0
-0.271177232265 -0.360392212868 1.821500778198 0
0.070424526930 -0.152125105262 1.886777997017 0
0.120943516493 -0.512894153595 1.884894967079 0
0.115364521742 -0.817073106766 1.951355934143 0
0.115288041532 -0.872700989246 1.888435840607 0
-0.079807251692 -0.154310509562 1.912510752678 0
-0.104077018797 -0.515618681908 1.919344067574 0
-0.104431182146 -0.830289423466 1.969046354294 0
-0.116965703666 -0.897635996342 1.895341277122 0
-0.003139693756 -0.077063225210 1.904817819595 0
0.003789832350 -0.010526421480 1.937885284424 0
0.006321255118 0.339775592089 1.922103166580 0
-0.016697490588 0.527712523937 1.883683681488 0
0.169254198670 0.221402257681 1.898967266083 0
0.198272988200 -0.047356337309 1.885185956955 0
0.244684055448 -0.261150926352 1.808496594429 0
0.225625798106 -0.357556134462 1.770517468452 0
-0.167447954416 0.225741609931 1.955898165703 0
-0.201888680458 -0.058658167720 1.950845599174 0
-0.278376787901 -0.263989984989 1.862941741943 0
-0.269289046526 -0.357650041580 1.813582658768 0
0.069975279272 -0.152281194925 1.886915087700 0
0.119442932308 -0.513485848904 1.887187480927 0
0.115070395172 -0.816937565804 1.955069899559 0
0.114923402667 -0.873444497585 1.890866994858 0
-0.080440849066 -0.154449045658 1.912118673325 0
-0.104949384928 -0.516002595425 1.918828248978 0
-0.105095259845 -0.830887854099 1.967133998871 0
-0.117348521948 -0.897647380829 1.894247770309 0
-0.003562000347 -0.077191241086 1.904787898064 0
0.003193654353 -0.010610808618 1.937650203705 0
0.005697384477 0.339745461941 1.922048211098 0
-0.015630844980 0.528037726879 1.883272647858 0
0.168817192316 0.221183642745 1.899070739746 0
0.197819262743 -0.047501102090 1.885398507118 0
0.244804546237 -0.261532574892 1.809812426567 0
0.226292967796 -0.358040183783 1.771819829941 0
-0.168063879013 0.225788608193 1.955460309982 0
-0.204731732607 -0.057955797762 1.950258851051 0
-0.278015255928 -0.262751430273 1.858890891075 0
-0.268143832684 -0.356154978275 1.808727979660 0
0.069613419473 -0.152417659760 1.887015223503 0
0.118181921542 -0.514032423496 1.889126181602 0
0.114831171930 -0.816922008991 1.957553625107 0
0.114611133933 -0.874048531055 1.892690896988 0
-0.080972254276 -0.154589056969 1.911683678627 0
-0.105751819909 -0.516334295273 1.918304920197 0
-0.105599328876 -0.831351995468 1.965674877167 0
-0.117667630315 -0.897665977478 1.893310070038 0
-0.003867855994 -0.077266328037 1.904722094536 0
0.002685443964 -0.010659410618 1.937422513962 0
0.005156061146 0.339730501175 1.922006607056 0
-0.014718692750 0.528317928314 1.882954120636 0
0.168427512050 0.221099182963 1.899404406548 0
0.197387143970 -0.047515343875 1.885901808739 0
0.245392143726 -0.261705845594 1.812346577644 0
0.227828070521 -0.358347326517 1.774422049522 0
-0.168674334884 0.225840240717 1.954906344414 0
-0.207313716412 -0.057123623788 1.950170397758 0
-0.277791887522 -0.261494100094 1.857683062553 0
-0.267776519060 -0.354858726263 1.807435154915 0
0.069395139813 -0.152487635612 1.887080550194 0
0.117328166962 -0.514258146286 1.890177845955 0
0.114742398262 -0.817078411579 1.957718253136 0
0.114500403404 -0.874253034592 1.892771363258 0
-0.081383533776 -0.154669463634 1.911100745201 0
-0.105978749692 -0.516515612602 1.918109774590 0
-0.105700157583 -0.831395030022 1.965658545494 0
-0.117734283209 -0.897672355175 1.893302917480 0
