-0.019573930651 -0.039329614490 2.113089799881 0
-0.020313989371 0.024975720793 2.166506290436 0
-0.022363619879 0.384313523769 2.156915426254 0
-0.025696745142 0.579112052917 2.112711429596 0
0.147310271859 0.281482428312 2.170003175735 0
0.250116169453 0.168916970491 1.950821757317 0
0.207993492484 0.475185513496 1.877233624458 0
0.207042753696 0.552179217339 1.864557981491 0
-0.197238296270 0.271062344313 2.167366743088 0
-0.250327497721 -0.004514129367 2.154559612274 0
-0.280822098255 -0.222271874547 2.057066440582 0
-0.277021676302 -0.319947689772 2.024486541748 0
0.058922182769 -0.114732138813 2.097807407379 0
0.080487512052 -0.537356555462 2.153435707092 0
0.068949952722 -0.843245208263 2.215458631516 0
0.059212412685 -0.909634351730 2.145501136780 0
-0.096296951175 -0.118261419237 2.106184482574 0
-0.120223969221 -0.542834937572 2.155272006989 0
-0.123717248440 -0.849259674549 2.223922491074 0
-0.091018699110 -0.927919387817 2.224733591080 0
-0.019852293655 -0.039368022233 2.113260507584 0
-0.020322125405 0.024932229891 2.166619300842 0
-0.022617958486 0.384274929762 2.157320022583 0
-0.025704812258 0.579178810120 2.112873315811 0
0.142917081714 0.282617419958 2.161988735199 0
0.270484209061 0.253559440374 1.905228614807 0
0.195939645171 0.488895177841 2.031194686890 0
0.207621872425 0.557907462120 2.069608688354 0
-0.197399795055 0.271119505167 2.167437791824 0
-0.250744193792 -0.004029851407 2.154179334641 0
-0.280978381634 -0.223305344582 2.063737154007 0
-0.278168857098 -0.322016000748 2.033636093140 0
0.058429926634 -0.114711515605 2.097993850708 0
0.080163940787 -0.536375701427 2.153795242310 0
0.068974271417 -0.843310356140 2.215485334396 0
0.059212494642 -0.909643828869 2.145463228226 0
-0.096681192517 -0.118240758777 2.106461524963 0
-0.120604224503 -0.541592240334 2.155360698700 0
-0.123741343617 -0.849272966385 2.223927736282 0
-0.090385019779 -0.927983462811 2.225947856903 0
-0.020381605253 -0.039450395852 2.113488197327 0
-0.020349794999 0.024881651625 2.166731595993 0
-0.022856706753 0.384253859520 2.157684326172 0
-0.025822168216 0.579255223274 2.113038063049 0
0.137453138828 0.284012734890 2.153204917908 0
0.273345857859 0.268007904291 1.899023890495 0
0.189958438277 0.454697787762 2.036026716232 0
0.203535407782 0.523784101009 2.075229644775 0
-0.197587132454 0.271206408739 2.167538166046 0
-0.251136004925 -0.003629151499 2.153987884521 0
-0.281130611897 -0.223981171846 2.068588256836 0
-0.278934240341 -0.323056578636 2.038810968399 0
0.057252440602 -0.114626616240 2.098108530045 0
0.079849205911 -0.535483539104 2.154118776321 0
0.068996571004 -0.843365728855 2.215514183044 0
0.059193678200 -0.909651458263 2.145425319672 0
-0.097315013409 -0.118189916015 2.106945276260 0
-0.120943121612 -0.540501415730 2.155488967896 0
-0.123766966164 -0.849287629128 2.223936557770 0
-0.089908003807 -0.928031384945 2.226891040802 0
-0.020924190059 -0.039555765688 2.113701105118 0
-0.020376043394 0.024821765721 2.166837453842 0
-0.023076128215 0.384230017662 2.158012628555 0
-0.026163419709 0.579227447510 2.113167524338 0
0.133623152971 0.285024553537 2.147029161453 0
0.274581283331 0.275809168816 1.896036148071 0
0.196097791195 0.468162953854 2.057799339294 0
0.203329458833 0.577713787556 2.096201658249 0
-0.197758182883 0.271298617125 2.167653560638 0
-0.251483798027 -0.003360814881 2.153931617737 0
-0.281170934439 -0.224552646279 2.071974515915 0
-0.279350161552 -0.323755800724 2.041976928711 0
0.056054644287 -0.114541739225 2.098128080368 0
0.079579472542 -0.534723043442 2.154396533966 0
0.069020867348 -0.843417108059 2.215543746948 0
0.059165738523 -0.909658193588 2.145387411118 0
-0.097912341356 -0.118147954345 2.107440471649 0
-0.121222451329 -0.539601624012 2.155670881271 0
-0.123822510242 -0.849342405796 2.223979473114 0
-0.089542828500 -0.928134500980 2.227671861649 0
-0.021603342146 -0.039632916451 2.113937377930 0
-0.020414222032 0.024776117876 2.166947364807 0
-0.023490497842 0.384297043085 2.158521413803 0
-0.031446542591 0.580150067806 2.114780426025 0
0.130711451173 0.285973668098 2.142774343491 0
0.275167137384 0.279210865498 1.894401669502 0
0.189167141914 0.492521464825 2.048633575439 0
0.205117002130 0.562786102295 2.072513341904 0
-0.198737114668 0.271587312222 2.168865680695 0
-0.251937329769 -0.003198144026 2.154268264771 0
-0.281692415476 -0.225036397576 2.074430465698 0
-0.279911160469 -0.324124515057 2.043561935425 0
0.054723672569 -0.114339917898 2.097969055176 0
0.079318024218 -0.533946394920 2.154603958130 0
0.069070488214 -0.843481779099 2.215581893921 0
0.059120375663 -0.909667313099 2.145350694656 0
-0.098692558706 -0.118080660701 2.108173131943 0
-0.121466457844 -0.538750052452 2.155946969986 0
-0.123863995075 -0.849398612976 2.224033355713 0
-0.089466311038 -0.928329348564 2.228269815445 0
-0.022305388004 -0.039591215551 2.114191770554 0
-0.020450355485 0.024764897302 2.167068004608 0
-0.024068877101 0.384381383657 2.159218072891 0
-0.038824059069 0.580863237381 2.117847442627 0
0.128926277161 0.286624461412 2.140436172485 0
0.270115047693 0.261050701141 1.905997395515 0
0.204857364297 0.501495718956 1.925255298615 0
0.200762301683 0.577080130577 1.913412809372 0
-0.201196759939 0.271799564362 2.172229528427 0
-0.252378553152 -0.002743872115 2.155654668808 0
-0.282651245594 -0.225121051073 2.076512813568 0
-0.280505686998 -0.324077308178 2.044303417206 0
0.053548756987 -0.113975018263 2.097621917725 0
0.079073660076 -0.533219754696 2.154754161835 0
0.069126106799 -0.843546390533 2.215621709824 0
0.059054136276 -0.909677982330 2.145315170288 0
-0.099559098482 -0.117958590388 2.109143733978 0
-0.121655188501 -0.538018703461 2.156216621399 0
-0.123907133937 -0.849454462528 2.224097728729 0
-0.089333601296 -0.928477466106 2.229023218155 0
-0.023017786443 -0.039508566260 2.114467144012 0
-0.020524285734 0.024764992297 2.167229175568 0
-0.024765878916 0.384425938129 2.160042285919 0
-0.044564157724 0.581396162510 2.120492219925 0
0.127906635404 0.286992877722 2.139296054840 0
0.268508464098 0.258660107851 1.906554341316 0
0.215722516179 0.476411521435 1.835506558418 0
0.211798161268 0.546426415443 1.794672012329 0
-0.203400567174 0.271854490042 2.175297498703 0
-0.252632588148 -0.002316926140 2.157352924347 0
-0.283642083406 -0.224929422140 2.078415870667 0
-0.281140029430 -0.323810517788 2.044851303101 0
0.052554484457 -0.113654471934 2.097314834595 0
0.078906275332 -0.532658755779 2.154855012894 0
0.069199904799 -0.843617558479 2.215659379959 0
0.058999199420 -0.909689962864 2.145282030106 0
-0.100430369377 -0.117834113538 2.110140562057 0
-0.121807374060 -0.537406027317 2.156451463699 0
-0.123929336667 -0.849476993084 2.224149703979 0
-0.110447816551 -0.924358606339 2.197848796844 0
-0.024142296985 -0.039366506040 2.114942073822 0
-0.020755156875 0.024788146839 2.167548179626 0
-0.025510694832 0.384494423866 2.160999774933 0
-0.050835050642 0.581913650036 2.123895645142 0
0.127183780074 0.287225693464 2.138560295105 0
0.267190635204 0.255656272173 1.908330321312 0
0.226891323924 0.447148919106 1.778372526169 0
0.227610468864 0.478494673967 1.700615167618 0
-0.205709770322 0.271641373634 2.178581237793 0
-0.252680063248 -0.002029237105 2.159326076508 0
-0.285350143909 -0.224664613605 2.079872369766 0
-0.282631754875 -0.323126226664 2.044595956802 0
0.051378827542 -0.113348655403 2.097045183182 0
0.078779898584 -0.532257914543 2.154933691025 0
0.069272100925 -0.843682527542 2.215698480606 0
0.058936212212 -0.909702062607 2.145251274109 0
-0.101980999112 -0.117728240788 2.111650943756 0
-0.121895067394 -0.537231862545 2.156647205353 0
-0.123949162662 -0.849496960640 2.224200725555 0
-0.112857006490 -0.923888921738 2.194155931473 0
-0.025398164988 -0.039146918803 2.115512132645 0
-0.021112745628 0.024875149131 2.167986869812 0
-0.026279862970 0.384743362665 2.162050485611 0
-0.056109793484 0.582348585129 2.126892566681 0
0.126626431942 0.287404656410 2.138014554977 0
0.265661358833 0.251288086176 1.911580204964 0
0.227530002594 0.446402728558 1.773342967033 0
0.220465019345 0.481182992458 1.722839832306 0
-0.207436621189 0.271432280540 2.181097984314 0
-0.252577483654 -0.001782352687 2.161174774170 0
-0.288624376059 -0.229753896594 2.078614473343 0
-0.285057783127 -0.325116425753 2.041806936264 0
0.050166420639 -0.113019041717 2.096795082092 0
0.078670211136 -0.531905055046 2.154999256134 0
0.069337666035 -0.843745887280 2.215739011765 0
0.058868668973 -0.909714937210 2.145222663879 0
-0.103707849979 -0.117547146976 2.113395214081 0
-0.121956869960 -0.537086069584 2.156823873520 0
-0.123971678317 -0.849514842033 2.224251985550 0
-0.111711189151 -0.924158096313 2.196074247360 0
-0.026575421914 -0.038906209171 2.116067647934 0
-0.021472644061 0.024986276403 2.168432950974 0
-0.026896337047 0.384978592396 2.162946939468 0
-0.060687001795 0.582350730896 2.129524230957 0
0.126157686114 0.287516027689 2.137547492981 0
0.264958322048 0.252050250769 1.911695241928 0
0.216478019953 0.477774411440 1.822606325150 0
0.196716368198 0.548500359058 1.796486020088 0
-0.208799347281 0.271284431219 2.183157682419 0
-0.252261340618 -0.001537835691 2.162978410721 0
-0.291224658489 -0.233462065458 2.077529191971 0
-0.287153899670 -0.326556533575 2.039602994919 0
0.048997201025 -0.112693794072 2.096538782120 0
0.078549809754 -0.531532883644 2.155053138733 0
0.069397114217 -0.843804299831 2.215780019760 0
0.058795034885 -0.909727692604 2.145195722580 0
-0.105329468846 -0.117358803749 2.115143060684 0
-0.122000306845 -0.536949694157 2.157003879547 0
-0.123996503651 -0.849530935287 2.224310159683 0
-0.104649461806 -0.925823628902 2.209114789963 0
-0.027750533074 -0.038599211723 2.116639137268 0
-0.021856734529 0.025148792192 2.168896198273 0
-0.027397172526 0.385201036930 2.163686513901 0
-0.065893948078 0.581915915012 2.131961822510 0
0.125720426440 0.287555783987 2.137088775635 0
0.264379829168 0.252538144588 1.911898493767 0
0.207597196102 0.486044794321 1.903824329376 0
0.177246809006 0.585975885391 1.912530779839 0
-0.209914311767 0.271192729473 2.184890508652 0
-0.251863390207 -0.001326863887 2.164629220963 0
-0.293483704329 -0.236234486103 2.076607704163 0
-0.289073407650 -0.327416449785 2.037857294083 0
0.047861225903 -0.112348437309 2.096257925034 0
0.078392162919 -0.531074941158 2.155087709427 0
0.069452874362 -0.843857169151 2.215822458267 0
0.058715909719 -0.909739792347 2.145170927048 0
-0.107083566487 -0.117096953094 2.117148876190 0
-0.122026607394 -0.536729693413 2.157234191895 0
-0.124020278454 -0.849545121193 2.224371433258 0
-0.100992508233 -0.926706552505 2.215904474258 0
-0.029041994363 -0.038252241910 2.117244482040 0
-0.022286418825 0.025374099612 2.169371128082 0
-0.027909487486 0.385559499264 2.164283037186 0
-0.071945533156 0.581237196922 2.133981704712 0
0.124432273209 0.287753194571 2.136083841324 0
0.263892203569 0.255773276091 1.913069009781 0
0.189934670925 0.460681408644 2.024632215500 0
0.191504269838 0.535591602325 2.052776336670 0
-0.210920229554 0.271027326584 2.186444282532 0
-0.251325160265 -0.001302010962 2.166201114655 0
-0.296334564686 -0.234173581004 2.081753730774 0
-0.291283547878 -0.326168626547 2.038912296295 0
0.046172916889 -0.111840859056 2.095710039139 0
0.078208670020 -0.530588984489 2.155110836029 0
0.069504879415 -0.843914747238 2.215880870819 0
0.058605391532 -0.909753441811 2.145151615143 0
-0.108847111464 -0.116858564317 2.119492053986 0
-0.122034572065 -0.536467432976 2.157599210739 0
-0.124059200287 -0.849585413933 2.224484205246 0
-0.098541162908 -0.927383899689 2.220474481583 0
-0.030331639573 -0.037913374603 2.117805480957 0
-0.022680455819 0.025599930435 2.169788599014 0
-0.028261100873 0.385874330997 2.164702415466 0
-0.078172944486 0.580631971359 2.135352611542 0
0.122735485435 0.288057148457 2.134772300720 0
0.264163315296 0.261640965939 1.915270090103 0
0.192184880376 0.454286187887 2.049542188644 0
0.197876095772 0.525924563408 2.077318191528 0
-0.211856961250 0.270729601383 2.188014030457 0
-0.250577598810 -0.001774932840 2.167738914490 0
-0.298504084349 -0.233386442065 2.085078239441 0
-0.293379634619 -0.325639873743 2.039896965027 0
0.044061329216 -0.111240103841 2.094907760620 0
0.078034713864 -0.530171215534 2.155127763748 0
0.069570519030 -0.843995034695 2.215959310532 0
0.058473855257 -0.909773051739 2.145140171051 0
-0.110419966280 -0.116692215204 2.121675014496 0
-0.122138813138 -0.536495685577 2.158336400986 0
-0.124097928405 -0.849629700184 2.224637269974 0
-0.115622922778 -0.923680841923 2.197000503540 0
-0.031429920346 -0.037628885359 2.118273973465 0
-0.023023255169 0.025800641626 2.170151233673 0
-0.028555324301 0.386148333549 2.165056705475 0
-0.082492113113 0.580090343952 2.136285305023 0
0.121422432363 0.288324207067 2.133810520172 0
0.264170497656 0.261533707380 1.916471719742 0
0.191441923380 0.456193089485 2.041045904160 0
0.199727162719 0.526132047176 2.077549219131 0
-0.212789028883 0.270311444998 2.189728975296 0
-0.249844461679 -0.002321854467 2.169067859650 0
-0.300243139267 -0.232910573483 2.087503910065 0
-0.295383781195 -0.325361490250 2.040974617004 0
0.042335618287 -0.110768303275 2.094190597534 0
0.077869281173 -0.529787421227 2.155121326447 0
0.069624736905 -0.844129860401 2.216084003448 0
0.058312170208 -0.909809827805 2.145143270493 0
-0.111645385623 -0.116614557803 2.123418092728 0
-0.122214242816 -0.536463916302 2.158995866776 0
-0.124136134982 -0.849684059620 2.224799633026 0
-0.117266565561 -0.923314690590 2.194481611252 0
-0.032379012555 -0.037394370884 2.118676662445 0
-0.023354386911 0.025979962200 2.170486450195 0
-0.028784999624 0.386368244886 2.165348291397 0
-0.085419543087 0.579703748226 2.136958599091 0
0.120554126799 0.288445591927 2.133217811584 0
0.263710796833 0.258622378111 1.918648481369 0
0.202184036374 0.463422894478 1.996981382370 0
0.200173184276 0.541204690933 2.003644227982 0
-0.213528394699 0.269926995039 2.191138744354 0
-0.249196365476 -0.002831646707 2.170215368271 0
-0.301708400249 -0.232533365488 2.089377403259 0
-0.297214508057 -0.325151979923 2.041944742203 0
0.040969539434 -0.110410705209 2.093625783920 0
0.077705509961 -0.529393434525 2.155080318451 0
0.069675683975 -0.844257652760 2.216199874878 0
0.058160942048 -0.909847319126 2.145147085190 0
-0.112661227584 -0.116581186652 2.124812126160 0
-0.122293993831 -0.536362409592 2.159519195557 0
-0.124167487025 -0.849734902382 2.224950075150 0
-0.118588320911 -0.923019051552 2.192411661148 0
-0.033226251602 -0.037190426141 2.119048357010 0
-0.023714043200 0.026151303202 2.170833349228 0
-0.028984362260 0.386562407017 2.165631771088 0
-0.087748564780 0.579317331314 2.137651443481 0
0.120012395084 0.288478344679 2.132963657379 0
0.262181162834 0.253015726805 1.921273589134 0
0.211161911488 0.468169659376 1.912691950798 0
0.208125248551 0.542593717575 1.895481348038 0
-0.214134514332 0.269602507353 2.192339181900 0
-0.248636767268 -0.003337158822 2.171225070953 0
-0.302979797125 -0.232269346714 2.090915918350 0
-0.298884361982 -0.325028300285 2.042832136154 0
0.039862271398 -0.110135011375 2.093188524246 0
0.077559500933 -0.529040277004 2.155033826828 0
0.069724179804 -0.844381868839 2.216305255890 0
0.058028597385 -0.909884452820 2.145148515701 0
-0.113497033715 -0.116558521986 2.125936985016 0
-0.122364111245 -0.536236882210 2.159941673279 0
-0.124194554985 -0.849782645702 2.225091695786 0
-0.119659170508 -0.922779262066 2.190679311752 0
-0.034035518765 -0.037016548216 2.119418382645 0
-0.024142621085 0.026310367510 2.171224832535 0
-0.029194116592 0.386761277914 2.165992975235 0
-0.089707076550 0.578895449638 2.138544797897 0
0.119725398719 0.288438558578 2.132895231247 0
0.261292397976 0.250201374292 1.921348094940 0
0.223097458482 0.454499363899 1.823767900467 0
0.225908353925 0.500598371029 1.762105584145 0
-0.214675128460 0.269282966852 2.193474769592 0
-0.248173713684 -0.003874757560 2.172203540802 0
-0.304457336664 -0.232114210725 2.092600584030 0
-0.301066517830 -0.325110852718 2.044313907623 0
0.038939811289 -0.109939761460 2.092854022980 0
0.077438771725 -0.528746187687 2.154984712601 0
0.069760382175 -0.844501137733 2.216396570206 0
0.057905953377 -0.909922599792 2.145147323608 0
-0.114244602621 -0.116566084325 2.126886129379 0
-0.122427143157 -0.536114513874 2.160278797150 0
-0.124219238758 -0.849818825722 2.225216388702 0
-0.120545811951 -0.922575294971 2.189198255539 0
-0.034806564450 -0.036872003227 2.119782686234 0
-0.024555224925 0.026446744800 2.171606779099 0
-0.029355946928 0.386927932501 2.166333436966 0
-0.091119244695 0.578580379486 2.139238595963 0
0.119478501379 0.288368374109 2.132820367813 0
0.260335564613 0.246690154076 1.921237349510 0
0.216139763594 0.465095818043 1.837918281555 0
0.201728329062 0.528396546841 1.816456556320 0
-0.215141072869 0.268967598677 2.194534540176 0
-0.247780978680 -0.004458178300 2.173136711121 0
-0.305828630924 -0.232041224837 2.093913316727 0
-0.303003221750 -0.325221210718 2.045360326767 0
0.038134120405 -0.109798170626 2.092584848404 0
0.077323980629 -0.528470754623 2.154937505722 0
0.069792285562 -0.844612896442 2.216484308243 0
0.057776518166 -0.909960806370 2.145148277283 0
-0.114977858961 -0.116596430540 2.127779960632 0
-0.122485615313 -0.535976767540 2.160560846329 0
-0.124240592122 -0.849838495255 2.225311517715 0
-0.121344760060 -0.922378301620 2.187876939774 0
-0.035481445491 -0.036740701646 2.120118141174 0
-0.024921149015 0.026573440060 2.171955108643 0
-0.029480734840 0.387069910765 2.166618347168 0
-0.092142522335 0.578348815441 2.139762401581 0
0.119261488318 0.288278520107 2.132747888565 0
0.259430766106 0.243845656514 1.921060323715 0
0.225729987025 0.462400555611 1.885762810707 0
0.178406357765 0.547593891621 1.907264113426 0
-0.215501785278 0.268722414970 2.195413112640 0
-0.247447147965 -0.004973461851 2.173932313919 0
-0.306940764189 -0.231982335448 2.094908714294 0
-0.304562002420 -0.325315147638 2.046167135239 0
0.037459842861 -0.109681062400 2.092370271683 0
0.077167049050 -0.528036952019 2.154864311218 0
0.069821707904 -0.844717204571 2.216566562653 0
0.057649958879 -0.909996867180 2.145148515701 0
-0.115631900728 -0.116616308689 2.128612518311 0
-0.122529283166 -0.535789072514 2.160829067230 0
-0.124260276556 -0.849857509136 2.225402116776 0
-0.122062876821 -0.922198235989 2.186699628830 0
-0.036037638783 -0.036633715034 2.120411872864 0
-0.025212626904 0.026687376201 2.172252893448 0
-0.029558483511 0.387188702822 2.166799306870 0
-0.092894732952 0.578177332878 2.140067100525 0
0.119010955095 0.288235038519 2.132637500763 0
0.258955359459 0.243281602859 1.921365618706 0
0.192365393043 0.443423748016 1.990667104721 0
0.184183046222 0.528595268726 1.987066626549 0
-0.215752393007 0.268518447876 2.196129322052 0
-0.247102588415 -0.005572059657 2.174649715424 0
-0.307632237673 -0.232021600008 2.095512628555 0
-0.305465996265 -0.325420111418 2.046516418457 0
0.036892890930 -0.109582498670 2.092197895050 0
0.077027656138 -0.527678668499 2.154819250107 0
0.069841660559 -0.844834387302 2.216671705246 0
0.057507500052 -0.910036087036 2.145156860352 0
-0.116102173924 -0.116637788713 2.129386425018 0
-0.122679255903 -0.535719037056 2.161307096481 0
-0.124262578785 -0.849886715412 2.225512504578 0
-0.122680626810 -0.922033131123 2.185655593872 0
-0.036527350545 -0.036506503820 2.120681047440 0
-0.025459373370 0.026812292635 2.172516584396 0
-0.029618456960 0.387291610241 2.166933774948 0
-0.093492440879 0.578028619289 2.140240430832 0
0.118686638772 0.288358002901 2.132478713989 0
0.257660537958 0.238364338875 1.923454880714 0
0.187906503677 0.433977544308 2.012834787369 0
0.188725069165 0.516820132732 2.016871690750 0
-0.215955108404 0.268356889486 2.196730852127 0
-0.246777087450 -0.006153938826 2.175246477127 0
-0.308023631573 -0.232077643275 2.095877647400 0
-0.305977672338 -0.325522780418 2.046690940857 0
0.036382418126 -0.109447844326 2.092051267624 0
0.076898977160 -0.527331471443 2.154788017273 0
0.069859229028 -0.844944000244 2.216773986816 0
0.057358294725 -0.910073161125 2.145166397095 0
-0.116489388049 -0.116632997990 2.130072116852 0
-0.122813932598 -0.535640835762 2.161761522293 0
-0.124265901744 -0.849924921989 2.225641250610 0
-0.123259291053 -0.921886801720 2.184724569321 0
-0.036925204098 -0.036437895149 2.120919227600 0
-0.025648701936 0.026900166646 2.172741651535 0
-0.029653830454 0.387373000383 2.167031288147 0
-0.094005204737 0.577875435352 2.140325069427 0
0.118327379227 0.288407772779 2.132253885269 0
0.251007795334 0.207739815116 1.934382438660 0
0.184766158462 0.431293994188 2.010719060898 0
0.179335191846 0.513673245907 2.017188072205 0
-0.216107279062 0.268212765455 2.197246551514 0
-0.246487990022 -0.006646576803 2.175733327866 0
-0.308350205421 -0.232128918171 2.096185684204 0
-0.306439131498 -0.325652360916 2.046901702881 0
0.035975623876 -0.109368294477 2.091954469681 0
0.076804123819 -0.527081668377 2.154797792435 0
0.069889277220 -0.845058917999 2.216872453690 0
0.057215694338 -0.910107910633 2.145173311234 0
-0.116798393428 -0.116650909185 2.130672216415 0
-0.122962266207 -0.535657167435 2.162369728088 0
-0.124262511730 -0.849974691868 2.225788831711 0
-0.123798064888 -0.921748638153 2.183874607086 0
-0.037256788462 -0.036379769444 2.121131420135 0
-0.025816636160 0.026979435235 2.172950983047 0
-0.029682537541 0.387444883585 2.167118072510 0
-0.094429530203 0.577746510506 2.140383481979 0
0.118040420115 0.288393914700 2.132097005844 0
0.240252777934 0.169860497117 1.948861837387 0
0.174168258905 0.417260140181 1.937596321106 0
0.181170597672 0.445731699467 1.940391421318 0
-0.216227948666 0.268088072538 2.197703123093 0
-0.246232897043 -0.007050301414 2.176135540009 0
-0.308619111776 -0.232161030173 2.096422672272 0
-0.306822329760 -0.325755059719 2.047075986862 0
0.035649221390 -0.109302811325 2.091884136200 0
0.076721116900 -0.526844799519 2.154818296432 0
0.069915875793 -0.845167219639 2.216970920563 0
0.057079773396 -0.910140454769 2.145180463791 0
-0.117038287222 -0.116666227579 2.131181001663 0
-0.123061150312 -0.535658240318 2.162892341614 0
-0.124263554811 -0.850039422512 2.225943088531 0
-0.124303460121 -0.921630382538 2.183092832565 0
-0.037538859993 -0.036375474185 2.121337652206 0
-0.025992933661 0.027020102367 2.173178672791 0
-0.029712270945 0.387511849403 2.167223215103 0
-0.094738647342 0.577646195889 2.140424251556 0
0.117769569159 0.288246423006 2.132082223892 0
0.229269057512 0.137664452195 1.935880064964 0
0.178723528981 0.252875477076 1.729403495789 0
0.170133352280 0.281286180019 1.671558856964 0
-0.216327086091 0.267969578505 2.198106288910 0
-0.246004506946 -0.007393782027 2.176479101181 0
-0.308853179216 -0.232185333967 2.096608400345 0
-0.307086348534 -0.325783133507 2.047090530396 0
0.035401500762 -0.109293520451 2.091867208481 0
0.076674304903 -0.526730835438 2.154871463776 0
0.069946177304 -0.845252990723 2.217062234879 0
0.056970771402 -0.910163938999 2.145183801651 0
-0.117218956351 -0.116717509925 2.131594419479 0
-0.123085208237 -0.535691857338 2.163317441940 0
-0.124260760844 -0.850100815296 2.226092815399 0
-0.124754309654 -0.921524882317 2.182374715805 0
-0.037782240659 -0.036373518407 2.121531009674 0
-0.026188060641 0.027053929865 2.173420906067 0
-0.029743537307 0.387567788363 2.167351961136 0
-0.094952322543 0.577573716640 2.140465736389 0
0.117617376149 0.287997722626 2.132268428802 0
0.223090112209 0.074006453156 2.060424566269 0
0.221216529608 0.040156811476 1.783156037331 0
0.229407638311 0.019655453041 1.718406796455 0
-0.216420173645 0.267861992121 2.198486089706 0
-0.245810240507 -0.007659025025 2.176786184311 0
-0.309112727642 -0.232179552317 2.096757888794 0
-0.307385414839 -0.325752556324 2.047006368637 0
0.035202983767 -0.109291434288 2.091862916946 0
0.076639175415 -0.526643931866 2.154922962189 0
0.069976970553 -0.845316290855 2.217136859894 0
0.056889232248 -0.910181462765 2.145183563232 0
-0.117367506027 -0.116767734289 2.131949901581 0
-0.123073697090 -0.535736739635 2.163671731949 0
-0.124254614115 -0.850161373615 2.226238250732 0
-0.125146493316 -0.921434044838 2.181711912155 0
-0.037985831499 -0.036377083510 2.121716022491 0
-0.026377635077 0.027073893696 2.173675537109 0
-0.029768306762 0.387619107962 2.167546272278 0
-0.095059715211 0.577543437481 2.140500783920 0
0.117542579770 0.287580281496 2.132674932480 0
0.217158675194 0.063454136252 2.067888736725 0
0.217898070812 -0.158725082874 1.828269720078 0
0.215099260211 -0.234186664224 1.762310624123 0
-0.216525584459 0.267748951912 2.198875188828 0
-0.245636478066 -0.007866336964 2.177082538605 0
-0.309408485889 -0.232138544321 2.096897840500 0
-0.307725071907 -0.325670808554 2.046885013580 0
0.035054992884 -0.109297432005 2.091868400574 0
0.076615795493 -0.526629686356 2.154981136322 0
0.069998279214 -0.845365583897 2.217203140259 0
0.056814398617 -0.910196959972 2.145183324814 0
-0.117483273149 -0.116831317544 2.132259845734 0
-0.122961498797 -0.536204874516 2.164195060730 0
-0.124241895974 -0.850214421749 2.226377964020 0
-0.125500887632 -0.921354532242 2.181103229523 0
-0.038113486022 -0.036406770349 2.121875524521 0
-0.026509780437 0.027065748349 2.173911809921 0
-0.029785532504 0.387669384480 2.167775392532 0
-0.095142066479 0.577516794205 2.140528678894 0
0.117507115006 0.287191003561 2.133084297180 0
0.206959784031 0.043581195176 2.076761484146 0
0.220791801810 -0.240350916982 1.906857252121 0
0.212943673134 -0.335682630539 1.864224314690 0
-0.216616645455 0.267634868622 2.199228525162 0
-0.245482966304 -0.008049078286 2.177348136902 0
-0.309576958418 -0.232114836574 2.096998929977 0
-0.307914078236 -0.325621485710 2.046815872192 0
0.034969136119 -0.109323889017 2.091876029968 0
0.076533116400 -0.527254104614 2.155318975449 0
0.070012897253 -0.845412135124 2.217268705368 0
0.056739669293 -0.910213530064 2.145184993744 0
-0.117504730821 -0.116932265460 2.132509708405 0
-0.122856386006 -0.536626636982 2.164645195007 0
-0.124223947525 -0.850271701813 2.226517915726 0
-0.125831335783 -0.921285510063 2.180533409119 0
-0.038174539804 -0.036473341286 2.121996402740 0
-0.026576461270 0.027027288452 2.174096345901 0
-0.029772453010 0.387745261192 2.167993545532 0
-0.095169931650 0.577505528927 2.140554666519 0
0.117565296590 0.286827772856 2.133454561234 0
0.196411028504 0.005355574191 2.089799880981 0
0.223419189453 -0.279017448425 2.053002119064 0
0.221709996462 -0.382955253124 2.049441099167 0
-0.216675728559 0.267549365759 2.199562549591 0
-0.245326623321 -0.008266949095 2.177624464035 0
-0.309676855803 -0.232112973928 2.097060441971 0
-0.308032304049 -0.325607389212 2.046756267548 0
0.034926325083 -0.109393499792 2.091894149780 0
0.076539665461 -0.528451800346 2.155716657639 0
0.070005826652 -0.845457553864 2.217327356339 0
0.056641347706 -0.910235106945 2.145188570023 0
-0.117426238954 -0.117109842598 2.132671594620 0
-0.122826702893 -0.537341475487 2.165221214294 0
-0.124214746058 -0.850343823433 2.226664066315 0
-0.126150965691 -0.921230792999 2.179995298386 0
-0.038211591542 -0.036545850337 2.122103214264 0
-0.026611994952 0.026988703758 2.174252510071 0
-0.029649509117 0.387905269861 2.168206214905 0
-0.095141842961 0.577509582043 2.140590906143 0
0.117735110223 0.286487460136 2.133780479431 0
0.195011436939 -0.014741836116 2.108168840408 0
0.227773338556 -0.287631392479 2.113434791565 0
0.224266678095 -0.390707612038 2.121977806091 0
-0.216699555516 0.267491549253 2.199855804443 0
-0.245190590620 -0.008469994180 2.177882432938 0
-0.309875279665 -0.232099771500 2.097115516663 0
-0.308270901442 -0.325565576553 2.046622276306 0
0.034904275090 -0.109483174980 2.091922283173 0
0.076554432511 -0.529647290707 2.156071424484 0
0.069997124374 -0.845496416092 2.217377662659 0
0.056543432176 -0.910255789757 2.145191431046 0
-0.117333188653 -0.117288574576 2.132799386978 0
-0.122841760516 -0.537805616856 2.165644168854 0
-0.124216407537 -0.850416898727 2.226805925369 0
-0.126467794180 -0.921180188656 2.179478406906 0
-0.038245324045 -0.036602005363 2.122200250626 0
-0.026638453826 0.026972673833 2.174386978149 0
-0.029336446896 0.388238459826 2.168349504471 0
-0.094914324582 0.577587127686 2.140614986420 0
0.118207193911 0.286136716604 2.134133815765 0
0.199692636728 -0.022577177733 2.140945672989 0
0.233070746064 -0.285791575909 2.166839361191 0
0.229996994138 -0.388840019703 2.164618968964 0
-0.216639369726 0.267489343882 2.200065135956 0
-0.245096817613 -0.008642440662 2.178167819977 0
-0.310376703739 -0.232044622302 2.097284793854 0
-0.308820098639 -0.325457900763 2.046414613724 0
0.034875463694 -0.109573267400 2.091963768005 0
0.076415456831 -0.530725955963 2.156229734421 0
0.069978974760 -0.845503151417 2.217395544052 0
0.056441109627 -0.910264849663 2.145183086395 0
-0.117291711271 -0.117407366633 2.132905483246 0
-0.122967116535 -0.538248658180 2.166093349457 0
-0.124244205654 -0.850501298904 2.226964712143 0
-0.126779407263 -0.921132445335 2.178980112076 0
-0.038295038044 -0.036646775901 2.122289180756 0
-0.026679404080 0.026966663077 2.174508810043 0
-0.029031898826 0.388566464186 2.168440580368 0
-0.094399556518 0.577793657780 2.140572071075 0
0.118830673397 0.285770416260 2.134544610977 0
0.205272778869 -0.025647293776 2.161256313324 0
0.238851919770 -0.286642014980 2.182383775711 0
0.234134063125 -0.387313902378 2.175462007523 0
-0.216565370560 0.267498552799 2.200242280960 0
-0.245073780417 -0.008786659688 2.178495883942 0
-0.311108857393 -0.231936484575 2.097563743591 0
-0.309624820948 -0.325356125832 2.046387910843 0
0.034822240472 -0.109672985971 2.092017412186 0
0.076236218214 -0.531563103199 2.156255245209 0
0.069953262806 -0.845507860184 2.217407226563 0
0.056343328208 -0.910275936127 2.145172834396 0
-0.117308430374 -0.117477767169 2.132983922958 0
-0.123312599957 -0.538756310940 2.166640281677 0
-0.124278038740 -0.850581467152 2.227119445801 0
-0.127063199878 -0.921085596085 2.178499698639 0
