0.089436851442 -0.067704662681 1.750661849976 0
0.093888372183 -0.012948622927 1.752217411995 0
0.111601620913 0.267099767923 1.752945899963 0
0.108453445137 0.454321175814 1.705407619476 0
0.252073138952 0.206909865141 1.738090276718 0
0.335164308548 0.046286929399 1.816545963287 0
0.132907181978 0.044600408524 1.534294605255 0
0.104727253318 -0.034992765635 1.529846310616 0
-0.048134166747 0.179837733507 1.793510198593 0
-0.104251049459 -0.019337840378 1.762506246567 0
-0.039251133800 0.070275008678 1.549150705338 0
-0.034264974296 0.072646722198 1.536803007126 0
0.157462596893 -0.134693369269 1.728738069534 0
0.203666314483 -0.434176713228 1.794100999832 0
0.210383370519 -0.683477282524 1.840017199516 0
0.191499158740 -0.736234664917 1.775752305984 0
0.019477013499 -0.139815822244 1.766701221466 0
-0.004662729800 -0.462280869484 1.851937651634 0
-0.017653014511 -0.713472783566 1.918613791466 0
-0.041773259640 -0.770246386528 1.860389471054 0
0.090710565448 -0.066901259124 1.750697016716 0
0.095902793109 -0.011752200313 1.754398226738 0
0.111736394465 0.269668102264 1.756799578667 0
0.108106054366 0.456107050180 1.710227608681 0
0.251504540443 0.207089990377 1.740117311478 0
0.334714323282 0.044365983456 1.813634157181 0
-0.052933178842 0.057449996471 1.603082656860 0
-0.080603167415 -0.009566578083 1.637052655220 0
-0.047626968473 0.190039098263 1.801331639290 0
-0.108390457928 0.031113747507 1.709557175636 0
-0.028391484171 0.168751567602 1.534602642059 0
-0.032947249711 0.169903129339 1.558902740479 0
0.158616304398 -0.133242428303 1.729341864586 0
0.203842848539 -0.434870094061 1.793871641159 0
0.210308060050 -0.683330059052 1.839805483818 0
0.191545724869 -0.736166298389 1.775620579720 0
0.021235760301 -0.138938620687 1.765587568283 0
-0.004559584428 -0.462234228849 1.851555585861 0
-0.017690490931 -0.713478982449 1.918626189232 0
-0.041765909642 -0.770359933376 1.860484480858 0
0.091789014637 -0.065834581852 1.750997304916 0
0.097815260291 -0.009907755069 1.758122920990 0
0.110152892768 0.273909270763 1.762940645218 0
0.107858620584 0.457564294338 1.714008927345 0
0.250797510147 0.207029551268 1.742399811745 0
0.334146142006 0.042370114475 1.810176730156 0
0.037350583822 0.103515304625 1.555058240891 0
-0.065186284482 0.017423514277 1.613176822662 0
-0.047918949276 0.192745789886 1.803292393684 0
-0.141091525555 0.024609468877 1.734573960304 0
-0.076977446675 0.170174762607 1.621386051178 0
-0.031152848154 0.271652251482 1.591866254807 0
0.159689486027 -0.131540209055 1.730389714241 0
0.203998818994 -0.435560405254 1.793682456017 0
0.210226818919 -0.683143675327 1.839558243752 0
0.191582068801 -0.736076891422 1.775470614433 0
0.022678487003 -0.137571215630 1.764537096024 0
-0.004466099199 -0.462193399668 1.851214885712 0
-0.017742596567 -0.713498532772 1.918647885323 0
-0.041793592274 -0.770540714264 1.860639452934 0
0.092681393027 -0.065189778805 1.751332283020 0
0.098808929324 -0.008788261563 1.761512875557 0
0.109041422606 0.276761025190 1.767232894897 0
0.107662357390 0.458510905504 1.716773867607 0
0.250142216682 0.206787839532 1.744636535645 0
0.333643913269 0.040793333203 1.807302236557 0
0.022475181147 0.107562541962 1.555885672569 0
-0.072358608246 0.022010974586 1.612251162529 0
-0.044322609901 0.184742614627 1.790834784508 0
-0.149247035384 0.025665460154 1.736564755440 0
-0.081888101995 0.192907795310 1.627678036690 0
-0.034103389829 0.287466168404 1.593842029572 0
0.160567760468 -0.130301222205 1.731284976006 0
0.204137995839 -0.436165481806 1.793518424034 0
0.210148677230 -0.682963550091 1.839318633080 0
0.193328872323 -0.735840439796 1.774766087532 0
0.023818973452 -0.136710196733 1.763808965683 0
-0.004380878061 -0.462152302265 1.850904822350 0
-0.017788028345 -0.713519871235 1.918671250343 0
-0.040207605809 -0.771328806877 1.860907435417 0
0.093558430672 -0.064789183438 1.751767516136 0
0.099634654820 -0.008133871481 1.765113711357 0
0.108746133745 0.278506785631 1.769802451134 0
0.107538096607 0.459210544825 1.718988418579 0
0.250032663345 0.205919235945 1.748675584793 0
0.332976937294 0.039481617510 1.804949760437 0
0.181772381067 -0.052347742021 1.556162357330 0
0.121331751347 -0.108446329832 1.551917314529 0
-0.042420398444 0.182088851929 1.782243251801 0
-0.158872485161 0.036670673639 1.716871380806 0
-0.077933229506 0.217864751816 1.624762892723 0
-0.032036177814 0.317672133446 1.594810485840 0
0.161526411772 -0.129397287965 1.732428789139 0
0.204266160727 -0.436855822802 1.793370604515 0
0.210078835487 -0.682795703411 1.839080095291 0
0.195917710662 -0.735565304756 1.773926615715 0
0.024695403874 -0.136233627796 1.763350009918 0
-0.004299377091 -0.462119460106 1.850626230240 0
-0.017841991037 -0.713552772999 1.918702602386 0
-0.037849765271 -0.772277951241 1.861190557480 0
0.094312459230 -0.064466990530 1.752182364464 0
0.100229531527 -0.007685825229 1.768110275269 0
0.108532652259 0.279715597630 1.771597027779 0
0.107489109039 0.459691107273 1.720637321472 0
0.249815061688 0.205314517021 1.751591801643 0
0.332275301218 0.038352906704 1.803092956543 0
0.225824743509 -0.103591114283 1.562296271324 0
0.156253367662 -0.136434465647 1.545161247253 0
-0.041433267295 0.180978789926 1.776816129684 0
-0.167942941189 0.044126685709 1.730030179024 0
-0.083198040724 0.212288469076 1.632038831711 0
-0.033482804894 0.322188138962 1.597990870476 0
0.162389382720 -0.128652051091 1.733591675758 0
0.204380735755 -0.437460511923 1.793245911598 0
0.210021644831 -0.682650864124 1.838864088058 0
0.198074772954 -0.735358893871 1.773252129555 0
0.025429897010 -0.135817170143 1.762981534004 0
-0.004225884099 -0.462088555098 1.850372314453 0
-0.017895437777 -0.713587641716 1.918734192848 0
-0.035883720964 -0.773052752018 1.861416578293 0
0.094922915101 -0.064322471619 1.752652645111 0
0.100651867688 -0.007617901079 1.771394848824 0
0.108045600355 0.280679225922 1.773522853851 0
0.107564277947 0.460015594959 1.721971392632 0
0.248984679580 0.204817220569 1.753910660744 0
0.331483364105 0.037732020020 1.802039265633 0
0.290429115295 -0.172465607524 1.613141179085 0
0.242617189884 -0.227825894952 1.564725518227 0
-0.040987379849 0.180686399341 1.774354100227 0
-0.180656671524 0.081167921424 1.671872854233 0
-0.060083780438 0.273282438517 1.622791171074 0
-0.025129359215 0.344481021166 1.594811797142 0
0.163081333041 -0.128174126148 1.734789967537 0
0.204483702779 -0.438006401062 1.793151497841 0
0.209973096848 -0.682520925999 1.838667511940 0
0.199580729008 -0.735213696957 1.772764563560 0
0.026026040316 -0.135478585958 1.762695908546 0
-0.004163554404 -0.462061941624 1.850143194199 0
-0.017967475578 -0.713647305965 1.918780207634 0
-0.034560211003 -0.773699879646 1.861640691757 0
0.095465146005 -0.064213395119 1.753094792366 0
0.101158708334 -0.007651936729 1.774153828621 0
0.107883654535 0.281155884266 1.774970293045 0
0.107692010701 0.460224092007 1.723014354706 0
0.248337015510 0.204189240932 1.756271481514 0
0.330687344074 0.036497149616 1.801169276237 0
0.319915175438 -0.174617752433 1.658816695213 0
0.280971735716 -0.222159981728 1.594598054886 0
-0.040844198316 0.180573731661 1.774041652679 0
-0.180897295475 0.087803862989 1.663301825523 0
-0.056292321533 0.282135665417 1.622253417969 0
-0.021686313674 0.352291822433 1.594844102859 0
0.163673564792 -0.127786114812 1.735842466354 0
0.204578354955 -0.438476026058 1.793077826500 0
0.209930241108 -0.682404518127 1.838490843773 0
0.200262829661 -0.735130667686 1.772479295731 0
0.026511736214 -0.135204896331 1.762468695641 0
-0.004113047849 -0.462045878172 1.849938273430 0
-0.018045561388 -0.713717043400 1.918831586838 0
-0.033977665007 -0.774101436138 1.861798882484 0
0.096276782453 -0.063998952508 1.753822445869 0
0.101826645434 -0.007659818977 1.777186274529 0
0.107796892524 0.281330406666 1.776289224625 0
0.107853591442 0.460324048996 1.723800659180 0
0.248024612665 0.207846149802 1.761852741241 0
0.325035542250 0.009504969232 1.794881224632 0
0.327483117580 -0.187452405691 1.677615046501 0
0.301952213049 -0.250380009413 1.621134161949 0
-0.040587984025 0.180233225226 1.774240612984 0
-0.171756789088 0.113397903740 1.636200428009 0
-0.053684521466 0.286416739225 1.622497916222 0
-0.018941570073 0.356958895922 1.595488548279 0
0.164715826511 -0.127073913813 1.737536311150 0
0.204701155424 -0.439043134451 1.793080925941 0
0.209899365902 -0.682308971882 1.838340878487 0
0.200961083174 -0.735045731068 1.772209048271 0
0.027142794803 -0.134904026985 1.762299060822 0
-0.004079621751 -0.462012022734 1.849740028381 0
-0.018118735403 -0.713783919811 1.918880224228 0
-0.033373441547 -0.774476945400 1.861941099167 0
0.097015202045 -0.063850253820 1.754515528679 0
0.102418534458 -0.007746115327 1.779712677002 0
0.107710912824 0.281401008368 1.777397394180 0
0.108042858541 0.460330367088 1.724415421486 0
0.247479468584 0.209022581577 1.764374613762 0
0.323086529970 -0.001755001955 1.792943239212 0
0.331508338451 -0.196803092957 1.693099856377 0
0.314525693655 -0.267882764339 1.643847465515 0
-0.040343359113 0.179859429598 1.774605870247 0
-0.170114904642 0.117866277695 1.631040453911 0
-0.051566250622 0.288971334696 1.622615575790 0
-0.018076360226 0.357247412205 1.598824620247 0
0.165612861514 -0.126549020410 1.739089608192 0
0.204811379313 -0.439541161060 1.793094515800 0
0.209868699312 -0.682219982147 1.838217854500 0
0.201427802444 -0.734978675842 1.772031664848 0
0.027766503394 -0.134616523981 1.762158751488 0
-0.004050208256 -0.461980789900 1.849559903145 0
-0.018191654235 -0.713852107525 1.918929934502 0
-0.032954163849 -0.774768650532 1.862058043480 0
0.097809188068 -0.063807517290 1.755255460739 0
0.103077858686 -0.007962569594 1.782070517540 0
0.107659578323 0.281387567520 1.778321623802 0
0.108305871487 0.460252046585 1.724860548973 0
0.247007280588 0.209133446217 1.765358686447 0
0.321348875761 -0.009646359831 1.792894363403 0
0.334183096886 -0.206324696541 1.711950540543 0
0.325465768576 -0.284339576960 1.672745466232 0
-0.040091056377 0.179541483521 1.774864912033 0
-0.169390171766 0.119632825255 1.628629326820 0
-0.049273338169 0.290127515793 1.622358322144 0
-0.017675632611 0.357925266027 1.600419521332 0
0.166525721550 -0.126186609268 1.740804553032 0
0.204939395189 -0.440011382103 1.793142557144 0
0.209843799472 -0.682125270367 1.838118791580 0
0.201753839850 -0.734905123711 1.771915912628 0
0.028575394303 -0.134306490421 1.762005567551 0
-0.004020624794 -0.461933910847 1.849387526512 0
-0.018252218142 -0.713914215565 1.918974995613 0
-0.032642640173 -0.774991035461 1.862147569656 0
0.098569072783 -0.063870377839 1.755968213081 0
0.103622861207 -0.008237955160 1.783989429474 0
0.107630580664 0.281349152327 1.779023766518 0
0.108751706779 0.459990292788 1.725189089775 0
0.246666073799 0.209090396762 1.766077399254 0
0.320356875658 -0.014719862491 1.792952418327 0
0.335125535727 -0.212661072612 1.727161169052 0
0.329754740000 -0.291092604399 1.687137484550 0
-0.039858676493 0.179351732135 1.774942636490 0
-0.168479964137 0.120873652399 1.626732349396 0
-0.047235988081 0.290103912354 1.622073054314 0
-0.016681907699 0.354787051678 1.602988958359 0
0.167417362332 -0.126133263111 1.742632985115 0
0.205082148314 -0.440509915352 1.793231129646 0
0.209818646312 -0.682030618191 1.838038682938 0
0.202071428299 -0.734821736813 1.771824955940 0
0.029334021732 -0.134047716856 1.761864185333 0
-0.003995041363 -0.461890548468 1.849236607552 0
-0.018306117505 -0.713973045349 1.919018983841 0
-0.032312117517 -0.775198817253 1.862228274345 0
0.099576301873 -0.064060263336 1.756777167320 0
0.104246728122 -0.008590757847 1.785717487335 0
0.107610926032 0.281274616718 1.779574990273 0
0.109530135989 0.459360599518 1.725249409676 0
0.246477797627 0.209632039070 1.766878485680 0
0.319703668356 -0.016489053145 1.792857885361 0
0.335136204958 -0.214565590024 1.739383697510 0
0.333304494619 -0.295564591885 1.710044026375 0
-0.039065960795 0.178720548749 1.774937868118 0
-0.166380301118 0.123009495437 1.624166965485 0
-0.045352160931 0.289191871881 1.621484279633 0
-0.015650231391 0.353497862816 1.604015707970 0
0.168461993337 -0.126159876585 1.744542121887 0
0.205328732729 -0.440798044205 1.793330430984 0
0.209775835276 -0.681917190552 1.837987899780 0
0.202323898673 -0.734719336033 1.771782875061 0
0.030753890052 -0.133773267269 1.761647701263 0
-0.003957297653 -0.461808681488 1.849082589149 0
-0.018347010016 -0.714023292065 1.919055700302 0
-0.031913891435 -0.775390863419 1.862288355827 0
0.100501179695 -0.064391344786 1.757516264915 0
0.104848794639 -0.009053115733 1.787160873413 0
0.107624128461 0.281148880720 1.780024647713 0
0.110267274082 0.458707094193 1.725190162659 0
0.246362343431 0.209656089544 1.767194867134 0
0.319141983986 -0.018658218905 1.792883038521 0
0.334679991007 -0.221416279674 1.749539971352 0
0.334873676300 -0.301564753056 1.722267746925 0
-0.038374863565 0.178122326732 1.775000214577 0
-0.164906278253 0.123294606805 1.623047947884 0
-0.043713979423 0.287172973156 1.620704531670 0
-0.014663030393 0.351206898689 1.604730248451 0
0.169308677316 -0.126402184367 1.746129393578 0
0.205635786057 -0.441109329462 1.793475151062 0
0.209740012884 -0.681815862656 1.837952613831 0
0.202489197254 -0.734636247158 1.771759748459 0
0.031954497099 -0.133612945676 1.761476397514 0
-0.003917459864 -0.461734682322 1.848944425583 0
-0.018384024501 -0.714071750641 1.919091105461 0
-0.031637419015 -0.775533378124 1.862333774567 0
0.101480245590 -0.064750000834 1.758264303207 0
0.105407595634 -0.009487613104 1.788401842117 0
0.107636079192 0.281006604433 1.780407190323 0
0.111055448651 0.457976162434 1.724929332733 0
0.246325775981 0.210206806660 1.767694711685 0
0.318778991699 -0.019404070452 1.792822360992 0
0.334073245525 -0.228126913309 1.756136536598 0
0.335612297058 -0.304603129625 1.729857206345 0
-0.037028335035 0.176638424397 1.774811387062 0
-0.163888141513 0.123026862741 1.622574090958 0
-0.042367249727 0.284935504198 1.619967460632 0
-0.013800480403 0.348671644926 1.605229139328 0
0.170123010874 -0.126592859626 1.747506499290 0
0.205938592553 -0.441419482231 1.793644785881 0
0.209713444114 -0.681742131710 1.837936162949 0
0.202694818377 -0.734559118748 1.771759867668 0
0.033431682736 -0.133623600006 1.761419653893 0
-0.003879715223 -0.461664617062 1.848817944527 0
-0.018410423771 -0.714111030102 1.919117808342 0
-0.031278476119 -0.775673747063 1.862364053726 0
0.102555021644 -0.065469697118 1.759026288986 0
0.106022462249 -0.010199869983 1.789509415627 0
0.107716277242 0.280718624592 1.780705332756 0
0.111971437931 0.457120478153 1.724396944046 0
0.246634975076 0.209430932999 1.768113613129 0
0.318107306957 -0.022777363658 1.793207764626 0
0.334676384926 -0.232415527105 1.760202407837 0
0.336907535791 -0.306612163782 1.735821366310 0
-0.035635072738 0.175025060773 1.774527311325 0
-0.162847682834 0.108663573861 1.633602976799 0
-0.039509005845 0.282843112946 1.618632555008 0
-0.012351173908 0.346500277519 1.604598879814 0
0.170890092850 -0.126969024539 1.748696684837 0
0.206287980080 -0.441767364740 1.793885469437 0
0.209693551064 -0.681687355042 1.837935805321 0
0.202910616994 -0.734489083290 1.771786212921 0
0.034884747118 -0.134063780308 1.761432290077 0
-0.003846510081 -0.461612939835 1.848718523979 0
-0.018432896584 -0.714150190353 1.919143438339 0
-0.030899193138 -0.775800168514 1.862380266190 0
0.103535354137 -0.065940424800 1.759679675102 0
0.106576152146 -0.010699075647 1.790364146233 0
0.107809238136 0.280399709940 1.780936717987 0
0.112909652293 0.456188023090 1.723664879799 0
0.247025951743 0.209917724133 1.768602728844 0
0.317782640457 -0.023293098435 1.793234229088 0
0.334482312202 -0.235163435340 1.762680292130 0
0.337057173252 -0.308034837246 1.739652156830 0
-0.034758396447 0.174251198769 1.774494886398 0
-0.162129849195 0.107367850840 1.634368300438 0
-0.037337649614 0.280967265368 1.617503046989 0
-0.010800345801 0.344263672829 1.604392290115 0
0.171639218926 -0.127160698175 1.749730348587 0
0.206658661366 -0.442090481520 1.794148445129 0
0.209674298763 -0.681633234024 1.837944149971 0
0.203091263771 -0.734421730042 1.771822810173 0
0.036185339093 -0.134380817413 1.761467576027 0
-0.003815131029 -0.461564511061 1.848626852036 0
-0.018449533731 -0.714186966419 1.919166207314 0
-0.030546989292 -0.775908589363 1.862387418747 0
0.104430451989 -0.066140621901 1.760192275047 0
0.107035338879 -0.010945136659 1.790920853615 0
0.107978872955 0.279987007380 1.780990362167 0
0.113942377269 0.455211549997 1.722621202469 0
0.247629180551 0.211415752769 1.769225358963 0
0.317359864712 -0.023227935657 1.793342709541 0
0.333898842335 -0.237200275064 1.764356255531 0
0.336612820625 -0.308973908424 1.742356419563 0
-0.034260053188 0.173982232809 1.774359822273 0
-0.160426318645 0.109328903258 1.632504940033 0
-0.036229517311 0.279186695814 1.616572499275 0
-0.009597886354 0.340202569962 1.604543566704 0
0.172415435314 -0.127185508609 1.750643968582 0
0.207108601928 -0.442326128483 1.794443607330 0
0.209663912654 -0.681603193283 1.837961673737 0
0.203297913074 -0.734374821186 1.771883964539 0
0.037330098450 -0.134485885501 1.761456012726 0
-0.003785854671 -0.461519658566 1.848545074463 0
-0.018469106406 -0.714239358902 1.919196605682 0
-0.030172955245 -0.776026129723 1.862391591072 0
0.105201601982 -0.066301494837 1.760602116585 0
0.107421420515 -0.011131266132 1.791305184364 0
0.108325362206 0.279408723116 1.780869960785 0
0.115118101239 0.454042881727 1.721329927444 0
0.248216792941 0.212730437517 1.769796013832 0
0.316990524530 -0.023041989654 1.793463945389 0
0.333157330751 -0.238660737872 1.765472531319 0
0.335768550634 -0.309494435787 1.744309902191 0
-0.033852919936 0.173807367682 1.774193406105 0
-0.158589452505 0.111977949739 1.630156397820 0
-0.035517867655 0.277658283710 1.615929365158 0
-0.009232891724 0.338778525591 1.604788661003 0
0.173084273934 -0.127204850316 1.751394867897 0
0.207565858960 -0.442530989647 1.794726490974 0
0.209655076265 -0.681566119194 1.837985754013 0
0.203526735306 -0.734311640263 1.771954894066 0
0.038278177381 -0.134585529566 1.761422991753 0
-0.003758164356 -0.461473196745 1.848468065262 0
-0.018487041816 -0.714290678501 1.919225811958 0
-0.029778204858 -0.776132047176 1.862384557724 0
0.105911046267 -0.066408552229 1.760920047760 0
0.107775881886 -0.011257321574 1.791520953178 0
0.108794577420 0.278758943081 1.780555129051 0
0.116202682257 0.453032046556 1.720065593719 0
0.248726412654 0.213853120804 1.770256400108 0
0.316691309214 -0.022773491219 1.793525815010 0
0.332429051399 -0.239749193192 1.766127228737 0
0.334839046001 -0.309750288725 1.745621085167 0
-0.033527512103 0.173692792654 1.774029612541 0
-0.157021179795 0.114435166121 1.628013730049 0
-0.034993108362 0.276673913002 1.615459442139 0
-0.008968950249 0.337731689215 1.605048060417 0
0.173717170954 -0.127194434404 1.752018094063 0
0.208009958267 -0.442701190710 1.794982910156 0
0.209651783109 -0.681529402733 1.838013648987 0
0.203770995140 -0.734245538712 1.772035241127 0
0.039088927209 -0.134668260813 1.761372685432 0
-0.003732058452 -0.461424142122 1.848392486572 0
-0.018517373130 -0.714372158051 1.919269204140 0
-0.029435161501 -0.776251077652 1.862386703491 0
0.106528818607 -0.066499233246 1.761170625687 0
0.108074225485 -0.011361340061 1.791660428047 0
0.109146624804 0.278236716986 1.780280947685 0
0.117082946002 0.452213585377 1.718972086906 0
0.249135658145 0.214891448617 1.770573258400 0
0.316407054663 -0.022325253114 1.793563127518 0
0.331752032042 -0.240291804075 1.766471385956 0
0.333866149187 -0.309658288956 1.746441483498 0
-0.032957755029 0.173429921269 1.773640632629 0
-0.156018167734 0.116361998022 1.626411437988 0
-0.034466389567 0.275608956814 1.614982843399 0
-0.008711384609 0.336661905050 1.605286598206 0
0.174260750413 -0.127178251743 1.752510905266 0
0.208450481296 -0.442820489407 1.795210242271 0
0.209648832679 -0.681492924690 1.838046669960 0
0.204016521573 -0.734183669090 1.772125601768 0
0.039838548750 -0.134735867381 1.761301040649 0
-0.003703184659 -0.461362570524 1.848309993744 0
-0.018539724872 -0.714443445206 1.919303297997 0
-0.029067400843 -0.776361882687 1.862376928329 0
0.107084870338 -0.066752962768 1.761335968971 0
0.108445793390 -0.011596409604 1.791706323624 0
0.109464153647 0.277708768845 1.780032634735 0
0.117853768170 0.451519936323 1.717979788780 0
0.249160483479 0.214620098472 1.770359873772 0
0.320460706949 -0.009822187945 1.795347809792 0
0.331217288971 -0.240134909749 1.766450643539 0
0.333237797022 -0.309499293566 1.746714353561 0
-0.032583698630 0.173149511218 1.773379206657 0
-0.155821263790 0.116409488022 1.626205563545 0
-0.033298853785 0.274588704109 1.614332199097 0
-0.008316077292 0.335812449455 1.605203866959 0
0.174668312073 -0.127295285463 1.752798318863 0
0.208854228258 -0.442927688360 1.795406341553 0
0.209654733539 -0.681465268135 1.838080048561 0
0.204148530960 -0.734149694443 1.772198200226 0
0.040500305593 -0.134943544865 1.761198401451 0
-0.003670057980 -0.461299180984 1.848224163055 0
-0.018561711535 -0.714518010616 1.919334530830 0
-0.028899526224 -0.776433587074 1.862371206284 0
0.107587940991 -0.066939949989 1.761462450027 0
0.108756519854 -0.011778543703 1.791712284088 0
0.109770059586 0.277221590281 1.779797077179 0
0.118483200669 0.450964182615 1.717134118080 0
0.249302819371 0.214808136225 1.770469784737 0
0.322584927082 -0.003077460453 1.796270966530 0
0.330534726381 -0.239668548107 1.765964627266 0
0.332314789295 -0.308867752552 1.746351480484 0
-0.032296005636 0.172933205962 1.773177027702 0
-0.155623167753 0.116215460002 1.626147627831 0
-0.032232709229 0.273759245872 1.613741159439 0
-0.007902828045 0.335058510303 1.605125904083 0
0.175070613623 -0.127362474799 1.753031969070 0
0.209207668900 -0.443145245314 1.795646190643 0
0.209662199020 -0.681435942650 1.838117957115 0
0.204377889633 -0.734104216099 1.772295832634 0
0.041063282639 -0.135125279427 1.761104464531 0
-0.003638311522 -0.461239933968 1.848142981529 0
-0.018582284451 -0.714590013027 1.919363975525 0
-0.028639052063 -0.776525318623 1.862363934517 0
0.108052417636 -0.067023508251 1.761538624763 0
0.109061509371 -0.011896558106 1.791664481163 0
0.110053554177 0.276789724827 1.779580116272 0
0.119039572775 0.450512260199 1.716350793839 0
0.249611154199 0.215406641364 1.770758390427 0
0.323814302683 0.001014137990 1.796764731407 0
0.329877167940 -0.238918721676 1.764760375023 0
0.331237226725 -0.307540208101 1.744874000549 0
-0.032138377428 0.172757580876 1.773067235947 0
-0.155467227101 0.116075538099 1.626084327698 0
-0.031305670738 0.273066133261 1.613216280937 0
-0.007525973488 0.334372162819 1.605020046234 0
0.175506472588 -0.127345129848 1.753195881844 0
0.209503129125 -0.443332761526 1.795863509178 0
0.209676489234 -0.681410908699 1.838183641434 0
0.204638034105 -0.734083712101 1.772447228432 0
0.041541952640 -0.135274752975 1.761005401611 0
-0.003605206497 -0.461185336113 1.848062753677 0
-0.018603185192 -0.714661240578 1.919391036034 0
-0.028397712857 -0.776614129543 1.862358689308 0
0.108458615839 -0.067086748779 1.761592864990 0
0.109346136451 -0.011996919289 1.791594624519 0
0.110302366316 0.276411175728 1.779383778572 0
0.119504623115 0.450134932995 1.715666651726 0
0.249906808138 0.216004192829 1.771036267281 0
0.324594348669 0.003789890558 1.797070384026 0
0.329249411821 -0.238083407283 1.763344407082 0
0.330222994089 -0.306206196547 1.743178367615 0
-0.032026782632 0.172628849745 1.773005962372 0
-0.157700911164 0.101243145764 1.639416933060 0
-0.030485352501 0.272474080324 1.612743496895 0
-0.007167244796 0.333740353584 1.604899764061 0
0.175893664360 -0.127325296402 1.753323316574 0
0.209751546383 -0.443490624428 1.796054482460 0
0.209690734744 -0.681384921074 1.838250517845 0
0.204865157604 -0.734062135220 1.772588133812 0
0.041952285916 -0.135402902961 1.760909438133 0
-0.003572757589 -0.461141914129 1.847987174988 0
-0.018624989316 -0.714730441570 1.919416189194 0
-0.028200825676 -0.776692152023 1.862354636192 0
0.108835585415 -0.067098438740 1.761607408524 0
0.109622627497 -0.012065568939 1.791492819786 0
0.110504381359 0.276069909334 1.779221415520 0
0.119936719537 0.449727207422 1.714968323708 0
0.250204145908 0.216676920652 1.771310448647 0
0.325040638447 0.005454983097 1.797174453735 0
0.328728795052 -0.237296298146 1.761455416679 0
0.329315245152 -0.304566442966 1.740910768509 0
-0.031942714006 0.172488436103 1.772962808609 0
-0.157678976655 0.100919239223 1.639601111412 0
-0.029810488224 0.271957576275 1.612315893173 0
-0.006845625117 0.333142638206 1.604775190353 0
0.176315680146 -0.127243205905 1.753377914429 0
0.209950253367 -0.443623363972 1.796217083931 0
0.209710329771 -0.681357741356 1.838322401047 0
0.205087944865 -0.734043121338 1.772734642029 0
0.042313873768 -0.135507240891 1.760793566704 0
-0.003528651781 -0.461097091436 1.847890734673 0
-0.018643351272 -0.714792370796 1.919435024261 0
-0.028032954782 -0.776764512062 1.862352728844 0
0.109169900417 -0.067087531090 1.761605501175 0
0.109875835478 -0.012114368379 1.791383862495 0
0.110666446388 0.275772392750 1.779087305069 0
0.120293162763 0.449383616447 1.714361071587 0
0.250469565392 0.217309743166 1.771550059319 0
0.325347423553 0.006706685293 1.797218322754 0
0.328350663185 -0.236567765474 1.759763479233 0
0.328650325537 -0.303134322166 1.738936781883 0
-0.031886681914 0.172346502542 1.772937417030 0
-0.157435998321 0.101215429604 1.639053583145 0
-0.029255175963 0.271516144276 1.611953258514 0
-0.006567613222 0.332592338324 1.604645133018 0
0.176706373692 -0.127149477601 1.753403663635 0
0.210124731064 -0.443717211485 1.796345114708 0
0.209729462862 -0.681329250336 1.838389873505 0
0.205278158188 -0.734023511410 1.772865653038 0
0.042627844959 -0.135593369603 1.760675191879 0
-0.003484061221 -0.461058318615 1.847793579102 0
-0.018664857373 -0.714854121208 1.919453024864 0
-0.027902137488 -0.776829481125 1.862353801727 0
0.109472587705 -0.067061439157 1.761589288712 0
0.110109545290 -0.012150665745 1.791273236275 0
0.110767215490 0.275495380163 1.778983116150 0
0.120614469051 0.448966830969 1.713714241982 0
0.250721186399 0.217961862683 1.771762490273 0
0.325549274683 0.007478418760 1.797210693359 0
0.328056603670 -0.235997259617 1.758158922195 0
0.328132927418 -0.301728695631 1.737074613571 0
-0.031842302531 0.172220289707 1.772929906845 0
-0.157197669148 0.101505212486 1.638569831848 0
-0.028815545142 0.271133184433 1.611639142036 0
-0.006325362250 0.332075953484 1.604529023170 0
0.177085563540 -0.127035364509 1.753398060799 0
0.210285604000 -0.443805575371 1.796454548836 0
0.209748610854 -0.681309700012 1.838468790054 0
0.205444425344 -0.734026372433 1.773010611534 0
0.042910512537 -0.135668024421 1.760551929474 0
-0.003427596530 -0.461019814014 1.847674608231 0
-0.018682833761 -0.714908421040 1.919464707375 0
-0.027793329209 -0.776887297630 1.862353682518 0
0.109741218388 -0.067027211189 1.761565327644 0
0.110317870975 -0.012174794450 1.791164636612 0
0.110854245722 0.275249242783 1.778888225555 0
0.120868429542 0.448632329702 1.713151574135 0
0.250943511724 0.218545272946 1.771950125694 0
0.325680315495 0.008009544574 1.797174334526 0
0.327852338552 -0.235398054123 1.756788134575 0
0.327760130167 -0.300517141819 1.735506057739 0
-0.031822893769 0.172097027302 1.772916078568 0
-0.157017931342 0.101763866842 1.638087272644 0
-0.028463369235 0.270801752806 1.611378669739 0
-0.006127639208 0.331598728895 1.604410290718 0
0.177425727248 -0.126925289631 1.753380656242 0
0.210417628288 -0.443879872561 1.796549201012 0
0.209767982364 -0.681293547153 1.838551640511 0
0.205609902740 -0.734036266804 1.773159861565 0
0.043155532330 -0.135734185576 1.760434865952 0
-0.003375466447 -0.460983932018 1.847561120987 0
-0.018699992448 -0.714960396290 1.919474601746 0
-0.027688642964 -0.776942610741 1.862352609634 0
0.109977960587 -0.066992484033 1.761537909508 0
0.110500171781 -0.012193064205 1.791063308716 0
0.110897339880 0.275058805943 1.778819322586 0
0.121073074639 0.448349475861 1.712659955025 0
0.251138597727 0.219114407897 1.772118091583 0
0.325774490833 0.008423771709 1.797131538391 0
0.327728807926 -0.234807401896 1.755618572235 0
0.327530175447 -0.299522757530 1.734213709831 0
-0.031815432012 0.171990931034 1.772900581360 0
-0.156935662031 0.101809680462 1.637863159180 0
-0.028162257746 0.270473480225 1.611139059067 0
-0.005955239758 0.331120699644 1.604280114174 0
0.177729263902 -0.126825049520 1.753355622292 0
0.210538417101 -0.443962365389 1.796636700630 0
0.209786504507 -0.681283652782 1.838633537292 0
0.205765023828 -0.734056651592 1.773305773735 0
0.043369919062 -0.135792747140 1.760322332382 0
-0.003326568985 -0.460957288742 1.847452521324 0
-0.018719522282 -0.715013802052 1.919483900070 0
-0.027597619221 -0.776996552944 1.862352967262 0
0.110197000206 -0.066949859262 1.761503458023 0
0.110640719533 -0.012202648446 1.790981054306 0
0.110903516412 0.274917006493 1.778778672218 0
0.121216177940 0.448088616133 1.712209463120 0
0.251346409321 0.219842150807 1.772305965424 0
0.325772881508 0.008628474548 1.796936392784 0
0.327833950520 -0.234435647726 1.754579544067 0
0.327590703964 -0.298689901829 1.733049869537 0
-0.031801421195 0.171424955130 1.772583007813 0
-0.157072678208 0.101739369333 1.637639641762 0
-0.027938520536 0.270163565874 1.610957622528 0
-0.005864521954 0.330641090870 1.604106068611 0
0.178034216166 -0.126719787717 1.753311038017 0
0.210649594665 -0.444050639868 1.796717762947 0
0.209801539779 -0.681270241737 1.838713049889 0
0.205966338515 -0.734075903893 1.773465752602 0
0.043572876602 -0.135854780674 1.760201931000 0
-0.003276515519 -0.460935115814 1.847341656685 0
-0.018741117790 -0.715061604977 1.919488072395 0
-0.027472987771 -0.777058124542 1.862349867821 0
0.110393412411 -0.066908769310 1.761466860771 0
0.110764496028 -0.012208079919 1.790903925896 0
0.110896170139 0.274807751179 1.778738498688 0
0.121317602694 0.447862952948 1.711827516556 0
0.251520484686 0.220486342907 1.772466063499 0
0.323187202215 0.005144356750 1.795073509216 0
0.327995717525 -0.234329834580 1.753619194031 0
0.327719956636 -0.298081785440 1.732080698013 0
-0.031840424985 0.170918986201 1.772275328636 0
-0.157455176115 0.101278334856 1.637717485428 0
-0.027744229883 0.269851654768 1.610796213150 0
-0.005811431445 0.330151945353 1.603895902634 0
0.178313985467 -0.126625642180 1.753262519836 0
0.210745543242 -0.444132357836 1.796788930893 0
0.209817141294 -0.681258976460 1.838787198067 0
0.206163004041 -0.734096229076 1.773614525795 0
0.043751947582 -0.135913759470 1.760085105896 0
-0.003227289533 -0.460910290480 1.847229957581 0
-0.018758580089 -0.715095043182 1.919485926628 0
-0.027354376391 -0.777101695538 1.862335205078 0
0.110574372113 -0.066881097853 1.761426448822 0
0.110843569040 -0.012212870643 1.790843129158 0
0.110864311457 0.274762749672 1.778701663017 0
0.121356800199 0.447779297829 1.711613655090 0
0.251621335745 0.221178293228 1.772559285164 0
0.323163628578 0.005303719547 1.794928908348 0
0.328478634357 -0.234296023846 1.752672910690 0
0.328207343817 -0.297515481710 1.731130957603 0
-0.031904201955 0.169262498617 1.770428657532 0
-0.164652988315 0.079079575837 1.657838225365 0
-0.028114276007 0.267776489258 1.610849380493 0
-0.006429023109 0.328317761421 1.603494405746 0
0.178581267595 -0.126541063190 1.753209590912 0
0.210827857256 -0.444240927696 1.796860694885 0
0.209827840328 -0.681252896786 1.838876724243 0
0.206521615386 -0.734144628048 1.773835062981 0
0.043936945498 -0.136008247733 1.759959816933 0
-0.003179215826 -0.460893481970 1.847123384476 0
-0.018772531301 -0.715126931667 1.919481992722 0
-0.027064068243 -0.777174293995 1.862311124802 0
0.110810644925 -0.066895574331 1.761359214783 0
0.110904209316 -0.012222519144 1.790755391121 0
0.110808700323 0.274805516005 1.778537869453 0
0.121363244951 0.447832375765 1.711556553841 0
0.251688212156 0.221887350082 1.772640824318 0
0.323151320219 0.005470829085 1.794784307480 0
0.329752296209 -0.234275445342 1.751326322556 0
0.329521536827 -0.296595335007 1.729623675346 0
-0.031909268349 0.165312364697 1.764377832413 0
-0.170501142740 0.064569510520 1.672296643257 0
-0.036956787109 0.221199750900 1.611495494843 0
-0.017489060760 0.229605212808 1.594234943390 0
0.178951755166 -0.126482233405 1.753173947334 0
0.210899084806 -0.444337636232 1.796921253204 0
0.209836825728 -0.681234478951 1.838950753212 0
0.207310676575 -0.734153330326 1.774111866951 0
0.044251684099 -0.136296227574 1.759723424911 0
-0.003131836886 -0.460888206959 1.847021341324 0
-0.018789464608 -0.715161621571 1.919476866722 0
-0.026347031817 -0.777293443680 1.862274885178 0
0.111009061337 -0.066914476454 1.761303782463 0
0.110979422927 -0.012233532034 1.790668249130 0
0.110750846565 0.274869531393 1.778422832489 0
0.121318764985 0.448129981756 1.711711525917 0
0.251727640629 0.222530990839 1.772705197334 0
0.320169389248 0.002775795059 1.792738676071 0
0.329779803753 -0.235911786556 1.749795913696 0
0.329493403435 -0.297197788954 1.728502869606 0
-0.032362509519 0.167113840580 1.762888789177 0
-0.168841794133 0.059009693563 1.682513475418 0
-0.031707275659 0.209224283695 1.607077717781 0
-0.015928849578 0.211517289281 1.595111727715 0
0.179255351424 -0.126434832811 1.753152251244 0
0.210961326957 -0.444430500269 1.796976685524 0
0.209843531251 -0.681218504906 1.839022159576 0
0.207698345184 -0.734165668488 1.774292707443 0
0.044517237693 -0.136558204889 1.759514808655 0
-0.003088975558 -0.460886716843 1.846928834915 0
-0.018805837259 -0.715194821358 1.919471621513 0
-0.026004232466 -0.777364134789 1.862244606018 0
0.111199602485 -0.066804453731 1.761265397072 0
0.111192122102 -0.012124075554 1.790578365326 0
0.110631242394 0.275001436472 1.778402686119 0
0.121091522276 0.448978930712 1.712596893311 0
0.251753956079 0.223259776831 1.772797942162 0
0.320058196783 0.002901062835 1.792588949203 0
0.331432193518 -0.229483455420 1.750274300575 0
0.330365210772 -0.295973360538 1.727946996689 0
-0.038583863527 0.173168972135 1.770075440407 0
-0.166335031390 0.045361772180 1.721940040588 0
-0.000167172868 0.117277741432 1.577713012695 0
0.050152208656 0.131334751844 1.530025005341 0
0.179602444172 -0.126303002238 1.753093242645 0
0.210988193750 -0.444463878870 1.797003030777 0
0.209838867188 -0.681184947491 1.839091062546 0
0.207628786564 -0.734149277210 1.774405717850 0
0.044692270458 -0.136699065566 1.759385466576 0
-0.003010836197 -0.460917055607 1.846813082695 0
-0.018821932375 -0.715224862099 1.919465422630 0
-0.026060827076 -0.777385711670 1.862231373787 0
0.111370816827 -0.066661469638 1.761237144470 0
0.111390866339 -0.011985224672 1.790516018867 0
0.110453777015 0.275184392929 1.778437256813 0
0.120870105922 0.449905157089 1.713710188866 0
0.251770317554 0.223907083273 1.772878289223 0
0.319983303547 0.002853445243 1.792486190796 0
0.332786172628 -0.225075438619 1.750657677650 0
0.331305056810 -0.294833958149 1.727478027344 0
-0.042340982705 0.176257133484 1.774898409843 0
-0.163602262735 0.038938857615 1.740081548691 0
-0.007721757051 0.054097145796 1.578547120094 0
0.044018473476 0.072380915284 1.536266922951 0
0.179904162884 -0.126178801060 1.753039479256 0
0.211003661156 -0.444498181343 1.797028183937 0
0.209826275706 -0.681144416332 1.839162349701 0
0.207489818335 -0.734122574329 1.774537086487 0
0.044830363244 -0.136785045266 1.759286284447 0
-0.002924023196 -0.460951775312 1.846694707870 0
-0.018831936643 -0.715246438980 1.919456839561 0
-0.026152582839 -0.777397215366 1.862212538719 0
0.111597873271 -0.066328570247 1.761181235313 0
0.111667297781 -0.011685800739 1.790464639664 0
0.110239513218 0.275479584932 1.778537154198 0
0.120368979871 0.451360583305 1.715862274170 0
0.251805990934 0.224651262164 1.772976517677 0
0.319938331842 0.002609265735 1.792329430580 0
0.334480315447 -0.221696197987 1.751001119614 0
0.332787513733 -0.293622553349 1.727010250092 0
-0.045164916664 0.177211686969 1.779102087021 0
-0.168029338121 0.010957033373 1.797676444054 0
-0.029203418642 -0.068389303982 1.589185833931 0
0.026875475422 -0.037258457392 1.543166041374 0
0.180188477039 -0.126011073589 1.752967357635 0
0.211008012295 -0.444525629282 1.797047376633 0
0.209809586406 -0.681104242802 1.839228630066 0
0.207248583436 -0.734091460705 1.774688243866 0
0.044996332377 -0.136796712875 1.759156465530 0
-0.002815712243 -0.461011946201 1.846554636955 0
-0.018845126033 -0.715268373489 1.919446706772 0
-0.026370450854 -0.777410626411 1.862198948860 0
0.111844666302 -0.065928645432 1.761089324951 0
0.111961126328 -0.011338271201 1.790415525436 0
0.109983712435 0.275864630938 1.778688192368 0
0.119927443564 0.452770799398 1.717998743057 0
0.251854717731 0.225309997797 1.773074507713 0
0.319918543100 0.002379658632 1.792171835899 0
0.335843622684 -0.219209849834 1.751284956932 0
0.334183394909 -0.292570203543 1.726614117622 0
-0.046967383474 0.177894696593 1.782197594643 0
-0.151786550879 0.006562088616 1.821783781052 0
-0.071841202676 -0.125935941935 1.636414647102 0
-0.032262455672 -0.140759289265 1.588156461716 0
0.180550754070 -0.125715300441 1.752782225609 0
0.211008355021 -0.444550216198 1.797062516212 0
0.209792405367 -0.681077718735 1.839290142059 0
0.206985339522 -0.734087705612 1.774841189384 0
0.045176543295 -0.136785581708 1.759006977081 0
-0.002699050587 -0.461084216833 1.846403837204 0
-0.018856884912 -0.715286910534 1.919433951378 0
-0.026609545574 -0.777420699596 1.862185001373 0
0.112085990608 -0.065557532012 1.760990262032 0
0.112250842154 -0.011013724841 1.790386199951 0
0.109737738967 0.276289016008 1.778862118721 0
0.119507245719 0.454025596380 1.719956159592 0
0.251913368702 0.225913017988 1.773165106773 0
0.319911688566 0.002168697305 1.792008638382 0
0.336957603693 -0.217301309109 1.751531243324 0
0.335438102484 -0.291651934385 1.726280212402 0
-0.048162914813 0.178341656923 1.784559369087 0
-0.144245669246 0.005585322157 1.831610321999 0
-0.096974328160 -0.149189606309 1.675615787506 0
-0.071238107979 -0.202105402946 1.628339290619 0
0.180955559015 -0.125405192375 1.752547264099 0
0.211004376411 -0.444576025009 1.797076106071 0
0.209775745869 -0.681054472923 1.839345574379 0
0.206716775894 -0.734089314938 1.774983406067 0
0.045356139541 -0.136779621243 1.758855342865 0
-0.002564014401 -0.461234152317 1.846245765686 0
-0.018869770691 -0.715305626392 1.919420123100 0
-0.026879502460 -0.777437269688 1.862179636955 0
0.112281657755 -0.065263040364 1.760890483856 0
0.112508244812 -0.010745842941 1.790399670601 0
0.109501108527 0.276726633310 1.779078602791 0
0.118980161846 0.455676287413 1.722629666328 0
0.252014130354 0.226537346840 1.773292303085 0
0.319917321205 0.001959766494 1.791796922684 0
0.339031964540 -0.223850578070 1.747137188911 0
0.336856991053 -0.292982518673 1.724406599998 0
-0.048893120140 0.178502663970 1.786491155624 0
-0.114977218211 -0.028235897422 1.852115869522 0
-0.112144649029 -0.199089139700 1.711403131485 0
-0.100425034761 -0.284989893436 1.676858186722 0
0.181289315224 -0.125155761838 1.752285122871 0
0.210991919041 -0.444620609283 1.797079682350 0
0.209759816527 -0.681036710739 1.839386701584 0
0.206438809633 -0.734107315540 1.775109529495 0
0.045506317168 -0.136813580990 1.758708000183 0
-0.002390282927 -0.461515158415 1.846071720123 0
-0.018882362172 -0.715320527554 1.919403076172 0
-0.027174210176 -0.777450084686 1.862175107002 0
