0.109711259604 -0.037064418197 2.137874126434 0
0.110473066568 0.029659923166 2.188223600388 0
0.116472199559 0.392947167158 2.172162294388 0
0.114886417985 0.578904867172 2.126394510269 0
0.282337099314 0.288198262453 2.181509017944 0
0.334107995033 0.010797209106 2.180433511734 0
0.363798886538 -0.207813188434 2.121907949448 0
0.362505614758 -0.279462873936 2.105083465576 0
-0.052100662142 0.287514567375 2.179418802261 0
-0.108934856951 0.016042035073 2.184237957001 0
-0.148596465588 -0.200719267130 2.121367216110 0
-0.149234712124 -0.284494668245 2.099188566208 0
0.183616042137 -0.112529583275 2.127324104309 0
0.225457534194 -0.519833207130 2.215181827545 0
0.248499229550 -0.856059849262 2.282609462738 0
0.250841826200 -0.901093184948 2.191163301468 0
0.033282596618 -0.110839858651 2.132163763046 0
-0.014730633236 -0.531195223331 2.220592260361 0
-0.041100081056 -0.872449338436 2.306658506393 0
-0.058036372066 -0.954203307629 2.285239934921 0
0.109734073281 -0.037115469575 2.138048648834 0
0.110505759716 0.029572069645 2.188462495804 0
0.116482622921 0.392906039953 2.172453165054 0
0.114978231490 0.578901410103 2.126666307449 0
0.282328695059 0.288182586432 2.181594371796 0
0.334212154150 0.010811207816 2.180601119995 0
0.363814562559 -0.207816243172 2.122085571289 0
0.362532258034 -0.279609292746 2.105554342270 0
-0.052052918822 0.287471592426 2.179544448853 0
-0.108979590237 0.016095479950 2.184197425842 0
-0.148550301790 -0.200425118208 2.120288372040 0
-0.149104982615 -0.283884495497 2.098150253296 0
0.183640107512 -0.112570084631 2.127502918243 0
0.225470006466 -0.519857764244 2.215244293213 0
0.248484343290 -0.856073021889 2.282665491104 0
0.250808954239 -0.901109158993 2.191219568253 0
0.033312816173 -0.110876135528 2.132307291031 0
-0.014694781043 -0.531220734119 2.220729112625 0
-0.041063357145 -0.872409045696 2.306713342667 0
-0.058119103312 -0.954136788845 2.285262823105 0
0.109754823148 -0.037161488086 2.138209581375 0
0.110533729196 0.029489293694 2.188694953918 0
0.116484016180 0.392871588469 2.172742128372 0
0.115088433027 0.578887462616 2.126964330673 0
0.282323181629 0.288165092468 2.181680917740 0
0.334314435720 0.010838745162 2.180778741837 0
0.363830536604 -0.207805320621 2.122272968292 0
0.362561941147 -0.279750257730 2.106052875519 0
-0.052007749677 0.287442892790 2.179653167725 0
-0.109062977135 0.016219818965 2.184094667435 0
-0.148504599929 -0.200091302395 2.119472265244 0
-0.149000152946 -0.283456832170 2.097390890121 0
0.183662250638 -0.112606763840 2.127671480179 0
0.225486665964 -0.519893527031 2.215315818787 0
0.248470470309 -0.856085300446 2.282719135284 0
0.250780224800 -0.901123523712 2.191271781921 0
0.033340509981 -0.110908091068 2.132434844971 0
-0.014662487432 -0.531245708466 2.220853328705 0
-0.041032098234 -0.872374832630 2.306762456894 0
-0.058142073452 -0.954107940197 2.285285234451 0
0.109773412347 -0.037202451378 2.138359308243 0
0.110556595027 0.029413601384 2.188919782639 0
0.116481177509 0.392843723297 2.173006296158 0
0.115209065378 0.578868508339 2.127281665802 0
0.282318830490 0.288146078587 2.181771516800 0
0.334410071373 0.010869210586 2.180952787399 0
0.363846689463 -0.207790076733 2.122455358505 0
0.362592160702 -0.279875069857 2.106532335281 0
-0.051968086511 0.287422895432 2.179747819901 0
-0.109155483544 0.016349479556 2.183968782425 0
-0.148466020823 -0.199804142118 2.118802070618 0
-0.148932009935 -0.283181607723 2.096910715103 0
0.183682978153 -0.112640470266 2.127838611603 0
0.225498229265 -0.519903004169 2.215371608734 0
0.248457044363 -0.856097400188 2.282769680023 0
0.250754863024 -0.901137113571 2.191321134567 0
0.033365581185 -0.110935978591 2.132550239563 0
-0.014632631093 -0.531270921230 2.220968961716 0
-0.041002787650 -0.872343897820 2.306807994843 0
-0.058161571622 -0.954082906246 2.285307168961 0
0.109790474176 -0.037230774760 2.138506412506 0
0.110572993755 0.029351541772 2.189158439636 0
0.116476029158 0.392828613520 2.173273324966 0
0.115348093212 0.578862190247 2.127604484558 0
0.282324016094 0.288136899471 2.181885242462 0
0.334507972002 0.010941349901 2.181160688400 0
0.363870322704 -0.207734003663 2.122673034668 0
0.362633675337 -0.279979646206 2.107067584991 0
-0.051942475140 0.287422060966 2.179825067520 0
-0.109376557171 0.016634803265 2.183730125427 0
-0.148444354534 -0.199559226632 2.118283271790 0
-0.148904919624 -0.283038705587 2.096690177917 0
0.183703854680 -0.112668134272 2.128009080887 0
0.225507259369 -0.519907653332 2.215425014496 0
0.248443856835 -0.856108307838 2.282815456390 0
0.250735163689 -0.901148974895 2.191363811493 0
0.033387336880 -0.110955961049 2.132652282715 0
-0.014608183876 -0.531293153763 2.221071004868 0
-0.040979225188 -0.872305274010 2.306853532791 0
-0.058181576431 -0.954051256180 2.285336971283 0
0.109806895256 -0.037254132330 2.138643980026 0
0.110587820411 0.029295766726 2.189392328262 0
0.116471812129 0.392822593451 2.173543453217 0
0.115517280996 0.578877985477 2.127993345261 0
0.282329797745 0.288129717112 2.181996583939 0
0.334602594376 0.011017744429 2.181362867355 0
0.363895654678 -0.207672983408 2.122880458832 0
0.362677216530 -0.280073642731 2.107581138611 0
-0.051921222359 0.287427455187 2.179893016815 0
-0.109642378986 0.016995467246 2.183439970016 0
-0.148426607251 -0.199368074536 2.117813110352 0
-0.148888096213 -0.282940953970 2.096542596817 0
0.183724150062 -0.112692020833 2.128170013428 0
0.225508525968 -0.519889831543 2.215473413467 0
0.248430252075 -0.856118500233 2.282860994339 0
0.250716537237 -0.901159703732 2.191406011581 0
0.033407725394 -0.110971845686 2.132744073868 0
-0.014586026780 -0.531313955784 2.221165418625 0
-0.040955215693 -0.872261404991 2.306900739670 0
-0.058208100498 -0.954009950161 2.285357952118 0
0.109825469553 -0.037260852754 2.138775348663 0
0.110602512956 0.029260346666 2.189632654190 0
0.116480462253 0.392835170031 2.173810243607 0
0.115792445838 0.578962862492 2.128545522690 0
0.282337695360 0.288127690554 2.182107448578 0
0.334698349237 0.011122601107 2.181583404541 0
0.363930016756 -0.207583859563 2.123111009598 0
0.362727433443 -0.280167102814 2.108082532883 0
-0.051909353584 0.287446051836 2.179939508438 0
-0.110619395971 0.018321163952 2.182877540588 0
-0.148325443268 -0.198662683368 2.115975618362 0
-0.148859739304 -0.282880306244 2.096215963364 0
0.183746099472 -0.112704172730 2.128326892853 0
0.225503757596 -0.519858717918 2.215520858765 0
0.248419299722 -0.856128692627 2.282904624939 0
0.250704944134 -0.901170015335 2.191445350647 0
0.033427879214 -0.110976263881 2.132820129395 0
-0.014568137005 -0.531347513199 2.221261501312 0
-0.040936663747 -0.872231185436 2.306943655014 0
-0.058189559728 -0.953991293907 2.285369396210 0
0.109850712121 -0.037249669433 2.138896226883 0
0.110624030232 0.029256571084 2.189867019653 0
0.116511762142 0.392925322056 2.174073457718 0
0.116262324154 0.579402208328 2.129536628723 0
0.282360315323 0.288140773773 2.182234764099 0
0.334810256958 0.011258031242 2.181818008423 0
0.364022910595 -0.207464024425 2.123354196548 0
0.362844884396 -0.280258804560 2.108549594879 0
-0.051899526268 0.287480950356 2.179979562759 0
-0.112334944308 0.020981375128 2.181835889816 0
-0.143682122231 -0.185986220837 2.084911346436 0
-0.144451752305 -0.277117699385 2.072356700897 0
0.183775201440 -0.112702704966 2.128475904465 0
0.225511252880 -0.519869089127 2.215586423874 0
0.248407408595 -0.856139183044 2.282948732376 0
0.250696241856 -0.901180267334 2.191483974457 0
0.033450294286 -0.110970631242 2.132881641388 0
-0.014557894319 -0.531400442123 2.221369743347 0
-0.040919583291 -0.872205555439 2.306985855103 0
-0.058148656040 -0.953971326351 2.285369873047 0
0.109888024628 -0.037222612649 2.139002084732 0
0.110660366714 0.029275171459 2.190082550049 0
0.116561569273 0.393053293228 2.174337387085 0
0.116793476045 0.579928576946 2.130604505539 0
0.282385945320 0.288156002760 2.182361125946 0
0.334916353226 0.011389075778 2.182035207748 0
0.364165514708 -0.207339018583 2.123592138290 0
0.363017141819 -0.280357480049 2.108977556229 0
-0.051893562078 0.287525683641 2.180017709732 0
-0.114723078907 0.025373153389 2.180270671844 0
-0.132703304291 -0.170437231660 2.043108940125 0
-0.122976437211 -0.248222455382 2.009649753571 0
0.183823153377 -0.112682543695 2.128601074219 0
0.225528374314 -0.519920766354 2.215685367584 0
0.248396009207 -0.856149017811 2.282990932465 0
0.250689119101 -0.901189625263 2.191520690918 0
0.033477339894 -0.110958576202 2.132931709290 0
-0.014556479640 -0.531475484371 2.221492528915 0
-0.040903009474 -0.872186183929 2.307019948959 0
-0.058107741177 -0.953957796097 2.285372972488 0
0.109992444515 -0.037176001817 2.139084339142 0
0.110768437386 0.029310181737 2.190288305283 0
0.116715982556 0.393334239721 2.174748897552 0
0.117470405996 0.580691814423 2.132146835327 0
0.282417237759 0.288166701794 2.182485818863 0
0.335028648376 0.011522605084 2.182239770889 0
0.364566683769 -0.207166925073 2.123892068863 0
0.363458603621 -0.280468404293 2.109431743622 0
-0.051886692643 0.287587583065 2.180066108704 0
-0.118541374803 0.036583784968 2.177040338516 0
-0.080816105008 -0.130428895354 1.951741933823 0
-0.066712789237 -0.201151430607 1.928081989288 0
0.184003233910 -0.112608142197 2.128692150116 0
0.225563988090 -0.520029962063 2.215807914734 0
0.248386621475 -0.856155991554 2.283030033112 0
0.250683337450 -0.901194810867 2.191552877426 0
0.033554539084 -0.110944896936 2.132950544357 0
-0.014554772526 -0.531619906425 2.221673488617 0
-0.040867093951 -0.872170090675 2.307033777237 0
-0.058087479323 -0.953950941563 2.285381078720 0
0.110183537006 -0.037108562887 2.139150619507 0
0.110934600234 0.029350370169 2.190489530563 0
0.116929188371 0.393709480762 2.175303936005 0
0.118057146668 0.581391453743 2.133512735367 0
0.282453864813 0.288171321154 2.182615518570 0
0.335128843784 0.011642253026 2.182421684265 0
0.365236103535 -0.206967592239 2.124223470688 0
0.364187806845 -0.280589461327 2.109902143478 0
-0.051881011575 0.287654548883 2.180116653442 0
-0.122774735093 0.050663039088 2.173505306244 0
-0.067306585610 -0.093638896942 1.934481859207 0
-0.029589578509 -0.155013650656 1.895034790039 0
0.184378772974 -0.112467847764 2.128744125366 0
0.225601270795 -0.520158708096 2.215936422348 0
0.248380020261 -0.856160283089 2.283064126968 0
0.250680595636 -0.901196658611 2.191579818726 0
0.033730287105 -0.110932216048 2.132918834686 0
-0.014553037472 -0.531769514084 2.221852779388 0
-0.040831223130 -0.872160136700 2.307045936584 0
-0.058028962463 -0.953949391842 2.285376548767 0
0.110509626567 -0.037036065012 2.139194965363 0
0.111199446023 0.029377385974 2.190696477890 0
0.117227554321 0.394073933363 2.175936460495 0
0.118633873761 0.581947445869 2.134908437729 0
0.282497793436 0.288171857595 2.182758092880 0
0.335224926472 0.011751270853 2.182589292526 0
0.366065263748 -0.206760093570 2.124524354935 0
0.365077495575 -0.280694991350 2.110299587250 0
-0.051864806563 0.287737995386 2.180173635483 0
-0.125064134598 0.060437574983 2.169661521912 0
-0.047973245382 -0.065009765327 1.918646097183 0
-0.005588866770 -0.118355348706 1.873552441597 0
0.184887304902 -0.112303040922 2.128757953644 0
0.225653097034 -0.520347654819 2.216083288193 0
0.248374268413 -0.856163978577 2.283096790314 0
0.250679761171 -0.901197195053 2.191605329514 0
0.034119747579 -0.110937975347 2.132792949677 0
-0.014551146887 -0.531899273396 2.222011327744 0
-0.040805082768 -0.872153997421 2.307057380676 0
-0.057937227190 -0.953953981400 2.285358667374 0
0.110872916877 -0.036955725402 2.139233589172 0
0.111495897174 0.029399320483 2.190918922424 0
0.117594167590 0.394414961338 2.176687002182 0
0.119091354311 0.582386851311 2.136066675186 0
0.282597512007 0.288144469261 2.182986021042 0
0.335310697556 0.011841205880 2.182736635208 0
0.366925507784 -0.206575319171 2.124745130539 0
0.365980952978 -0.280779331923 2.110596179962 0
-0.051842987537 0.287818580866 2.180242061615 0
-0.134505823255 0.074629269540 2.159912347794 0
-0.020150836557 0.024133421481 1.908079504967 0
0.030116833746 -0.013202961534 1.844735264778 0
0.185337826610 -0.112166985869 2.128769636154 0
0.225665047765 -0.520414710045 2.216145277023 0
0.248368754983 -0.856166660786 2.283126831055 0
0.250681757927 -0.901196241379 2.191628456116 0
0.034616120160 -0.110923051834 2.132627487183 0
-0.014554630965 -0.531999409199 2.222134828568 0
-0.040799155831 -0.872153580189 2.307068109512 0
-0.057620011270 -0.954005300999 2.285277128220 0
0.111192785203 -0.036875929683 2.139281272888 0
0.111758992076 0.029418665916 2.191138982773 0
0.117936901748 0.394653618336 2.177402019501 0
0.119438141584 0.582662105560 2.136956453323 0
0.282763957977 0.288091510534 2.183328151703 0
0.335393905640 0.011921228841 2.182874679565 0
0.367661714554 -0.206422880292 2.124910116196 0
0.366734325886 -0.280838936567 2.110802412033 0
-0.051819402725 0.287858664989 2.180308818817 0
-0.140806943178 0.082484990358 2.151662349701 0
-0.015485202894 0.042529836297 1.906992554665 0
0.047934222966 0.029051952064 1.826863408089 0
0.185677766800 -0.112058706582 2.128792524338 0
0.225685611367 -0.520507752895 2.216206789017 0
0.248361960053 -0.856165587902 2.283152818680 0
0.250685065985 -0.901191949844 2.191648721695 0
0.035050243139 -0.110896453261 2.132499933243 0
-0.014558583498 -0.532093405724 2.222246885300 0
-0.040799204260 -0.872153699398 2.307087659836 0
-0.057305939496 -0.954039812088 2.285167694092 0
0.111476413906 -0.036806058139 2.139335870743 0
0.111991956830 0.029425609857 2.191358327866 0
0.118279330432 0.394765257835 2.178106069565 0
0.119726113975 0.582727193832 2.137623310089 0
0.282985061407 0.287991374731 2.183763265610 0
0.335478991270 0.011993788183 2.183022737503 0
0.368227899075 -0.206304222345 2.125036001205 0
0.367299437523 -0.280887931585 2.110950946808 0
-0.051794711500 0.287877917290 2.180366039276 0
-0.145997256041 0.087667293847 2.145708322525 0
-0.009458299726 0.068416118622 1.907814621925 0
0.054558038712 0.047030579299 1.822264313698 0
0.185945913196 -0.111978299916 2.128820896149 0
0.225718468428 -0.520619511604 2.216264009476 0
0.248359724879 -0.856166183949 2.283168077469 0
0.250694870949 -0.901188910007 2.191662549973 0
0.035426635295 -0.110873319209 2.132406234741 0
-0.014563948847 -0.532188177109 2.222342729568 0
-0.040803179145 -0.872155666351 2.307105779648 0
-0.057014901191 -0.954074919224 2.285043478012 0
0.111718520522 -0.036756325513 2.139410257339 0
0.112188443542 0.029393069446 2.191611289978 0
0.118834294379 0.394561380148 2.179076910019 0
0.120087660849 0.582289040089 2.138117551804 0
0.283504188061 0.287658780813 2.184679031372 0
0.335681200027 0.012010946870 2.183288335800 0
0.368562936783 -0.206279709935 2.125109910965 0
0.367611467838 -0.280957102776 2.111038923264 0
-0.051765527576 0.287879228592 2.180413722992 0
-0.156748577952 0.096819214523 2.130383014679 0
-0.003427443095 0.091245293617 1.901881933212 0
0.053267493844 0.086941823363 1.817885160446 0
0.186133474112 -0.111949965358 2.128878355026 0
0.225780546665 -0.520782709122 2.216311454773 0
0.248359724879 -0.856167197227 2.283173561096 0
0.250736474991 -0.901184558868 2.191669940948 0
0.035723097622 -0.110861614347 2.132340431213 0
-0.014580355957 -0.532276034355 2.222399711609 0
-0.040813930333 -0.872162580490 2.307116270065 0
-0.056122552603 -0.954175412655 2.284649372101 0
0.111940369010 -0.036727167666 2.139498949051 0
0.112353160977 0.029324904084 2.191890478134 0
0.119483076036 0.394157081842 2.180113077164 0
0.120490700006 0.581744372845 2.138315200806 0
0.284270942211 0.287122309208 2.185985803604 0
0.336244642735 0.011748895049 2.184130907059 0
0.368817567825 -0.206369534135 2.125234603882 0
0.367831796408 -0.281086891890 2.111128568649 0
-0.051719222218 0.287881046534 2.180428504944 0
-0.166354998946 0.105501420796 2.116082191467 0
-0.000884594396 0.110734827816 1.897540807724 0
0.051051944494 0.115042380989 1.816793918610 0
0.186305925250 -0.111961647868 2.128969907761 0
0.225890234113 -0.521012067795 2.216349601746 0
0.248358920217 -0.856167495251 2.283176183701 0
0.250816076994 -0.901173472404 2.191666364670 0
0.035970132798 -0.110859319568 2.132285833359 0
-0.014602352865 -0.532356500626 2.222419261932 0
-0.040830962360 -0.872169196606 2.307122707367 0
-0.055172652006 -0.954248070717 2.284165382385 0
0.112148955464 -0.036704707891 2.139590263367 0
0.112488329411 0.029252773151 2.192157268524 0
0.120072275400 0.393700838089 2.180973768234 0
0.120948351920 0.581122100353 2.138398408890 0
0.285015016794 0.286603480577 2.187243938446 0
0.337011486292 0.011249096133 2.185368061066 0
0.369063585997 -0.206641957164 2.125666379929 0
0.368000149727 -0.281280696392 2.111300945282 0
-0.051644377410 0.287917405367 2.180400848389 0
-0.167346358299 0.116484127939 2.082923889160 0
0.002647771267 0.125579923391 1.893205881119 0
0.049012973905 0.135926365852 1.819591641426 0
0.186488196254 -0.111994080245 2.129096984863 0
0.226008281112 -0.521235823631 2.216382503510 0
0.248358219862 -0.856167614460 2.283178329468 0
0.250937938690 -0.901156485081 2.191660165787 0
0.036189805716 -0.110859379172 2.132236242294 0
-0.014625370502 -0.532431364059 2.222425937653 0
-0.040850568563 -0.872175872326 2.307126045227 0
-0.054370895028 -0.954308688641 2.283735990524 0
0.112349584699 -0.036683823913 2.139689445496 0
0.112570382655 0.029187243432 2.192406892776 0
0.120613269508 0.393228888512 2.181657552719 0
0.121666133404 0.580357253551 2.138326883316 0
0.285842090845 0.285997331142 2.188572406769 0
0.338108807802 0.010542922653 2.187577962875 0
0.369185566902 -0.207302168012 2.127459764481 0
0.368091583252 -0.281943768263 2.112339973450 0
-0.051378715783 0.288430005312 2.179969787598 0
-0.164355471730 0.121969908476 2.066112041473 0
0.008023758419 0.140314698219 1.888179063797 0
0.049850415438 0.149243056774 1.821057200432 0
0.186710089445 -0.112063705921 2.129312753677 0
0.226145058870 -0.521431028843 2.216413021088 0
0.248357117176 -0.856166899204 2.283179521561 0
0.251183927059 -0.901125729084 2.191653251648 0
0.036378666759 -0.110856465995 2.132189035416 0
-0.014660519548 -0.532522797585 2.222413063049 0
-0.040874347091 -0.872184693813 2.307127237320 0
-0.053607773036 -0.954372763634 2.283340215683 0
0.112546429038 -0.036644827574 2.139793634415 0
0.112630508840 0.029141910374 2.192636013031 0
0.121089898050 0.392824888229 2.182184696198 0
0.122334055603 0.579817175865 2.138231277466 0
0.286702662706 0.285443395376 2.189845085144 0
0.339086890221 0.009906297550 2.189795970917 0
0.369239330292 -0.208181783557 2.130368709564 0
0.368154287338 -0.282879114151 2.114039182663 0
-0.051084849983 0.289294809103 2.179290294647 0
-0.162254914641 0.124897278845 2.057613611221 0
0.054514292628 0.162767931819 1.844286084175 0
0.051513709128 0.157670080662 1.822125315666 0
0.186941698194 -0.112129591405 2.129556894302 0
0.226286098361 -0.521623551846 2.216445207596 0
0.248355910182 -0.856164991856 2.283179759979 0
0.251490116119 -0.901084840298 2.191644668579 0
0.036536909640 -0.110839389265 2.132142305374 0
-0.014695229940 -0.532612919807 2.222393751144 0
-0.040906790644 -0.872197687626 2.307124853134 0
-0.052905529737 -0.954451441765 2.282999038696 0
0.112745769322 -0.036584649235 2.139901161194 0
0.112673178315 0.029128219932 2.192839860916 0
0.121649332345 0.392498940229 2.182490587234 0
0.123046211898 0.579490184784 2.138141632080 0
0.287502318621 0.284990847111 2.190938234329 0
0.339831888676 0.009495598264 2.192075967789 0
0.369009941816 -0.208985000849 2.134379148483 0
0.367853730917 -0.284644186497 2.118176460266 0
-0.050701219589 0.290917456150 2.177988529205 0
-0.158982485533 0.127950981259 2.049208641052 0
0.073493950069 0.172053724527 1.833731651306 0
0.056471489370 0.167937338352 1.823035597801 0
0.187184244394 -0.112188123167 2.129844188690 0
0.226447120309 -0.521865725517 2.216518640518 0
0.248353436589 -0.856160640717 2.283179759979 0
0.251869946718 -0.901031196117 2.191647768021 0
0.036670632660 -0.110804013908 2.132085800171 0
-0.014732378535 -0.532696068287 2.222363471985 0
-0.040944341570 -0.872211158276 2.307119607925 0
-0.052259866148 -0.954527199268 2.282708644867 0
0.112943865359 -0.036503411829 2.140000104904 0
0.112702295184 0.029145313427 2.193010091782 0
0.122214257717 0.392312228680 2.182653188705 0
0.123794570565 0.579260945320 2.138126373291 0
0.288214981556 0.284678250551 2.191834449768 0
0.340397745371 0.009202888235 2.194226741791 0
0.368687242270 -0.209639564157 2.138412475586 0
0.367392182350 -0.286521345377 2.122903823853 0
-0.050210051239 0.293156027794 2.176069498062 0
-0.152400463820 0.132508963346 2.036740541458 0
0.054343689233 0.206804722548 1.857650995255 0
0.063789203763 0.179382622242 1.822066903114 0
0.187416106462 -0.112230554223 2.130129098892 0
0.226605951786 -0.522063970566 2.216580867767 0
0.248348295689 -0.856149792671 2.283179044724 0
0.252315521240 -0.900953173637 2.191659927368 0
0.036797389388 -0.110742650926 2.132002353668 0
-0.014755746350 -0.532732069492 2.222323179245 0
-0.040983702987 -0.872224032879 2.307105779648 0
-0.051593605429 -0.954604446888 2.282430648804 0
0.113133385777 -0.036397293210 2.140090227127 0
0.112723492086 0.029181590304 2.193162441254 0
0.122690528631 0.392178803682 2.182773113251 0
0.124467819929 0.579155385494 2.138136863708 0
0.288866907358 0.284466475248 2.192604541779 0
0.340808331966 0.008984941989 2.195946216583 0
0.368379175663 -0.210120201111 2.141531944275 0
0.366998285055 -0.287829577923 2.126411914825 0
-0.049778666347 0.295375645161 2.174328327179 0
-0.147712230682 0.135996416211 2.028456926346 0
0.052558742464 0.210475847125 1.858687639236 0
0.068724274635 0.186335071921 1.821257233620 0
0.187633395195 -0.112255297601 2.130402565002 0
0.226752176881 -0.522248089314 2.216639757156 0
0.248343229294 -0.856137394905 2.283177137375 0
0.252756178379 -0.900873780251 2.191671609879 0
0.036916565150 -0.110647745430 2.131887674332 0
-0.014777157456 -0.532750844955 2.222276687622 0
-0.041028633714 -0.872234940529 2.307089090347 0
-0.051059931517 -0.954664945602 2.282210588455 0
0.113312236965 -0.036254487932 2.140161752701 0
0.112729884684 0.029242353514 2.193285942078 0
0.123104162514 0.392094731331 2.182826280594 0
0.125044688582 0.579172015190 2.138207912445 0
0.289442926645 0.284336924553 2.193263053894 0
0.341093152761 0.008826366626 2.197295665741 0
0.368005663157 -0.210464835167 2.143898487091 0
0.366570144892 -0.288731455803 2.128924131393 0
-0.049414217472 0.298373222351 2.172306060791 0
-0.143603533506 0.140281572938 2.020970344543 0
0.051052130759 0.212540835142 1.857784152031 0
0.073679886758 0.192982956767 1.819571256638 0
0.187832772732 -0.112262755632 2.130664110184 0
0.226900815964 -0.522498130798 2.216721534729 0
0.248340636492 -0.856126844883 2.283175230026 0
0.253255784512 -0.900798618793 2.191683292389 0
0.037023618817 -0.110473759472 2.131678342819 0
-0.014799260534 -0.532764315605 2.222227096558 0
-0.041071105748 -0.872245967388 2.307065248489 0
-0.050651960075 -0.954728186131 2.282059669495 0
0.113479457796 -0.036115169525 2.140218973160 0
0.112734489143 0.029301781207 2.193392038345 0
0.123504318297 0.392022073269 2.182861566544 0
0.125555530190 0.579202830791 2.138270854950 0
0.289947569370 0.284241378307 2.193824768066 0
0.341296613216 0.008714814670 2.198322534561 0
0.367670387030 -0.210702657700 2.145613908768 0
0.366206258535 -0.289359271526 2.130616426468 0
-0.049097083509 0.300919324160 2.170669078827 0
-0.141046464443 0.143455803394 2.016090869904 0
0.055603377521 0.215755373240 1.849464297295 0
0.076955519617 0.197245016694 1.817753911018 0
0.188012033701 -0.112269051373 2.130901336670 0
0.227062746882 -0.522811174393 2.216816902161 0
0.248339310288 -0.856117725372 2.283172845840 0
0.253738552332 -0.900733470917 2.191693067551 0
0.037124037743 -0.110279366374 2.131413698196 0
-0.014823640697 -0.532770991325 2.222167968750 0
-0.041097387671 -0.872247397900 2.307048797607 0
-0.050418108702 -0.954749584198 2.281953096390 0
0.113645590842 -0.035963919014 2.140261650085 0
0.112736694515 0.029362717643 2.193481922150 0
0.123870074749 0.391951769590 2.182886362076 0
0.126002952456 0.579237043858 2.138305187225 0
0.290415048599 0.284197449684 2.194340467453 0
0.341417193413 0.008624974638 2.199043989182 0
0.367423683405 -0.210822463036 2.146415233612 0
0.365931779146 -0.289696753025 2.131409406662 0
-0.048746943474 0.303515702486 2.169205427170 0
-0.139133855700 0.148587465286 2.010247468948 0
0.051119841635 0.216601952910 1.847378134727 0
0.077996492386 0.202331408858 1.812023282051 0
0.188183411956 -0.112267605960 2.131126165390 0
0.227208331227 -0.523088991642 2.216900825500 0
0.248339384794 -0.856108129025 2.283170223236 0
0.254226624966 -0.900668382645 2.191704511642 0
0.037232305855 -0.110029853880 2.131032943726 0
-0.014852334745 -0.532768964767 2.222094774246 0
-0.041125651449 -0.872247338295 2.307026386261 0
-0.050242722034 -0.954759597778 2.281841039658 0
0.113804779947 -0.035806205124 2.140298128128 0
0.112734571099 0.029427072033 2.193564414978 0
0.124192729592 0.391890019178 2.182903766632 0
0.126369535923 0.579273164272 2.138271808624 0
0.290850549936 0.284193098545 2.194840908051 0
0.341508537531 0.008523789234 2.199589490891 0
0.367256671190 -0.210919037461 2.146880149841 0
0.365777552128 -0.289882421494 2.131767988205 0
-0.048532955348 0.305836111307 2.168001174927 0
-0.137621670961 0.152045473456 2.006470918655 0
0.046295586973 0.217023715377 1.844496130943 0
0.076001495123 0.206850096583 1.806447029114 0
0.188345789909 -0.112261198461 2.131341457367 0
0.227341488004 -0.523341715336 2.216976642609 0
0.248340100050 -0.856098234653 2.283167123795 0
0.254698634148 -0.900606691837 2.191714525223 0
0.037328384817 -0.109772726893 2.130638360977 0
-0.014883368276 -0.532736837864 2.221986770630 0
-0.041156295687 -0.872247159481 2.307002782822 0
-0.050078541040 -0.954769611359 2.281740665436 0
0.113965488970 -0.035634957254 2.140327215195 0
0.112732931972 0.029494347051 2.193639039993 0
0.124477542937 0.391824722290 2.182914257050 0
0.126751258969 0.579253494740 2.138102293015 0
0.291245907545 0.284197270870 2.195295572281 0
0.341590493917 0.008437841199 2.200001955032 0
0.367168962955 -0.210971772671 2.147112846375 0
0.365691930056 -0.289982944727 2.131917715073 0
-0.048449244350 0.307995796204 2.167014360428 0
-0.136370271444 0.154651716352 2.003563165665 0
0.040168713778 0.216933548450 1.839817047119 0
0.070836037397 0.210567221045 1.799233555794 0
0.188519731164 -0.112251177430 2.131570339203 0
0.227473944426 -0.523576259613 2.217044830322 0
0.248342812061 -0.856086552143 2.283163309097 0
0.255154520273 -0.900544047356 2.191723585129 0
0.037422217429 -0.109500668943 2.130194425583 0
-0.014922085218 -0.532695412636 2.221854448318 0
-0.041193526238 -0.872247815132 2.306980609894 0
-0.049925029278 -0.954780459404 2.281651973724 0
0.114124372602 -0.035476811230 2.140344858170 0
0.112737171352 0.029550563544 2.193696975708 0
0.124766416848 0.391723722219 2.182896614075 0
0.127297252417 0.578861773014 2.137494564056 0
0.291607558727 0.284187495708 2.195700883865 0
0.341662585735 0.008361726068 2.200337409973 0
0.367100030184 -0.211011543870 2.147274971008 0
0.365600824356 -0.290051907301 2.131988048553 0
-0.048385843635 0.309624791145 2.166271209717 0
-0.135653480887 0.156450554729 2.001689195633 0
0.045054227114 0.213157966733 1.817259550095 0
0.077975071967 0.212424516678 1.778134822845 0
0.188710108399 -0.112253718078 2.131812334061 0
0.227611750364 -0.523791491985 2.217103958130 0
0.248346388340 -0.856073677540 2.283158063889 0
0.255571603775 -0.900485217571 2.191726446152 0
0.037525836378 -0.109256781638 2.129705905914 0
-0.014974985272 -0.532629191875 2.221686363220 0
-0.041230577976 -0.872246026993 2.306956768036 0
-0.049827970564 -0.954782843590 2.281575679779 0
0.114275179803 -0.035329841077 2.140356302261 0
0.112742453814 0.029602270573 2.193746805191 0
0.125022143126 0.391628801823 2.182871341705 0
0.127848371863 0.578392624855 2.136728763580 0
0.291941165924 0.284174174070 2.196063518524 0
0.341721504927 0.008299354464 2.200620412827 0
0.367040961981 -0.211042374372 2.147401809692 0
0.365516513586 -0.290106058121 2.132020235062 0
-0.048303171992 0.310847193003 2.165721654892 0
-0.135178521276 0.157735303044 2.000451087952 0
0.047228664160 0.211620435119 1.808838605881 0
0.082078725100 0.213274598122 1.766905069351 0
0.188892886043 -0.112257942557 2.132042646408 0
0.227740645409 -0.523977816105 2.217154502869 0
0.248349890113 -0.856060445309 2.283152341843 0
0.255941838026 -0.900431632996 2.191727399826 0
0.037631664425 -0.109035313129 2.129225969315 0
-0.015030976385 -0.532565951347 2.221518754959 0
-0.041261669248 -0.872240364552 2.306938409805 0
-0.049742668867 -0.954781353474 2.281522512436 0
0.114422678947 -0.035187426955 2.140354394913 0
0.112751275301 0.029652329162 2.193783283234 0
0.125282555819 0.391507118940 2.182783603668 0
0.128320902586 0.578042566776 2.135949850082 0
0.292264163494 0.284163266420 2.196379184723 0
0.341768205166 0.008244269527 2.200862646103 0
0.366976141930 -0.211071327329 2.147512197495 0
0.365432441235 -0.290146321058 2.132035255432 0
-0.048204712570 0.311790019274 2.165299654007 0
-0.134847760201 0.158666372299 1.999619960785 0
0.047813635319 0.212104275823 1.808092713356 0
0.075898177922 0.214387789369 1.779353618622 0
0.189066961408 -0.112262167037 2.132259845734 0
0.227805569768 -0.524002075195 2.217154741287 0
0.248368531466 -0.856041312218 2.283135890961 0
0.256353706121 -0.900380074978 2.191700696945 0
0.037734068930 -0.108821809292 2.128725528717 0
-0.015087423846 -0.532498180866 2.221347332001 0
-0.041294965893 -0.872230350971 2.306919813156 0
-0.049677718431 -0.954766988754 2.281453609467 0
0.114565193653 -0.035046879202 2.140346288681 0
0.112761482596 0.029706453905 2.193813562393 0
0.125529855490 0.391372114420 2.182635545731 0
0.128721743822 0.577775180340 2.135275125504 0
0.292579501867 0.284162193537 2.196667909622 0
0.341802775860 0.008188153617 2.201076984406 0
0.366914361715 -0.211102545261 2.147612810135 0
0.365362197161 -0.290173590183 2.132043838501 0
-0.048119664192 0.312543153763 2.164966106415 0
-0.134615316987 0.159343481064 1.999043226242 0
0.054468169808 0.210656762123 1.807073235512 0
0.072842165828 0.214890405536 1.787027478218 0
0.189235016704 -0.112263292074 2.132466554642 0
0.227876946330 -0.524005830288 2.217144489288 0
0.248386114836 -0.856023371220 2.283121347427 0
0.256715744734 -0.900336980820 2.191681385040 0
0.037825964391 -0.108627937734 2.128266334534 0
-0.015137733892 -0.532435059547 2.221187591553 0
-0.041328962892 -0.872219860554 2.306900501251 0
-0.049619253725 -0.954753994942 2.281393766403 0
0.114698491991 -0.034918658435 2.140330791473 0
0.112771816552 0.029755685478 2.193835735321 0
0.125743269920 0.391243129969 2.182473182678 0
0.129039287567 0.577580630779 2.134709835052 0
0.292848706245 0.284179568291 2.196902751923 0
0.341832518578 0.008130674250 2.201262235641 0
0.366852790117 -0.211136490107 2.147699832916 0
0.365298032761 -0.290191978216 2.132040500641 0
-0.048045579344 0.313122361898 2.164696693420 0
-0.134433060884 0.159851595759 1.998625636101 0
0.058680757880 0.209863618016 1.807119250298 0
0.071552202106 0.215168595314 1.792384505272 0
0.189391136169 -0.112264968455 2.132655143738 0
0.227950334549 -0.523968040943 2.217118024826 0
0.248405918479 -0.856004595757 2.283105611801 0
0.257043868303 -0.900297522545 2.191660881042 0
0.037910930812 -0.108458623290 2.127835988998 0
-0.015185022727 -0.532367825508 2.221032619476 0
-0.041358664632 -0.872206091881 2.306884527206 0
-0.049585036933 -0.954745113850 2.281365871429 0
0.114824637771 -0.034798979759 2.140300989151 0
0.112784825265 0.029806200415 2.193844795227 0
0.125976279378 0.391112983227 2.182213783264 0
0.129238903522 0.577500641346 2.134341716766 0
0.293078750372 0.284196674824 2.197076320648 0
0.341863036156 0.008071597666 2.201380968094 0
0.366788655519 -0.211187601089 2.147776126862 0
0.365242093801 -0.290215730667 2.132041931152 0
-0.047976959497 0.313590288162 2.164473295212 0
-0.134122833610 0.160321831703 1.998211741447 0
0.060740534216 0.210067555308 1.807755470276 0
0.071973450482 0.215414837003 1.794268846512 0
0.189533486962 -0.112266823649 2.132826089859 0
0.228015363216 -0.523950576782 2.217097759247 0
0.248428151011 -0.855985045433 2.283088922501 0
0.257334113121 -0.900264084339 2.191640853882 0
0.037986382842 -0.108306214213 2.127414703369 0
-0.015230023302 -0.532307088375 2.220891952515 0
-0.041394505650 -0.872193217278 2.306866407394 0
-0.049548514187 -0.954738378525 2.281339883804 0
0.114944934845 -0.034670047462 2.140259027481 0
0.112798996270 0.029873009771 2.193843126297 0
0.126187950373 0.391011983156 2.181900262833 0
0.129308164120 0.577515721321 2.134176731110 0
0.293296754360 0.284223049879 2.197221517563 0
0.341891407967 0.008025796153 2.201450824738 0
0.366734087467 -0.211237639189 2.147832393646 0
0.365195095539 -0.290234625340 2.132035732269 0
-0.047930665314 0.314123660326 2.164274930954 0
-0.133217930794 0.160895064473 1.997276306152 0
0.061744306237 0.210294991732 1.807507753372 0
0.073462039232 0.214785665274 1.793356299400 0
0.189664125443 -0.112265542150 2.132982015610 0
0.228080391884 -0.523900270462 2.217063188553 0
0.248450443149 -0.855968296528 2.283072710037 0
0.257589429617 -0.900241196156 2.191622257233 0
0.038044787943 -0.108156792819 2.127010822296 0
-0.015268757008 -0.532248497009 2.220765590668 0
-0.041426904500 -0.872178554535 2.306846857071 0
-0.049519099295 -0.954732000828 2.281320571899 0
0.115056656301 -0.034542366862 2.140212774277 0
0.112815096974 0.029943412170 2.193836688995 0
0.126375451684 0.390926033258 2.181612014771 0
0.129365131259 0.577539682388 2.134036064148 0
0.293484479189 0.284250885248 2.197338819504 0
0.341910719872 0.008000092581 2.201486587524 0
0.366674840450 -0.211273625493 2.147840499878 0
0.365124851465 -0.290243178606 2.131973743439 0
-0.047897517681 0.314740449190 2.164141178131 0
-0.132239818573 0.165147110820 1.994122028351 0
0.062387734652 0.210445836186 1.807198047638 0
0.074320636690 0.213992089033 1.791507840157 0
0.189781486988 -0.112262465060 2.133121728897 0
0.228139400482 -0.523859083652 2.217030525208 0
0.248470604420 -0.855952501297 2.283057212830 0
0.257797569036 -0.900221943855 2.191605329514 0
0.038092140108 -0.108012869954 2.126634597778 0
-0.015301973559 -0.532193064690 2.220650434494 0
-0.041459392756 -0.872163891792 2.306828737259 0
-0.049491364509 -0.954725444317 2.281304121017 0
0.115160308778 -0.034423667938 2.140166044235 0
0.112830460072 0.030011018738 2.193828105927 0
0.126534268260 0.390857130289 2.181355237961 0
0.129397571087 0.577580392361 2.133948087692 0
0.293650478125 0.284279614687 2.197438955307 0
0.341928988695 0.007976197638 2.201505661011 0
0.366602331400 -0.211305707693 2.147748708725 0
0.365037262440 -0.290231168270 2.131777524948 0
-0.047859679908 0.315223187208 2.164032220840 0
-0.131786495447 0.166243061423 1.993384122849 0
0.063183508813 0.210320428014 1.804103851318 0
0.074673399329 0.212368085980 1.786897063255 0
0.189887538552 -0.112257584929 2.133243083954 0
0.228254705667 -0.523260653019 2.216722965240 0
0.248490750790 -0.855937123299 2.283041715622 0
0.257987052202 -0.900204896927 2.191588640213 0
0.038133900613 -0.107885636389 2.126300096512 0
-0.015331683680 -0.532149195671 2.220552682877 0
-0.041490953416 -0.872152030468 2.306813240051 0
-0.049432810396 -0.954716742039 2.281276941299 0
0.115255095065 -0.034315627068 2.140118360519 0
0.112843543291 0.030072873458 2.193817615509 0
0.126634418964 0.390814125538 2.181156635284 0
0.129403367639 0.577651083469 2.133877992630 0
0.293798118830 0.284307777882 2.197525501251 0
0.341952770948 0.007943580858 2.201497793198 0
0.366541326046 -0.211341634393 2.147526741028 0
0.364976435900 -0.290178805590 2.131461620331 0
-0.047824431211 0.315540403128 2.163943767548 0
-0.131605044007 0.166566878557 1.993094325066 0
0.063665933907 0.209628283978 1.801089406013 0
0.074174083769 0.210719183087 1.783118844032 0
0.189984545112 -0.112253151834 2.133350610733 0
0.228368088603 -0.522979319096 2.216544866562 0
0.248510912061 -0.855922162533 2.283026456833 0
0.258162260056 -0.900188982487 2.191572904587 0
0.038172021508 -0.107773929834 2.125993013382 0
-0.015359133482 -0.532109797001 2.220462799072 0
-0.041517943144 -0.872139632702 2.306797981262 0
-0.049396820366 -0.954707145691 2.281253814697 0
0.115347392857 -0.034205380827 2.140064239502 0
0.112855874002 0.030134014785 2.193804264069 0
0.126713588834 0.390773147345 2.180994272232 0
0.129401728511 0.577716410160 2.133818864822 0
0.293941676617 0.284341216087 2.197616815567 0
0.341987043619 0.007880008779 2.201429605484 0
0.366483986378 -0.211398854852 2.146878719330 0
0.364924639463 -0.290019094944 2.130784273148 0
-0.047805186361 0.315800875425 2.163877248764 0
-0.131406307220 0.166262388229 1.993038415909 0
0.041264954954 0.200431630015 1.806789040565 0
0.068381413817 0.203806817532 1.774398684502 0
0.190073475242 -0.112246468663 2.133436441422 0
0.228462144732 -0.522826075554 2.216427087784 0
0.248534575105 -0.855906784534 2.283008098602 0
0.258335024118 -0.900173962116 2.191552877426 0
0.038206372410 -0.107668265700 2.125705242157 0
-0.015384011902 -0.532079517841 2.220379590988 0
-0.041544504464 -0.872127890587 2.306785345078 0
-0.049344219267 -0.954691469669 2.281214952469 0
0.115436270833 -0.034111134708 2.140004873276 0
0.112870424986 0.030182207003 2.193789243698 0
0.126766756177 0.390727788210 2.180873155594 0
0.129401430488 0.577766895294 2.133767604828 0
0.294011861086 0.284342676401 2.197670698166 0
0.342033118010 0.007789286319 2.201333045959 0
0.366454601288 -0.211483597755 2.146075248718 0
0.364908605814 -0.289804130793 2.129995107651 0
-0.047804862261 0.315945595503 2.163849115372 0
-0.131523206830 0.163005799055 1.995058298111 0
0.028379403055 0.192792743444 1.813079595566 0
0.060902222991 0.191283404827 1.772262573242 0
0.190154731274 -0.112244516611 2.133501291275 0
0.228551447392 -0.522688746452 2.216319561005 0
0.248561218381 -0.855892896652 2.282984733582 0
0.258484095335 -0.900164008141 2.191525220871 0
0.038248635828 -0.107578992844 2.125432014465 0
-0.015406579711 -0.532051205635 2.220289707184 0
-0.041571326554 -0.872123777866 2.306774854660 0
-0.049290180206 -0.954686284065 2.281177043915 0
0.115522332489 -0.034038692713 2.139943122864 0
0.112888365984 0.030217405409 2.193773031235 0
0.126808121800 0.390681177378 2.180765867233 0
0.129398778081 0.577812612057 2.133722782135 0
0.294041365385 0.284333467484 2.197697401047 0
0.342078387737 0.007695639040 2.201235771179 0
0.366490095854 -0.211569279432 2.145366191864 0
0.364964276552 -0.289594650269 2.129263162613 0
-0.047804642469 0.315994054079 2.163831949234 0
-0.132064253092 0.157399296761 1.999946713448 0
0.017966542393 0.176574677229 1.820949196815 0
0.051904872060 0.177065491676 1.775268793106 0
0.190231204033 -0.112247921526 2.133553743362 0
0.228641450405 -0.522592723370 2.216230869293 0
0.248593166471 -0.855875909328 2.282957077026 0
0.258610069752 -0.900151610374 2.191494703293 0
0.038301687688 -0.107511967421 2.125179767609 0
-0.015427536331 -0.532027602196 2.220195531845 0
-0.041596692055 -0.872121691704 2.306765556335 0
-0.049244910479 -0.954683005810 2.281140804291 0
0.115622468293 -0.033997584134 2.139858007431 0
0.112914174795 0.030236730352 2.193747758865 0
0.126833066344 0.390634894371 2.180671215057 0
0.129398256540 0.577846229076 2.133679628372 0
0.294050604105 0.284304529428 2.197715044022 0
0.342118889093 0.007613488473 2.201146841049 0
0.366813123226 -0.211646616459 2.144730091095 0
0.365344375372 -0.289399296045 2.128561973572 0
-0.047830231488 0.314325660467 2.163852453232 0
-0.140321418643 0.142785996199 2.019938945770 0
-0.003495807527 0.135009378195 1.835935354233 0
0.027277953923 0.106549777091 1.795311212540 0
0.190306708217 -0.112261623144 2.133573532104 0
0.228729367256 -0.522540092468 2.216158390045 0
0.248622953892 -0.855859935284 2.282930612564 0
0.258701890707 -0.900141060352 2.191468000412 0
0.038401756436 -0.107485517859 2.124928236008 0
-0.015449599363 -0.532008945942 2.220085144043 0
-0.041619349271 -0.872123777866 2.306753396988 0
-0.049214094877 -0.954685270786 2.281107425690 0
0.115738935769 -0.033967394382 2.139757633209 0
0.112950861454 0.030252067372 2.193715333939 0
0.126852646470 0.390595972538 2.180588960648 0
0.129396125674 0.577885329723 2.133641004562 0
0.294044524431 0.284272611141 2.197724342346 0
0.342147588730 0.007550364826 2.201079845428 0
0.367193996906 -0.211702659726 2.144217252731 0
0.365795463324 -0.289235472679 2.127981424332 0
-0.047754831612 0.311654478312 2.163906812668 0
-0.142992258072 0.129901185632 2.035166978836 0
-0.013347715139 0.101574152708 1.843220114708 0
0.018050346524 0.068617835641 1.805478453636 0
0.190378591418 -0.112274087965 2.133581638336 0
0.228813424706 -0.522436201572 2.216068506241 0
0.248642042279 -0.855845749378 2.282910108566 0
0.258760005236 -0.900131762028 2.191449165344 0
0.038581136614 -0.107473760843 2.124652624130 0
-0.015469655395 -0.531989455223 2.219968318939 0
-0.041640829295 -0.872129976749 2.306741714478 0
-0.049183599651 -0.954691886902 2.281069278717 0
0.115893088281 -0.033949315548 2.139629840851 0
0.113009743392 0.030261332169 2.193666458130 0
0.126865983009 0.390558183193 2.180508375168 0
0.129394665360 0.577920436859 2.133605480194 0
0.294035375118 0.284240275621 2.197731018066 0
0.342169642448 0.007491264027 2.201023578644 0
0.367599308491 -0.211768180132 2.143870115280 0
0.366300374269 -0.289118915796 2.127542257309 0
-0.047588672489 0.308955997229 2.164046764374 0
-0.145678222179 0.112807035446 2.063535690308 0
-0.027035992593 0.045582503080 1.857442855835 0
0.006601188332 0.013736117631 1.820194482803 0
0.190465107560 -0.112288065255 2.133575201035 0
0.228889703751 -0.522340655327 2.215986013412 0
0.248659893870 -0.855833351612 2.282890319824 0
0.258805662394 -0.900124907494 2.191431999207 0
0.038881756365 -0.107490129769 2.124335527420 0
-0.015482363291 -0.531978368759 2.219852447510 0
-0.041663754731 -0.872141540051 2.306732416153 0
-0.049124870449 -0.954707145691 2.281015872955 0
0.116467639804 -0.033987458795 2.139190912247 0
0.113296918571 0.030235260725 2.193435907364 0
0.126859501004 0.390537768602 2.180399417877 0
0.129399791360 0.577968895435 2.133570432663 0
0.294018298388 0.284208118916 2.197729110718 0
0.342176616192 0.007438925561 2.200995683670 0
0.368785679340 -0.211892917752 2.143688440323 0
0.367867618799 -0.289011806250 2.127132177353 0
-0.047474596649 0.306482285261 2.164261579514 0
-0.140771597624 0.094158425927 2.103343486786 0
-0.043945986778 -0.054847300053 1.881101965904 0
-0.016776297241 -0.114345796406 1.849395394325 0
0.191046357155 -0.112279869616 2.133292198181 0
0.228938981891 -0.522302985191 2.215945243835 0
0.248672261834 -0.855822861195 2.282877206802 0
0.258833944798 -0.900118768215 2.191421508789 0
0.039899863303 -0.107685752213 2.123582363129 0
-0.015488538891 -0.531991243362 2.219743728638 0
-0.041685350239 -0.872158467770 2.306722879410 0
-0.049185797572 -0.954723179340 2.280962944031 0
0.117063887417 -0.034060940146 2.138737678528 0
0.113623283803 0.030191171914 2.193170070648 0
0.126837417483 0.390530884266 2.180248022079 0
0.129408448935 0.578025817871 2.133538961411 0
0.293999314308 0.284176588058 2.197723865509 0
0.342177808285 0.007389270235 2.200973033905 0
0.370000869036 -0.212033003569 2.143694162369 0
0.369442045689 -0.288938254118 2.126868247986 0
-0.047370985150 0.304491579533 2.164451122284 0
-0.134290978312 0.085950255394 2.120460987091 0
-0.057723447680 -0.097857043147 1.903878211975 0
-0.041215188801 -0.172423601151 1.877543210983 0
0.191700845957 -0.112276971340 2.132956027985 0
0.228968113661 -0.522306561470 2.215933322906 0
0.248681485653 -0.855816185474 2.282867193222 0
0.258854836226 -0.900115966797 2.191414594650 0
0.040838290006 -0.107921227813 2.122923135757 0
-0.015481621027 -0.532017111778 2.219645261765 0
-0.041706342250 -0.872180521488 2.306714296341 0
-0.049247775227 -0.954743683338 2.280903816223 0
0.117593266070 -0.034147169441 2.138329029083 0
0.113956451416 0.030150072649 2.192905664444 0
0.126769796014 0.390591204166 2.179960966110 0
0.129428520799 0.578162848949 2.133512020111 0
0.293956875801 0.284148931503 2.197675228119 0
0.342159122229 0.007310342975 2.200932979584 0
0.371214836836 -0.212245196104 2.143809080124 0
0.370957672596 -0.288886487484 2.126698970795 0
-0.047273851931 0.302692770958 2.164663076401 0
-0.112542621791 0.054293699563 2.143972396851 0
-0.094152376056 -0.184565067291 1.972779154778 0
-0.081480130553 -0.267143845558 1.948262572289 0
0.192282542586 -0.112274587154 2.132653236389 0
0.228994563222 -0.522326827049 2.215932369232 0
0.248688474298 -0.855812251568 2.282860040665 0
0.258865952492 -0.900115251541 2.191410541534 0
0.041580546647 -0.108151204884 2.122419118881 0
-0.015464429744 -0.532036721706 2.219539165497 0
-0.041716679931 -0.872193694115 2.306709051132 0
-0.049330454320 -0.954756677151 2.280853748322 0
0.117948792875 -0.034260295331 2.137985706329 0
0.114230506122 0.030110176653 2.192643404007 0
0.126680746675 0.390748739243 2.179335117340 0
0.129470884800 0.578328132629 2.133493185043 0
0.293864071369 0.284115016460 2.197525024414 0
0.342124104500 0.007209058385 2.200846672058 0
0.371999740601 -0.212429612875 2.143822908401 0
0.371884375811 -0.288817435503 2.126561403275 0
-0.047135937959 0.301153719425 2.164849519730 0
-0.103899590671 0.032713256776 2.154659509659 0
-0.140013575554 -0.228973388672 2.065750122070 0
-0.136989682913 -0.323187351227 2.044814825058 0
0.192600727081 -0.112301848829 2.132422208786 0
0.229003757238 -0.522314667702 2.215927362442 0
0.248692542315 -0.855809092522 2.282855987549 0
0.258871436119 -0.900115311146 2.191408157349 0
0.041991095990 -0.108332291245 2.122123479843 0
-0.015430009924 -0.532052576542 2.219430208206 0
-0.041722580791 -0.872203230858 2.306705474854 0
-0.049510534853 -0.954766333103 2.280814647675 0
0.118190743029 -0.034368809313 2.137701988220 0
0.114441767335 0.030075620860 2.192402362823 0
0.126568555832 0.390952587128 2.178610086441 0
0.129521757364 0.578525602818 2.133468389511 0
0.293748915195 0.284096240997 2.197309732437 0
0.342050909996 0.007074481808 2.200679779053 0
0.372539609671 -0.212587565184 2.143738508224 0
0.372480094433 -0.288764834404 2.126443386078 0
-0.047004543245 0.299935042858 2.164979934692 0
-0.100896865129 0.023565663025 2.159659862518 0
-0.153146982193 -0.246075466275 2.110837697983 0
-0.151231318712 -0.331690818071 2.090231895447 0
0.192782819271 -0.112330533564 2.132247209549 0
0.229004472494 -0.522215843201 2.215906143188 0
0.248695686460 -0.855806291103 2.282853364944 0
0.258871942759 -0.900116264820 2.191406488419 0
0.042244117707 -0.108471632004 2.121928930283 0
-0.015394819900 -0.532066702843 2.219326257706 0
-0.041727516800 -0.872212171555 2.306702613831 0
-0.049705989659 -0.954780638218 2.280802011490 0
0.118364512920 -0.034477658570 2.137452125549 0
0.114613503218 0.030041549355 2.192168951035 0
0.126456633210 0.391184151173 2.177855253220 0
0.129575401545 0.578740000725 2.133448123932 0
0.293608874083 0.284098029137 2.197040081024 0
0.341945111752 0.006949276663 2.200417041779 0
0.372929006815 -0.212689399719 2.143573760986 0
0.372868955135 -0.288722366095 2.126327514648 0
-0.046866938472 0.298917621374 2.165071010590 0
-0.099433064461 0.018710549921 2.163432598114 0
-0.155090615153 -0.244063332677 2.131439685822 0
-0.156289964914 -0.336325109005 2.119228839874 0
0.192893236876 -0.112360343337 2.132096052170 0
0.229006901383 -0.522119581699 2.215886116028 0
0.248697951436 -0.855804085732 2.282851934433 0
0.258866846561 -0.900118410587 2.191406488419 0
0.042416445911 -0.108586095273 2.121788501740 0
-0.015358064324 -0.532074809074 2.219225645065 0
-0.041733291000 -0.872219681740 2.306700468063 0
-0.049872327596 -0.954789221287 2.280787706375 0
0.118471898139 -0.034559551626 2.137225389481 0
0.114755026996 0.030044989660 2.191873311996 0
0.126302257180 0.391581624746 2.176683425903 0
0.129628092051 0.579009830952 2.133425235748 0
0.293475180864 0.284127354622 2.196712255478 0
0.341781616211 0.006889890414 2.199873447418 0
0.373387932777 -0.212693452835 2.143091917038 0
0.373257815838 -0.288664549589 2.126022815704 0
-0.046758994460 0.298091381788 2.165160179138 0
-0.101480096579 0.014467740431 2.174547672272 0
-0.168622776866 -0.244716629386 2.180913925171 0
-0.167367219925 -0.333083778620 2.175342321396 0
0.192960575223 -0.112380661070 2.131946802139 0
0.228995025158 -0.521745204926 2.215781927109 0
0.248700588942 -0.855800211430 2.282850742340 0
0.258854150772 -0.900120198727 2.191407918930 0
0.042496141046 -0.108654767275 2.121706247330 0
-0.015321040526 -0.532077670097 2.219126224518 0
-0.041741207242 -0.872224390507 2.306700944901 0
-0.049969229847 -0.954788088799 2.280773878098 0
0.118535660207 -0.034625303000 2.137003421783 0
0.114901468158 0.030069179833 2.191498517990 0
0.126153662801 0.391963899136 2.175568342209 0
0.129663288593 0.579247713089 2.133387327194 0
0.293244272470 0.284202277660 2.196115255356 0
0.341585665941 0.006852023304 2.199100971222 0
0.373761594296 -0.212651282549 2.142318010330 0
0.373542368412 -0.288568019867 2.125559568405 0
-0.046706501395 0.297451525927 2.165346145630 0
-0.107232071459 0.014986125752 2.189931154251 0
-0.174718245864 -0.238859474659 2.201966762543 0
-0.172943368554 -0.324418574572 2.201680421829 0
0.192986652255 -0.112392440438 2.131749629974 0
0.228965476155 -0.521245419979 2.215633153915 0
0.248703092337 -0.855795681477 2.282849788666 0
0.258802711964 -0.900122940540 2.191409587860 0
0.042538296431 -0.108696117997 2.121652841568 0
-0.015285594389 -0.532080531120 2.219032764435 0
-0.041748352349 -0.872227191925 2.306702136993 0
-0.050049927086 -0.954780280590 2.280756711960 0
0.118559397757 -0.034683372825 2.136780977249 0
0.115058250725 0.030104894191 2.191057205200 0
0.126017719507 0.392300993204 2.174553155899 0
0.129664242268 0.579420030117 2.133344411850 0
0.292924344540 0.284271657467 2.195218801498 0
0.341325819492 0.006885192823 2.197869777679 0
0.374069243670 -0.212538316846 2.141181230545 0
0.373746663332 -0.288431674242 2.124923944473 0
-0.046739649028 0.296902179718 2.165726661682 0
-0.112316727638 0.017517412081 2.202319145203 0
-0.178159072995 -0.233707964420 2.213426828384 0
-0.175725668669 -0.321508556604 2.214506387711 0
0.192971587181 -0.112403489649 2.131500244141 0
0.228927686810 -0.520661354065 2.215430498123 0
0.248706087470 -0.855790019035 2.282848596573 0
0.258676171303 -0.900125563145 2.191407442093 0
0.042554780841 -0.108728654683 2.121614456177 0
-0.015251248144 -0.532082378864 2.218943357468 0
-0.041754651815 -0.872229814529 2.306703567505 0
-0.050068631768 -0.954778194427 2.280744552612 0
0.118566952646 -0.034736983478 2.136568784714 0
0.115208759904 0.030141841620 2.190617561340 0
0.125899642706 0.392588347197 2.173675775528 0
0.129658818245 0.579584121704 2.133299350739 0
0.292601764202 0.284333765507 2.194261550903 0
0.341103285551 0.006893803831 2.196598291397 0
0.374292641878 -0.212458357215 2.140006542206 0
0.373888701200 -0.288274735212 2.124208688736 0
-0.046771839261 0.296426683664 2.166136264801 0
-0.115381635725 0.019249087200 2.209090948105 0
-0.179817169905 -0.229936018586 2.219248533249 0
-0.176632493734 -0.318456381559 2.220567941666 0
0.192936539650 -0.112411603332 2.131233692169 0
0.228883683681 -0.520173192024 2.215252161026 0
0.248709157109 -0.855784356594 2.282847881317 0
0.258519351482 -0.900128841400 2.191404581070 0
0.042559470981 -0.108758695424 2.121584177017 0
-0.015219577588 -0.532083749771 2.218860387802 0
-0.041760232300 -0.872232139111 2.306705236435 0
-0.050084434450 -0.954775631428 2.280732870102 0
0.118547432125 -0.034793689847 2.136362552643 0
0.115343146026 0.030170358717 2.190188169479 0
0.125775769353 0.392829805613 2.172919750214 0
0.129638373852 0.579710900784 2.133254289627 0
0.292261332273 0.284383505583 2.193229436874 0
0.340877115726 0.006936956663 2.195110082626 0
0.374435365200 -0.212358757854 2.138664722443 0
0.373958289623 -0.288120627403 2.123375892639 0
-0.046821989119 0.295924097300 2.166705846786 0
-0.117250293493 0.020464066416 2.213052034378 0
-0.180580839515 -0.226394817233 2.222313404083 0
-0.176937341690 -0.315707027912 2.224109172821 0
0.192862585187 -0.112427167594 2.130931854248 0
0.228870093822 -0.520033955574 2.215172767639 0
0.248712509871 -0.855778694153 2.282846927643 0
0.258308202028 -0.900133430958 2.191400289536 0
0.042543642223 -0.108793012798 2.121564149857 0
-0.015192692168 -0.532100796700 2.218797206879 0
-0.041765797883 -0.872234821320 2.306708097458 0
-0.050096437335 -0.954772949219 2.280720949173 0
0.118481375277 -0.034858688712 2.136170864105 0
0.115472093225 0.030190968886 2.189767837524 0
0.125673025846 0.393037706614 2.172267436981 0
0.129580304027 0.579843282700 2.133194923401 0
0.291741222143 0.284454941750 2.191731452942 0
0.340663224459 0.007130417507 2.193259716034 0
0.374279886484 -0.212102383375 2.136730909348 0
0.373726814985 -0.287972897291 2.121944904327 0
-0.046857420355 0.295412600040 2.167526960373 0
-0.118143007159 0.021061301231 2.215282917023 0
-0.179694667459 -0.222540438175 2.222101688385 0
-0.174306213856 -0.310999810696 2.221596002579 0
0.192667514086 -0.112445726991 2.130525112152 0
0.228856116533 -0.520027995110 2.215123653412 0
0.248717576265 -0.855772376060 2.282846212387 0
0.257984459400 -0.900140583515 2.191395282745 0
0.042443837970 -0.108850851655 2.121616363525 0
-0.015172826126 -0.532121121883 2.218770265579 0
-0.041770663112 -0.872236013412 2.306710720062 0
-0.050114411861 -0.954771399498 2.280720710754 0
0.118392184377 -0.034928303212 2.136001825333 0
0.115575753152 0.030198957771 2.189401149750 0
0.125593140721 0.393194079399 2.171751260757 0
0.129474505782 0.579908490181 2.133110284805 0
0.291286766529 0.284548521042 2.190360069275 0
0.340474009514 0.007341873832 2.191461563110 0
0.374001294374 -0.211854919791 2.134877204895 0
0.373353093863 -0.287765473127 2.120404958725 0
-0.046883601695 0.294918119907 2.168383121490 0
-0.118555605412 0.021313695237 2.216552495956 0
-0.175346598029 -0.218910574913 2.215666055679 0
-0.165541589260 -0.304987579584 2.207571744919 0
0.192437335849 -0.112472504377 2.130115032196 0
0.228826239705 -0.520134449005 2.215057373047 0
0.248721837997 -0.855766177177 2.282845735550 0
0.257625371218 -0.900146782398 2.191387414932 0
0.042264394462 -0.108933314681 2.121746540070 0
-0.015158137307 -0.532134115696 2.218756198883 0
-0.041775505990 -0.872236967087 2.306714057922 0
-0.050142981112 -0.954768538475 2.280724287033 0
0.118241131306 -0.035021375865 2.135859012604 0
0.115649022162 0.030189484358 2.189096689224 0
0.125537455082 0.393318712711 2.171352624893 0
0.129324078560 0.579966306686 2.133023500443 0
0.290790617466 0.284639388323 2.188824653625 0
0.340289503336 0.007702450268 2.189029216766 0
0.373399555683 -0.211500972509 2.132406711578 0
0.372566759586 -0.287250697613 2.118107318878 0
-0.046879906207 0.294330865145 2.169496774673 0
-0.118182010949 0.020828112960 2.216704607010 0
-0.160956129432 -0.209702238441 2.188056230545 0
-0.157992333174 -0.299523591995 2.175765037537 0
0.192084327340 -0.112521454692 2.129641771317 0
0.228757515550 -0.520186305046 2.214967966080 0
0.248724266887 -0.855762660503 2.282846212387 0
0.257142752409 -0.900169074535 2.191391706467 0
0.041872326285 -0.109083533287 2.122131824493 0
-0.015141326934 -0.532126486301 2.218760251999 0
-0.041777625680 -0.872236967087 2.306718587875 0
-0.050229396671 -0.954763591290 2.280774831772 0
0.118046961725 -0.035131171346 2.135751247406 0
0.115702942014 0.030171463266 2.188861846924 0
0.125498533249 0.393435209990 2.171087503433 0
0.129132762551 0.580048620701 2.132945299149 0
0.290249317884 0.284794807434 2.187240362167 0
0.340107709169 0.008097616024 2.186377286911 0
0.372468590736 -0.211021080613 2.128966093063 0
0.371397912502 -0.286469340324 2.114939928055 0
-0.046841267496 0.293738961220 2.170804977417 0
-0.115761369467 0.019784687087 2.213832616806 0
-0.154096245766 -0.203180760145 2.155157566071 0
-0.153677731752 -0.294903039932 2.130073070526 0
0.191683024168 -0.112579971552 2.129190206528 0
0.228658780456 -0.520219147205 2.214876651764 0
0.248726740479 -0.855759143829 2.282847404480 0
0.256576061249 -0.900192797184 2.191400766373 0
0.041392628103 -0.109245099127 2.122671127319 0
-0.015110142529 -0.532092392445 2.218795537949 0
-0.041775047779 -0.872235119343 2.306728601456 0
-0.050514612347 -0.954741239548 2.280955314636 0
0.117853708565 -0.035237077624 2.135662317276 0
0.115748263896 0.030152976513 2.188662767410 0
0.125462472439 0.393537163734 2.170883417130 0
0.128935903311 0.580128371716 2.132883548737 0
0.289778858423 0.284969806671 2.185861587524 0
0.339956253767 0.008621810935 2.183837890625 0
0.371630221605 -0.210426032543 2.125812768936 0
0.370330005884 -0.285635709763 2.111928939819 0
-0.046803243458 0.293231517076 2.171967506409 0
-0.112515628338 0.018790666014 2.209281206131 0
-0.151167675853 -0.199789658189 2.135520696640 0
-0.150765493512 -0.290894389153 2.099189519882 0
0.191313460469 -0.112632535398 2.128786325455 0
0.228559359908 -0.520303130150 2.214810132980 0
0.248729288578 -0.855756819248 2.282848834991 0
0.256038308144 -0.900225996971 2.191416501999 0
0.040935434401 -0.109396412969 2.123222589493 0
-0.015067835338 -0.532033801079 2.218867063522 0
-0.041767645627 -0.872229695320 2.306748151779 0
-0.051005385816 -0.954682648182 2.281243562698 0
0.117670379579 -0.035333149135 2.135591030121 0
0.115786626935 0.030135005713 2.188502073288 0
0.125431731343 0.393619507551 2.170758724213 0
0.128675714135 0.580259203911 2.132867813110 0
0.289396613836 0.285119801760 2.184732675552 0
0.339838624001 0.009057264775 2.181719064713 0
0.370968312025 -0.209936872125 2.123172283173 0
0.369422316551 -0.284862160683 2.109066724777 0
-0.046771615744 0.292793035507 2.173025608063 0
-0.109121426940 0.018141843379 2.204062461853 0
-0.148889422417 -0.196063950658 2.115579605103 0
-0.147189915180 -0.286201894283 2.071993589401 0
0.190983057022 -0.112677842379 2.128428697586 0
0.228460744023 -0.520332515240 2.214750766754 0
0.248732104897 -0.855753660202 2.282850742340 0
0.255538612604 -0.900246500969 2.191427946091 0
0.040516972542 -0.109526738524 2.123757123947 0
-0.015026038513 -0.531949400902 2.218963623047 0
-0.041756115854 -0.872221827507 2.306772470474 0
-0.051455732435 -0.954615116119 2.281499862671 0
0.117499820888 -0.035422373563 2.135534048080 0
0.115821510553 0.030116872862 2.188371896744 0
0.125410139561 0.393694490194 2.170675039291 0
0.128419548273 0.580394089222 2.132867813110 0
0.289077371359 0.285251915455 2.183792114258 0
0.339718699455 0.009460149333 2.179771423340 0
0.370443582535 -0.209535002708 2.120972156525 0
0.368615716696 -0.284111320972 2.106199979782 0
-0.046734739095 0.292413413525 2.173967361450 0
-0.105506934226 0.017882237211 2.198080062866 0
-0.147062003613 -0.192920804024 2.099329471588 0
-0.144199162722 -0.282873690128 2.054259300232 0
0.190688475966 -0.112717501819 2.128112792969 0
0.228365957737 -0.520374774933 2.214708566666 0
0.248734503984 -0.855751037598 2.282852411270 0
0.255072414875 -0.900267779827 2.191440105438 0
0.040148295462 -0.109641738236 2.124258518219 0
-0.014978827909 -0.531805455685 2.219089269638 0
-0.041734442115 -0.872208476067 2.306797266006 0
-0.051952529699 -0.954522311687 2.281780242920 0
0.117355659604 -0.035501364619 2.135503768921 0
0.115852132440 0.030100317672 2.188295602798 0
0.125390574336 0.393767774105 2.170642852783 0
0.128053426743 0.580641210079 2.132974624634 0
0.288818538189 0.285364925861 2.183025598526 0
0.339604198933 0.009826328605 2.178116083145 0
0.370040863752 -0.209122613072 2.118836641312 0
0.367990672588 -0.283386141062 2.103452920914 0
-0.046695265919 0.292071014643 2.174823284149 0
-0.101896554232 0.018356867135 2.191055536270 0
-0.144771054387 -0.189230486751 2.082934141159 0
-0.137720152736 -0.272106230259 2.030310392380 0
0.190448299050 -0.112747050822 2.127849340439 0
0.228260651231 -0.520380616188 2.214677333832 0
0.248736634851 -0.855749189854 2.282854795456 0
0.254640370607 -0.900291860104 2.191456794739 0
0.039835788310 -0.109748601913 2.124754190445 0
-0.014908455312 -0.531604826450 2.219260454178 0
-0.041702583432 -0.872189939022 2.306828260422 0
-0.052413947880 -0.954430818558 2.282084465027 0
0.117250345647 -0.035563513637 2.135497570038 0
0.115880094469 0.030089039356 2.188254833221 0
0.125365331769 0.393864870071 2.170654535294 0
0.127733021975 0.580840945244 2.133083581924 0
0.288613438606 0.285488814116 2.182436943054 0
0.339516371489 0.010184399784 2.176831483841 0
0.369818866253 -0.208704724908 2.117108106613 0
0.367627322674 -0.282773822546 2.101238727570 0
-0.046657063067 0.291776388884 2.175566196442 0
-0.098816059530 0.018961733207 2.184264183044 0
-0.142223343253 -0.186266869307 2.069242000580 0
-0.133046343923 -0.265504091978 2.016701936722 0
0.190289646387 -0.112753167748 2.127657651901 0
0.228139176965 -0.520258069038 2.214625120163 0
0.248738497496 -0.855747342110 2.282857894897 0
0.254255741835 -0.900311887264 2.191474676132 0
0.039605602622 -0.109846338630 2.125233888626 0
-0.014832287095 -0.531367123127 2.219435214996 0
-0.041656278074 -0.872172355652 2.306861162186 0
-0.052729360759 -0.954374432564 2.282344102859 0
0.117163740098 -0.035618074238 2.135500669479 0
0.115906156600 0.030078511685 2.188228130341 0
0.125337883830 0.393975138664 2.170701742172 0
0.127429038286 0.581027925014 2.133197307587 0
0.288445144892 0.285585880280 2.181990385056 0
0.339449524879 0.010502107441 2.175863742828 0
0.369696557522 -0.208332180977 2.115787744522 0
0.367418318987 -0.282323062420 2.099599123001 0
-0.046621825546 0.291530698538 2.176182746887 0
-0.096742480993 0.019407130778 2.179436683655 0
-0.140740752220 -0.184768721461 2.061935424805 0
-0.130932644010 -0.262604802847 2.010867834091 0
0.190171837807 -0.112751878798 2.127507686615 0
0.228053465486 -0.520165681839 2.214588642120 0
0.248739778996 -0.855745971203 2.282860517502 0
0.253920078278 -0.900331020355 2.191488504410 0
0.039426725358 -0.109931036830 2.125661134720 0
-0.014755386859 -0.531133472919 2.219597339630 0
-0.041610885412 -0.872155249119 2.306893110275 0
-0.053014647216 -0.954323649406 2.282579660416 0
0.117090947926 -0.035666257143 2.135512113571 0
0.115931116045 0.030068129301 2.188212394714 0
0.125295728445 0.394097149372 2.170787334442 0
0.127156257629 0.581196069717 2.133302211761 0
0.288297146559 0.285674899817 2.181644916534 0
0.339398562908 0.010745331645 2.175189971924 0
0.369634389877 -0.208032339811 2.114807367325 0
0.367308795452 -0.281974047422 2.098408699036 0
-0.046592526138 0.291325181723 2.176705360413 0
-0.095344640315 0.019687823951 2.175954103470 0
-0.139821633697 -0.184047371149 2.057873487473 0
-0.129744172096 -0.261195749044 2.007814884186 0
0.190089300275 -0.112745620310 2.127399444580 0
0.227974921465 -0.520071864128 2.214555740356 0
0.248741135001 -0.855744540691 2.282862901688 0
0.253632396460 -0.900346398354 2.191499948502 0
0.039288930595 -0.110003508627 2.126040935516 0
-0.014684705995 -0.530917942524 2.219745874405 0
-0.041566412896 -0.872138857841 2.306923389435 0
-0.053255647421 -0.954277217388 2.282767772675 0
0.117026865482 -0.035714279860 2.135535717010 0
0.115954838693 0.030053973198 2.188214063644 0
0.125236049294 0.394218742847 2.170917510986 0
0.126909494400 0.581341564655 2.133399248123 0
0.288180261850 0.285740971565 2.181445598602 0
0.339368373156 0.010880577378 2.174923181534 0
0.369610726833 -0.207829058170 2.114319562912 0
0.367274701595 -0.281741142273 2.097927331924 0
-0.046565927565 0.291141659021 2.177109479904 0
-0.094331897795 0.019865300506 2.173321723938 0
-0.139425486326 -0.183837518096 2.056191205978 0
-0.129439592361 -0.260764539242 2.006902456284 0
0.190032392740 -0.112740695477 2.127328634262 0
0.227946445346 -0.520047962666 2.214554071426 0
0.248740464449 -0.855741202831 2.282867193222 0
0.253389090300 -0.900349259377 2.191515207291 0
0.039184525609 -0.110069923103 2.126388549805 0
-0.014619098045 -0.530718088150 2.219877243042 0
-0.041517995298 -0.872121989727 2.306951522827 0
-0.053631938994 -0.954206168652 2.283009529114 0
0.116968706250 -0.035755086690 2.135576486588 0
0.115976110101 0.030039532110 2.188242197037 0
0.125153884292 0.394352018833 2.171099185944 0
0.126691758633 0.581484794617 2.133502960205 0
0.288097679615 0.285794347525 2.181366682053 0
0.339345276356 0.010975016281 2.174825668335 0
0.369602650404 -0.207722544670 2.114143371582 0
0.367263734341 -0.281644850969 2.097781419754 0
-0.046547636390 0.290986895561 2.177454471588 0
-0.093674927950 0.019905542955 2.171456098557 0
-0.139478638768 -0.184535622597 2.057030677795 0
-0.131825149059 -0.262056887150 2.017165660858 0
0.189996302128 -0.112734042108 2.127291917801 0
0.227924078703 -0.520039379597 2.214565277100 0
0.248738929629 -0.855737149715 2.282871246338 0
0.253214687109 -0.900348842144 2.191526889801 0
0.039104748517 -0.110120758414 2.126712083817 0
-0.014558886178 -0.530540585518 2.219988822937 0
-0.041461881250 -0.872104525566 2.306978940964 0
-0.054085340351 -0.954112708569 2.283251047134 0
0.116912022233 -0.035794056952 2.135623931885 0
0.115993916988 0.030024413019 2.188283443451 0
0.125069037080 0.394477993250 2.171281099319 0
0.126492485404 0.581617534161 2.133599281311 0
0.288022071123 0.285839617252 2.181323289871 0
0.339323967695 0.011085133068 2.174840450287 0
0.369613379240 -0.207610487938 2.114123106003 0
0.367307752371 -0.281513869762 2.097903013229 0
-0.046534366906 0.290853381157 2.177736759186 0
-0.093334890902 0.019793231040 2.170243740082 0
-0.140388250351 -0.187190502882 2.063291072845 0
-0.136304974556 -0.265018165112 2.036616325378 0
0.189966171980 -0.112728148699 2.127266407013 0
0.227905616164 -0.520060002804 2.214601278305 0
0.248736202717 -0.855731606483 2.282876253128 0
0.253067910671 -0.900343775749 2.191536426544 0
0.039037559181 -0.110163740814 2.127003431320 0
-0.014510529116 -0.530441701412 2.220080137253 0
-0.041405986995 -0.872087001801 2.307005405426 0
-0.054542716593 -0.954013288021 2.283471107483 0
0.116838835180 -0.035830620676 2.135699033737 0
0.115995690227 0.030011188239 2.188362360001 0
0.124970927835 0.394603848457 2.171479701996 0
0.126313567162 0.581760585308 2.133701801300 0
0.287942260504 0.285905539989 2.181361675262 0
0.339318335056 0.011165570468 2.175131797791 0
0.369654923677 -0.207565441728 2.115017890930 0
0.367427319288 -0.281326860189 2.098978996277 0
-0.046528495848 0.290741294622 2.177972078323 0
-0.093283578753 0.019585628062 2.169734001160 0
-0.142336443067 -0.192100659013 2.076846361160 0
-0.141030803323 -0.268943756819 2.058905124664 0
0.189930647612 -0.112720578909 2.127255678177 0
0.227881580591 -0.520056009293 2.214642047882 0
0.248732998967 -0.855728209019 2.282881498337 0
0.252962678671 -0.900345921516 2.191546678543 0
0.038967430592 -0.110192760825 2.127290010452 0
-0.014470011927 -0.530362427235 2.220160484314 0
-0.041351847351 -0.872070491314 2.307031393051 0
-0.054926574230 -0.953934311867 2.283674716949 0
0.116761580110 -0.035864181817 2.135783433914 0
0.115988768637 0.030000545084 2.188453674316 0
0.124875470996 0.394723922014 2.171665906906 0
0.126153260469 0.581890285015 2.133795976639 0
0.287870734930 0.285958886147 2.181433439255 0
0.339311152697 0.011228393763 2.175535678864 0
0.369724094868 -0.207594841719 2.116452455521 0
0.367595821619 -0.281193345785 2.100591421127 0
-0.046527739614 0.290651649237 2.178156614304 0
-0.093514747918 0.019278623164 2.169498682022 0
-0.143951267004 -0.195887401700 2.088436603546 0
-0.143844246864 -0.271671861410 2.072677373886 0
0.189890921116 -0.112711668015 2.127256155014 0
0.227859765291 -0.520064055920 2.214695453644 0
0.248728945851 -0.855724513531 2.282887458801 0
0.252876490355 -0.900347590446 2.191556453705 0
0.038901310414 -0.110215246677 2.127554893494 0
-0.014436235651 -0.530291497707 2.220231533051 0
-0.041298437864 -0.872054278851 2.307055711746 0
-0.055273890495 -0.953862547874 2.283858776093 0
0.116672076285 -0.035894688219 2.135886907578 0
0.115967921913 0.029994854704 2.188566923141 0
0.124765455723 0.394853264093 2.171855688095 0
0.126008525491 0.582012832165 2.133883953094 0
0.287800014019 0.286018878222 2.181544780731 0
0.339293003082 0.011261953041 2.176108598709 0
0.369791537523 -0.207678124309 2.118060112000 0
0.367767393589 -0.281181663275 2.102417707443 0
-0.046534255147 0.290581852198 2.178307294846 0
-0.094141751528 0.019000561908 2.169621467590 0
-0.145279526711 -0.198311671615 2.099186420441 0
-0.145843833685 -0.274122029543 2.083092451096 0
0.189839869738 -0.112699627876 2.127275943756 0
0.227837547660 -0.520080804825 2.214757919312 0
0.248724505305 -0.855720996857 2.282893657684 0
0.252805382013 -0.900349736214 2.191566467285 0
0.038833938539 -0.110231928527 2.127810001373 0
-0.014405920170 -0.530226886272 2.220297574997 0
-0.041245590895 -0.872036755085 2.307084083557 0
-0.055674828589 -0.953776657581 2.284069061279 0
0.116557203233 -0.035918675363 2.136032581329 0
0.115922503173 0.029999965802 2.188711166382 0
0.124633938074 0.394981533289 2.172030687332 0
0.125875771046 0.582131862640 2.133978366852 0
0.287728220224 0.286085516214 2.181700229645 0
0.339186728001 0.011206218041 2.177088737488 0
0.369822680950 -0.207912310958 2.120279073715 0
0.367916971445 -0.281235814095 2.104687452316 0
-0.046549335122 0.290540933609 2.178410291672 0
-0.095765180886 0.018838841468 2.170743227005 0
-0.146288573742 -0.199450418353 2.108530044556 0
-0.147488355637 -0.277018785477 2.092928171158 0
0.189757421613 -0.112677693367 2.127359390259 0
0.227788448334 -0.520182907581 2.214910507202 0
0.248716622591 -0.855719685555 2.282902240753 0
0.252742171288 -0.900358021259 2.191578865051 0
0.038757227361 -0.110238015652 2.128071784973 0
-0.014377111569 -0.530169546604 2.220360755920 0
-0.041202478111 -0.872022688389 2.307102680206 0
-0.056010708213 -0.953713417053 2.284245014191 0
0.116436980665 -0.035939287394 2.136189937592 0
0.115869991481 0.030008541420 2.188856601715 0
0.124514661729 0.395097076893 2.172186851501 0
0.125746101141 0.582259356976 2.134086847305 0
0.287656605244 0.286145448685 2.181878805161 0
0.339052379131 0.011089521460 2.178060531616 0
0.369837224483 -0.208197802305 2.122212886810 0
0.368030160666 -0.281294316053 2.106696605682 0
-0.046569347382 0.290509700775 2.178491830826 0
-0.097772762179 0.018912440166 2.172257900238 0
-0.146978959441 -0.199787437916 2.114967346191 0
-0.148527771235 -0.278794437647 2.099119901657 0
0.189661651850 -0.112652897835 2.127475500107 0
0.227720811963 -0.520036160946 2.215010881424 0
0.248708695173 -0.855718314648 2.282910823822 0
0.252690672874 -0.900365531445 2.191590309143 0
0.038677316159 -0.110241264105 2.128323554993 0
-0.014358757995 -0.530128300190 2.220419883728 0
-0.041172500700 -0.872012376785 2.307121515274 0
-0.056257102638 -0.953674316406 2.284381866455 0
0.116283982992 -0.035955645144 2.136389732361 0
0.115789800882 0.030028821900 2.189017295837 0
0.124364197254 0.395224511623 2.172327280045 0
0.125621706247 0.582407653332 2.134221792221 0
0.287582337856 0.286205172539 2.182077646255 0
0.338885188103 0.010915657505 2.179049968719 0
0.369828224182 -0.208529964089 2.123978376389 0
0.368109524250 -0.281344950199 2.108487606049 0
-0.046594500542 0.290490895510 2.178554773331 0
-0.100003331900 0.019624385983 2.174140453339 0
-0.147543370724 -0.199901849031 2.119386196136 0
-0.149326607585 -0.280109107494 2.103669643402 0
0.189527943730 -0.112622104585 2.127657413483 0
0.227569699287 -0.519463002682 2.215079545975 0
0.248701676726 -0.855716407299 2.282918691635 0
0.252651035786 -0.900371491909 2.191599845886 0
0.038578324020 -0.110239356756 2.128597736359 0
-0.014343120158 -0.530096948147 2.220486164093 0
-0.041151575744 -0.872004747391 2.307137250900 0
-0.056378785521 -0.953652501106 2.284433841705 0
0.116120174527 -0.035971052945 2.136599779129 0
0.115699924529 0.030051164329 2.189175844193 0
0.124220937490 0.395342618227 2.172456264496 0
0.125510156155 0.582560777664 2.134352922440 0
0.287507236004 0.286257177591 2.182270526886 0
0.338710933924 0.010699613020 2.179944038391 0
0.369780659676 -0.208870202303 2.125395536423 0
0.368129402399 -0.281390368938 2.109940290451 0
-0.046625133604 0.290482580662 2.178607940674 0
-0.101742506027 0.020188495517 2.175623655319 0
-0.147961467505 -0.200021654367 2.122257232666 0
-0.149890884757 -0.280978888273 2.106676340103 0
0.189382836223 -0.112592212856 2.127853631973 0
0.227447286248 -0.519009470940 2.215140104294 0
0.248694598675 -0.855714678764 2.282926797867 0
0.252616584301 -0.900377213955 2.191609144211 0
0.038467463106 -0.110235452652 2.128875255585 0
-0.014329903759 -0.530080378056 2.220563888550 0
-0.041136369109 -0.871999621391 2.307156562805 0
-0.056471891701 -0.953637957573 2.284471035004 0
0.115944974124 -0.035988368094 2.136826276779 0
0.115593254566 0.030073467642 2.189330816269 0
0.124046623707 0.395450472832 2.172584056854 0
0.125414595008 0.582680940628 2.134471654892 0
0.287423998117 0.286318391562 2.182494401932 0
0.338526844978 0.010485354811 2.180728197098 0
0.369700759649 -0.209156811237 2.126461029053 0
0.368105441332 -0.281428039074 2.111125469208 0
-0.046652004123 0.290480911732 2.178646326065 0
-0.103097364306 0.020598996431 2.176752328873 0
-0.148205906153 -0.200127467513 2.124068260193 0
-0.150209024549 -0.281600594521 2.108569383621 0
0.189225465059 -0.112561926246 2.128076076508 0
0.227393031120 -0.518914639950 2.215197801590 0
0.248686164618 -0.855712532997 2.282937288284 0
0.252588957548 -0.900382220745 2.191619634628 0
0.038356211036 -0.110232003033 2.129146814346 0
-0.014319967479 -0.530062198639 2.220639944077 0
-0.041125297546 -0.871995329857 2.307183265686 0
-0.056536629796 -0.953630506992 2.284505605698 0
0.115777060390 -0.036002930254 2.137042522430 0
0.115488417447 0.030096108094 2.189472675323 0
0.123876042664 0.395548313856 2.172702789307 0
0.125329017639 0.582790493965 2.134582042694 0
0.287339180708 0.286383420229 2.182728052139 0
0.338361680508 0.010262514465 2.181378364563 0
0.369627892971 -0.209426686168 2.127271890640 0
0.368076682091 -0.281464278698 2.112069368362 0
-0.046684611589 0.290482789278 2.178685188293 0
-0.104186750948 0.020921897143 2.177642822266 0
-0.148371726274 -0.200177237391 2.125201702118 0
-0.150414422154 -0.282005608082 2.109736680984 0
0.189075917006 -0.112532526255 2.128289461136 0
0.227347880602 -0.518881857395 2.215257406235 0
0.248675018549 -0.855711519718 2.282949686050 0
0.252559900284 -0.900389254093 2.191631793976 0
0.038250122219 -0.110227987170 2.129398345947 0
-0.014311514795 -0.530045866966 2.220713138580 0
-0.041116829962 -0.871990919113 2.307209491730 0
-0.056587073952 -0.953625142574 2.284534454346 0
0.115613751113 -0.036015134305 2.137254238129 0
0.115382917225 0.030120272189 2.189607143402 0
0.123705953360 0.395643472672 2.172816991806 0
0.125240430236 0.582906782627 2.134698152542 0
0.287258416414 0.286446094513 2.182961225510 0
0.338212728500 0.010056482628 2.181945323944 0
0.369573533535 -0.209626466036 2.127806663513 0
0.368051201105 -0.281492650509 2.112798929214 0
-0.046717364341 0.290486365557 2.178721189499 0
-0.105034887791 0.021155126393 2.178357362747 0
-0.148480609059 -0.200201764703 2.125821590424 0
-0.150552272797 -0.282235473394 2.110448837280 0
0.188933283091 -0.112504251301 2.128495693207 0
0.227302506566 -0.518830299377 2.215303897858 0
0.248662218451 -0.855710566044 2.282963275909 0
0.252531647682 -0.900396645069 2.191645145416 0
0.038145121187 -0.110222429037 2.129643678665 0
-0.014303931035 -0.530025899410 2.220785140991 0
-0.041109390557 -0.871986627579 2.307234764099 0
-0.056642029434 -0.953617990017 2.284558534622 0
0.115452580154 -0.036026753485 2.137459754944 0
0.115272574127 0.030142180622 2.189733266830 0
0.123505495489 0.395734190941 2.172955036163 0
0.125157073140 0.583016633987 2.134801387787 0
0.287177532911 0.286513864994 2.183228969574 0
0.338074594736 0.009844580665 2.182383775711 0
0.369547367096 -0.209795981646 2.128126621246 0
0.368050426245 -0.281502366066 2.113304376602 0
-0.046763226390 0.290481060743 2.178764343262 0
-0.105648547411 0.021217990667 2.178871154785 0
-0.148624882102 -0.199647173285 2.125112533569 0
-0.150638863444 -0.282411068678 2.110142230988 0
0.188798159361 -0.112479910254 2.128690242767 0
0.227265223861 -0.518788695335 2.215344667435 0
0.248649880290 -0.855711042881 2.282978534698 0
0.252506971359 -0.900404870510 2.191658973694 0
0.038040094078 -0.110217139125 2.129873991013 0
-0.014302863739 -0.530012369156 2.220851898193 0
-0.041101582348 -0.871982574463 2.307252407074 0
-0.056716162711 -0.953606426716 2.284578800201 0
