1.234012139110 0.924866621791 -0.160890310548 0
1.258504032799 0.897489367355 0.172107437553 0
1.232187763264 0.899723242567 0.002817830854 0
1.129359124970 0.802836830592 0.002788852948 0
1.083047866128 0.606311720523 -0.046372113385 0
1.087340535282 0.605813649335 0.031485538919 0
1.052918518519 0.683703703704 -0.002887259259 0
1.163126348719 0.745140991580 -0.208350818439 0
1.201131510364 0.704609853502 0.203291107154 0
1.248035245761 0.626824359818 -0.197912827771 0
1.214783783312 0.576885410246 0.215490407876 0
1.329784447128 0.549536746221 -0.198031494621 0
1.240705158061 0.467505589854 0.229272870880 0
1.221927480217 0.350456513997 -0.067740513635 0
1.245237019696 0.369164936933 0.069103415477 0
1.208816811396 0.020081840496 -0.042840304769 0
1.267254246533 0.016726657451 0.081950087225 0
1.257342528228 0.018186648220 -0.046169107857 0
1.314928420129 0.021992122139 0.072518443031 0
1.333778625237 0.973328632960 -0.005204871270 0
1.251121454248 0.904423464727 -0.157561245254 0
1.278165964827 0.868915509208 0.174469847717 0
1.249848307103 0.876173036754 0.005644654893 0
1.140818134255 0.786259598592 0.005254330590 0
1.085601111379 0.594950560766 -0.045815659075 0
1.090673302194 0.593772829743 0.031987778739 0
1.056985185185 0.672400000000 -0.001420362963 0
1.169126451353 0.730024707444 -0.206962563066 0
1.224169048302 0.674878401480 0.204477651278 0
1.249211008403 0.608175331307 -0.199446509942 0
1.240232011721 0.547158226820 0.213325198460 0
1.328226873630 0.528845657205 -0.202265173787 0
1.268833513486 0.438192217426 0.223891782964 0
1.235237371886 0.345515200564 -0.070249919187 0
1.258147410818 0.363244937948 0.066022049024 0
1.209561715563 0.019581933137 -0.042246214602 0
1.265915802610 0.011838520601 0.079623665688 0
1.258050548499 0.016912465772 -0.045581615973 0
1.313768533184 0.012756241731 0.069684761164 0
1.354860621958 0.945095487507 -0.001979520214 0
1.266226810735 0.882406791968 -0.154017775162 0
1.295697510682 0.838031653633 0.176737711715 0
1.265502410602 0.850725452010 0.008560333358 0
1.151000041897 0.767879554393 0.007957690654 0
1.087567016417 0.581780328868 -0.044959912598 0
1.093408606431 0.579804350210 0.032773352098 0
1.060666666667 0.659270370370 0.000426140741 0
1.173135677704 0.713910977024 -0.204235287452 0
1.245669648840 0.642715336945 0.205290888765 0
1.245450136463 0.587121664233 -0.200715768439 0
1.264008380733 0.515103328380 0.210545133009 0
1.319390325497 0.503501586707 -0.206977922709 0
1.295157750496 0.406624124944 0.217234085592 0
1.248603361692 0.339922317988 -0.072853290279 0
1.273167970149 0.358221854322 0.063380315029 0
1.210311598385 0.019089790437 -0.041525032634 0
1.266441471217 0.009514654130 0.077161077314 0
1.258749626902 0.015659283212 -0.044902441605 0
1.314198537137 0.008513346990 0.066779945519 0
1.373427862846 0.915220602087 0.001352415735 0
1.279980484368 0.857761998714 -0.150309103731 0
1.311808280653 0.804833584870 0.178966527844 0
1.279859535965 0.822790029225 0.011594633560 0
1.160541194417 0.747024923054 0.011111477091 0
1.089345160258 0.566408032066 -0.043277615663 0
1.096150499807 0.563935394041 0.034362982741 0
1.064055555556 0.644000000000 0.002854277778 0
1.175661008946 0.696087796066 -0.200880800253 0
1.266075952478 0.608314007512 0.206446417203 0
1.237138332060 0.563659254995 -0.201600557085 0
1.286799108992 0.480962306009 0.207360642847 0
1.303211734150 0.473618625068 -0.211178159678 0
1.320146897705 0.372962101669 0.209314758520 0
1.262480863853 0.333666678825 -0.075858792399 0
1.288609940046 0.352788203791 0.061293363736 0
1.211291769159 0.018892415596 -0.040965926073 0
1.266982590875 0.008511646088 0.074774098570 0
1.259683677606 0.014985275111 -0.044483784490 0
1.314666124060 0.007249112368 0.064087914490 0
1.390373452403 0.882918573317 0.004559464336 0
1.293288191587 0.830964732550 -0.146649266869 0
1.327012065321 0.769301965788 0.180913354156 0
1.293620216529 0.792601731975 0.014484352756 0
1.170087910502 0.723897320890 0.014288430882 0
1.091248965876 0.548963481254 -0.041256175553 0
1.098992370653 0.546017976906 0.036279963069 0
1.067814814815 0.626740740741 0.005538777778 0
1.178686154676 0.676303735816 -0.196898112310 0
1.286165212702 0.571634461407 0.207850814829 0
1.227146929299 0.538657417025 -0.201624849445 0
1.308693624839 0.444652372422 0.203756840768 0
1.283731849760 0.442494766697 -0.214334113459 0
1.343207813405 0.336975443241 0.200183132847 0
1.276963296124 0.326989592042 -0.079253839869 0
1.304091426317 0.346688902281 0.059760058537 0
1.212876292491 0.019273802017 -0.040616857107 0
1.267346187306 0.008193161691 0.072870838789 0
1.261266012556 0.015708668398 -0.044508218310 0
1.315010530388 0.007201827709 0.062071046473 0
1.406698064413 0.847899384942 0.007768813284 0
1.305404484695 0.802611004399 -0.143616486662 0
1.341416678289 0.731878871582 0.181863089436 0
1.306451027311 0.760680333740 0.016622700286 0
1.179284976740 0.698940575292 0.017228124789 0
1.092916777622 0.529948419912 -0.039365711065 0
1.101652755693 0.526079809056 0.038024247218 0
1.071737037037 0.607725925926 0.008491444444 0
1.182732377437 0.653897244946 -0.192752716612 0
1.305626612232 0.533213200445 0.208650338787 0
1.216890116777 0.512206296120 -0.201367916063 0
1.329072577740 0.406727726900 0.198627735162 0
1.262651834060 0.410449410510 -0.216783062085 0
1.363953235533 0.299514361297 0.188555184553 0
1.291243600581 0.320368744592 -0.083511757694 0
1.319178441420 0.340004268171 0.058210545587 0
1.214367732418 0.019178078740 -0.040217707231 0
1.267762258162 0.008408836493 0.071556412786 0
1.262686883860 0.014910000451 -0.044274921719 0
1.315454860204 0.008130364081 0.060839789153 0
1.421640267146 0.811530725275 0.010843661150 0
1.316271395698 0.774242488509 -0.141087803444 0
1.354321766330 0.695109559425 0.182218577543 0
1.318016510389 0.728940589334 0.018224989304 0
1.188028682693 0.673345160822 0.019849356755 0
1.095134214126 0.510466004055 -0.037428270078 0
1.104791957658 0.505549017387 0.039792454717 0
1.075762962963 0.587985185185 0.011599888889 0
1.187574119178 0.630118033325 -0.188456038345 0
1.322894604584 0.495705230855 0.208991356565 0
1.207215789731 0.485928965105 -0.200331019664 0
1.346884677133 0.369997658549 0.192534638059 0
1.241876894327 0.379806153566 -0.217535833127 0
1.382438013082 0.264112923634 0.174897950758 0
1.305455278987 0.314638234091 -0.088639368797 0
1.333494605567 0.333092882599 0.057199290209 0
1.215287090614 0.019277647181 -0.039627903271 0
1.268163744098 0.009385012405 0.070789157526 0
1.263448774808 0.013482777904 -0.043663933920 0
1.315861969545 0.011487461924 0.060302649348 0
1.434778865618 0.776079480384 0.013271942329 0
1.325694339468 0.745676084106 -0.139119809282 0
1.365803140868 0.659001185639 0.181996389598 0
1.328196716691 0.697402938550 0.019307823894 0
1.195871542724 0.647657253140 0.022318176445 0
1.098064951111 0.490532338428 -0.035489374969 0
1.108708461481 0.484573175957 0.041528111197 0
1.079814814815 0.567533333333 0.014770037037 0
1.191429859852 0.606020626257 -0.184374641620 0
1.338496280541 0.459095177187 0.209536498683 0
1.197665875417 0.460807976679 -0.198220085269 0
1.362297804943 0.334490445410 0.185959196996 0
1.221844486884 0.351623681773 -0.216131199635 0
1.398543550796 0.230801058547 0.160411750180 0
1.318997043831 0.309160607683 -0.094644663303 0
1.347404974389 0.326032535214 0.056950739591 0
1.215920513672 0.019498808636 -0.038966422816 0
1.268603324942 0.010377215173 0.070215691923 0
1.263796875049 0.011534070803 -0.042685945690 0
1.316236395065 0.014317095191 0.059965041472 0
1.446195481753 0.741341290858 0.015157763321 0
1.333916506331 0.717675450321 -0.137507864624 0
1.376495771694 0.623962150497 0.181305075444 0
1.337452452660 0.666553810961 0.020003876208 0
1.203368630044 0.621846648852 0.024578116063 0
1.101563183901 0.470629192499 -0.033740545574 0
1.113304352159 0.463632541010 0.043029767319 0
1.083866666667 0.546888888889 0.017830000000 0
1.194487117565 0.582432490805 -0.180489077882 0
1.352693930943 0.423767840080 0.209979888395 0
1.188297597867 0.437337197138 -0.195533791216 0
1.375516417663 0.300538759060 0.179280237078 0
1.203056567332 0.326228415583 -0.212898174231 0
1.411161225172 0.199254321700 0.145663292080 0
1.331350870968 0.303817635632 -0.101398256241 0
1.360750372670 0.319031255413 0.057519510091 0
1.216642199077 0.020169931283 -0.038649179720 0
1.268748856174 0.011274386792 0.069928731418 0
1.264183586257 0.010288879536 -0.042054939419 0
1.316297915388 0.016642540913 0.059939850210 0
1.456353856159 0.707965229787 0.016300613338 0
1.341467396729 0.689898160161 -0.136425577405 0
1.387112927666 0.589331777805 0.179865041176 0
1.346394665329 0.635870457097 0.020075549597 0
1.211069275499 0.595226144299 0.026392552990 0
1.105276477860 0.450704951635 -0.032094180505 0
1.118141467270 0.442651597916 0.044391927038 0
1.087896296296 0.526100000000 0.020837333333 0
1.197226869387 0.559074287014 -0.177148810702 0
1.366465925885 0.388863817542 0.209068340135 0
1.180846371978 0.414794615471 -0.192391956103 0
1.387795713376 0.267098731499 0.172094770026 0
1.187800493152 0.302744588908 -0.208994995302 0
1.422462395134 0.169229088355 0.130151189433 0
1.342246472051 0.298653126835 -0.109110457182 0
1.373609660637 0.312798351178 0.059330266910 0
1.217370914326 0.021086080998 -0.038462661143 0
1.268907791268 0.011889833847 0.069935449310 0
1.264507643736 0.009343027996 -0.041568675386 0
1.316434436181 0.017993729831 0.060267546969 0
1.466268393201 0.674284854822 0.016571448140 0
1.347285158238 0.664322828857 -0.135399738240 0
1.395672396875 0.557661485750 0.178477467337 0
1.353443644437 0.607847234630 0.020190922571 0
1.217032353494 0.571428413284 0.028454755752 0
1.109296482838 0.431413445059 -0.030362049570 0
1.123324064838 0.422468889271 0.045820041309 0
1.091911111111 0.505911111111 0.023823518519 0
1.199041967818 0.537389585839 -0.174006804362 0
1.377370947761 0.356855632247 0.206913370765 0
1.174816238421 0.394225073430 -0.189314783307 0
1.396943488946 0.236548709920 0.164582519465 0
1.176148062959 0.282003004671 -0.205371436637 0
1.430596183624 0.142740730101 0.115276752482 0
1.351508338589 0.293996749970 -0.117861256934 0
1.385915118691 0.307973646520 0.062725523619 0
1.218775862413 0.022567449788 -0.039017285061 0
1.269582718715 0.013414070988 0.070340526203 0
1.265784191742 0.010428838494 -0.042522847410 0
1.317091996372 0.020458271164 0.061243513565 0
1.474136744755 0.643437593571 0.016543926335 0
1.352133672603 0.640246801099 -0.134440660296 0
1.403890485313 0.528024896205 0.176950321522 0
1.359886805847 0.581424938243 0.020206521386 0
1.222798670371 0.548192259427 0.030456562255 0
1.113552464012 0.412643786793 -0.028696866732 0
1.128815902154 0.402795361211 0.047135349875 0
1.095918518519 0.486092592593 0.026823814815 0
1.201035956933 0.516163262385 -0.171201413594 0
1.386691225637 0.326769217724 0.202774182393 0
1.170847834462 0.374113486359 -0.186295657206 0
1.404432757475 0.207912028667 0.155796021963 0
1.168286109945 0.262072159911 -0.201814326325 0
1.436512686529 0.118089008608 0.100190511720 0
1.358942359836 0.289445752879 -0.127752840363 0
1.397483203420 0.304228155459 0.068381636345 0
1.220333007660 0.024211713707 -0.039914901637 0
1.270599937784 0.015716411957 0.071262727157 0
1.267316254664 0.012242770882 -0.044243502616 0
1.318084683373 0.023976612579 0.063109452928 0
1.481147722910 0.614909089645 0.015976869329 0
1.355882198297 0.617351595637 -0.133461454864 0
1.411710977467 0.500083101605 0.175355829110 0
1.365616778196 0.556286080702 0.020200883615 0
1.228188193161 0.525194832845 0.032427991568 0
1.118001116248 0.393730328699 -0.027112275733 0
1.134571251579 0.383070269380 0.048334943276 0
1.099866666667 0.466033333333 0.029735296296 0
1.203181310836 0.494742124141 -0.168503625334 0
1.394792290274 0.298393898068 0.197755776536 0
1.168970829896 0.353555038475 -0.183103201791 0
1.410861806534 0.180953461963 0.146782690357 0
1.163280954142 0.241599727900 -0.198269413765 0
1.442160570004 0.095147449213 0.086383043031 0
1.364564832071 0.284620496353 -0.138948857272 0
1.407992952828 0.300811975438 0.077025775824 0
1.221487483881 0.025302399706 -0.040430147020 0
1.271947831582 0.018061547104 0.072562357664 0
1.268086323594 0.012009741499 -0.045042223884 0
1.319358963104 0.027860415074 0.065804055149 0
1.487263703878 0.588304838339 0.015171603419 0
1.358903595077 0.595934578785 -0.132335759655 0
1.418707656954 0.474714543505 0.174203054179 0
1.370608742771 0.532962381551 0.020416868211 0
1.233165546139 0.502556138126 0.034185917240 0
1.122624379599 0.374171512078 -0.025483943130 0
1.140556780253 0.362984189495 0.049574446980 0
1.103862962963 0.445414814815 0.032487000000 0
1.204903839985 0.474592622434 -0.166081904680 0
1.401441104972 0.272701479421 0.193153583632 0
1.168995082434 0.333706349124 -0.179457887691 0
1.416175715041 0.156374309039 0.139305449059 0
1.162574041949 0.222013193661 -0.194398724197 0
1.447255623060 0.073900658946 0.075769437937 0
1.368117873603 0.279671330008 -0.152009444257 0
1.417111938918 0.298265519147 0.090534859971 0
1.222337672764 0.025552668207 -0.040148852686 0
1.274000578711 0.020989453841 0.074674987785 0
1.267828788161 0.008643165797 -0.043896522085 0
1.321133304238 0.033138882904 0.070157752302 0
1.492349873182 0.564552891466 0.014665700156 0
1.360331025095 0.577565256710 -0.131098491791 0
1.425029829225 0.453620789244 0.173349699017 0
1.374508082531 0.513019376017 0.020785390683 0
1.237489899347 0.481252447554 0.035743503347 0
1.127206654533 0.354066050775 -0.023887706947 0
1.146415589078 0.342589559211 0.050810325696 0
1.107955555556 0.424459259259 0.034954629630 0
1.205246664626 0.457267279551 -0.163592107667 0
1.405507964026 0.251498031320 0.188575399420 0
1.169894451216 0.316127135005 -0.175715572599 0
1.419636372860 0.135804092530 0.133221614624 0
1.163835064972 0.204493706142 -0.190793944264 0
1.451167467716 0.057593670032 0.067070075033 0
1.368692894324 0.275298020353 -0.167714115580 0
1.423303488357 0.297233166731 0.111017521301 0
1.223243993985 0.025567023131 -0.039688560752 0
1.277020474980 0.024802609546 0.077764746311 0
1.266962434506 0.004282996407 -0.041948216161 0
1.323568344735 0.039679443062 0.076546754372 0
1.495783067563 0.546482882263 0.014360419578 0
1.361462735030 0.561597774869 -0.130015360661 0
1.428892215422 0.436774072390 0.173479574438 0
1.377032571439 0.496417824508 0.021460801465 0
1.240485480196 0.462925738139 0.037004918786 0
1.131901898414 0.334557213893 -0.022741564573 0
1.152392429210 0.322853744886 0.051579738340 0
1.111933333333 0.403992592593 0.036992962963 0
1.206446829152 0.440782494204 -0.160875271972 0
1.405792068681 0.234821722262 0.185651917795 0
1.172699640596 0.299183749731 -0.172198726643 0
1.419429581649 0.119709990107 0.128976982768 0
1.167265799399 0.187448900667 -0.187646148568 0
1.451375892704 0.045533574457 0.060815875127 0
1.365308198307 0.271825992250 -0.186425208979 0
1.424355503359 0.298007336784 0.139714633882 0
1.225887707329 0.027276156072 -0.042056091338 0
1.281033428352 0.030083713662 0.081935965152 0
1.269919609812 0.006964906557 -0.046306101293 0
1.326568006908 0.047570269536 0.085150055689 0
1.497722958232 0.531975402830 0.014570240883 0
1.362140594681 0.548184526605 -0.129003329347 0
1.430822331698 0.423520001829 0.174276149715 0
1.378374974700 0.482846011774 0.022334692354 0
1.242423518801 0.447003359700 0.037924790333 0
1.136815532601 0.315989950829 -0.022208429572 0
1.158528456382 0.303904931536 0.051703615152 0
1.115825925926 0.384148148148 0.038636666667 0
1.208115202192 0.425710012377 -0.158239763403 0
1.404306255078 0.221884918354 0.184606940440 0
1.175959862067 0.283713231343 -0.169205440536 0
1.417510064773 0.107461120217 0.126455459552 0
1.172336012629 0.172201592977 -0.184968067515 0
1.449584297858 0.036546913804 0.056673630702 0
1.356428195495 0.269383739183 -0.208767218638 0
1.416051136889 0.301093476902 0.178286324302 0
1.229292639912 0.029977901703 -0.045541669234 0
1.286608454471 0.038218867752 0.088427083007 0
1.273469856235 0.010787987695 -0.052580038086 0
1.330058227656 0.058649194925 0.097604599029 0
1.498526899805 0.520185021820 0.015241360868 0
1.361301695914 0.537579573509 -0.127312273266 0
1.432446959961 0.412862330354 0.175377052315 0
1.378851845805 0.471752528761 0.023666751257 0
1.243940955518 0.432032705395 0.038948966296 0
1.141713980477 0.297669333872 -0.021872420078 0
1.164520772764 0.285360607144 0.051672359327 0
1.119733333333 0.364663333333 0.039908518519 0
1.208412893647 0.413329978453 -0.154982645748 0
1.402858508146 0.211646738449 0.185542854685 0
1.178322599426 0.270893114733 -0.166100732134 0
1.415769591465 0.098235015693 0.125377865122 0
1.177165114291 0.159709840308 -0.182234287000 0
1.447972754632 0.030376356671 0.053988749755 0
1.338056245040 0.268371022891 -0.235875612962 0
1.391548519605 0.306556267230 0.225908301848 0
1.233788091493 0.034359384327 -0.051251298864 0
1.293261209966 0.051233625856 0.099927748364 0
1.277925625570 0.017328383297 -0.062707343877 0
1.332004256418 0.075688957312 0.116969490456 0
1.498251182928 0.511444623024 0.016639523341 0
1.359519470203 0.528792303594 -0.125032063124 0
1.433728968493 0.403445069453 0.176659647757 0
1.378706027862 0.462152266279 0.025390192075 0
1.245043372539 0.418270799231 0.040219633613 0
1.146494735699 0.280226639114 -0.021551248556 0
1.170317772802 0.268011861443 0.051686386683 0
1.123503703704 0.346273333333 0.040878518519 0
1.207927583147 0.402694960186 -0.151450939095 0
1.401800276451 0.202622918053 0.187501998783 0
1.180502461806 0.259752820351 -0.162970712373 0
1.414182566434 0.090227193162 0.125352012289 0
1.181901231561 0.148864963921 -0.179671446772 0
1.446198280582 0.025263606958 0.052446518054 0
1.305511199652 0.269013850409 -0.266079529141 0
1.349698968448 0.313177350547 0.271075271431 0
1.239125671266 0.041111859541 -0.060761144988 0
1.297450754622 0.069677881910 0.117922619695 0
1.282308234989 0.027617351808 -0.078721722070 0
1.327184578029 0.099162270406 0.143143215232 0
1.497137673277 0.504662370600 0.018448441365 0
1.357112185546 0.521509140451 -0.122504079929 0
1.434742762541 0.395767565628 0.178160878178 0
1.378143150498 0.454116402052 0.027335136404 0
1.245947350451 0.405817700340 0.041554998014 0
1.151048798887 0.264304717129 -0.021230609837 0
1.175782429469 0.252394008943 0.051754810999 0
1.127044444444 0.329566296296 0.041641851852 0
1.207806145448 0.392486768648 -0.147793034193 0
1.401444104861 0.195178130682 0.189188680730 0
1.182967596332 0.249131645626 -0.160026307622 0
1.413527241200 0.083278928772 0.126091079126 0
1.186548934025 0.138504981393 -0.177486168196 0
1.445296796065 0.020615632640 0.052273593031 0
1.257648936834 0.271152083453 -0.292884004090 0
1.299488027395 0.319274416877 0.301900675615 0
1.243548647400 0.050400151184 -0.074922817521 0
1.293062333392 0.091766321393 0.141728138002 0
1.283809723819 0.041409179502 -0.100761277837 0
1.307065728873 0.127264749005 0.172277678271 0
1.495286450859 0.500082461052 0.020685024113 0
1.355031279097 0.516274243679 -0.119979467024 0
1.434875514379 0.390062116032 0.179907618533 0
1.377292814974 0.448195675416 0.029371147273 0
1.246460741643 0.396119486205 0.042752482132 0
1.155603259329 0.251204799603 -0.021211190541 0
1.181011823830 0.239646556003 0.051598842838 0
1.130407407407 0.315675925926 0.042009629630 0
1.208612993410 0.383827471990 -0.144436276489 0
1.401722786510 0.189412199587 0.190253734217 0
1.186342299414 0.240121775736 -0.157474177027 0
1.413489653386 0.077849926554 0.126503118693 0
1.191903346352 0.129695212098 -0.175614679192 0
1.444812531135 0.017852887216 0.051864072452 0
1.203981587694 0.273122789850 -0.308239379911 0
1.256692862742 0.324733992954 0.315002574647 0
1.244182363436 0.061343360398 -0.092618632693 0
1.283924689479 0.109293700505 0.157827238333 0
1.278600697733 0.057911773255 -0.126868017383 0
1.285602487033 0.147084068602 0.188788196538 0
1.493097123246 0.497439473616 0.023130458982 0
1.352699160000 0.513187112043 -0.117380766901 0
1.435116861363 0.386421804811 0.181575327771 0
1.376384353792 0.444379475838 0.031415719019 0
1.246982047867 0.388665676901 0.043911653426 0
1.159839355081 0.240808555745 -0.021354309795 0
1.185599427445 0.229682745973 0.051399550133 0
1.133485185185 0.304706296296 0.041976296296 0
1.209244239728 0.377438044940 -0.141286286636 0
1.403093658538 0.185527988341 0.190670569905 0
1.189434106672 0.233451716775 -0.155171304733 0
1.414747131414 0.074145195539 0.126586165113 0
1.196852269124 0.123220708565 -0.173927866729 0
1.445319734365 0.016195925693 0.051228047461 0
1.152208800882 0.274350451870 -0.311221103844 0
1.225939272197 0.329987502115 0.317220298626 0
1.238992319424 0.072520579709 -0.110437808898 0
1.274589179172 0.122397734832 0.166945697083 0
1.265160942434 0.074431660321 -0.151437428634 0
1.267601090961 0.161011005966 0.196095135740 0
1.490901308787 0.496585951676 0.025803171567 0
1.350739136484 0.510833168429 -0.115220591035 0
1.434307284362 0.384489349177 0.183594520956 0
1.375143489410 0.441810223301 0.033359804816 0
1.247138652281 0.382734929508 0.044690073193 0
1.163726156635 0.232216398499 -0.021764557219 0
1.189650780337 0.221486239945 0.050990282407 0
1.136155555556 0.295538888889 0.041625925926 0
1.210435219214 0.371776830402 -0.138815990933 0
1.404092044927 0.183245406405 0.190973494325 0
1.192745881291 0.227601457731 -0.153575633086 0
1.416005857798 0.071821222852 0.127009025418 0
1.202091653142 0.117740424383 -0.172958394909 0
1.445915618584 0.014828387565 0.051226101874 0
1.107048175009 0.275228969541 -0.304860949948 0
1.201575975833 0.335164117648 0.314209102673 0
1.228967974464 0.083046249895 -0.125898290749 0
1.265040786027 0.133403858706 0.172184863150 0
1.245569888419 0.089783534493 -0.171157580702 0
1.251371400861 0.172199274263 0.198596442042 0
1.488134742417 0.497286095084 0.028662948508 0
1.348614189280 0.509962454150 -0.113370651517 0
1.432876069676 0.384321955018 0.185546172444 0
1.373516840447 0.440882422483 0.035100492538 0
1.246913710708 0.378653866076 0.045215688594 0
1.167091552265 0.225883925447 -0.022342838467 0
1.193000140873 0.215443737209 0.050459885463 0
1.138281481481 0.288597777778 0.041101481481 0
1.211185868733 0.368139129294 -0.137416409607 0
1.404930175678 0.182675717994 0.190481407710 0
1.195597707597 0.223800769271 -0.152932364483 0
1.417675930416 0.071098983293 0.126944655276 0
1.206750481441 0.114184145636 -0.172545089245 0
1.446899488882 0.014256786958 0.050780993283 0
1.072883425819 0.275856551320 -0.294066241986 0
1.184388398232 0.339572509759 0.309046240908 0
1.217519723952 0.091392379521 -0.136432987158 0
1.257618004261 0.141724711880 0.174138206647 0
1.225698985241 0.101521203287 -0.183336339828 0
1.239895922069 0.180309353897 0.198359293776 0
1.484606400424 0.500110204101 0.031547280537 0
1.345864741432 0.511708119907 -0.111489036353 0
1.430679899536 0.386180927692 0.187318895483 0
1.371213898655 0.442266375202 0.036737606824 0
1.246108095253 0.376865407908 0.045466664963 0
1.169517748907 0.222136286194 -0.023154446716 0
1.195237861804 0.211752211504 0.049723093659 0
1.139662962963 0.284260740741 0.040386666667 0
1.210720010721 0.367982664732 -0.137130653679 0
1.405436144953 0.184131363052 0.189612523070 0
1.197111722597 0.223487788663 -0.153047408425 0
1.419623574940 0.072485291237 0.126504580791 0
1.209901392539 0.113980932836 -0.172395265803 0
1.448651474540 0.015172658628 0.050105040437 0
1.053284339881 0.276356043994 -0.285368204813 0
1.175435368728 0.342799327711 0.304249186841 0
1.210413748108 0.095962055110 -0.141244557522 0
1.254146080519 0.146772349408 0.173867332327 0
1.214727600639 0.106964022538 -0.188464947894 0
1.235120134944 0.185177482479 0.197374076197 0
1.480406965718 0.504922599895 0.034824740122 0
1.343834713198 0.515448149309 -0.109886140676 0
1.428756435194 0.390770236888 0.189246917418 0
1.369420361978 0.446016395179 0.038304545678 0
1.245714125089 0.377799537772 0.045568320755 0
1.171161374133 0.221820544509 -0.023881890599 0
1.196597630127 0.211727744246 0.049136061780 0
1.140492592593 0.283778518519 0.039433703704 0
1.211056959758 0.369965997189 -0.137879154968 0
1.406773340805 0.188327585174 0.189747689586 0
1.199109022103 0.225392891252 -0.154406756827 0
1.422099468037 0.076731532283 0.126817794441 0
1.213246478713 0.115770771667 -0.172853683974 0
1.451788222567 0.018167409683 0.050612133867 0
1.047550480507 0.276483212326 -0.282606420107 0
1.173871676310 0.344276054763 0.302638515240 0
1.208215705925 0.097096481060 -0.142670116998 0
1.254308689302 0.148738086895 0.173225389492 0
1.211846228583 0.107739025106 -0.190030157530 0
1.236368164954 0.187160328215 0.197543629901 0
1.476115304700 0.512718595877 0.037988436501 0
1.341702683854 0.522228470303 -0.108243034789 0
1.426664967505 0.397889881479 0.191019714051 0
1.367482458835 0.452603413747 0.039823261608 0
1.245056694377 0.381953664504 0.045605755619 0
1.172105744765 0.224733491597 -0.024477761688 0
1.197048406551 0.215106133698 0.048772949631 0
1.140755555556 0.286901481481 0.038295925926 0
1.210738316791 0.375776441358 -0.139527775816 0
1.408307525929 0.195088624435 0.189929335787 0
1.200400361957 0.231190343310 -0.157000175156 0
1.424954315616 0.083423506097 0.127459129771 0
1.215788663091 0.121563624289 -0.175004949977 0
1.456078575446 0.022265906474 0.052106824555 0
1.052535201434 0.275744290367 -0.285833507791 0
1.180129404464 0.343852294224 0.304677601849 0
1.209066489857 0.095955836720 -0.142279540418 0
1.258610271560 0.147095718279 0.172606502186 0
1.213405159859 0.105940562082 -0.189723181507 0
1.243372917296 0.185630068586 0.198537848854 0
1.471544332282 0.523238595675 0.041396389930 0
1.339389703431 0.533457185335 -0.106784078942 0
1.423257435763 0.409015594188 0.192744485678 0
1.364775907495 0.463493892181 0.041190755680 0
1.243505338594 0.390749616071 0.045387710965 0
1.172237639693 0.231901237064 -0.025044753280 0
1.196593890568 0.222479218483 0.048429648486 0
1.140488888889 0.294320000000 0.037278148148 0
1.210300473189 0.386214883729 -0.141916293454 0
1.408631294572 0.205919103962 0.190640656698 0
1.201731720637 0.241636858228 -0.160384342069 0
1.427122838998 0.093790415145 0.129534512744 0
1.218183818072 0.131974388297 -0.178319218869 0
1.459691275591 0.029658589739 0.055559152870 0
1.075126598951 0.273580596773 -0.297144586403 0
1.196120767957 0.341946154072 0.309344280050 0
1.214594228454 0.090984391734 -0.138685931702 0
1.268348053455 0.141240908955 0.170404725563 0
1.221484154705 0.100068902826 -0.186008425849 0
1.258852470660 0.179707300538 0.199034753235 0
1.466849686993 0.536860028186 0.044603831337 0
1.338567210180 0.548869853421 -0.105162198021 0
1.420033812083 0.424115259244 0.194898381135 0
1.362897471489 0.478514248389 0.042804016543 0
1.242493714795 0.404229400124 0.045050114337 0
1.171665711333 0.243765131943 -0.024841502473 0
1.195144663324 0.235225745581 0.049025315515 0
1.139825925926 0.307395555556 0.036196407407 0
1.210911891970 0.401497052537 -0.144709315937 0
1.408569185015 0.220810631147 0.193373597483 0
1.204001276073 0.257008355526 -0.164522382872 0
1.429111655023 0.108342470575 0.133560048153 0
1.221157961690 0.147155860719 -0.182393776992 0
1.463731651171 0.040895352797 0.061513788164 0
1.125351385087 0.271949012919 -0.311663214487 0
1.229604840525 0.337754473355 0.314824814530 0
1.228763747880 0.080797073220 -0.126575087382 0
1.285468154361 0.127636925229 0.162409152604 0
1.244657168332 0.086657926353 -0.172209147739 0
1.287783955491 0.164685146525 0.194214407240 0
1.462047988633 0.555601515774 0.048208054654 0
1.337956968371 0.567775183154 -0.103768241173 0
1.415838228039 0.442949926659 0.197213538825 0
1.360615825155 0.497218223568 0.044367389552 0
1.240931397875 0.421734074485 0.044528562980 0
1.170415415963 0.258960644392 -0.024755958607 0
1.193014207764 0.251406000864 0.049491674864 0
1.138974074074 0.324184444444 0.034788370370 0
1.210934421859 0.421282635315 -0.148308148546 0
1.406545912382 0.239529383665 0.197733156287 0
1.205585435022 0.276994949107 -0.169981859491 0
1.429052524665 0.126430073806 0.139847584571 0
1.223325513933 0.166966839250 -0.187951400561 0
1.465916902775 0.055426077204 0.070541273748 0
1.198454396900 0.268396460137 -0.315153657245 0
1.282089706215 0.332909534324 0.309821748266 0
1.242315216470 0.065846496402 -0.104238941217 0
1.303633572124 0.105494030179 0.142462236810 0
1.270482989674 0.065647131870 -0.143937236952 0
1.323407846882 0.137848285782 0.173311678632 0
1.456677517799 0.577883128175 0.051728878492 0
1.336475071880 0.590077425981 -0.102790847292 0
1.411795165577 0.465373770838 0.198892345870 0
1.358022290261 0.519332992683 0.045421216874 0
1.239426946647 0.442149134134 0.043645202086 0
1.168947488053 0.277543730759 -0.025636706519 0
1.190874001758 0.270362022390 0.048849132185 0
1.138170370370 0.343880370370 0.033018629630 0
1.210769381836 0.444005586122 -0.152184109325 0
1.403735428217 0.261935299705 0.202682272144 0
1.207035738736 0.299974699594 -0.175815897929 0
1.428112444587 0.148215034577 0.146805593000 0
1.225780513514 0.190204680697 -0.194887036848 0
1.468114468178 0.074203142056 0.081106846820 0
1.280762899634 0.262108855249 -0.294830170028 0
1.345904605925 0.326343780982 0.283754585474 0
1.245684631516 0.050097909732 -0.078374421535 0
1.310120680428 0.077966479762 0.114303575537 0
1.283574660418 0.042870566568 -0.108064977245 0
1.346715194950 0.101423519759 0.136666863312 0
1.451168264001 0.603042358104 0.054703126384 0
1.333596935361 0.615482705532 -0.101933128176 0
1.405929912330 0.491652597289 0.200838917912 0
1.353878618253 0.544850392272 0.046510811039 0
1.236842451783 0.465373275106 0.042641410358 0
1.167507760298 0.297710036162 -0.026865183528 0
1.188739946098 0.290499609859 0.047818771539 0
1.137766666667 0.365051481481 0.031176407407 0
1.209281001041 0.469933176721 -0.156150103196 0
1.398614696607 0.288352733801 0.209904653930 0
1.207340264760 0.326205572772 -0.181760788532 0
1.425380355990 0.174694720291 0.155002956846 0
1.227093247102 0.216784411734 -0.202495566274 0
1.468980418895 0.097667116398 0.093315866161 0
1.342211870189 0.257439705791 -0.257218861432 0
1.401684599433 0.317052084237 0.238340576667 0
1.241278934701 0.039303737816 -0.060866721154 0
1.302891463312 0.054281709635 0.092450240695 0
1.283714605502 0.027153256118 -0.081384945149 0
1.348428873759 0.068258732079 0.103427259961 0
1.443410649908 0.632103183157 0.057238874836 0
1.331272624850 0.641308514326 -0.101812611655 0
1.401014871842 0.519070914024 0.202211820281 0
1.350524233310 0.571102565654 0.046970363748 0
1.235402091820 0.488967973397 0.041231294308 0
1.166460734217 0.318685786794 -0.028218501407 0
1.186991804405 0.311397843983 0.046653724100 0
1.137925925926 0.387044444444 0.029236592593 0
1.207985888399 0.496882728586 -0.161143634502 0
1.393352910903 0.316040914652 0.215873743804 0
1.208136125057 0.353516410549 -0.188772859591 0
1.423031447393 0.201830225771 0.163683285700 0
1.228954052929 0.244455225882 -0.211279345330 0
1.469535790016 0.121101164355 0.107054142183 0
1.376394572966 0.256045464201 -0.221117479576 0
1.436130603096 0.307183902322 0.188995282300 0
1.236229400345 0.033439214205 -0.051955080761 0
1.292548359230 0.039623266692 0.082092568046 0
1.280345626907 0.018724179984 -0.066330205092 0
1.340692992193 0.047713556661 0.084572363128 0
1.436376823621 0.661789445861 0.058512102633 0
1.327594955781 0.668863478823 -0.102159227202 0
1.395861386089 0.549535719635 0.203352552501 0
1.346435976101 0.599650815600 0.047140795001 0
1.233835958358 0.514202999751 0.039857410832 0
1.165711354835 0.340384674481 -0.029471116838 0
1.185533455157 0.333189847486 0.045600901312 0
1.138744444444 0.410033333333 0.027186444444 0
1.205525136848 0.525412041883 -0.166184548667 0
1.386766758362 0.346877885290 0.221061995445 0
1.208231112542 0.382462405333 -0.195771317728 0
1.419783079554 0.231811073194 0.172913348641 0
1.230433278401 0.273827656647 -0.219914929477 0
1.469391911182 0.148037784457 0.122213200005 0
1.393729125882 0.257816672095 -0.191941001783 0
1.452916217201 0.299276949588 0.144116846347 0
1.232505761060 0.030083855936 -0.047302710819 0
1.284581626799 0.031332232817 0.077915525596 0
1.277256677573 0.013850865751 -0.057464569835 0
1.333024461088 0.037092850094 0.074814726797 0
1.428836171873 0.693326035143 0.059298323529 0
1.322448583135 0.697325388875 -0.103538032434 0
1.391180523453 0.582307776819 0.203518536384 0
1.341899365201 0.629727929111 0.046422375467 0
1.232435645363 0.540368143522 0.038369419653 0
1.165942370307 0.362832350708 -0.030999276498 0
1.185133453335 0.355476974083 0.044220999178 0
1.140437037037 0.433407407407 0.025186740741 0
1.202073725812 0.554604717332 -0.172235200369 0
1.379310393560 0.380106037378 0.224496883022 0
1.207685199234 0.412056860696 -0.203314417414 0
1.416103380964 0.264255353659 0.181211365124 0
1.231552124625 0.303930221918 -0.228918685595 0
1.469040786349 0.178107483359 0.137126475274 0
1.401590186576 0.261052080808 -0.169984620299 0
1.457818230609 0.294244782333 0.109356614971 0
1.229692577731 0.028016366015 -0.044669665200 0
1.279761379987 0.026917814069 0.076255428665 0
1.274573892589 0.010526449328 -0.051683100073 0
1.327863467182 0.032560926949 0.069633318496 0
1.420920211012 0.726087523633 0.059140456006 0
1.316951730352 0.726067803023 -0.105762533689 0
1.386239577483 0.616696958208 0.203226268215 0
1.337117982921 0.660700477713 0.045089408514 0
1.231311271736 0.567080716596 0.036621293165 0
1.167419906507 0.385758609663 -0.032602149017 0
1.185966106988 0.378215581890 0.042761172868 0
1.142985185185 0.456985185185 0.023236444444 0
1.198849077702 0.583356475718 -0.178314844055 0
1.370967536166 0.415026685202 0.226941246271 0
1.207393303419 0.441292332576 -0.210904309188 0
1.412072341190 0.298777916069 0.188923361283 0
1.233144062609 0.333784016664 -0.237742162919 0
1.468444188322 0.210956574011 0.151791009445 0
1.404088134996 0.265074992139 -0.153555266092 0
1.456468687671 0.291383032025 0.083226956393 0
1.227405491687 0.026511707472 -0.043032927718 0
1.276752484935 0.024183685132 0.075355501896 0
1.272078335367 0.007704820272 -0.047511310148 0
1.324386049437 0.030328825163 0.066256675301 0
1.412498296844 0.759729493443 0.058104474603 0
1.311731317968 0.754960605891 -0.108780468044 0
1.380081271967 0.652574654087 0.202799807036 0
1.331967498884 0.692426842407 0.043258667818 0
1.230480842831 0.594172000032 0.034372863885 0
1.169868838348 0.408993073282 -0.034139764680 0
1.187785821895 0.401326677303 0.041363196712 0
1.146251851852 0.480751851852 0.021368296296 0
1.196273635241 0.611466969768 -0.183998133089 0
1.360907620952 0.451549628282 0.229026597749 0
1.207722677266 0.469853162188 -0.217639576827 0
1.406765459673 0.335539259934 0.196050940612 0
1.235410657486 0.362928772450 -0.245237523914 0
1.466846881769 0.246931968700 0.166268554052 0
1.403393728483 0.269780320824 -0.140403482314 0
1.451461889477 0.290403124827 0.064164828214 0
1.225766692229 0.025830146485 -0.042615433259 0
1.274643661087 0.022128046236 0.074385995456 0
1.270813941518 0.007666298251 -0.045815093654 0
1.321868191665 0.028288720062 0.063367934453 0
1.403658340563 0.793999074470 0.055860943684 0
1.304949372621 0.784644593124 -0.111988674285 0
1.372813682287 0.689989489478 0.202131866247 0
1.325596696131 0.725240316205 0.041245438571 0
1.229397691562 0.621822299560 0.032128248831 0
1.173008264460 0.432491466727 -0.035539236263 0
1.190259486133 0.424758247209 0.040111816423 0
1.150070370370 0.504744444444 0.019611370370 0
1.192794706304 0.639189687535 -0.188426874856 0
1.349895991900 0.489745528312 0.231177863022 0
1.207583139144 0.498035464167 -0.222691802652 0
1.400392421496 0.374434005265 0.202856419721 0
1.237610966565 0.391802004688 -0.250750676453 0
1.463782244479 0.286039774150 0.179004055691 0
1.400333018201 0.275168347792 -0.129235207524 0
1.443803721631 0.290747545674 0.050381676614 0
1.224632633402 0.025580903827 -0.043001353883 0
1.272749104277 0.019781757758 0.073142935047 0
1.270633766540 0.009903694447 -0.045747029374 0
1.319688731290 0.025082732765 0.060569990347 0
1.394239406814 0.828977298821 0.052467093375 0
1.299736059235 0.814017888434 -0.115836818442 0
1.365767413016 0.726980990281 0.200866995609 0
1.320106510625 0.757774733366 0.038622320637 0
1.228989687386 0.649845535005 0.029526488657 0
1.177096712358 0.456856260937 -0.036758351331 0
1.193720412244 0.449205193220 0.039041403752 0
1.154414814815 0.529488888889 0.017998037037 0
1.191724853319 0.665237858436 -0.191841287480 0
1.339583606799 0.527611442240 0.233003050908 0
1.209614563130 0.524481370962 -0.226263189146 0
1.394936505674 0.413570205495 0.208932450418 0
1.242024038792 0.419090734917 -0.254724237003 0
1.461338845136 0.325749698639 0.190167495318 0
1.394910276641 0.280978160006 -0.119403298376 0
1.434213519738 0.292649987740 0.040638398923 0
1.222275356334 0.024042664998 -0.041954431763 0
1.271574691846 0.018682682757 0.072408379466 0
1.267615323033 0.006337159021 -0.042423852294 0
1.318226622314 0.025132208392 0.059312240291 0
1.385913079840 0.863374774219 0.047930739003 0
1.294857144978 0.843334187222 -0.119951519808 0
1.358257400791 0.763993117893 0.199301153537 0
1.314549332366 0.790347613652 0.035742135183 0
1.228607204112 0.678243498882 0.026856925631 0
1.181868135353 0.481489014321 -0.037730189231 0
1.197894699848 0.474124311119 0.038226373903 0
1.159337037037 0.554581481481 0.016473777778 0
1.191557435008 0.690430985622 -0.194304583658 0
1.329244500988 0.565547220399 0.234571705806 0
1.212263414822 0.549955466471 -0.228292650926 0
1.389899376677 0.453472062339 0.214350778502 0
1.246609406419 0.445194142505 -0.256926957187 0
1.459773802228 0.367236787005 0.200027673012 0
1.387280151368 0.287348465130 -0.110678069815 0
1.423344383312 0.296607044516 0.035213436478 0
1.221424142867 0.023554627928 -0.042187563335 0
1.270475178642 0.018478280483 0.072135237288 0
1.267718238852 0.008527988382 -0.042876518053 0
1.316880451391 0.026755254491 0.059191118122 0
1.377841333138 0.897417348844 0.042653079967 0
1.288546566559 0.872703568528 -0.124191339336 0
1.351406432060 0.801560330282 0.197093805229 0
1.308656918847 0.823205166022 0.032593083702 0
1.228396966812 0.706917458065 0.024516382828 0
1.186806830895 0.506418830018 -0.038225359331 0
1.202336572161 0.499629468763 0.037887851190 0
1.164574074074 0.580196296296 0.015167703704 0
1.190500429312 0.714934859934 -0.195427473445 0
1.319269577142 0.604086929790 0.235014948388 0
1.213660011762 0.574696227108 -0.228804971874 0
1.385609409095 0.494710254501 0.218147509364 0
1.249495704598 0.470307441159 -0.257341729577 0
1.458557369231 0.409884179590 0.207919928806 0
1.377098910027 0.294671864547 -0.102709385865 0
1.411407792083 0.303117535086 0.033272395511 0
1.220990698980 0.023579005504 -0.042620447756 0
1.270185430762 0.018442938112 0.072356203318 0
1.268304049603 0.012253058423 -0.044229066214 0
1.316260950398 0.028918605596 0.059833634108 0
1.370409900666 0.931149249604 0.036873963772 0
1.281812047397 0.900882152745 -0.128761556813 0
1.344501262647 0.838906819156 0.194450428538 0
1.302559373822 0.855369522009 0.029143548604 0
1.228319548839 0.735084253395 0.022393387606 0
1.192078698206 0.530908286163 -0.038252052287 0
1.207266512504 0.524863047746 0.037992780292 0
1.170251851852 0.605470370370 0.014210444444 0
1.189054456317 0.738275131227 -0.196093444457 0
1.308869994240 0.642561549359 0.235014971980 0
1.214352671735 0.598188963175 -0.228545926869 0
1.380759178220 0.536400801453 0.220503537495 0
1.251590472028 0.494244362132 -0.256988867472 0
1.456481436017 0.453157127809 0.211816870562 0
1.364709898050 0.302585163447 -0.095462741137 0
1.398221537017 0.310698060248 0.033685315640 0
1.220357028062 0.023539747864 -0.042437547338 0
1.269695707792 0.018263342231 0.073003945143 0
1.268002879682 0.013796938465 -0.044527611018 0
1.315470242197 0.030247576866 0.060732923230 0
1.363576611442 0.963653645058 0.030765585140 0
1.274971258536 0.926638804834 -0.133574473005 0
1.337048485095 0.874266679166 0.191449288515 0
1.296156316367 0.885366133847 0.025433807853 0
1.228092823431 0.761424243538 0.020285415880 0
1.197362114406 0.553841028004 -0.038059215324 0
1.212288729063 0.548630148823 0.038298705148 0
1.175903703704 0.629192592593 0.013418037037 0
1.187065278920 0.759757735104 -0.196834607029 0
1.298282614520 0.679073232108 0.234614783399 0
1.214441541098 0.619666091079 -0.227529384126 0
1.375421894006 0.576465004947 0.221583122754 0
1.253255337015 0.516164208278 -0.255225865640 0
1.453634013893 0.494797224772 0.214030189261 0
1.350224726835 0.310349056255 -0.088563906788 0
1.384136997853 0.318823391789 0.035840160014 0
1.219152452871 0.022127775337 -0.041243121064 0
1.268850636428 0.017866784357 0.073619176891 0
1.266493528440 0.010970150978 -0.043179060208 0
1.314743595109 0.029178705812 0.061153839551 0
1.357242477250 0.993518608882 0.024446019548 0
1.267498262062 0.949880667712 -0.139569561796 0
1.329512292334 0.909547498475 0.187178602187 0
1.289441811030 0.914064768872 0.020653955442 0
1.227902389591 0.786701988887 0.018113321128 0
1.202648094366 0.576131045434 -0.037964485786 0
1.217399552693 0.571610078854 0.038471398746 0
1.181618518519 0.652159259259 0.012688222222 0
1.184205456333 0.779190927874 -0.198780358710 0
1.288385953543 0.715074235460 0.231397474567 0
1.214084917508 0.639092017330 -0.227008197127 0
1.369384634703 0.615254870908 0.220259745412 0
1.254354576437 0.535772027615 -0.253555589261 0
1.449901167374 0.535471848670 0.213690950415 0
1.333131259819 0.318784545529 -0.082156848990 0
1.368714059887 0.327780361414 0.038550862734 0
1.217674758489 0.020822781095 -0.040322065958 0
1.268298440057 0.017764426036 0.074514546407 0
1.264684380150 0.008356418457 -0.042347689736 0
1.314269402953 0.028446599793 0.061783890777 0
1.350870988975 1.021823944226 0.017695666106 0
1.260077422758 0.971045080176 -0.145092329341 0
1.320935466635 0.941768659686 0.183047971225 0
1.282349786029 0.940212103388 0.016119155373 0
1.227938575214 0.809625480513 0.015870820495 0
1.208005882113 0.596551535965 -0.037818239819 0
1.222558546621 0.592617568471 0.038688184495 0
1.187318518519 0.673148148148 0.012113925926 0
1.180891338113 0.796876192101 -0.199620850947 0
1.278158156536 0.747659572292 0.227300636414 0
1.213553022945 0.656811100151 -0.224766072335 0
1.362380110837 0.650308999641 0.218453641546 0
1.255149618909 0.553424426422 -0.249681776853 0
1.444645159714 0.572013376543 0.211691855440 0
1.314669029032 0.327582780645 -0.076351656438 0
1.352606489083 0.336842314653 0.042634030931 0
1.216191432622 0.020075275083 -0.040330411873 0
1.268052693505 0.017482017586 0.075190988981 0
1.263394714119 0.008496757679 -0.043014816540 0
1.314376663653 0.026381935288 0.062369557191 0
1.344883714098 1.047097705918 0.010900106278 0
1.253184803504 0.988042588842 -0.150427351791 0
1.312265468218 0.969125996584 0.178796743243 0
1.275438859234 0.961932011043 0.011618531087 0
1.227884540310 0.828719519473 0.013677417664 0
1.213200785470 0.613585784010 -0.037767970510 0
1.227400211808 0.610028893106 0.038823242592 0
1.192822222222 0.690629629630 0.011599925926 0
1.177433348818 0.811032719499 -0.200505495839 0
1.268301129592 0.775341425744 0.223307545056 0
1.212831451382 0.671031560688 -0.222044940211 0
1.355864597952 0.680845451549 0.216104020245 0
1.256076402541 0.567559270081 -0.244230667548 0
1.439452552403 0.603665869622 0.208588565102 0
1.297392422259 0.336082866116 -0.071083752058 0
1.336560766178 0.344760101941 0.046913935521 0
1.214953456122 0.020813534481 -0.041094606695 0
1.267300574688 0.016847094159 0.075691467855 0
1.262690656719 0.011981482965 -0.044640367951 0
1.314170887854 0.022041162522 0.062818890174 0
1.339249624021 1.067782806710 0.003915108549 0
1.246706793026 0.999852190426 -0.155633307215 0
1.303767707434 0.991072849227 0.174372514510 0
1.268731595688 0.978443651638 0.007131725768 0
1.227375455236 0.843255083977 0.011608644649 0
1.218069677126 0.626364499634 -0.037639018140 0
1.231648576508 0.623383485871 0.039089178465 0
1.197600000000 0.703888888889 0.010932481481 0
1.173946283248 0.820405834673 -0.201278798416 0
1.258516586747 0.797677231667 0.219283600328 0
1.212188912460 0.680580502551 -0.218705089061 0
1.348201954561 0.705103859226 0.213329911137 0
1.257567347073 0.577475382983 -0.238003302020 0
1.432966435182 0.629107631757 0.205926734537 0
1.283805962578 0.343435006721 -0.066547239454 0
1.322086035008 0.351336014321 0.051748437203 0
1.213841756818 0.022255246372 -0.041799788415 0
1.266720321068 0.016153532045 0.076678990935 0
1.261645099923 0.013826651309 -0.045435314662 0
1.313900623624 0.018192911834 0.064054893367 0
1.332712910472 1.083765648793 -0.003001166888 0
1.239928514956 1.006842463464 -0.160556541145 0
1.294913790470 1.007486270624 0.169917470157 0
1.261692036437 0.989830335834 0.002761584222 0
1.226374362107 0.853048065018 0.009582927359 0
1.222019301693 0.634826289203 -0.037648823919 0
1.234847684946 0.632263204242 0.039223487640 0
1.201388888889 0.712725925926 0.010249629630 0
1.169639290448 0.825270929094 -0.201419728346 0
1.248913950020 0.814206090472 0.214564094704 0
1.211232521109 0.685946521995 -0.214686625004 0
1.339529656364 0.722445558992 0.210376072936 0
1.259008216742 0.583411926851 -0.231051953054 0
1.425105651946 0.647328990561 0.203836843733 0
1.273559832840 0.348651597167 -0.063215633109 0
1.311059966530 0.356142591562 0.056489433814 0
1.212948584239 0.023133359639 -0.042415178621 0
1.266349412951 0.015713570887 0.077807577347 0
1.260950670915 0.015963269248 -0.046131003743 0
1.313676639935 0.015424073149 0.065578201417 0
1.325450744076 1.094685699101 -0.009956792288 0
1.234300059331 1.009384062737 -0.165538225124 0
1.286420478485 1.018530044940 0.165273927122 0
1.255227069877 0.996406123910 -0.001741073865 0
1.224794790784 0.858620404958 0.007433019741 0
1.225444006236 0.639492820370 -0.038038621177 0
1.237447520746 0.636984559866 0.038968608188 0
1.204611111111 0.717537037037 0.009535740741 0
1.166624465224 0.825753172360 -0.201291648806 0
1.241658853077 0.824422157065 0.207523888069 0
1.211566739207 0.687136597248 -0.210398509465 0
1.333051343388 0.733347613871 0.206266431607 0
1.262261837261 0.585834158174 -0.224048038056 0
1.418891494998 0.658257014201 0.202277869490 0
1.265846535983 0.351289803478 -0.060681480748 0
1.303067896257 0.358464178797 0.060633814295 0
1.212142145233 0.022879894499 -0.042771081704 0
1.266094563925 0.014459063828 0.078574829448 0
1.260197393884 0.016023290303 -0.046390188474 0
1.313451935389 0.012117151125 0.066687749422 0
1.318942991961 1.100781839374 -0.017060369830 0
1.230152450297 1.008212291492 -0.170105779590 0
1.279265165231 1.024813835096 0.160876390835 0
1.249993883096 0.998820821794 -0.005929072142 0
1.223186609485 0.860490112766 0.005431559079 0
1.229192965010 0.640540647767 -0.037749395645 0
1.240329964511 0.638687622971 0.039406437880 0
1.207496296296 0.718866666667 0.008968037037 0
1.165244158214 0.822598545459 -0.200322466135 0
1.234911967543 0.830291224465 0.201622952071 0
1.213432418778 0.684882640718 -0.205755598072 0
1.326408067181 0.739318865269 0.202734038545 0
1.266929643380 0.584835844050 -0.216569696567 0
1.411799340694 0.663486175960 0.201316488785 0
1.260575121219 0.351058359535 -0.058272736432 0
1.297114937700 0.358552935487 0.064882724823 0
1.211451133667 0.021744909695 -0.042475904057 0
1.265995506545 0.012268160866 0.078876541529 0
1.259195215287 0.012878833546 -0.045839420339 0
1.313312648861 0.008433236730 0.067219386709 0
1.312183322424 1.103598944074 -0.023431355483 0
1.226374301250 1.004557205503 -0.173930215379 0
1.273947521347 1.027207869108 0.156918093254 0
1.245704587445 0.998105496208 -0.009550810008 0
1.221473303901 0.859534022258 0.003819129270 0
1.232758537845 0.638988646803 -0.036843997301 0
1.243319091331 0.638026915687 0.040409086062 0
1.209929629630 0.717562962963 0.008906925926 0
1.164503248524 0.817039852997 -0.198175061988 0
1.228823835365 0.832597346937 0.196378606025 0
1.215104504445 0.680099832401 -0.200234541534 0
1.320099339274 0.741433522930 0.198963268144 0
1.270756683910 0.581165569941 -0.208580260608 0
1.404373186601 0.664228636468 0.198251410671 0
1.256269158071 0.348656701811 -0.055834913522 0
1.294299719826 0.357057050540 0.068797955468 0
1.211025438260 0.020826703555 -0.041604541479 0
1.266373409273 0.010928258304 0.078595174655 0
1.258818219305 0.012334278422 -0.045230375603 0
1.313708463674 0.007245784520 0.066961608121 0
1.305247626894 1.103851231590 -0.028701459587 0
1.222743773812 1.000698050136 -0.177527063926 0
1.269875254019 1.027833310373 0.153046934420 0
1.241985055603 0.996444598021 -0.013065656151 0
1.219540516249 0.857823038687 0.002125362090 0
1.235188074616 0.637295623907 -0.036876187174 0
1.245354874140 0.636255670682 0.040428688419 0
1.211722222222 0.715674074074 0.008888444444 0
1.164737801353 0.811194219542 -0.194911039084 0
1.221956107022 0.833769952563 0.191901830524 0
1.216928621433 0.674836887009 -0.194604507510 0
1.313045084527 0.742435916071 0.195005514615 0
1.273859027456 0.576565319811 -0.201276259702 0
1.396172171744 0.664127389671 0.192136137931 0
1.251470118709 0.346313223636 -0.053313346833 0
1.294055952973 0.355181336032 0.071644723232 0
1.210611219642 0.020235003212 -0.040636175908 0
1.266760548403 0.009993631854 0.078178180151 0
1.258398839834 0.011825966171 -0.044515522531 0
1.314072353040 0.006371678154 0.066431586946 0
1.299294584094 1.102890782210 -0.033653359182 0
1.218804474176 0.996285764878 -0.180689651344 0
1.267213530134 1.027915706611 0.149299707946 0
1.238780862229 0.994246839447 -0.016273532515 0
1.217742508063 0.855668660769 0.000689494920 0
1.236944710894 0.634941115199 -0.036425154498 0
1.246860445910 0.634497372653 0.040918044281 0
1.212781481481 0.713462962963 0.008726666667 0
1.165330908814 0.804927303654 -0.190745215417 0
1.216506617801 0.834410990773 0.187395225195 0
1.217103879567 0.668426901789 -0.188624463765 0
1.306529938381 0.742017013498 0.190205138873 0
1.274058460760 0.570234463003 -0.193984977060 0
1.388367979157 0.663300329363 0.182410199367 0
1.247955948390 0.343556135187 -0.049826218537 0
1.294597779567 0.353478938129 0.074066256022 0
1.209609336271 0.019429195588 -0.039523040799 0
1.267177325217 0.008763879993 0.077762914100 0
1.257270174349 0.010338301317 -0.043424070519 0
1.314362947221 0.004164770811 0.065851863374 0
1.294599384709 1.100884242610 -0.037767322297 0
1.214957239734 0.992775089772 -0.183788044694 0
1.264649326100 1.028169261346 0.145627826703 0
1.235584991641 0.992610200685 -0.019439810478 0
1.215243614020 0.854194630286 -0.000838045967 0
1.236438365255 0.633235662411 -0.036099902085 0
1.246111424185 0.633185639370 0.041275278266 0
1.212229629630 0.712022222222 0.008563777778 0
1.166043105595 0.799948330749 -0.185749097846 0
1.211711653891 0.834822447072 0.181420936595 0
1.215370792725 0.662564688881 -0.182616682341 0
1.300248133717 0.740979876270 0.183319500639 0
1.270851186952 0.563619823960 -0.187225195059 0
1.379935335294 0.661804659477 0.169961769665 0
1.245872747676 0.341741947848 -0.048283876956 0
1.294328447943 0.352345509706 0.075230509062 0
1.209008360452 0.018831467956 -0.038740029262 0
1.267403761568 0.007669020820 0.077439854842 0
1.256504572314 0.008909666971 -0.042624048024 0
1.314476949678 0.002320838600 0.065397439524 0
1.290422594698 1.099276590197 -0.041281377248 0
1.211715260465 0.991205685052 -0.186582607068 0
1.262065986807 1.028823816058 0.142486607131 0
1.232630155511 0.992160587535 -0.022273359751 0
1.212323748206 0.853923718184 -0.002579790980 0
1.234787275362 0.632913895637 -0.036317921739 0
1.244220438989 0.633176688703 0.041086441637 0
1.210277777778 0.711818518519 0.007971740741 0
1.166598908658 0.797536439475 -0.180638251729 0
1.207053995080 0.835517327825 0.175240489614 0
1.211595625556 0.658679539501 -0.177268593631 0
1.294096766141 0.740271547777 0.174506807893 0
1.264035482673 0.558062818202 -0.181420076515 0
1.372071043063 0.660133733025 0.158150148748 0
1.245145804052 0.341424203753 -0.047828910131 0
1.292916037262 0.352492879610 0.075645890859 0
1.208746894016 0.019501480890 -0.038812401813 0
1.266960551745 0.006578116524 0.077631541750 0
1.256709403245 0.012352921385 -0.043044857747 0
1.313876660721 0.000047046063 0.065559603388 0
1.288512907769 1.098110384762 -0.044246322092 0
